0	0.15	0.43	0.54	0.02	0.3	0.05	0.46	0.1	0.89	0.02	0.86	0.5	0.13	0.46	0.37	0.16	0.3	0.47	0.12	0.13	0.03	0.46	0.03	0.6	0.1	0.14	0.46	0.46	0.13	0.02	0.04	0.12	0.47	0.47	0.07	0.13	0.47	0.13	0.1	0.13	0.03	0.24	0.03	0.23	0.03	0.17	0.49	0.22	0.02	0.47	0.08	0.11	0.05	0.12	0.01	0.48	0.58	0.04	0.11	0.48	0.61	0.23	0.15	0.04	0.07	0.24	0	0.26	0.13	0.29	0.03	0.4	0.48	0.1	0.04	0.1	0.06	0.49	0.12	0.49	0.03	0.17	0.07	0.79	0.04	0.08	0.04	0.02	0.49	0.7	0.19	0.12	0.23	0.15	0.6	1.4	0.45	0.4
0.12	0	0.5	0.44	0.15	0.44	0.11	0.02	0.02	1.06	0.45	6.71	0.04	0.02	0.55	0.2	0.04	0.19	0.21	0.02	0.46	0.15	0.66	0.13	0.44	0	0.03	0.04	0.47	0.05	0.1	0.47	0.02	0.52	0.11	0.47	0.02	0.02	0.47	0.2	0.02	0.47	0.01	0.47	0.39	0.47	0.57	0.02	0.35	0.09	0.32	0.97	0.22	0.17	0.11	0.11	0.02	0.02	0.48	0.22	0.02	0.48	0.03	0.48	0.48	0.4	0.04	0.11	0.04	0.03	0.03	0.13	0.15	0.26	0.02	0.14	0.48	0.19	0.49	0.04	0.04	0.44	0.48	0.19	0.27	0.13	1.5	0.16	0.5	0.11	0.33	0.4	0.32	0.9	0.4	0.4	0.5	0.4	0.19
0.42	0.29	0	0.17	0.16	0.92	0.15	0.5	0.07	1.21	0.42	2.36	0.1	0.08	0.7	0.31	0.46	0.4	0.46	0.46	0.11	0.46	0.22	0.2	0.19	0.06	0.5	1.09	0.23	0.43	0.14	0.46	0.11	0.16	0.35	0.21	0.08	0.08	0.15	0.19	0.09	0.15	0.47	0.43	0.17	0.17	0.31	0.09	0.57	0.14	0.57	0.69	0.09	0.21	0.1	0.23	0.11	0.09	0.44	0.47	0.09	0.54	0.1	0.57	0.19	0.47	0.11	0.15	0.47	0.11	0.08	0.47	0.25	0.68	0.07	0.31	0.2	0.25	0.48	0.48	0.08	0.22	0.11	0.21	0.48	0.17	0.58	0.48	0.16	0.42	0.17	1.08	0.1	0.34	0.1	0.09	0.48	0.18	1.23
0.51	0.04	0.1	0	0.5	0.41	0.17	0.05	0.41	0.81	0.38	2.78	0.07	0.46	0.47	0.47	0.03	0.97	0.47	0.3	0.47	0.18	0.22	0.48	0.17	0.08	0.02	0.07	0.51	0.08	0.14	0.35	0.22	0.48	0.36	0.99	0.05	0.05	0.49	0.49	0.05	0.16	0.5	0.17	0.19	0.17	0.23	0.06	0.9	0.13	0.05	0.4	0.04	0.21	0.08	0.14	0.05	0.04	0.41	0.14	0.41	0.92	0.02	0.23	0.51	0.19	0.04	0.14	0.92	0.13	0.06	0.92	0.15	0.31	0.06	0.53	0.9	0.22	0.33	0.43	0.07	0.17	0.94	0.24	0.29	0.38	0.21	0.44	0.45	0.45	0.32	0.45	0.07	0.53	0	0.05	0.01	0.05	0.43
0.02	0.14	0.16	0.16	0	0.43	0.22	0.13	0.11	1.13	0.46	0.25	0.13	0.43	0.36	0.13	0.3	0.45	0.22	0.36	0.23	0.09	0.14	0.01	0.01	0.12	0.22	0.51	0.77	0.14	0.1	0.21	0.14	0	0.51	0.06	0.15	0.75	0.04	0.09	0.99	0.48	0.13	0.04	0.02	0	0.4	0.49	0.9	0.4	0.5	0.11	0.13	0.08	0.41	0.03	0.13	0.19	0.1	0.1	0.12	0.42	0.42	0.13	0.09	0.06	0.15	0.02	0.38	0.45	0.3	0.02	0.29	0.18	0.12	0.09	0.46	0.07	0.46	1.48	0.37	0.52	0.13	0.27	0.15	0.1	0.06	0.09	0.1	0.48	0.02	0.48	0.13	0.22	0.15	0.14	0.5	0.14	0.49
0.3	0.23	0.43	0.22	0.29	0	0.3	0.24	0.48	1.27	0.31	0.85	0.26	0.99	0.81	0.54	0.53	0.12	0.11	0.4	0.3	0.34	0.43	0.3	0.3	0.93	0.2	0.26	0.3	0.27	0.43	0.25	0.24	0.43	0.93	0.43	0.23	1.03	0.64	0.32	0.43	0.31	0.23	0.33	0.43	0.83	0.42	0.24	0.36	0.29	0.43	0.63	0.23	0.44	0.27	0.31	0.43	0.23	0.25	0.32	0.26	0.53	0.21	0.42	0.28	0.45	0.21	0.31	0.22	0.27	0.26	1.01	0.5	0.12	0.24	0.31	0.32	0.46	0.21	0.44	0.25	0.44	0.27	0.54	0.48	0.47	0.23	0.27	0.31	0.95	0.45	0.42	0.64	0.32	0.22	0.51	0.45	0.23	0.77
0.08	0.12	0.15	0.14	0.02	0.5	0	0.12	0.22	1.25	0.01	0.21	0.12	0.1	0.43	0.43	0.14	0.25	0.22	0.43	0.26	0.03	0.08	0.03	0.03	0.1	0.13	0.17	0.17	0.13	0.02	0.43	0.12	0.02	0.15	0.43	0.13	0.1	0.01	0.1	0.74	0.06	0.32	0.03	0.94	0.02	0.15	0.14	0.22	0.02	0.56	0.08	0.11	0.05	0.44	0.19	0.44	0.42	0.04	0.02	0.12	0.28	0.14	0.15	0.03	0.07	0.19	0	0.44	0.14	0.36	0.03	0.38	0.45	0.11	0.03	0.1	0.06	0.2	0.49	0.15	0.17	0.15	0.46	0.46	0.04	0.08	0.04	0.05	0.11	0.02	0.56	0.12	0.22	0.15	0.11	0.5	0.11	0.46
0.4	0.02	0.45	0.05	0.4	0.24	0.17	0.4	0.02	0	0.15	5.73	0.05	0.03	0.5	0.22	0.05	0.52	0.48	0.03	0.91	0.15	0.5	0.7	0.53	0.03	0.04	0.41	0.33	0.14	0.13	0.19	0.07	0.13	0.42	0.19	0.03	0.43	0.11	0.21	0.07	0.11	0.02	0.16	0.55	0.14	0.46	0.01	0.33	0.37	0.12	0.42	0.02	0.23	0.06	0.11	0.32	0.03	0.17	0.13	0.42	0.27	0.03	0.51	0.4	0.16	0.05	0.12	0.11	0.01	0.04	0.3	0.15	0.28	0.03	0.14	0.43	0.44	0.48	0.27	0.05	0.18	0.36	0.19	0.28	0.15	0.19	0.16	0.14	0.03	0.49	0.3	0.05	0.34	0.05	0.42	0.05	0.04	0.26
0.41	0.51	0.07	0.05	0.11	0.24	0.1	0.02	0	0.77	0.11	4.63	0.03	0.01	0.56	0.19	0.43	0.42	0.56	0.02	0.36	0.42	0.19	0.14	0.36	0.01	0.43	0.12	0.21	0.18	0.1	0.15	0.03	0.14	0.06	0.53	0.02	0.6	0.1	0.23	0.03	0.1	0.03	0.3	0.13	0.46	0.44	0.35	0.32	0.84	0.16	0.2	0.02	0.17	0.04	0.11	0.02	0.03	0.15	0.25	0.02	0.44	0.03	0.21	0.14	0.45	0.04	0.17	0.05	0.03	0.26	0.27	0.13	0.65	0.02	0.13	0.19	0.24	0.46	2.1	0.02	0.45	0.04	0.18	0.46	0.1	0.56	0.15	0.09	0.46	0.12	0.28	0.03	1.06	0.05	0.02	0.41	0.31	0.58
1.25	1.1	0.96	0.81	1.31	1.06	0.92	0.48	0.96	0	1.24	3.75	0.94	0.94	1.47	1.07	0.9	1.25	1.1	0.85	0.89	1.01	0.99	0.95	1	1.46	0.96	2.58	0.96	0.93	1.02	1.04	0.8	0.9	0.89	1.47	0.97	0.89	0.97	1.02	0.86	1	0.75	1	1.35	0.91	0.98	0.8	1.19	1.28	0.83	1.35	1	1.49	0.99	1.02	0.89	0.94	1.17	1.28	1.01	1.16	0.84	1.11	1.39	1.43	0.99	0.9	1.4	1.56	0.83	0.99	1.02	1.5	1	0.95	1.11	1.3	1.3	1.25	0.89	1	0.89	0.98	1.07	0.88	1.4	0.98	0.98	1.09	0.95	1.2	0.87	1.5	0.91	0.94	1.05	1.4	1.16
0.01	0.11	0.15	0.56	0.02	0.98	0.01	0.12	0.11	1.38	0	8.22	0.12	0.12	0.25	0.1	0.14	0.39	0.22	0.5	0.5	0.03	0.07	0.03	0.4	0.25	0.16	0.46	1.28	0.21	0.01	0.4	0.14	0.39	0.11	0.4	0.12	0.9	0.35	0.03	0.4	0.02	0.13	0.24	0.04	0.41	0.4	0.13	0.56	0.02	0.49	0.41	0.14	0.11	0.48	0.41	0.12	0.13	0.03	0.41	0.48	0.41	0.5	0.15	0.41	0.38	0.33	0.01	0.41	0.42	0.42	0.03	0.42	0.18	0.42	0.05	0.03	0.06	0.42	0.3	0.42	0.03	0.12	0.08	0.21	0.28	0.08	0.06	0.02	0.12	0.03	0.5	0.42	0.83	0.19	0.61	0.17	0.13	0.23
3.88	0.32	1.73	5.98	3.49	0.47	0.21	0.43	2.06	2.3	7.65	4.89	3.42	7.42	0.56	1.47	7.37	4.32	0.31	0.33	2.2	1.46	2.58	2.08	0.2	0.46	0.88	4.32	1.51	2.08	1.68	0.18	1.61	2.69	6.58	0.51	1.08	1.79	0.4	0.98	0.92	8.79	4.17	1.08	2.01	10.6	0.43	1.64	1.66	0.21	2.02	2.32	7.87	0.51	1.01	0.46	0.9	2.36	7.7	2.27	0.7	1.18	2.03	3.16	4.13	1.78	0.46	0.89	2.09	9.8	1.03	6.04	1.41	1.1	1.3	2.78	7.36	0.26	1	9.46	1.95	0.58	1.15	3.07	0.38	1.55	0.14	0.22	1.09	0.31	0.78	1.4	6.62	1.52	0.45	1.25	7.83	3.58	0.25
0.12	0.3	0.21	0.47	0.12	0.47	0.37	0.05	0.22	0.82	0.11	2.41	0	0.05	0.53	0.2	0.07	0.2	0.43	0.03	0.08	0.35	0.39	0.14	0.14	0.05	0.06	1.12	0.29	0.01	0.11	0.16	0.09	0.12	0.07	0.48	0.02	0.03	0.11	0.44	0.04	0.12	0.04	0.39	0.45	0.12	0.22	0.05	0.55	0.45	0.32	0.2	0.23	0.16	0.2	0.11	0.05	0.04	0.46	0.11	0.04	0.78	0.38	0.46	0.41	0.17	1.16	0.12	0.07	0.06	0.04	0.13	0.13	0.27	0.96	0.46	0.15	0.17	0.31	0.03	0.46	0.15	0.01	0.18	0.28	0.12	0.18	0.17	0.11	0.07	0.14	0.4	0	0.33	0.07	0.04	0.07	0.04	1.39
0.46	0.39	0.09	0.47	0.13	0.24	0.11	0.03	0.01	0.85	0.12	2.02	0.05	0	1.16	0.47	0.35	0.21	2.39	0.04	0.06	0.46	0.18	0.47	0.13	0.19	0.04	0.05	0.32	0.06	0.23	0.48	0.03	0.11	0.04	0.17	0.03	0.05	0.11	0.27	0.04	0.12	0.04	0.21	0.49	0.13	0.23	0.03	0.34	0.1	0.04	0.19	0.07	0.19	0.06	0.11	0.03	0.04	0.4	0.1	0.01	0.11	0.03	0.23	0.5	0.15	0.4	0.1	0.05	0.1	0.05	0.14	0.11	0.27	0.41	0.14	0.41	0.41	0.31	0.05	0.03	0.13	0.06	0.41	0.29	0.24	0.2	0.14	0.13	0.42	0.42	0.42	0.05	0.92	0.43	0.28	0.42	0.04	0.21
0.25	0.72	0.7	0.39	0.28	0.12	0.25	0.39	0.4	1.43	0.25	2.52	0.34	0.35	0	0.16	0.38	0.29	0.33	0.36	0.43	0.92	0.17	0.51	0.65	0.38	0.92	0.42	0.42	0.67	0.22	0.18	0.42	0.52	0.34	0.18	0.72	0.83	0.26	0.42	0.38	0.22	0.43	0.28	0.43	0.28	0.37	0.93	0.43	0.24	0.63	0.45	0.53	0.25	0.35	0.4	0.36	0.44	0.18	0.23	0.38	0.89	0.37	0.37	0.55	0.55	0.4	0.6	0.39	0.75	0.45	0.36	0.28	0.22	0.45	0.39	0.45	0.63	0.04	1.26	0.75	0.19	0.36	0.45	0.43	0.45	0.56	0.22	0.39	0.37	0.96	0.35	0.54	0.55	0.96	0.46	0.41	0.38	0.29
0.41	0.21	0.22	1.52	0.51	0.82	0.35	0.49	0.2	0.96	0.1	0.25	0.2	0.43	0.41	0	0.24	0.41	0.17	0.21	0.2	0.07	0.11	0.41	0.09	0.21	0.42	0.23	0.36	0.21	0.91	0.03	0.23	0.12	0.42	0.41	0.71	0.36	0.09	0.29	0.42	0.42	0.2	0.12	0.42	0.51	0.21	0.42	0.17	0.15	0.42	0.09	0.22	0.43	0.43	0.1	0.56	0.21	0.43	0.08	0.43	0.34	0.24	0.43	0.04	0.01	0.24	0.1	0.23	0.22	0.44	0.09	0.32	0.13	0.2	0.22	0.11	0.04	0.45	0.55	0.45	0.25	0.21	0.02	0.45	0.08	0.76	0.06	0.4	0.46	0.96	0.14	0.52	0.46	0.26	0.46	0.24	0.22	0.17
0.49	0.04	0.12	0.04	0.42	0.22	0.14	0.05	0.05	0.8	0.16	8.61	0.07	0.05	0.54	0.26	0	0.22	0.29	0.41	0.08	0.48	0.45	0.58	0.18	0.05	0.02	0.26	0.12	0.08	0.14	0.19	0.05	0.99	0.06	0.49	0.24	0.04	0.13	0.49	0.21	0.37	0.04	0.16	0.6	0.16	0.4	0.06	0.4	0.23	0.05	0.22	0.9	0.32	0.08	0.4	0.05	0.04	0.42	0.14	0.77	0.92	0.42	0.23	0.56	0.18	0.03	0.14	0.43	0.06	0.1	0.18	0.43	0.6	0.05	0.15	0.43	0.37	0.38	0.07	0.07	0.33	0.44	0.21	0.29	0.15	0.61	0.54	0.45	0.05	0.17	0.44	0.07	0.36	0.03	0.05	0.04	0.05	0.22
0.25	0.96	0.46	0.22	0.48	0.46	0.56	0.55	0.19	1.3	0.25	1.43	0.47	0.21	0.16	0.5	0.22	0.01	0.04	0.18	0.59	0.69	0.21	0.56	0.24	0.49	0.2	0.51	0.38	0.22	0.69	0.46	0.49	0.62	0.6	0.49	0.4	0.18	0.5	0.27	0.5	0.25	0.49	0.9	0.58	0.23	0.36	0.4	0.4	0.24	0.22	0.22	0.18	0.29	0.21	0.71	0.2	0.19	0.2	0.26	0.52	0.26	0.2	0.36	0.23	0.18	0.21	0.41	0.22	0.21	0.91	0.41	0.23	0.09	0.19	0.26	0.42	0.43	0.41	0.2	0.52	0.25	0.21	0.42	0.42	0.62	0.37	0.22	0.62	0.2	0.25	0.42	0.2	0.42	0.23	0.19	0.3	0.39	0
0.22	0.21	0.58	0.29	0.22	0.11	0.23	0.31	0.34	1.12	0.23	0.3	0.33	0.65	0.73	0.25	0.29	0.07	0	0.23	0.55	0.21	0.45	0.23	0.24	0.34	0.28	0.31	0.47	0.35	0.23	0.26	0.3	0.21	0.39	0.4	0.23	0.37	0.23	0.54	0.55	0.22	0.22	0.25	0.42	0.34	0.35	0.3	0.32	0.23	0.62	0.17	0.25	0.23	0.68	0.24	0.31	0.26	0.2	0.23	0.34	0.24	0.28	0.36	0.2	0.18	0.29	0.75	0.66	0.3	0.24	0.24	0.22	0.05	0.33	0.23	0.23	0.18	0.3	0.46	0.47	0.22	0.38	0.16	0.48	0.48	0.17	0.2	0.22	0.34	0.58	0.05	0.34	0.05	0.29	0.21	0.28	0.22	0.04
0.18	0.28	0.08	0.91	0.41	0.31	0.39	0.47	0.02	0.79	0.43	4.76	0.03	0.04	0.38	0.49	0.05	0.18	0.22	0	0.06	0.49	0.19	0.15	0.15	0.04	0.03	0.32	1.81	0.07	0.23	0.49	0.04	0.49	0.04	0.49	0.01	0.52	0.27	0.24	0.02	0.11	0.02	0.13	0.16	0.15	0.3	0.04	0.74	0.17	0.02	0.19	0.27	0.48	0.04	0.11	0.03	0.02	0.17	0.47	0.03	0.67	0.16	0.19	0.47	0.15	0.05	0.27	0.05	0.04	0.01	0.47	0.27	0.33	0.07	0.35	0.21	0.47	0.43	0.47	0.04	0.16	0.04	0.18	0.47	0.47	0.57	0.15	0.11	0.03	0.13	0.58	0.04	0.35	0.05	0.47	0.08	0.02	0.47
0.43	0.05	0.11	0.1	0.16	0.3	0.12	0.14	0.44	1.07	0.38	3.88	0.09	0.06	0.63	0.2	0.47	0.62	0.37	0.06	0	0.43	0.2	0.47	0.23	0.05	0.06	0.06	0.48	0.1	0.4	0.18	0.06	0.13	0.01	0.18	0.06	0.06	0.16	0.48	0.06	0.14	0.06	0.12	0.16	0.48	0.28	0.58	0.37	0.49	0.36	0.21	0.05	0.49	0.49	0.53	0.05	0.06	0.15	0.49	0.09	0.15	0.07	0.27	0.17	0.51	0.08	0.12	0.09	0.07	0.13	0.51	0.34	0.6	0.54	0.3	0.18	1.4	0.4	0.4	0.07	0.16	0.4	0.2	0.6	0.15	0.18	0.18	0.5	0.41	0.34	0.41	0.09	0.42	0.41	0.06	0.1	0.06	0.36
0.03	0.43	0.17	0.56	0.09	1.33	0.21	0.15	0.13	1.01	0.03	9.19	0.48	0.14	0.38	0.07	0.18	0.32	0.21	0.33	0.17	0	0.14	0.08	0.2	0.24	0.21	0.17	0.2	0.22	0.04	0.4	0.49	0.09	0.16	0.22	14	0.15	0.92	0.03	0.49	0.07	0.49	0.06	0.05	0.49	0.16	0.17	0.26	0.79	0.24	0.07	0.51	0.05	0.15	0.04	0.18	0.99	0.04	0.18	4.81	0.05	0.17	0.17	0.03	0.06	0.16	0.49	0.17	0.48	0.15	0.05	0.09	0.2	0.51	0.04	0.03	0.06	0.22	0.15	0.99	0.02	0.49	0.44	0.49	0.05	0.08	0.08	0.04	0.16	0.04	0.46	0.15	0.22	0.17	0.49	0.49	0.15	0.39
0.08	0.51	0.19	0.55	0.14	0.45	0.08	0.21	0.18	1.32	0.07	8.54	0.75	0.19	0.17	0.02	0.23	0.21	0.19	0.46	0.66	0.08	0	0.09	0.09	0.18	0.22	0.46	0.26	0.97	0.3	0.05	0.21	0.22	0.26	0.04	0.2	0.47	0.47	0.06	0.2	0.08	0.21	0.11	0.21	0.47	0.21	0.21	0.18	0.05	0.58	0.01	0.52	0.11	0.69	1.19	0.69	0.46	0.05	0.12	0.49	0.49	0.45	0.21	0.05	0.25	0.49	0.15	0.22	0.6	0.21	0.4	0.49	0.14	1	0.09	0.06	0.37	0.21	0.4	0.2	0.4	0.21	0.4	0.6	0.09	0.4	0.41	0.4	0.18	0.24	0.15	0.21	0.18	0.55	0.51	0.61	0.19	0.81
0.03	0.15	0.2	0.16	0.01	0.42	0.03	0.26	0.14	0.96	0.03	4.88	0.14	0.48	0.48	0.09	0.18	0.39	0.23	0.17	0.15	0.04	0.27	0	0.02	0.56	0.15	0.18	0.49	0.15	0.2	0.05	0.14	0.01	0.14	0.09	0.14	0.26	0.04	0.4	0.14	0.04	0.4	0.61	0.31	0.79	0.28	0.16	0.26	0.35	0.13	0.42	0.15	0.06	0.14	0.42	0.16	0.42	0.31	0.12	0.42	0.32	0.15	0.42	0.04	0.42	0.17	0.03	0.17	0.43	0.43	0.01	0.09	0.19	0.13	0.43	0.43	0.06	0.19	0.19	0.16	0.44	0.38	0.08	0.29	0.54	0.09	0.04	0.04	0.14	0.11	0.18	0.41	0.48	0.48	0.15	0.44	0.95	0.44
0.03	0.15	0.18	0.96	0.02	0.3	0.03	0.96	0.14	0.96	0.03	9.22	0.45	0.12	0.25	0.25	0.16	0.55	0.23	0.53	0.46	0.04	0.09	0.03	0	0.14	0.15	0.16	0.46	0.15	0.04	0.05	0.14	0.01	0.14	0.07	0.13	0.7	0.03	0.19	0.16	0.04	0.15	0.06	0.03	0.01	0.14	0.15	0.47	0.04	0.68	0.09	0.13	0.48	0.58	0.04	0.14	0.15	0.05	0.04	0.26	0.22	0.53	0.14	0.04	0.07	0.49	0.03	0.19	0.15	0.5	0.02	0.4	0.39	1.2	0.05	0.4	0.4	0.26	0.49	0.14	0.4	0.5	0.07	0.2	0.05	0.07	0.4	0.4	0.14	0.02	0.47	0.41	0.23	0.18	1.01	0.41	0.15	0.22
0.17	0.17	0.06	0.46	0.14	0.46	0.13	0.15	0.01	0.78	0.12	3.8	0.17	0.01	0.48	0.22	0.05	0.48	0.34	0.38	0.05	0.25	0.18	0.28	0.14	0	0.04	0.05	0.22	0.06	0.12	0.15	0.03	0.11	0.04	0.59	0.03	1.05	0.1	0.49	0.04	0.52	0.03	0.13	0.14	0.11	0.22	0.03	0.31	0.09	0.18	0.17	0.03	0.4	0.24	0.1	0.09	0.41	0.15	0.41	0.02	0.3	0.04	0.22	0.39	0.16	0.05	0.11	0.05	0.04	0.05	0.72	0.13	0.3	0.42	0.14	0.21	0.16	0.43	0.93	0.03	0.16	0.05	0.46	0.28	0.43	0.19	0.15	0.12	0.01	0.14	0.3	0.05	0.34	0.08	0	0.07	0	0.21
0.14	0.03	0.1	0.4	0.14	0.2	0.49	0.04	0.03	0.78	0.16	0.31	0.13	0.41	0.37	0.71	0.41	0.21	0.29	0.41	0.06	0.17	0.6	0.16	0.16	0.92	0	0.06	0.49	0.42	0.13	0.38	0.04	0.14	0.39	0.59	0.03	0.04	0.11	0.22	0.09	0.13	0.03	0.17	0.31	0.14	0.73	0.16	0.93	0.43	0.09	0.43	0.22	0.43	0.06	0.93	0.03	0.24	0.16	0.13	0.04	0.43	0	0.22	0.33	0.53	0.03	0.14	0.03	0.05	0.44	0.19	0.19	0.3	0.04	0.44	0.22	0.52	0.31	0.45	0.05	0.16	0.06	0.45	0.28	0.14	0.21	0.16	0.12	0.04	0.17	0.32	0.95	0.45	0.02	0.03	0.12	0.03	0.59
0.45	0.04	0.35	0.07	0.45	0.26	0.51	0.47	0.04	0.82	0.14	1.42	0.07	0.4	0.4	0.57	0.07	0.6	0.33	0.4	0.07	0.18	0.24	0.16	0.41	0.05	0.05	0	0.49	0.2	0.14	0.41	0.02	0.15	0.06	0.41	0.41	0.11	0.14	0.41	0.68	0.15	0.41	0.16	0.42	0.16	0.51	0.03	0.41	0.13	0.27	0.21	0.04	0.53	0.08	0.15	0.02	0.23	0.19	0.41	0.05	0.2	0.91	0.54	0.44	0.18	0.41	0.41	0.35	0.02	0.06	0.17	0.49	0.56	0.09	0.16	0.51	0.19	0.34	0.07	0.07	0.42	0.08	0.2	0.3	0.14	0.21	0.42	0.14	0.05	0.18	0.42	0.42	0.37	0.42	0.37	0.07	0.05	0.22
0.44	0.44	0.15	0.14	0.46	2.4	0.17	0.1	0.09	1.34	0.44	8.55	0.49	2.1	1.67	1.59	0.25	0.38	0.5	0.09	0.14	2.17	1.9	1.06	0.56	0.21	0.49	0.51	0	2.24	1.5	1	0.49	0.2	0.15	0.49	0.49	2.11	1.56	1.5	0.55	0.5	0.11	0.17	0.5	1.94	1.08	0.54	0.49	0.56	0.53	0.37	0.09	0.23	0.69	0.8	0.16	0.4	0.89	0.54	0.37	0.32	0.4	0.31	0.18	0.24	0.4	0.17	0.13	0.29	0.17	0.4	0.18	0.35	0.1	0.29	0.23	0.41	0.39	0.13	0.51	0.22	0.13	0.4	0.34	0.21	0.25	0.42	0.17	0.09	0.2	0.62	0.13	0.91	0.41	0.41	0.41	0.11	0.44
0.13	0.43	0.35	0.22	0.25	0.27	0.4	0.45	0.04	0.91	0.4	2.77	0.01	0.17	0.62	0.22	0.42	0.21	0.43	0.04	0.11	0.16	0.21	0.15	0.25	0.1	0.13	0.43	0.44	0	0.44	0.17	0.06	0.44	0.09	0.19	0.03	0.16	0.12	0.48	0.45	0.39	0.05	0.12	0.45	0.14	0.23	0.26	0.67	0.47	0.04	0.21	0.04	0.58	0	0.12	0.06	0.05	0.89	0.99	0.05	0.37	0.07	0.23	0.16	0.44	0.34	0.12	0.08	0.07	0.7	0.15	0.13	0.28	0.04	0.14	0.16	0.62	0.72	0.41	0.18	0.15	0	0.19	0.29	0.42	0.47	0.92	0.13	0.27	0.14	0.3	0.01	0.57	0.63	0.05	0.08	1.13	0.4
0.02	0.98	0.14	0.27	0.4	0.33	0.02	0.13	0.12	1.22	0.01	5.28	0.11	0.11	1.08	0.07	0.14	0.26	0.96	0.13	0.47	0.3	0.08	0.03	0.46	0.11	0.12	0.46	0.23	0.12	0	0.05	0.13	0.42	0.47	0.09	0.56	0.2	0.03	0.04	0.47	0.28	0.1	0.01	0.04	0.43	0.15	0.11	0.22	0.01	0.47	0.08	0.1	0.06	0.47	0.01	0.11	0.1	0.04	0.18	0.1	0.47	0.13	0.15	0.13	0.08	0.47	0.5	0.14	0.44	0.1	0.04	0.09	0.18	0.09	0.11	0.04	0.07	0.37	2.12	0.48	0.18	0.12	0.08	0.21	0.36	0.08	0.07	0	0.09	0.03	0.49	0.11	0.58	0.44	0.1	0.79	0.23	0.47
0.42	0.15	0.29	0.19	0.1	0.43	0.43	0.18	0.43	1.04	0.03	1.33	0.15	0.88	0.26	0.43	0.19	0.48	0.19	0.48	0.15	0.04	0.23	0.06	0.05	0.14	0.16	0.19	1.5	0.17	0.05	0	0.49	0.09	0.14	0.03	0.4	0.4	0.41	0.19	0.16	0.41	0.15	0.07	0.51	0.1	0.52	0.19	0.22	0.42	0.52	0.43	0.17	0.31	0.43	0.05	0.17	0.16	0	0.93	0.15	0.62	0.54	0.17	0.04	0.44	0.19	0.04	0.19	0.16	0.45	0.05	0.1	0.56	0.16	0.33	0.04	0.04	0.17	0.25	0.16	0.03	1.47	0.03	0.54	0.09	0.03	0.31	0.05	0.16	0.05	0.14	0.16	0.48	0.57	0.3	0.58	0.48	0.17
0.14	0.07	0.14	0.16	0.5	0.4	0.17	0.21	0.03	1.1	0.14	0.75	0.71	0.42	0.43	0.59	0.2	0.2	0.41	0.13	0.06	0.42	0.2	0.17	0.23	0.16	0.04	0.02	0.43	0.23	0.28	0.84	0	0.15	0.05	0.96	0.03	0.11	0.11	0.23	0.04	0.13	0.03	0.15	0.47	0.15	0.26	0.01	0.35	0.44	0.04	0.21	0.02	0.46	0.06	0.34	0.01	0.46	0.53	0.12	0.04	0.42	0.04	0.37	0.36	0.4	0.05	0.15	0.06	0.01	0.04	0.15	0.15	0.29	0.04	0.12	0.24	0.19	0.67	0.05	0.05	0.21	0.06	0.47	0.28	0.14	0.19	0.17	0.11	0.03	0.15	0.32	0.05	0.34	0.05	0.47	0.05	0.17	0.47
0.24	1.07	0.16	0.17	0	0.67	0.02	0.13	0.12	0.91	0.02	7.27	0.13	0.47	0.28	0.57	0.15	0.23	0.22	0.47	0.13	0.14	0.13	0.31	0.2	0.11	0.48	0.18	1.9	0.98	0.48	0.1	0.13	0	0.12	0.06	0.48	0.44	0.02	0.09	0.13	0.08	0.15	0.04	0.02	0.69	0.13	0.15	0.2	0.02	0.49	0.13	0.49	0.07	0.13	0.49	0.35	0.17	0.09	0.06	0.26	0.31	0.5	0.13	0.06	0.06	0.15	0.02	0.15	0.15	0.4	0.01	0	0.18	0.12	0.15	0.4	0.4	0.38	2.64	0.14	0.41	0.13	0.05	0.19	0.09	0.39	0.09	0.09	0.12	0.01	0.19	0.12	1.41	0.51	0.4	0.41	0.37	0.57
0.11	0.04	0.47	0.17	0.13	0.47	0.1	0.05	0.2	0.94	0.38	2.47	0.07	0.04	0.56	0.46	0.06	0.46	0.34	0.04	0.18	0.17	0.18	0.14	0.47	0.04	0.05	0.05	0.96	0.46	0.46	0.29	0.05	0.12	0	0.46	0.04	0.43	0.11	0.16	0.21	0.13	0.03	0.96	0.15	0.44	0.46	0.06	0.33	0.13	0.56	0.19	0.03	0.16	0.1	0.12	0.05	0.04	0.2	0.45	0.05	0.13	0.05	0.45	0.15	0.45	0.32	0.11	0.2	0.06	0.45	0.2	0.14	0.61	0.23	0.45	0.17	0.95	0.69	0.07	0.45	0.53	0.08	0.45	0.65	0.14	0.45	0.15	0.12	0.13	0.33	0.27	0.07	0.32	0.2	0.45	0.07	0.05	0.44
0.07	0.19	0.51	0.46	0.09	0.23	0.07	0.42	0.22	0.91	0.08	4.45	0.42	0.19	0.42	0.02	0.21	0.2	0.92	0.48	0.55	0.46	0.42	0.09	0.07	0.22	0.43	0.22	0.25	0.42	0.08	0.03	0.62	0.25	0.17	0	0.18	1	0.08	0.42	0.2	0.09	0.2	0.1	0.52	0.06	0.22	0.21	0.15	0.93	0.43	0.04	1.45	0.09	0.53	0.08	0.2	0.2	0.33	0.42	0.22	0.29	0.2	0.42	0.05	0.01	0.21	0.42	0.22	0.42	0.19	0.09	0.78	0.1	0.42	0.33	0.09	0.37	0.42	0.42	0.2	0.05	0.72	0	0.25	0.24	0.01	0.04	0.41	0.93	0.42	0.3	0.18	0.3	0.22	0.18	0.22	0.19	0.86
0.49	0.03	0.08	0.1	0.12	0.6	0.39	0.04	0.02	0.82	0.12	1.49	0.02	0.5	0.35	0.21	0.05	0.18	0.23	0.01	0.06	0.16	0.18	0.14	0.38	0.03	0.03	0.43	0.09	0.03	0.09	0.17	0.03	0.12	0.32	0.19	0	0.01	0.1	0.35	0.02	0.09	0.02	0.49	0.5	0.52	0.71	0.04	0.33	0.08	0.01	0.17	0.01	0.16	0.03	0.49	0.04	0.02	0.77	0.09	0.02	0.17	0.04	0.5	0.15	0.14	0.05	0.11	0.22	0.04	0.02	0.5	0.13	0.29	0.01	0.09	0.27	0.16	0.37	0.39	0.21	0.13	0.5	0.19	0.26	0.44	0.19	0.16	0.08	0.02	0.16	0.62	0.03	0.33	0.42	0.02	0.05	0.02	0.46
0.1	0.02	0.46	0.05	0.6	0.97	0.13	0.91	0.02	1.07	0.13	2.15	0.03	0.04	0.49	0.47	0.44	0.44	0.95	0.45	0.44	0.41	0.19	0.64	0.53	0.04	0.03	0.4	0.4	0.4	0.1	0.42	0.41	0.55	0.52	0.47	20.8	0.02	0.52	0.42	0.42	0.09	0.02	0.41	0.41	0.14	0.92	0.91	0.42	0.42	0.94	0.4	0.01	0.91	0.04	1.12	0.03	0.01	0.23	0.1	0.03	0.47	0.03	0.47	0.16	1.17	0.04	0.48	1.03	0.04	0.01	1.03	1	1.15	0.49	0.49	0.49	0.49	0.49	0.43	0.04	0.42	0.43	0.43	0.92	0.28	0.92	0.17	0.41	0.31	0.41	1.02	0.42	0.6	0.42	0.94	0.52	0.41	0.5
0.01	0.11	0.15	0.13	0.04	0.29	0.37	0.48	0.28	1.37	0.01	1.18	0.24	0.46	0.45	0.09	0.14	0.27	0.23	0.47	0.33	0.04	0.09	0.03	0.03	0.67	0.13	0.47	0.52	0.11	0.01	0.05	0.28	0.02	0.11	0.08	0.48	0.78	0	0.05	0.48	0.03	0.1	0.17	0.31	0.05	0.22	0.74	0.22	0.01	0.08	0.09	0.14	0.49	0.11	0	0.47	0.49	0.05	0	0.11	0.05	0.13	0.49	0.04	0.07	0.12	0.01	0.49	0.11	0.1	0.03	0.02	0.18	0.49	0.03	0.05	0.21	0.2	0.15	0.3	0.1	0.12	0.08	0.28	0.11	0.4	0.05	0.01	0.11	0.03	0.4	0.83	0.22	0.14	0.11	0.4	0.1	0.23
0.41	0.2	0.19	0.25	0.09	0.93	0.43	0.24	0.21	0.98	0.03	13	0.15	0.19	1.14	0.11	0.24	0.27	0.24	0.43	0.18	0.03	0.34	0.43	0.09	0.22	0.52	0.82	0.42	0.17	0.43	0.04	0.21	1.05	0.54	0.16	0.21	0.22	0.05	0	0.24	0.36	0.21	0.46	0.39	0.09	0.23	0.28	0.28	0.04	0.2	0.05	0.32	0.06	0.47	0.05	0.21	0.22	0.04	0.05	0.21	0.05	0.23	0.24	0.01	0.41	0.23	0.29	0.41	0.22	0.54	0.44	0.29	0.41	0.41	0.03	0	0.35	0.22	0.5	0.24	0	0.16	0.09	0.54	0.03	0.09	0.28	0.04	0.21	0.09	1.04	0.15	0.22	0.56	0.22	0.23	0.45	0.49
0.13	0.02	0.09	0.5	0.15	0.48	0.15	0.41	0.42	0.96	0.43	2.85	0.04	0.04	0.55	0.37	0.05	0.51	0.26	0.02	0.06	0.15	0.24	0.15	0.55	0.04	0.03	0.24	1.03	0.05	0.95	0.16	0.03	0.46	0.04	0.22	0.02	0.39	0.1	0.56	0	0.11	0.01	0.34	0.46	0.46	0.2	0.04	0.47	0.1	0.09	0.18	0.01	0.47	0.05	0.1	0.33	0.03	0.19	0.1	0.04	0.33	0.03	0.21	0.48	0.16	0.05	0.27	0.3	0.04	0.03	0.41	0.15	0.52	0.04	0.15	0.61	0.21	0.41	0.04	0.42	0.23	0.05	0.4	0.42	0.11	0.21	0.19	0.1	0.13	0.15	0.33	0.43	0.42	0.43	0.02	0.05	0.01	0.23
0.4	0.13	0.15	0.4	0.08	0.4	0.05	0.52	0.36	0.94	0.02	1.18	0.11	0.13	0.22	0.18	0.15	0.95	0.22	0.4	0.16	0.02	0.73	0.04	0.04	0.11	0.12	0.14	0.16	0.13	0.45	0.07	0.45	0.13	0.13	0.24	0.45	0.21	0.03	0.22	0.11	0	0.11	0.45	0.04	0.26	0.2	0.5	0.23	0.01	0.1	0.08	0.39	0.45	0.12	0.04	0.14	0.25	0.08	0.04	0.12	0.43	0.12	0.17	0.02	0.45	0.49	0.14	0.33	0.14	0.12	0.4	0.08	0.45	0.12	0.01	0.22	0.07	0.25	0.55	0.45	0.02	0.16	0.09	0.96	0.01	0.09	0.08	0.03	0.1	0.03	0.18	0.12	0.42	0.14	0.11	0.47	0.46	0.48
0.42	0.01	0.09	0.19	0.83	0.23	0.12	0.71	0.02	0.82	0.36	5.19	0.04	0.04	0.36	0.2	0.04	0.47	0.22	0.02	0.13	0.16	0.39	0.47	0.14	0.03	0.23	0.2	0.1	0.05	0.21	0.47	0.03	0.14	0.34	0.2	0.02	0.02	0.11	0.61	0.13	0.13	0	0.12	0.16	0.45	0.2	0.04	0.34	0.48	0.02	0.2	0.15	0.54	0.05	0.11	0.02	0.1	0.99	0.49	0.03	0.11	0.03	0.21	0.49	0.17	0.04	0.12	0.04	0.21	0.03	0.14	0.13	0.55	0.03	0.12	0.38	0.2	0.31	0.11	0.04	0.16	0.05	0.2	0.28	0.49	0.59	0.17	0.1	0.03	0.15	0.31	0.04	0.55	0.43	0.02	0.04	0.1	0.88
0.03	0.24	0.15	0.49	0.04	0.33	0.06	0.17	0.38	1	0.4	0.27	0.11	0.13	0.75	0.71	0.18	0.27	0.25	0.13	0.12	0.32	0.41	0.05	0.05	0.14	0.41	0.41	2.32	0.11	0.92	0.42	0.15	0.04	0.11	0.1	0.11	0.5	0	0.43	0.14	0.05	0.14	0	0.44	0.42	0.29	0.44	0.94	0.04	0.27	0.1	0.44	0.06	0.12	0	0.16	0.26	0.32	0.01	0.14	0.12	0.44	0.17	0.07	0.44	0.37	0.03	0.38	0.45	0.12	0.06	0.12	0.45	0.12	0.04	0.12	0.09	0.61	0.1	0.55	0.05	0.11	0.1	0.23	0.04	0.45	0.07	0.01	0.45	0.44	0.21	0.11	0.45	0.95	0.47	0.15	0.12	0.45
0.4	0.49	0.45	0.48	0.02	0.49	0.49	0.46	0.14	1.29	0.03	2.87	0.14	0.13	0.95	0.28	0.95	1.26	0.43	0.16	0.47	0.44	0.44	0.94	0.03	0.16	0.17	0.43	1.04	0.43	0.43	0.44	0.15	0.02	0.53	0.43	0.43	0.42	0.43	0.43	0.16	0.42	0.42	0.42	0.01	0.41	0.41	0.15	0.71	0.04	0.15	0.91	0.49	0.06	0.15	0.04	0.42	0.16	0.41	0.41	0.71	0.17	0.41	0.41	0.05	0.41	0.18	0.03	0.2	0.51	0.39	0.1	0.41	0.41	0.24	0.91	0.1	0.42	0.23	0.42	0.42	0.42	0.42	0.19	0.43	0.45	0.44	0.44	0.04	0.14	0.01	0.19	0.44	0.26	0.17	0.94	0.16	0.43	0.23
0.02	0.15	0.93	0.37	0	0.66	0.02	1.85	0.39	1.24	0.4	6.59	0.81	0.14	0.96	0.19	0.16	0.27	0.56	0.33	0.2	0.96	0.13	0.01	0.01	0.24	0.96	0.18	0.2	0.14	0.2	0.46	0.46	0.06	0.46	0.2	0.13	0.46	0.02	0.11	0.47	0.08	0.15	0.04	0.02	0	0.15	0.14	0.56	0.03	0.12	0.13	0.12	0.07	0.13	0.02	0.13	0.47	0.09	1.07	0.32	0.07	0.47	0.13	0.09	0.24	0.15	0.47	0.15	0.47	0.16	0.57	0.57	0.18	0.47	0.1	0.09	0.04	0.23	0.12	0.47	0.08	0.21	0.06	0.47	0.77	0.06	0.09	0.09	0.43	0.01	0.57	0.53	0.47	0.17	0.13	0.18	0.14	0.23
0.15	0.21	0.4	0.23	0.15	0.42	0.15	0.39	0.21	1.05	0.5	6.24	0.42	0.43	0.37	0.21	0.23	1.12	0.35	0.52	0.28	0.16	0.42	0.51	0.42	0.52	0.22	0.52	0.37	0.23	0.41	0.45	0.43	0.39	0.27	0.45	0.19	0.19	0.64	0.23	0.38	0.54	0.21	0.17	0.23	0.94	0	0.22	0.44	0.18	0.55	0.2	0.19	0.44	0.22	0.15	0.22	0.2	0.45	0.16	0.21	0.73	0.22	0.37	0.55	0.2	0.23	0.25	0.45	0.26	0.56	0.14	0.17	0.54	0.21	0.21	0.46	0.46	0.31	0.67	0.96	0.48	0.22	0.2	0.13	0.22	0.19	0.17	0.16	0.46	0.15	0.3	0.22	0.66	0.26	0.56	0.42	0.21	0.46
0.51	0.02	0.24	0.41	0.14	0.24	0.13	0.01	0.02	1.13	0.16	0.46	0.05	0.13	0.47	0.57	0.05	0.21	0.47	0.33	0.06	0.15	0.58	0.48	0.17	0.26	0.04	0.03	0.98	0.06	0.31	0.16	0.17	0.43	0.2	0.21	0.27	1	0.5	0.23	0.4	0.4	0.25	0.17	0.31	0.14	0.41	0	0.41	0.12	0.46	0.21	0.04	0.41	0.06	0.25	0.01	0.03	0.42	0.12	0.04	0.35	0.42	0.42	0.5	0.43	0.34	0.14	0.06	0.02	0.33	0.17	0.43	0.29	0.04	0.44	0.31	0.18	0.65	0.06	0.05	0.17	0.06	0.45	0.57	0.14	0.2	0.16	0.13	0.03	0.14	0.46	0.06	0.46	0.14	0.03	0.1	0.03	0.57
0.22	0.35	0.64	0.35	0.41	0.36	0.22	0.34	0.54	1.1	0.22	5.36	0.32	0.33	0.06	0.17	0.41	0.61	0.71	0.35	0.37	0.41	0.18	0.21	0.21	0.52	0.35	0.4	0.39	0.34	0.41	0.17	0.33	0.2	0.33	0.41	0.32	0.68	0.22	0.24	0.61	0.23	0.91	0.41	0.22	0.42	0.33	0.48	0	0.31	0.52	0.82	0.34	0.42	0.33	0.22	0.36	0.34	0.43	0.48	0.32	0.49	0.42	0.33	0.42	0.15	0.36	0.8	0.42	0.73	0.39	0.52	0.42	0.3	0.36	0.31	0.28	0.42	0.02	0.72	0.37	0.42	0.42	0.18	0.43	0.28	0.41	0.22	0.42	0.37	0.25	0.42	0.37	0.72	0.4	0.43	0.39	0.92	0.39
0.02	0.44	0.14	0.25	0.04	0.42	0.02	0.11	0.18	0.81	0.02	7.14	0.18	0.09	0.53	0.43	0.12	0.84	0.23	0.35	0.13	0.03	0.44	0.34	0.04	0.09	0.44	0.27	1.5	0.19	0.01	0.94	0.11	0.02	0.13	0.44	0.09	0.27	0.01	0.04	0.44	0.01	0.38	0.03	0.04	0.03	0.55	0.32	0.22	0	0.09	0.45	0.09	0.45	0.19	0.04	0.46	0.09	0.05	0.33	0.46	0.34	0.1	1.04	0.04	0.08	0.12	0.46	0.13	0.18	0.09	0.04	0.23	0.2	0.77	0.28	0.04	0.11	0.47	0.51	0.12	0.1	0.47	0.07	0.24	0.47	0.07	0.08	0	0.18	0.04	0.3	0.57	0.41	0.47	0.18	0.25	0.12	0.27
0.1	0.02	0.08	0.19	0.14	0.43	0.1	0.44	0.41	1.52	1.01	0.4	0.03	0.4	0.69	0.46	0.05	0.18	0.98	0.02	0.06	0.47	0.19	0.47	0.17	0.39	0.04	0.07	0.1	0.04	0.09	0.44	0.44	0.74	0.44	0.47	22.1	0.52	0.12	0.24	0.04	0.12	0.05	0.13	0.44	0.54	0.31	0.46	0.38	0.1	0.47	0.19	0.51	0.21	0.04	0.49	0.05	0.43	0.41	0.1	7.32	0.91	0.42	0.47	0.4	0.51	0.41	0.13	0.43	0.04	0.02	0.9	0.47	0.47	0.02	0.47	0.21	0.46	0.33	0.03	0.05	0.15	0.42	0.49	0.49	0.49	0.2	0.54	0.09	0.02	0.14	0.42	0.44	0.63	0.05	0.49	0.48	0.03	0.18
0.46	0.19	0.22	0.22	0.41	0.25	0.08	0.22	0.2	0.97	0.07	1.42	0.2	0.42	0.39	0.03	0.21	0.72	0.17	0.18	0.24	0.07	0.01	0.42	0.42	0.17	0.2	0.22	0.52	0.42	0.08	0.3	0.21	0.13	0.42	0.04	0.17	0.57	0.09	0.05	0.43	0.08	0.21	0.1	0.43	0.21	0.41	0.36	0.43	0.07	0.41	0	0.17	0.11	0.21	0.09	0.19	0.18	0.03	0.11	0.43	0.47	0.21	0.21	0.05	0.03	0.21	0.44	0.23	0.44	0.21	0.09	0.23	0.14	0.28	0.09	0.44	0.05	0.21	0.26	0.19	0.06	0.45	0.04	0.58	0.09	0.65	0.45	0.08	0.66	0.08	0.42	0.34	0.56	0.34	0.19	0.24	0.2	0.19
0.11	0.15	0.09	0.04	0.15	0.23	0.11	0.1	0.02	0.85	0.14	2.74	0.03	0.03	0.37	0.2	0.04	0.18	0.25	0.46	0.05	0.16	0.2	0.13	0.13	0.62	0.02	0.04	0.22	0.04	0.16	0.16	0.32	0.12	0.25	0.31	0.01	0.25	0.1	0.22	0.01	0.11	0	0.13	0.17	0.13	0.19	0.03	0.32	0.09	0.01	0.48	0	0.17	0.04	0.1	0.02	0.13	0.16	0.48	0.03	0.19	0.02	0.24	0.54	0.15	0.03	0.11	0.04	0.03	0.02	0.49	0.22	0.26	0.02	0.83	0.22	0.18	0.48	0.03	0.04	0.15	0.04	0.28	0.25	0.46	0.2	0.15	0.49	0.02	0.33	0.3	0.04	0.33	0.04	0.01	0.03	0.01	0.18
0.11	0.15	0.56	0.2	0.07	0.33	0.05	0.18	0.16	1.05	0.06	8.65	0.41	0.18	0.26	0.23	0.44	0.29	0.26	0.16	0.17	0.06	0.11	0.07	0.57	0.15	0.16	0.18	0.42	0.27	0.23	0.3	0.16	0.17	0.42	0.11	0.16	0.15	0.06	0.06	0.17	0.08	0.17	0.06	0.11	0.47	0.51	0.95	0.29	0.45	0.17	0.12	0.14	0	0.22	0.15	0.16	0.29	0.06	0.06	0.49	0.47	0.19	0.18	0.08	0.12	0.21	0.07	0.19	0.17	0.19	0.41	0.08	0.61	0.16	0.08	0.07	0.27	0.24	0.86	0.16	0.46	0.88	0.09	0.19	0.06	0.11	0.08	0.07	0.19	0.06	0.99	0.49	0.48	0.5	0.19	0.45	0.56	0.27
0.13	0.29	0.1	0.48	0.13	0.27	0.38	0.06	0.43	1.11	0.41	1.4	0.48	0.06	0.35	0.5	0.48	0.25	0.34	0.35	0.49	0.23	0.21	0.14	0.14	0.05	0.23	0.07	0.78	0	0.3	0.16	0.08	0.13	0.08	0.56	0.03	0.74	0.12	0.16	0.05	1.29	0.05	0.36	0.14	0.13	0.38	1.24	0.7	0.18	0.04	0.49	0.14	0.17	0	0.49	0.09	0.39	0.53	0.42	0.04	0.12	0.06	0.22	0.15	0.18	0.07	0.12	0.08	0.1	0.5	0.15	0.14	0.28	0.35	0.4	0.5	0.18	0.31	0.01	0.4	0.4	0.19	0.19	0.28	0.5	0.19	0.4	0.12	0.04	0.14	0.9	0.4	0.52	0.31	0.4	0.07	0.4	0.46
0.01	0.45	0.15	0.13	0.02	0.32	0.01	0.12	0.46	1.37	0.15	0.32	0.11	0.49	0.46	0.16	0.14	0.26	0.24	0.46	0.13	0.05	0.1	0.4	0.04	0.31	0.47	0.14	1.88	0.47	0.01	0.06	0.11	0.17	0.16	0.47	0.1	0.96	0	0.05	0.48	0.04	0.1	0	0.04	0.08	0.15	0.14	0.48	0.11	0.11	0.48	0.1	0.18	0.55	0	0.48	0.11	0.05	0.01	0.14	0.09	0.17	0.15	0.12	0.07	0.49	0.02	0.49	0.32	0.11	0.17	0.1	0.18	0.09	0.4	0.05	0.4	0.36	0.11	0.13	0.11	0.11	0.08	0.21	0.4	0.08	0.28	0.01	0.18	0.91	0.48	0.11	0.91	0.15	0.97	0.12	0.41	0.23
0.15	0.24	0.11	0.05	0.15	0.57	0.13	0.21	0.02	1.43	0.12	8.48	0.05	0.14	0.38	0.61	0.05	0.59	0.4	0.03	0.05	0.15	0.2	0.45	0.41	0.03	0.21	0.02	0.41	0.06	0.12	0.17	0.01	0.14	0.05	0.59	0.29	0.38	0.11	0.21	0.03	0.13	0.07	0.15	0.44	0.14	0.22	0.01	0.33	0.46	0.8	0.96	0.02	0.17	0.06	0.11	0	0.18	0.46	0.43	0.03	0.46	0.03	0.22	0.16	0.16	0.05	0.45	0.05	0.18	0.32	0.14	0.23	0.46	0.03	0.14	0.46	0.51	0.5	0.05	0.11	0.15	0.06	0.45	0.28	0.49	0.53	0.16	0.45	0.03	0.54	0.3	0.06	0.37	0.05	0.02	0.05	0.03	0.2
0.16	0.02	0.45	0.3	0.15	0.23	0.11	0.22	0.84	0.77	0.13	8.79	0.04	0.04	0.38	0.21	0.04	0.18	0.45	0.02	0.23	0.15	0.38	0.15	0.15	0.03	0.03	0.04	0.09	0.05	0.1	0.17	0.03	0.26	0.04	0.45	0.02	0.44	0.09	0.22	0.02	0.46	0.24	0.33	0.16	0.51	0.2	0.03	0.38	0.09	0.32	0.2	0.4	0.16	0.05	0.12	0.03	0	0.17	0.1	0.41	0.11	0.03	0.2	0.5	0.16	0.04	0.11	0.05	0.04	0.02	0.15	0.41	0.27	0.03	0.4	0.22	0.19	0.31	0.04	0.04	0.16	0.41	0.2	0.81	0.41	0.19	0.19	0.11	0.03	0.14	0.58	0.34	0.34	0.04	0.02	0.42	0.6	0.26
0.05	0.59	0.22	0.18	0.1	0.25	0.04	0.17	0.14	0.89	0.03	9.28	0.49	0.37	0.49	0.03	0.19	0.2	0.19	0.17	0.5	0.04	0.05	0.06	0.05	0.14	0.16	0.52	0.4	0.17	0.04	0	0.19	0.09	0.4	0.17	0.16	0.4	0.4	0.04	0.35	0.4	0.31	0.19	0.39	0.4	0.17	0.16	0.5	0.05	0.4	0.41	0.16	0.26	0.16	0.05	0.15	0.17	0	0.05	0.41	0.41	0.16	0.17	0.03	0.41	0.19	0.26	0.41	0.41	0.17	0.05	0.1	0.13	0.15	0.09	0.42	0.3	0.82	2.02	0.16	0.19	0.16	0.09	0.62	0.08	0.41	0.09	0.04	0.42	0.05	0.52	0.42	0.89	0.53	0.17	0.17	0.21	0.18
0.02	0.11	0.14	0.13	0.1	0.49	0.03	0.11	0.43	1	0.34	3.38	0.33	0.1	0.23	0.41	0.48	0.26	0.23	0.09	0.13	0.04	0.09	0.04	0.24	0.38	0.12	0.15	0.21	0.12	0.01	0.41	0.12	0.42	0.41	0.09	0.08	0.92	0	0.04	0.1	0.41	0.12	0.01	0.37	0.92	0.41	0.61	0.23	0.01	0.49	0.09	0.11	0.08	0.12	0.01	0.42	0.12	0.05	0	0.42	0.05	0.25	0.31	0.04	0.42	0.92	0.75	0.15	0.12	0.11	0.04	0.1	0.42	0.35	0.36	0.05	0.07	0.44	3.17	0.11	0.08	0.13	0.21	0.54	0.03	0.09	0.08	0.01	0.24	0.44	0.2	0.63	0.53	1.05	0.11	0.75	0.37	0.62
0.18	0.02	0.09	0.32	0.15	0.41	0.61	0.03	0.02	0.8	0.12	9.24	0.04	0.02	0.75	0.53	0.05	0.47	0.34	0.03	0.07	0.15	0.18	0.13	0.13	0.08	0.62	0.05	0.47	0.17	0.12	0.16	0.04	0.43	0.05	0.37	0.02	0.27	0.48	0.2	0.15	0.1	0.03	0.49	0.13	0.48	0.29	0.04	0.33	0.11	0.02	0.18	0.59	0.35	0.04	0.09	0.03	0.03	0.54	0.1	0	0.35	0.04	0.21	0.39	0.16	0.05	0.16	0.65	0.05	0.04	0.13	0.12	0.27	0.01	0.12	0.2	0.77	0.33	0.4	0.03	0.13	0.04	0.18	0.57	0.12	0.19	0.16	0.11	0.42	0.14	0.29	0.04	0.34	0.07	0.28	0.42	0.03	0.2
0.02	0.42	0.42	0.42	0.42	0.94	0.02	0.43	0.41	1.92	0.92	0.54	0.96	0.45	0.55	0.45	0.45	0.45	0.45	0.45	0.17	0.44	0.44	0.94	0.94	0.44	0.44	0.94	0.46	0.44	0.01	0.44	0.95	0.02	0.94	0.44	22.2	0.44	0	0.44	0.12	0.44	0.11	0	0.94	0.03	0.2	0.43	0.35	0.01	0.43	0.93	0.11	0.43	0.43	0.01	0.13	0.43	0.06	0.02	0.43	0.02	0.73	0.42	0.92	0.42	0.42	0.42	0.42	1.41	0.42	0.41	0.41	0.42	0.42	0.04	0.41	0.91	0.91	0.11	0.12	0.41	0.5	0.99	0.49	0.04	0.17	0.48	0.48	0.98	0.03	0.48	0.48	0.48	0.48	0.48	0.99	0.48	0.48
0.14	0.03	0.45	0.75	0.14	0.2	0.13	0.22	0.03	0.93	0.14	9.09	0.3	0.8	0.37	0.21	0.02	0.2	0.28	0.22	0.06	0.17	0.2	0.16	0.16	0.04	0.35	0.06	0.13	0.07	0.12	0.16	0.42	0.87	0.08	0.19	0.03	0.19	0.13	0.23	0.03	0.48	0.03	0.44	0.72	0.2	0.48	0.04	0.67	0.21	0.04	0.22	0.02	0.18	0.06	0.11	0.34	0.48	0.48	0.68	0.04	0.49	0	0.22	0.62	0.48	0.01	0.48	0.03	0.04	0.04	0.16	0.48	0.39	0.04	0.3	0.99	0.2	0.49	0.06	0.05	0.16	0.19	0.59	0.28	0.14	0.21	0.16	0.12	0.04	0.14	0.31	0.06	0.5	0.15	0.4	0.02	0.15	0.4
0.18	0.21	0.3	0.24	0.13	0.42	0.15	0.48	0.21	0.99	0.15	1.43	0.22	0.23	0.37	0.21	0.24	0.48	0.35	0.19	0.55	0.16	0.31	0.48	0.14	0.3	0.23	0.24	0.33	0.58	0.15	0.17	0.22	0.13	0.24	0.19	0.19	0.54	0.42	0.48	0.21	0.2	0.21	0.17	0.46	0.12	0.02	0.49	0.33	0.15	0.59	0.21	0.2	0.18	0.22	0.15	0.22	0.2	0.57	0.16	0.21	0.49	0.59	0	0.22	0.2	0.23	0.26	0.24	0.23	0.2	0.4	0.4	0.7	0.37	0.23	0.21	0.18	0.35	0.8	0.4	0.21	0.22	0.4	0.06	0.22	0.19	0.18	0.16	0.21	0.48	0.3	0.22	0.35	0.51	0.2	0.41	0.21	0.66
0.34	0.18	0.59	0.18	0.09	0.28	0.36	0.15	0.2	0.88	0.38	8.49	0.72	0.14	0.42	0.04	0.42	0.23	0.22	0.42	0.42	0.03	0.05	0.42	0.05	0.15	0.17	0.43	0.18	0.15	0.12	0.43	0.16	0.06	0.15	0.05	0.43	0.43	1.28	0.01	0.23	0.27	0.43	0.06	0.56	0.09	0.22	0.54	0.53	0.04	0.38	0.05	0.15	0.07	0.44	0.04	0.16	0.16	0.04	0.04	0.44	0.35	0.54	0.18	0	0.44	0.19	0.09	0.54	0.16	0.15	0.94	0.09	0.42	0.38	0.04	0.16	0.44	0.23	0.15	0.14	0.06	0.29	0.11	0.18	0.2	0.05	0.06	0.04	0.14	0.04	0.42	0.45	0.2	0.18	0.16	0.28	0.17	0.28
0.07	0.17	0.32	0.52	0.06	0.43	0.07	0.16	0.18	0.92	0.06	10.5	0.17	0.49	0.49	0.01	0.18	0.18	0.18	0.15	0.76	0.05	0.04	0.07	0.07	0.59	0.17	0.18	0.3	0.4	0.07	0.03	0.16	0.06	0.89	0.55	0.14	0.15	0.12	0.49	0.16	0.08	0.17	0.12	0.07	0.3	0.49	0.16	0.15	0.08	0.19	0.03	0.15	0.49	0.25	0.07	0.16	0.16	0.02	0.07	0.16	0.1	0.17	0.18	0.05	0	0.18	0.07	0.19	0.17	0.49	0.07	0.09	0.21	0.16	0.49	0.05	0.02	0.39	0.18	0.17	0.06	0.18	0.01	0.35	0.07	0.01	0.05	0.08	0.18	0.07	0.21	0.5	0.5	0.44	0.5	0.19	0.19	2.44
0.15	0.04	0.48	0.03	0.18	0.21	0.15	0.05	0.04	0.88	0.14	3.33	0.25	0.04	0.41	0.33	0.42	0.22	0.37	0.05	0.42	0.17	0.42	0.17	0.17	0.42	0.01	0.42	0.72	0.08	0.14	0.19	0.05	0.16	0.07	0.21	0.05	0.06	0.14	0.92	0.05	0.13	0.04	0.19	0.18	0.47	0.23	0.45	0.43	0.11	0.43	0.22	0.35	0.18	0.43	0.14	0.04	0.43	0.17	0.13	0.05	0.19	0.02	0.23	0.5	0.18	0	0.15	0.1	0.4	0.05	0.16	0.43	0.3	0.27	0.16	0.23	0.19	0.33	0.46	0.93	0.18	0.08	0.36	0.29	0.43	0.46	0.19	0.43	0.05	0.16	0.38	0.07	0.36	0.32	0.43	0.4	0.04	0.22
0	0.14	0.21	1.09	0.18	0.48	0.35	0.32	0.12	0.92	0.39	5.59	0.11	0.83	0.25	0.33	0.43	0.65	0.22	0.11	0.12	0.43	0.08	0.26	0.03	0.1	0.13	0.16	0.8	0.13	0.02	0.09	0.12	0.02	0.1	0.08	0.1	0.44	0.45	0.1	0.13	0.03	0.11	0.18	0.03	0.65	0.15	0.13	0.52	0.03	0.51	0.45	0.11	0.45	0.55	0.08	0.12	0.11	0.04	0.02	0.11	1.16	0.66	0.15	0.04	0.07	0.15	0	0.46	0.18	0.12	0.03	0.02	0.19	0.37	0.42	0.1	0.38	0.47	0.47	0.15	0.05	0.13	0.07	0.47	0.03	0.08	0.05	0.02	0.11	0.03	0.56	0.12	0.47	0.16	0.12	0.2	0.11	0.23
0.16	0.13	0.47	0.04	0.16	0.59	0.14	0.05	0.05	0.9	0.16	0.33	0.39	0.05	0.4	0.99	0.03	0.22	0.3	0.29	0.5	0.49	0.49	0.23	0.16	0.05	0.02	0.35	0.13	0.42	0.13	0.48	0.4	0.15	0.06	0.21	0.05	0.14	0.13	0.23	0.05	0.14	0.05	0.42	0.17	0.16	0.23	0.43	0.44	0.13	0.16	0.23	0.44	0.17	0.08	0.13	0.05	0.44	0.45	0.16	0.45	0.96	0.04	0.24	0.46	0.18	0.01	0.16	0	0.06	0.06	0.17	0.22	0.31	0.06	0.16	0.99	0.2	0.5	0.42	0.07	0.18	0.4	0.22	0.3	0.17	0.23	0.18	0.14	0.05	0.19	0.34	0.42	1.01	0.04	0.43	0.04	0.33	0.29
0.47	0.03	0.12	0.49	0.16	0.25	0.14	0.01	0.03	0.83	0.13	0.42	0.06	0.04	0.52	0.42	0.06	0.92	0.42	0.05	0.07	0.42	0.21	0.15	0.52	0.07	0.05	0.02	0.11	0.07	0.13	0.22	0.01	0.15	0.06	0.43	0.04	0.04	0.17	0.25	0.43	0.18	0.03	0.15	0.15	0.14	0.43	0.02	0.34	0.46	0.04	0.43	0.03	0.18	0.07	0.11	0.02	0.04	0.44	0.24	0.04	0.34	0.44	0.23	0.44	0.17	0.06	0.14	0.06	0	0.05	0.54	0.54	0.29	0.04	0.14	0.23	0.91	0.37	0.06	0.05	0.45	0.07	0.21	0.29	0.13	0.2	0.17	0.12	0.03	0.15	0.36	0.24	0.85	0.06	0.03	0.05	0.04	0.21
0.28	0.03	0.08	0.27	0.15	0.46	0.11	0.27	0.03	0.97	0.42	8.62	0.43	0.83	0.4	0.23	0.05	0.93	0.24	0.08	0.06	0.56	0.2	0.16	0.37	0.22	0.43	0.06	0.11	0.27	0.11	0.18	0.43	0.13	0.43	0.21	0.02	0.16	0.1	0.24	0.03	0.43	0.03	0.44	0.43	0.13	0.2	0.04	0.64	0.09	0.02	0.21	0.02	0.93	0.05	0.44	0.04	0.02	0.17	0.44	0.04	0.36	0.04	0.2	0.44	0.44	0.05	0.12	0.06	0.05	0	0.56	0.13	0.28	0.03	0.12	0.5	0.27	0.64	0.44	0.05	0.16	0.44	0.2	0.44	0.51	0.44	0.87	0.44	0.04	0.18	0.38	0.04	0.37	0.06	0.03	0.3	0.03	0.65
0.03	0.13	0.17	0.47	0.02	0.39	0.38	0.14	0.13	1	0.03	0.45	0.52	0.13	0.52	0.46	0.16	0.25	0.23	0.15	0.46	0.32	0.09	0.01	0.47	0.13	0.15	0.17	0.55	0.47	0.04	1.02	0.14	0.01	0.15	0.09	0.48	0.98	0.03	0.09	0.15	0.57	0.15	0.06	0.33	0.01	0.14	0.26	0.21	0.04	0.15	0.29	0.15	0.07	0.49	0.04	0.14	0.15	0.05	0.18	0.49	0.04	0.55	0.38	0.05	0.07	0.16	0.03	0.89	0.15	0.4	0	0.01	0.53	0.25	0.05	0.09	0.52	0.5	0.14	0.41	0.41	0.14	0.24	0.42	0.05	0.34	0.04	0.04	0.13	0.01	0.25	0.14	0.23	0.53	0.14	0.43	0.14	0.71
0.02	0.5	0.72	0.17	0.01	0.29	0.42	0.13	0.15	0.96	0.02	2.86	0.12	0.11	0.44	0.13	0.15	0.59	0.23	0.25	0.15	0.09	0.14	0.31	0.02	0.13	0.45	0.95	0.45	0.52	0.13	0.09	0.46	0.46	0.45	0.06	0.12	0.56	0.02	0.46	0.42	0.08	0.46	0.25	0.02	0.3	0.29	0.47	0.2	0.57	0.47	0.13	0.47	0.09	0.15	0.02	0.25	0.27	0.47	0.1	0.13	0.5	0.14	0.12	0.47	0.06	0.47	0.02	0.47	0.14	0.13	0.01	0	0.37	0.12	0.46	0.09	0.25	0.25	0.56	0.12	0.13	0.13	0.06	0.47	0.09	0.06	0.09	0.47	0.12	0.17	0.47	0.12	0.47	0.15	0.47	0.5	0.14	0.47
0.18	0.29	0.3	0.42	0.18	0.11	0.46	0.45	0.26	1.02	0.18	8.94	0.63	1.15	0.43	0.13	0.38	0.09	0.05	0.56	0.32	0.2	0.32	0.19	0.19	0.28	0.28	0.31	0.47	0.54	0.52	0.14	0.29	0.31	0.29	0.1	0.27	0.29	0.45	0.45	0.27	0.18	0.26	0.45	0.57	0.18	0.36	1.45	0.95	0.48	0.31	0.14	0.55	0.24	0.43	0.36	0.3	0.26	0.45	0.19	0.27	0.55	0.45	0.45	0.33	0.16	0.31	0.18	0.7	0.49	0.42	0.85	0.53	0	0.34	0.19	0.2	0.28	0.55	0.28	0.46	0.18	0.51	0.46	0.45	0.3	0.1	0.15	0.46	0.26	0.19	0	0.63	0.14	0.6	0.41	0.46	0.47	0.09
0.1	0.02	0.46	0.06	0.12	0.24	0.1	0.03	0.07	0.86	0.11	6.68	0.03	0.02	0.56	0.46	0.05	0.47	0.34	0.33	0.08	0.14	0.2	0.13	0.14	0.02	0.04	0.06	0.1	0.1	0.36	0.97	0.04	0.48	0.05	0.18	0.01	0.02	0.1	0.48	0.39	0.47	0.03	0.31	0.49	0.13	0.21	0.04	0.35	0.21	0.02	0.53	0.02	0.17	0.04	0.09	0.04	0.03	0.16	0.1	0.01	1.3	0.04	0.21	0.15	0.16	0.05	0.14	0.06	0.04	0.4	0.13	0.12	0.91	0	0.12	0.4	0.32	0.32	0.67	0.09	0.4	0.38	0.41	0.91	0.41	0.18	0.17	0.28	0.11	0.51	0.61	0.41	0.33	0.28	0.03	0.42	0.03	0.19
0.04	0.26	0.32	0.49	0.09	0.46	0.03	0.13	0.36	1	0.03	8.18	0.13	0.13	0.27	0.08	0.16	0.42	0.23	0.19	0.26	0.04	0.43	0.29	0.05	0.14	0.15	0.14	1.99	0.65	0.03	0.08	0.13	0.09	0.44	0.42	0.11	0.11	0.04	0.46	0.35	0.01	0.12	0.05	0.06	0.11	0.27	0.15	0.25	0.4	0.11	0.09	0.12	0.06	0.13	0.43	0.14	0.12	0.09	0.04	0.11	0.04	0.26	0.22	0.18	0.44	0.15	0.44	0.21	0.14	0.54	0.05	0.45	0.2	0.12	0	0.04	0.08	0.23	0.13	0.13	0.33	0.46	0.96	0.28	0.08	0.47	0.09	0.48	0.11	0.05	0.43	0.23	0.42	0.5	0.13	0.56	0.18	0.24
0.1	0.36	0.2	0.23	0.09	0.32	0.1	0.21	0.42	0.98	0.03	1.64	0.64	0.44	0.42	0.11	0.34	0.27	0.23	0.21	0.18	0.03	0.06	0.45	0.09	0.21	0.22	0.62	0.48	0.16	0.47	0.16	0.23	0.09	0.17	0.09	0.49	0.23	0.05	0.32	0.21	0.03	0.22	0.49	0.18	0.09	0.62	0.24	0.23	0.24	0.22	0.05	0.44	0.34	0.42	0.05	0.29	0.49	0.04	0.94	0.44	0.05	0.23	0.21	0.01	0.45	0.36	0.46	0.61	0.25	0.22	0.65	0.09	0.27	0.22	0.31	0	0.36	0.22	0.15	0.21	0.36	0.16	0.09	0.41	0.23	0.09	0.17	0.26	0.41	0.31	0.21	0.48	0.22	0.23	0.21	0.24	0.22	0.46
0.06	0.99	0.23	0.2	0.04	0.27	0.06	0.17	0.47	1	0.45	5.16	0.44	0.17	0.18	0.03	0.2	0.19	0.18	0.45	0.19	0.09	0.2	0.44	0.06	0.17	0.4	0.43	0.63	0.2	0.07	0.93	0.43	0.04	0.42	0.01	1.46	0.51	0.41	0.08	0.6	0.07	0.41	0.09	0.4	0.04	0.4	0.18	0.7	0.4	0.9	0.4	0.18	0.08	0.3	0.21	0.54	0.49	0.49	0.07	0.19	0.48	0.2	0.18	0.05	0.02	0.21	0.06	0.57	0.56	0.5	0.46	0.95	0.13	0.55	0.23	0.08	0	0.14	0.17	0.18	0.03	0.44	0.03	0.23	0.08	0.42	0.03	0.42	0.49	0.05	0.51	0.51	0.51	0.51	0.18	0.21	0.41	0.17
0.2	0.32	0.72	0.32	0.48	0.21	0.31	0.32	1.38	1.12	0.2	2.57	0.52	0.29	0.24	0.49	0.32	0.61	0.26	0.78	0.33	0.21	0.48	0.19	0.23	0.31	0.3	0.59	0.49	0.31	0.22	0.17	0.32	0.23	0.32	0.48	0.31	0.46	0.2	0.22	0.33	0.59	0.45	0.22	0.24	0.4	0.41	0.36	0.02	0.37	0.79	0.2	0.35	0.49	0.36	0.45	0.5	0.35	0.21	0.6	0.48	1.15	0.34	0.35	0.41	0.9	0.44	0.24	0.7	0.37	0.38	0.23	0.27	0.25	0.41	0.61	0.94	0.44	0	0.35	0.75	0.23	0.73	0.65	0.5	0.45	0.13	0.32	0.22	0.57	0.19	0.21	0.64	0.3	0.45	0.33	0.95	0.45	1.45
0.12	0.04	0.1	0.12	0.47	0.26	0.21	0.05	0.46	1.18	0.12	2.98	0	0.05	0.34	0.5	0.07	0.67	2.13	0.47	0.09	0.14	0.56	0.46	0.14	0.05	0.06	0.45	0.55	0.01	0.44	0.16	0.05	0.12	0.93	0.18	0.02	0.23	0.43	0.42	0.04	0.76	0.51	0.41	0.47	0.4	3.9	0.12	0.5	0.18	0.22	0.2	0.03	0.22	0.01	0.11	0.05	0.04	0.15	0.11	0.04	0.51	0.06	0.46	0.14	0.17	0.07	0.45	0.4	0.06	0.44	0.14	0.13	0.28	0.93	0.13	0.15	0.42	0.42	0	0.43	0.51	0.01	0.4	0.28	0.4	0.4	0.9	0.4	0.19	0.13	0.69	0	0.34	0.07	0.04	0.07	0.04	0.27
0.13	0.04	0.08	0.07	0.13	0.65	0.12	0.05	0.02	1.06	0.12	11	0.03	0.03	0.35	0.21	0.18	0.21	0.34	0.1	0.06	0.15	0.33	0.14	0.29	0.03	0.43	0.53	0.12	0.04	0.12	0.37	0.05	0.13	0.05	0.19	0.03	0.39	0.1	0.23	0.05	0.13	0.04	0.17	0.15	0.14	0.54	0.05	0.64	0.13	0.13	0.21	0.04	0.44	0.54	0.11	0.05	0.04	0.19	0.43	0.03	0.53	0.43	0.23	0.63	0.17	0.06	0.15	0.09	0.06	0.05	0.14	0.43	0.28	0.04	0.14	0.21	0.62	0.33	0.03	0	0.16	0.03	0.41	0.43	0.13	0.19	0.15	0.12	0.01	0.14	0.43	0.03	0.34	0.07	0.04	0.25	0.05	0.43
0.12	0.13	0.46	0.18	0.45	0.48	0.03	0.46	0.16	0.85	0.04	6.67	0.52	0.25	0.25	0.09	0.41	0.25	0.23	0.41	0.31	0.03	0.23	0.41	0.04	0.41	0.51	0.17	0.24	0.56	0.22	0.03	0.15	0.45	0.15	0.05	0.41	0.17	0.28	0	0.16	0.03	0.15	0.08	0.06	0.08	0.45	0.41	0.23	0.1	0.21	0.05	0.17	0.41	0.16	0.04	0.14	0.16	0.03	0.05	1.49	0.17	0.41	0.21	0.26	0.06	0.18	0.1	0.41	0.41	0.18	0.34	0.1	0.19	0.17	0.03	0.01	0.18	0.42	0.55	0.16	0	0.4	0.23	0.21	0.03	0.05	0.08	0.04	0.42	0.04	0.25	0.43	0.2	0.24	0.15	0.19	0.14	0.42
0.42	0.05	0.48	0.08	0.48	0.48	0.12	0.06	0.04	0.98	0.48	12.8	0.01	0.06	0.62	0.4	0.42	0.21	0.34	0.04	0.09	0.43	0.21	0.43	0.41	0.05	0.06	0.47	0.13	0	0.43	0.16	0.06	0.13	0.93	0.64	0.15	0.2	0.11	0.43	0.05	0.54	0.05	0.12	0.3	0.13	0.22	0.44	0.33	0.19	0.45	0.45	0.04	0.17	0	0.95	0.06	0.05	1.02	0.12	0.04	0.13	0.06	0.22	0.15	0.18	0.07	0.46	0.08	0.07	0.42	0.96	0.46	0.31	0.04	0.13	0.55	0.66	0.36	0.01	0.03	0.46	0	1.03	0.64	0.14	0.57	0.18	0.28	0.04	0.47	0.31	0.01	0.54	0.47	0.05	0.38	0.05	0.28
0.35	0.73	0.21	0.22	0.06	0.23	0.07	0.2	0.16	1.13	0.63	0.49	0.18	0.18	0.18	0.42	1.03	0.53	0.16	0.27	0.73	0.34	0.63	0.08	0.43	0.43	0.21	0.43	0.46	0.37	0.08	0.43	0.21	0.05	0.19	0	0.43	0.57	0.08	0.09	0.2	0.09	0.18	0.1	0.43	0.06	0.2	0.19	0.43	0.07	0.4	0.46	0.53	0.09	0.19	0.08	0.19	0.46	0.03	0.46	0.46	0.46	0.22	0.56	0.05	0.01	0.22	0.07	0.46	0.77	0.46	0.47	0.06	0.1	0.85	0.3	0.09	0.97	0.17	0.77	0.56	0.05	0.47	0	0.22	0.47	0.37	0.04	0.08	0.22	0.07	0.12	0.18	0.18	0.21	0.48	0.58	0.21	0.58
0.21	0.27	0.41	0.31	0.48	0.68	0.23	0.28	0.27	0.99	0.21	4.06	0.47	0.29	0.43	0.27	0.29	0.42	0.41	0.4	0.43	0.22	0.62	0.5	0.9	0.5	0.5	0.3	0.71	0.3	0.21	0.37	0.6	0.4	0.39	0.25	0.5	0.4	0.17	0.24	0.27	0.2	0.61	0.54	0.91	0.41	0.08	0.28	0.39	0.14	0.6	0.51	0.26	0.19	0.61	0.21	0.33	0.26	0.23	0.49	0.27	0.52	0.61	0.06	0.41	0.16	0.29	0.32	0.6	0.29	0.26	0.46	0.15	0.71	0.27	0.27	0.23	0.42	0.41	0.28	0.53	0.24	0.28	0.39	0	0.63	0.64	0.37	0.22	0.27	0.43	0.36	0.84	0.43	0.64	0.27	0.44	0.27	0.4
0.07	0.12	0.36	0.9	0.4	0.31	0.04	0.13	0.4	1.14	0.03	9.96	0.48	0.52	0.48	0.07	0.37	0.49	0.45	0.79	0.18	0.03	0.34	0.05	0.05	0.13	0.49	0.15	0.23	0.3	0.03	0.09	0.5	0.09	0.14	0.1	0.11	0.44	0.4	0.37	0.11	0.01	0.12	0.04	0.37	0.1	0.91	0.41	0.24	0.01	0.41	0.09	0.12	0.06	0.14	0.03	0.12	0.13	0.09	0.04	0.12	0.73	0.42	0.22	0.04	0.43	0.14	0.03	0.27	0.16	0.12	0.05	0.09	0.19	0.12	0	0.04	0.44	0.22	0.14	0.12	0.03	0.14	0.1	0.28	0	0.44	0.1	0.03	0.55	0.04	0.65	0.13	0.22	0.45	0.14	0.45	0.12	0.25
0.08	0.19	0.97	0.23	0.06	0.48	0.08	0.48	0.98	0.99	0.47	0.6	0.18	0.19	0.18	0.6	0.4	0.53	0.5	0.19	0.19	0.4	0.04	0.44	0.07	0.2	0.21	0.22	0.9	0.2	0.1	0.27	0.21	0.06	0.17	0.4	0.45	0.21	0.41	0.41	0.34	0.35	0.19	0.1	0.25	0.06	0.36	0.22	0.42	0.11	0.21	0.05	0.42	0.23	0.19	0.08	0.43	0.2	0.43	0.09	0.19	0.09	0.53	0.43	0.05	0.01	0.38	0.08	0.43	0.55	0.21	0.09	0.45	0.1	0.18	0.1	0.09	0.02	0.13	0.44	0.19	0.05	0.19	0	0.25	0.44	0	0.04	0.36	0.54	0.08	0.12	0.19	0.15	0.21	0.45	0.21	0.2	0.16
0.04	0.15	0.18	0.27	0.09	0.27	0.08	0.16	0.15	1.03	0.44	0.4	0.38	0.16	0.22	0.5	0.52	0.22	0.4	0.29	0.18	0.08	0.11	0.04	0.04	0.4	0.16	0.43	0.38	0.5	0.07	0.1	0.18	0.03	0.15	0.35	0.5	0.44	0.05	0.06	0.16	0.08	0.17	0.4	0.37	0.29	0.22	0.24	0.47	0.5	0.53	0.08	0.5	0.09	0.4	0.07	0.17	0.17	0.15	0.08	0.9	0.18	0.36	0.4	0.85	0.05	0.19	0.4	0.2	0.17	0.18	0.04	0.4	0.2	0.4	0.16	0.07	0.4	0.16	0.52	0.15	0.06	1.04	0.28	0.18	0.41	0.04	0	0.07	0.15	0.04	0.9	0.18	0.3	0.5	0.17	0.19	0.5	0.4
0.02	0.1	0.16	0.66	0.1	0.31	0.02	0.12	0.09	1.09	0.14	10.6	0.11	0.4	0.22	0.33	0.13	0.26	0.6	0.09	0.16	0.04	0.08	0.04	0.4	0.11	0.33	0.14	0.17	0.12	0.41	0.05	0.13	0.09	0.12	0.19	0.39	0.56	0.51	0.04	0.12	0.03	0.1	0.01	0.24	0.41	0.53	0.26	0.23	0.01	0.89	0.42	0.41	0.17	0.12	0.01	0.12	0.42	0.36	0.01	0.11	0.52	0.12	0.16	0.04	0.08	0.52	0.02	0.35	0.13	0.1	0.42	0.1	0.19	0.1	0.03	0.04	0.07	0.54	0.12	0.12	0.03	0.12	0.08	0.22	0.03	0.09	0.42	0	0.11	0.03	0.57	1.02	0.23	0.44	0.1	0.41	0.12	0.26
0.12	0.02	0.18	0.05	0.13	0.24	0.12	0.03	0	0.73	0.11	3.37	0.03	0.04	0.35	0.22	0.05	0.56	0.36	0.03	0.06	0.13	0.18	0.46	0.14	0.01	0.04	0.05	0.09	0.04	0.09	0.14	0.03	0.2	0.06	0.17	0.13	0.02	0.11	0.47	0.04	0.11	0.03	0.47	0.47	0.12	0.35	0.03	0.97	0.21	0.02	0.21	0.02	0.47	0.04	0.09	0.27	0.03	0.17	0.1	0.02	0.48	0.04	0.34	0.15	0.98	0.05	0.12	0.05	0.04	0.04	0.16	0.12	0.27	0.02	0.14	0.21	0.48	0.31	0.04	0.02	0.14	0.04	0.48	0.27	0.13	0.18	0.14	0.49	0	0.14	0.49	0.04	1.03	0.05	0.03	0.05	0.03	0.2
0.02	0.45	0.18	0.47	0.01	0.65	0.02	0.14	0.12	0.99	0.03	9.26	0.13	0.12	0.24	0.47	0.17	0.47	0.23	0.16	0.17	0.04	0.09	1.08	0.02	0.14	0.16	0.15	0.48	0.14	0.03	0.05	0.54	0.89	0.21	0.08	0.98	0.13	0.03	0.26	0.29	0.04	0.59	0.05	0.03	0.03	0.15	0.49	0.49	0.05	0.22	0.08	0.16	0.06	0.14	0.03	0.17	0.15	0.05	0.04	0.14	0.13	0.16	0.4	0.92	0.07	0.17	0.13	0.41	0.16	0.17	0.3	0.2	0.31	0.13	0.22	0.13	0.05	0.19	0.14	0.41	0.04	0.14	0.41	0.14	0.04	0.08	0.04	0.41	0.12	0	0.18	0.13	0.41	0.3	0.16	0.65	0.14	0.37
0.41	0.31	0.32	0.98	0.17	0.12	0.49	0.33	0.4	1.51	0.19	3.49	0.3	0.47	0.22	0.24	0.32	0.98	0.05	0.49	0.32	0.19	0.47	0.41	0.18	0.97	0.52	0.32	0.47	0.31	0.98	0.47	0.3	0.17	0.28	0.12	2.08	0.56	0.19	0.21	0.62	0.57	0.3	0.53	0.47	0.48	0.97	0.52	0.5	0.47	0.31	0.47	0.29	0.48	0.48	0.41	0.33	0.48	0.14	0.58	0.57	0.31	0.57	0.67	0.17	0.47	0.32	0.19	0.47	0.33	0.46	0.18	0.47	0	0.32	0.2	0.21	1.17	0.57	0.66	0.32	0.18	0.3	0.12	0.71	0.19	0.57	0.44	0.2	0.47	0.18	0	0.66	0.17	1.07	0.62	0.33	0.87	0.46
0.12	0.27	0.1	0.43	0.13	0.47	0.43	0.05	0.43	0.98	0.12	13.2	0	0.06	0.48	0.21	0.07	0.36	0.45	0.04	0.99	0.44	0.49	0.14	0.34	0.09	0.06	0.07	0.13	0.01	0.11	0.16	0.05	0.12	0.07	0.19	0.03	0.03	0.11	0.16	0.05	0.5	0.04	0.39	0.4	0.13	0.4	0.4	0.5	0.18	0.36	0.21	0.04	0.21	0.4	0.5	0.05	0.04	0.4	0.12	0.4	0.14	0.06	0.22	0.15	0.41	0.07	0.46	0.24	0.07	0.9	0.52	0.13	0.27	0.03	0.35	0.4	0.17	0.4	0.16	0.03	0.15	0.01	0.5	0.28	0.4	0.4	0.18	0.12	0.04	0.13	0.33	0.4	0.4	0.07	0.04	0.07	0.05	0.9
0.58	0.33	0.34	0.36	0.59	0.42	0.22	0.35	0.72	2.3	0.22	7.28	0.35	0.34	0.49	0.2	0.79	1.6	0.08	0.49	0.33	0.25	0.96	0.5	0.57	0.32	0.41	0.41	0.51	0.71	0.41	0.18	0.34	0.22	1.42	0.33	0.41	0.42	0.22	0.42	0.37	0.43	0.43	0.93	0.43	0.43	0.35	0.68	0.53	0.3	0.35	0.43	0.35	0.47	0.54	0.44	0.34	0.34	0.44	0.22	0.65	0.58	0.35	0.4	2.31	0.14	0.5	0.23	0.38	0.36	0.37	0.23	1.41	0.91	0.61	0.23	0.42	0.16	0.61	0.91	0.35	0.42	0.35	0.27	1.02	0.62	0.42	0.42	0.23	0.43	0.23	0.43	0.94	0	0.73	0.43	0.52	0.34	0.28
0.14	0.05	0.1	0	0.49	0.46	0.2	0.05	0.05	1.07	0.57	6.85	0.07	0.08	0.4	0.23	0.03	0.43	0.29	0.06	0.09	0.65	0.22	0.16	0.26	0.08	0.02	0.07	0.13	0.08	0.53	0.19	0.05	0.45	0.41	0.45	0.05	0.35	0.45	0.25	0.44	0.31	0.04	0.16	0.17	0.96	0.29	0.05	0.46	0.46	0.43	0.47	0.34	0.19	0.47	0.15	0.05	0.04	0.18	0.13	0.57	0.99	0.02	0.48	0.17	0.34	0.03	0.15	0.06	0.4	0.06	0.49	0.15	0.31	0.07	0.17	0.25	0.2	0.36	0.41	0.07	0.5	0.08	0.87	0.5	0.45	0.21	0.4	0.14	0.41	0.17	0.57	0.51	0.51	0	0.05	0.41	0.05	0.22
0.5	0.57	0.09	1.07	0.58	0.23	0.11	0.03	0.02	0.83	0.13	1.49	0.04	0.04	0.39	0.22	0.08	0.26	0.22	0.02	0.06	0.49	0.49	0.15	0.14	0	0.7	0.37	0.1	0.49	0.1	0.18	0.27	1.4	0.9	0.4	4.32	0.96	0.13	0.41	0.02	0.12	0.9	0.12	0.31	0.14	0.36	0.41	0.34	0.1	0.15	0.46	0.24	0.42	0.05	0.11	0.02	0.02	0.82	0.42	0.03	0.75	0.03	0.42	0.35	0.16	0.04	0.43	0.06	0.03	0.43	0.31	0.73	0.28	0.03	0.43	0.22	0.54	0.44	0.04	0.04	0.44	0.05	0.2	0.64	0.11	0.45	0.54	0.1	0.03	0.15	0.45	0.04	0.32	0.17	0	0.05	0.05	0.46
0.15	0.44	0.1	0.01	0.46	0.45	0.41	0.45	0.05	1.02	0.45	5.08	0.07	0.46	0.46	0.23	0.04	0.21	0.28	0.46	0.47	0.47	0.57	0.17	0.17	0.18	0.02	0.07	0.47	0.08	0.14	0.2	0.05	0.41	0.07	0.48	0.36	0.04	0.35	0.48	0.05	0.13	0.49	0.17	0.52	0.15	0.48	0.05	0.48	0.48	0.05	0.27	0.04	0.2	0.07	0.14	0.05	0.04	0.17	0.48	0.37	0.51	0.19	0.23	0.79	0.19	0.04	0.16	0.03	0.06	0.05	0.16	0.16	0.48	0.21	0.14	0.24	0.55	0.36	0.07	0.06	0.48	0.07	0.48	0.4	0.14	0.4	0.19	0.15	0.18	0.38	0.48	0.48	0.79	0	0.43	0.01	0.22	0.58
0.46	0.02	0.1	0.96	0.48	0.23	0.14	0.03	0.47	1	0.13	5.97	0.04	0.04	0.36	0.27	0.04	0.47	0.22	0.11	0.06	0.48	0.55	0.15	0.39	0	0.07	0.34	0.12	0.05	0.68	0.15	0.03	0.13	0.16	0.21	0.02	0.99	0.1	0.99	0.49	0.49	0.01	0.12	0.55	0.42	0.21	0.03	0.49	0.12	0.03	0.99	0.01	0.19	0.05	0.6	0.5	0.01	0.5	0.12	0.4	0.5	0.03	0.21	0.23	0.4	0.04	0.12	0.05	0.04	0.4	0.48	0.14	0.57	0.1	0.12	0.51	0.72	0.31	0.04	0.04	0.51	0.05	0.21	0.27	0.41	0.51	0.16	0.12	0.41	0.31	0.39	0.05	0.34	0.41	0.02	0.04	0	0.19
0.23	0.2	0.43	0.22	0.64	0.32	0.54	0.2	0.28	1.37	0.22	0.29	0.27	0.52	0.24	0.47	0.53	0.47	0.04	0.18	0.78	0.48	0.41	0.22	0.47	0.58	0.2	0.22	0.42	0.28	0.48	0.17	0.49	0.49	0.76	1.39	0.58	0.25	0.23	0.24	0.49	0.23	0.19	0.4	1.73	0.23	0.73	1.41	0.3	0.41	0.18	0.2	0.51	0.26	0.42	0.42	0.2	0.2	0.43	0.92	28.6	0.6	0.53	0.43	0.64	0.22	0.54	0.95	0.22	0.55	0.45	0.22	1.05	0.09	0.36	0.24	0.46	0.86	0.96	1.16	0.46	0.2	0.28	0.96	0.4	0.24	0.15	0.46	0.23	0.2	0.47	0.09	0.27	0.66	0.46	0.19	0.97	0.19	0.01
