0	0.11	0.52	0.15	0.41	0.3	0	0.19	0.1	0.15	0.01	6.21	0.12	0.39	0.25	0.46	0.15	0.76	0.56	0.12	0.46	0.03	0.08	0.15	0.03	0.46	0.14	0.16	0.17	0.13	0.02	0.04	0.97	0.02	0.19	0.19	0.11	0.46	0.01	0.1	0.47	0.04	0.14	0.03	0.03	0.39	0.15	0.13	0.35	0.02	0.12	0.31	0.11	0.05	0.12	0.02	0.13	0.35	0.47	0.22	0.47	1.08	0.14	0.58	0.03	0.07	0.47	0	0.35	0.13	0.13	0.04	0.21	0.48	0.11	0.05	0.34	0.06	0.48	0.21	0.13	0.03	0.48	0.81	0.21	0.2	0.08	0.04	0.02	0.11	0.02	0.25	0.12	0.23	0.17	0.13	0.43	0.49	0.6
0.14	0	0.23	0.04	0.39	0.48	0.12	0.02	0.02	0.02	0.11	1.42	0.16	0.41	0.41	0.2	0.41	0.19	0.22	0.18	0.41	0.14	0.19	0.14	0.4	0	0.28	0.42	0.1	0.05	0.1	0.16	0.02	0.13	0.04	0.42	0.02	0.42	0.1	0.42	0.02	0.16	0.01	0.16	0.73	0.13	0.25	0.06	0.35	0.09	0.53	0.53	0.01	0.17	0.06	0.12	0.02	0.08	0.44	0.12	0.02	0.31	0.03	0.44	0.15	0.18	0.04	0.45	0.05	0.03	0.03	0.15	0.45	0.38	0.31	0.45	0.21	0.46	0.65	0.45	0.04	0.15	0.05	0.45	0.45	0.46	0.21	0.16	0.1	0.02	0.47	0.46	0.04	0.98	0.04	0.09	0.04	0.02	0.19
0.15	0.1	0	0.46	0.16	0.36	0.15	0.11	0.07	1.16	0.15	6.43	0.41	0.08	0.49	0.36	0.11	0.42	0.29	0.41	0.11	0.17	0.22	0.2	0.19	0.29	0.1	0.17	0.16	0.1	0.5	0.92	0.41	0.16	0.09	0.47	0.41	0.08	0.5	0.19	0.09	0.15	0.42	0.15	0.17	0.17	0.31	0.42	0.36	0.14	0.92	0.42	0.42	0.23	0.1	0.15	0.42	0.24	3.96	0.14	0.09	0.2	0.1	0.42	0.19	0.52	0.11	0.52	0.11	0.11	0.08	0.17	0.17	0.3	0.42	0.17	0.2	0.22	0.33	0.32	0.42	0.42	0.11	0.21	0.26	0.19	0.21	0.43	0.16	0.09	0.17	0.52	0.42	1.03	0.1	0.09	0.1	0.1	0.42
0.14	0.05	0.1	0	0.17	0.22	0.16	0.05	0.1	0.05	0.16	1.53	0.43	0.08	0.93	0.3	0.94	0.54	0.29	0.05	0.44	0.45	0.22	0.44	0.55	0.55	0.02	0.95	0.31	0.08	0.96	0.19	0.21	0.46	0.11	0.22	0.05	0.4	0.13	0.23	0.57	0.47	0.04	0.17	0.18	0.98	0.56	0.06	0.35	0.48	0.05	0.23	0.04	0.22	0.08	0.13	0.11	0.21	0.49	0.13	0.07	0.6	0.02	0.23	1	0.19	0.04	0.49	0.04	0.06	0.4	0.18	0.4	0.5	0.25	0.91	0.61	0.3	0.41	0.28	0.07	0.41	0.08	0.42	0.41	0.16	0.52	0.42	0.13	0.05	0.49	0.92	0.07	0.53	0	0.05	0.63	0.05	0.44
0.06	0.24	0.17	0.38	0	0.52	0.18	0.13	0.12	0.13	0.02	3.29	0.13	0.12	0.28	0.45	0.45	0.24	0.22	0.45	0.16	0.37	0.47	0.01	0.01	0.13	0.48	0.16	0.18	0.16	0.1	0.1	0.14	0.5	0.13	0.16	0.4	0.45	0.04	0.09	0.15	0.09	0.41	0.09	0.02	0	0.42	0.15	0.41	0.04	0.52	0.18	0.43	0.07	0.13	0.02	0.13	0.14	0.45	0.1	0.45	1.35	0.14	0.15	0.24	0.22	0.15	0.02	0.17	0.14	0.14	0.02	0	0.18	0.12	0.47	0.47	0.04	0.24	0.17	0.13	0.09	0.13	0.49	0.15	0.1	0.06	0.09	0.5	0.13	0.27	0.18	0.15	0.95	0.49	0.23	0.45	0.13	0.61
0.3	0.28	0.36	0.52	0.29	0	0.3	0.24	0.24	0.35	0.31	0.64	0.26	0.47	0.12	0.46	0.22	0.11	0.11	0.24	0.32	0.3	0.47	0.3	0.47	0.24	0.2	0.45	0.47	0.27	0.47	0.25	0.26	0.29	0.29	0.47	0.47	0.57	0.29	0.32	0.34	0.3	0.6	0.33	0.64	0.29	0.43	0.24	0.37	0.67	0.31	0.51	0.47	0.34	0.57	0.47	0.24	0.23	0.25	0.32	0.47	0.57	0.2	0.42	0.47	0.22	0.55	0.31	0.22	0.62	0.24	0.98	0.47	0.11	0.39	0.67	0.32	0.52	0.19	0.26	0.25	0.47	0.57	0.23	0.48	0.31	0.47	0.27	0.48	0.24	0.3	0.48	0.26	0.15	0.22	0.48	0.27	0.48	0.16
0.06	0.53	0.15	0.15	0.02	0.57	0	0.22	0.13	0.49	0.04	12.3	0.12	0.11	0.25	0.45	0.14	0.45	0.23	0.11	0.12	0.04	0.08	0.03	0.03	0.1	0.13	0.16	0.45	0.12	0.02	0.11	0.45	0.08	0.11	0.18	0.11	0.11	0.01	0.1	0.13	0.03	0.11	0.03	0.03	0.02	0.15	0.51	0.46	0.02	0.1	0.08	0.11	0.05	0.13	0.01	0.35	0.46	0.04	0.23	0.12	0.02	0.47	0.15	0.03	0.07	0.47	0.37	0.68	0.13	0.11	0.41	0.02	0.18	0.97	0.04	0.11	0.06	0.39	0.12	1.67	0.04	0.12	0.07	0.67	0.14	0.47	0.04	0.02	0.11	0.02	0.59	0.48	0.23	0.15	0.13	0.48	0.24	0.48
0.27	0.4	0.3	0.05	0.13	0.24	0.14	0	0.02	0	0.49	1.48	0.05	0.03	0.62	0.21	0.05	0.56	0.29	0.62	0.42	0.15	0.21	0.14	0.42	0.03	0.03	0.02	0.43	0.06	0.12	0.45	0.42	0.4	0.05	0.19	0.03	0.16	0.25	0.21	0.43	0.11	0.02	0.42	0.51	0.25	0.22	0.45	0.96	0.45	0.34	0.46	0.02	0.16	0.06	0.11	0	0.03	0.17	0.11	0.04	0.35	0.03	0.22	0.77	0.16	0.05	0.15	0.05	0.01	0.04	0.37	0.14	0.47	0.06	0.49	0.23	0.19	0.68	0.05	0.28	0.17	0.1	0.49	0.28	0.13	0.19	0.17	0.48	0.03	0.14	0.94	0.44	0.48	0.1	0.02	0.32	0.03	0.45
0.1	0.02	0.4	0.05	0.11	0.24	0.1	0.02	0	0.05	0.12	3.71	0.08	0.01	0.35	0.19	0.05	0.19	0.35	0.02	0.06	0.49	0.18	0.12	0.12	0.01	0.03	0.04	0.26	0.05	0.3	0.55	0.03	0.13	0.06	0.17	0.13	0.15	0.1	0.21	0.05	0.1	0.02	0.13	0.41	0.11	0.71	0.33	0.72	0.18	0.02	0.21	0.42	0.46	0.42	0.1	0.02	0.72	0.31	0.16	0.02	0.47	0.03	0.73	0.14	0.17	0.05	0.43	0.05	0.03	0.03	0.14	0.44	0.26	0.02	0.12	0.28	0.47	0.73	0.25	0.02	0.14	0.94	0.17	0.43	0.12	0.44	0.16	0.09	0.44	0.13	0.44	0.03	0.32	0.24	0.18	0.4	0.03	0.22
0.12	0.02	0.1	0.22	0.13	0.37	0.12	1.5	0.29	0	0.48	9.17	0.05	0.03	0.36	0.47	0.05	0.21	0.3	0.37	0.05	0.16	1.18	0.14	0.48	0.08	0.03	0.02	0.1	0.06	0.11	0.59	0.03	0.13	0.87	0.23	0.19	0.9	0.49	0.21	0.03	0.13	0.03	0.17	0.35	0.13	0.21	0.01	0.4	0.11	0.04	0.7	0.4	0.17	0.06	0.5	0.38	0.03	0.37	0.13	0.03	0.13	0.03	0.22	0.3	0.18	0.42	0.12	0.05	0.02	0.13	0.16	0.42	0.3	0.03	0.13	0.24	0.53	0.32	0.43	0.05	0.15	0.41	0.2	0.29	0.46	0.23	0.18	0.12	0.03	0.15	0.94	0.44	0.34	0.05	0.02	0.54	0.04	0.2
0.01	0.12	0.15	0.48	0.02	0.31	0.01	0.12	0.48	1.35	0	8.22	0.12	0.11	0.63	0.1	0.43	0.29	0.23	0.13	0.12	0.03	0.16	0.42	0.03	0.11	0.25	0.14	0.54	0.13	0.01	0.43	0.15	0.02	0.11	0.08	0.11	0.12	0.01	0.03	0.43	0.02	0.43	0.03	0.5	0.02	0.15	0.43	0.22	0.02	0.32	0.07	0.13	0.07	0.44	0.02	0.44	0.26	0.03	0.02	0.12	0.09	0.13	0.44	0.03	0.44	0.15	0.01	0.44	0.15	0.14	0.43	0.54	0.94	0.18	0.03	0.4	0.06	0.21	0.21	0.12	0.02	0.35	0.12	0.21	0.03	0.64	0.06	0.02	0.4	0.03	0.43	0.44	0.22	0.16	0.14	0.15	0.13	0.54
2.96	1.16	0.97	1.07	0.49	1.25	1.85	1.69	3.69	0.33	2	0	5.07	8.5	0.65	3.66	4.1	0.27	2.08	12.5	0.49	2.94	4.54	0.4	5.82	1.94	4.35	0.61	1.9	3.63	1.73	0.44	1.55	0.89	0.84	0.14	2.77	6.55	1.74	0.22	14.1	0.22	0.95	2.96	1.7	1.31	6.31	0.35	1.15	1.56	6.22	1.04	0.32	1.6	11.5	0.21	0.45	11.3	2.22	0.24	14	0.49	1.6	3.35	4.1	0.17	13.8	0.21	0.76	1.57	11.9	1.66	3.89	1.86	4.25	0.48	0.62	0.15	0.03	0.31	0.48	0.24	0.59	1.23	13	0.43	1.11	2.34	7.87	0.43	13.3	0.95	7.69	6.12	0.34	0.6	1.21	6.4	1.49
0.12	0.04	0.1	0.36	0.13	0.44	0.12	0.05	0.03	0.07	0.11	1.84	0	0.05	0.34	0.2	0.45	0.45	0.49	0.03	0.1	0.15	0.2	0.14	0.14	0.05	0.45	0.07	0.12	0.8	0.11	0.23	0.37	0.45	0.44	0.18	0.06	0.22	0.11	0.45	0.04	1.25	0.05	0.11	0.14	0.66	0.22	0.46	0.33	0.18	0.03	0.2	0.03	0.17	0.01	0.3	0.05	0.04	1.16	0.12	0.04	0.22	0.06	0.47	0.14	0.17	0.07	0.37	0.07	0.47	0.3	0.14	0.17	0.27	0.41	0.13	0.15	0.17	1.02	0	0.03	0.14	0.01	0.79	0.28	0.12	0.47	0.17	0.34	0.04	0.48	0.29	0	0.35	0.07	0.04	0.07	0.04	0.27
0.12	0.46	0.13	0.08	0.11	0.56	0.13	0.03	0.01	0.1	0.12	3.96	0.05	0	0.36	0.42	0.39	0.21	0.34	0.04	0.06	0.13	1.13	0.12	0.13	0.01	0.03	0.43	0.63	0.23	0.12	0.52	0.03	0.35	0.38	0.17	0.64	0.04	0.13	0.44	0.04	0.64	0.04	0.15	0.16	0.11	0.23	0.44	0.34	0.1	0.53	0.19	0.06	0.18	0.7	0.11	0.03	0.44	0.14	0.1	0.01	0.61	0.13	0.23	0.45	0.15	0.04	0.1	0.19	0.14	0.05	0.45	0.46	0.29	0.41	0.14	0.21	1.45	0.55	0.05	0.03	0.95	0.29	0.45	0.65	0.13	0.19	0.14	0.12	0.34	0.13	1.56	0.26	0.34	0.3	0.04	0.08	0.32	0.25
0.62	0.52	0.37	0.92	0.44	0.48	0.42	0.38	0.42	0.41	0.25	3.8	0.45	0.35	0	0.37	0.95	0.16	0.46	0.36	0.37	0.48	0.29	0.46	0.25	0.67	0.39	0.4	0.4	0.35	0.22	0.18	0.38	0.27	0.59	0.18	0.37	0.37	0.51	0.64	0.37	0.22	0.49	0.54	0.5	0.31	1.28	0.53	0.06	0.47	0.37	0.18	0.37	0.25	0.35	0.36	0.47	0.39	0.18	0.23	0.37	0.5	0.5	0.48	0.19	0.17	0.38	0.25	0.39	0.41	0.48	0.25	0.43	0.22	0.37	0.49	0.27	2.19	0.04	0.34	0.69	0.57	0.49	0.18	0.49	0.48	0.18	0.22	0.23	0.69	0.49	0.22	0.35	0.36	0.39	0.99	0.49	0.36	0.25
0.46	0.21	0.22	0.46	0.13	0.46	0.34	0.21	0.19	0.47	0.39	10.2	0.2	0.2	0.26	0	0.48	0.48	2.27	0.48	0.2	0.07	0.02	0.48	0.18	0.19	0.59	0.23	0.29	0.58	0.07	0.12	0.21	0.12	0.48	0.02	0.22	1.3	0.09	0.11	0.4	0.06	0.24	0.4	0.48	0.13	0.4	0.4	0.19	0.13	0.21	0.03	0.22	0.11	0.41	0.1	0.41	0.21	0.4	0.41	0.2	0.2	0.24	0.21	0.4	0.01	0.24	0.32	0.41	0.23	0.62	0.09	0.12	0.13	0.2	0.28	0.11	0.93	0.43	0.21	0.21	0.04	0.21	0.94	0.27	0.08	0.03	0.17	0.07	0.31	0.09	0.14	0.55	0.45	0.55	0.23	0.23	0.45	0.25
0.28	0.3	0.11	0.04	0.15	0.49	0.49	0.07	0.05	0.4	0.16	1.08	0.07	0.05	0.76	0.47	0	0.41	0.31	0.05	0.08	0.72	0.42	0.18	0.18	0.1	0.02	0.07	0.42	0.08	0.14	0.36	0.42	0.15	0.06	0.21	0.05	0.42	0.14	0.37	0.05	0.15	0.04	0.16	0.19	0.39	0.44	0.35	0.84	0.31	0.05	0.22	0.04	0.18	0.44	0.15	0.05	0.04	0.18	0.44	0.2	0.13	0.02	0.24	0.44	0.18	0.03	0.23	0.03	0.06	0.06	0.45	0.15	0.55	0.05	0.15	0.25	0.21	0.46	0.41	0.07	0.2	0.09	0.6	0.29	0.15	0.22	0.18	0.91	0.05	0.16	0.34	0.07	0.52	0.03	0.43	0.42	0.29	0.53
0.25	0.56	0.5	0.41	0.23	0.11	0.61	0.22	0.19	0.2	0.25	4.01	0.9	0.4	0.16	0.2	0.22	0.91	0.04	0.18	0.5	0.4	0.47	0.24	0.25	0.5	0.2	0.22	0.37	0.21	0.35	0.41	0.5	0.23	1.55	0.18	0.48	0.31	0.55	0.56	0.19	0.92	0.42	0.27	0.26	0.71	0.36	0.21	0.32	0.24	1.09	0.22	0.42	0.27	0.21	0.52	0.6	0.6	0.24	0.26	0.2	0.26	0.21	0.43	0.53	0.42	0.54	0.44	0.22	0.21	0.19	0.54	0.75	0.09	0.45	0.27	0.45	0.5	0.96	0.46	0.21	0.25	0.21	0.47	0.42	0.34	0.18	0.22	0.47	0.57	0.57	0.41	0.2	0.06	0.6	0.19	0.39	0.19	0.01
0.22	0.55	0.35	0.29	0.47	0.11	0.23	0.31	0.43	0.29	0.22	3.44	0.33	0.36	0.32	0.16	0.93	0.43	0	0.23	0.37	0.55	0.33	0.23	0.47	0.73	0.28	0.31	1.44	0.53	0.23	0.53	0.63	0.21	0.34	0.17	0.23	0.53	0.24	0.24	0.61	0.22	0.22	0.25	0.58	0.28	0.35	0.3	0.32	0.53	0.49	0.17	0.25	0.23	0.38	0.41	0.31	0.26	0.2	0.55	0.34	0.61	0.28	0.35	0.2	0.43	0.29	0.44	0.31	0.3	0.24	0.23	0.59	0.05	0.33	0.23	0.23	0.18	0.26	0.34	0.34	0.2	0.45	0.16	0.46	0.25	0.17	0.21	0.28	0.35	0.24	0.25	0.69	0.05	0.29	0.21	0.28	0.49	0.27
0.12	0.02	0.42	0.05	0.14	0.37	0.42	0.33	0.02	0.4	0.12	5.35	0.03	0.04	0.4	0.22	0.13	0.18	0.23	0.4	0.4	0.16	0.19	0.5	0.15	0.36	0.03	0.05	0.43	0.04	0.27	0.17	0.04	0.49	0.04	0.36	0.01	0.01	0.46	0.22	0.02	0.12	0.02	0.14	0.16	0.14	0.19	0.49	0.34	0.08	0.01	0.19	0.01	0.2	0.04	0.1	0.32	0.02	0.49	0.1	0.14	0.49	0.03	0.19	0.16	0.15	0.05	0.12	0.32	0.04	0.01	0.5	0.14	0.26	0.45	0.1	0.22	0.49	0.5	0.03	0.04	0.5	0.04	0.5	0.25	0.12	0.99	1.3	0.09	0.03	0.15	0.33	0.03	0.35	0.12	0.35	0.04	0.34	0.49
0.11	0.07	0.45	0.1	0.16	0.3	0.45	0.42	0.06	0.05	0.12	2.65	0.08	0.15	0.46	0.46	0.12	0.46	0.37	0.16	0	0.17	0.56	0.22	0.35	0.09	0.46	0.06	0.28	0.1	0.13	0.32	0.38	0.47	0.01	0.18	0.06	0.06	0.12	0.18	0.44	0.47	0.06	0.12	0.47	0.16	0.42	0.42	0.77	0.13	0.39	0.2	0.05	0.47	0.4	0.13	0.75	0.06	0.15	0.13	0.07	0.46	0.06	0.58	0.41	0.48	0.08	0.12	0.39	0.06	0.2	0.15	0.16	0.52	0.06	0.79	0.18	0.19	0.49	0.08	0.06	0.31	0.48	0.59	0.23	0.59	0.18	0.28	0.99	0.16	0.23	0.69	0.49	0.33	0.23	0.06	0.49	0.06	0.75
0.03	0.17	0.47	0.18	0.16	0.3	0.03	0.37	0.48	0.47	0.03	13.8	0.15	0.47	0.97	0.07	0.42	0.25	0.21	0.16	0.42	0	0.47	0.42	0.04	0.42	0.15	0.18	0.39	0.42	0.17	0.2	0.15	0.43	0.61	0.07	0.16	0.52	0.04	0.03	0.16	0.02	0.43	0.07	0.05	0.09	0.16	0.18	0.43	0.03	0.15	0.07	0.17	0.43	0.43	0.68	0.42	0.45	0.43	0.64	0.22	0.05	0.44	0.16	0.03	1.06	0.18	0.27	0.54	0.16	0.17	0.05	0.98	0.2	0.14	0.03	0.03	0.06	0.22	0.43	0.15	0.02	0.21	0.43	0.22	0.04	0.43	0.08	0.44	0.15	0.35	0.74	0.15	0.23	0.4	0.15	0.54	0.15	0.58
0.19	0.41	0.19	0.41	0.14	0.51	0.33	0.2	0.18	0.29	0.07	0.92	0.2	0.7	0.4	0.02	0.23	0.61	0.41	0.21	0.31	0.41	0	0.09	0.09	0.18	0.2	0.41	1.12	0.62	0.08	0.52	0.28	0.35	0.17	0.04	0.2	0.19	0.09	0.09	0.72	0.08	0.19	0.83	0.1	0.43	0.21	0.43	0.43	0.05	0.73	0.01	0.43	0.12	0.21	0.54	0.84	0.44	0.05	0.17	0.2	1.64	0.22	0.21	0.05	0.03	0.21	0.18	0.22	0.55	0.21	0.09	0.13	0.14	0.19	0.45	0.46	0.46	0.16	0.25	0.22	0.2	0.96	0.04	0.27	0.09	0.04	0.61	0.14	0.19	0.09	0.47	0.47	0.18	0.22	0.47	0.23	0.55	0.61
0.36	0.16	0.2	0.16	0.01	0.46	0.03	0.17	0.46	0.14	0.03	10.4	0.13	0.44	0.25	0.47	0.29	0.25	0.23	0.15	0.47	0.04	0.42	0	0.1	0.47	0.16	0.19	0.22	0.15	0.03	0.05	0.14	0.25	0.14	0.09	0.4	0.49	0.03	0.09	0.16	0.04	0.48	0.05	0.01	0.01	0.48	0.48	0.21	0.06	0.3	0.14	0.49	0.06	0.14	0.09	0.15	0.15	0.05	0.04	0.14	0.5	0.5	0.15	0.04	0.07	0.5	0.4	0.16	0.16	0.17	0.01	0.24	0.41	0.13	0.05	0.09	0.41	0.19	0.14	0.4	0.62	0.29	0.41	0.15	0.05	0.09	0.04	0.04	0.16	0.01	0.18	0.42	0.55	0.16	0.15	0.65	0.52	0.31
0.03	0.14	0.19	0.17	0.02	0.48	0.03	0.17	0.16	0.15	0.49	6.93	0.14	0.49	0.35	0.22	0.18	0.5	0.23	0.37	0.6	0.41	0.52	0.11	0	0.35	0.15	0.4	0.2	0.15	0.04	0.4	0.15	0.16	0.14	0.07	0.14	0.64	0.03	0.09	0.41	0.04	0.91	0.41	0.03	0.01	0.42	0.15	0.22	0.46	0.15	0.09	0.42	0.23	0.14	0.03	0.15	0.14	2.99	0.04	0.16	0.04	0.26	0.43	0.04	0.07	0.16	0.2	0.18	0.15	0.16	0.28	0.43	0.19	0.53	0.05	0.44	0.44	0.44	0.28	0.29	0.44	0.14	0.44	0.5	0.05	0.07	0.04	0.04	0.13	0.02	0.18	0.14	0.39	0.53	0.15	0.43	0.26	0.44
0.1	0	0.06	0.08	0.14	0.53	0.12	0.03	0.01	0.03	0.11	10.8	0.44	0.01	0.36	0.21	0.05	0.4	0.34	0.04	0.07	0.44	0.18	0.14	0.13	0	0.04	0.05	0.44	0.06	0.11	0.45	0.03	0.13	0.18	0.2	0.03	0.11	0.45	0.22	0.04	0.14	0.29	0.13	0.13	0.13	0.95	0.03	0.35	0.15	0.29	1.05	0.03	0.15	0.06	0.1	0.03	0.03	0.3	0.1	0.02	0.45	0.04	0.22	0.46	0.16	0.05	0.1	0.17	0.04	0.05	0.14	0.46	0.28	0.02	0.14	0.19	0.41	0.49	0.05	0.03	0.14	0.45	0.47	0.47	0.47	0.19	0.16	0.12	0.02	0.13	0.3	0.05	0.98	0.48	0	0.07	0	0.49
0.22	0.23	0.1	0.02	0.4	0.4	0.4	0.04	0.03	0.4	0.16	1.29	0.06	0.03	0.37	0.51	0.02	0.41	0.3	0.41	0.06	0.51	0.22	0.39	0.15	0.04	0	0.17	0.45	0.42	0.13	0.18	0.04	0.14	0.05	0.42	0.03	0.03	0.11	0.22	0.42	0.52	0.03	0.55	0.29	0.14	0.43	0.34	0.34	0.1	0.38	0.43	0.02	0.17	0.46	0.53	0.43	0.43	0.16	0.15	0.04	0.3	0	0.22	0.16	0.17	0.03	0.43	0.03	0.05	0.43	0.44	0.46	0.47	0.04	0.44	0.22	0.37	0.32	0.43	0.44	0.19	0.07	0.19	0.28	0.14	0.22	0.56	0.13	0.04	0.16	0.31	0.06	0.35	0.02	0.04	0.02	0.03	0.21
0.2	0.28	0.46	0.07	0.15	0.26	0.46	0.02	0.04	0.12	0.66	10.2	0.07	0.05	0.4	0.49	0.07	0.6	0.4	0.4	0.08	0.31	0.75	0.42	0.19	0.05	0.05	0	0.13	0.26	0.14	0.43	0.02	0.18	0.92	0.21	0.05	0.51	0.14	0.24	0.21	0.16	0.41	0.41	0.47	0.18	0.39	0.19	0.72	0.13	0.22	0.21	0.04	0.91	0.08	0.15	0.41	0.05	0.19	0.14	0.05	1.11	0.05	0.24	0.17	0.22	0.07	0.42	0.07	0.17	0.06	0.17	0.15	0.42	0.36	0.15	0.61	0.19	0.49	0.07	0.06	0.18	0.08	0.52	0.61	0.52	0.22	0.17	0.13	0.05	0.42	0.53	0.19	1.09	0.07	0.25	0.43	0.35	0.22
0.17	0.49	0.15	0.13	0.18	0.49	0.23	0.11	0.09	0.1	0.17	8.28	0.13	0.44	0.39	0.25	0.49	0.37	0.54	0.1	0.44	0.45	0.24	0.54	0.43	0.08	0.11	0.12	0	0.87	0.17	0.53	0.1	0.22	0.39	0.63	0.09	0.09	0.17	0.43	0.53	0.16	0.11	0.17	0.19	0.28	0.33	0.1	0.38	0.16	0.1	0.44	0.44	0.21	0.32	0.44	0.1	0.11	4.69	0.17	0.11	0.95	0.11	0.32	0.31	0.24	0.12	0.41	0.25	0.94	0.11	0.19	0.18	0.94	0.1	0.18	0.23	0.44	0.44	0.13	0.44	0.42	0.13	0.25	0.58	0.45	0.27	0.22	0.18	0.44	0.2	0.42	0.13	0.39	0.34	0.26	0.13	0.12	1.06
0.12	0.05	0.1	0.29	0.14	0.27	0.96	0.06	0.04	0.08	0.23	2.31	0.05	0.4	0.35	0.21	0.08	0.4	0.34	0.04	0.91	0.41	0.46	0.14	0.51	0.71	0.33	0.91	0.13	0	0.12	0.42	0.06	0.13	0.09	0.42	0.03	0.04	0.12	0.16	0.23	0.31	0.05	0.12	0.43	0.46	0.43	0.07	0.33	0.95	0.04	0.22	0.04	0.18	0	0.51	0.06	0.05	0.16	0.13	0.44	0.15	0.18	0.41	0.15	0.45	0.15	0.12	0.09	0.07	0.05	0.81	0.14	0.29	0.04	0.95	0.45	0.19	0.32	2.37	0.04	0.96	0	0.19	0.29	0.97	0.47	0.47	0.13	0.29	0.22	0.47	0.01	0.71	0.14	0.05	0.41	0.68	0.28
0.02	0.11	0.14	0.72	0.1	0.85	0.02	0.12	0.45	0.12	0.01	0.98	0.36	0.24	0.97	0.47	0.14	0.27	0.22	0.2	0.67	0.04	0.08	0.23	0.04	0.47	0.13	0.45	0.47	0.12	0	0.13	0.12	0.09	0.38	0.08	0.47	0.1	0.17	0.04	0.1	0.03	0.11	0.01	0.17	0.09	0.71	0.4	0.22	0.01	0.19	0.08	0.09	0.08	0.12	0.01	0.11	0.11	0.04	0	0.09	0.16	0.13	0.15	0.04	0.07	0.13	0.1	0.13	0.12	0.26	0.49	0.09	0.7	0.09	0.03	0.04	0.14	0.22	0.4	0.49	0.04	0.12	0.08	0.53	0.03	0.08	0.07	0	0.09	0.03	0.3	0.4	0.23	0.13	0.43	0.14	0.4	0.45
0.16	0.95	0.58	0.19	0.1	0.25	0.04	0.18	0.23	0.46	0.43	7.28	0.15	0.14	0.18	0.03	0.42	0.21	0.19	0.15	0.17	0.04	0.43	0.27	0.05	0.15	0.43	0.43	0.23	0.94	0.43	0	0.17	0.43	0.15	0.31	0.16	0.64	0.24	0.04	0.16	0.44	0.54	0.07	0.19	0.45	0.17	0.27	0.58	0.05	0.18	0.4	0.44	0.07	0.16	0.16	0.45	0.45	0	0.05	0.45	0.64	0.16	0.56	0.15	0.07	0.19	0.04	0.47	0.56	0.47	0.16	0.1	0.13	1.18	0.08	0.04	0.15	0.17	0.15	0.98	0.05	0.3	0.03	0.48	0.48	0.03	0.09	0.04	0.49	0.05	0.31	0.16	0.18	0.4	0.3	0.17	0.41	1.98
0.66	0.31	0.43	0.45	0.15	0.24	0.36	0.37	0.03	0.74	0.15	4	0.05	0.03	0.6	1.1	0.05	0.31	0.51	0.03	0.06	0.15	0.2	0.16	0.16	0.03	0.04	0.02	0.4	0.17	0.69	0.28	0	0.13	0.05	0.5	0.03	0.37	0.11	0.21	0.17	0.12	0.36	0.15	0.51	0.16	0.22	0.41	0.41	0.11	0.04	0.71	0.26	0.19	0.06	0.13	0.41	0.03	0.17	0.13	0.04	0.47	0.04	0.41	0.16	0.16	0.05	0.14	0.45	0.01	0.41	0.42	0.16	0.53	0.07	0.12	0.23	0.51	0.32	0.05	0.05	0.36	0.06	0.61	1.01	0.81	0.41	0.16	0.11	0.03	0.34	0.32	0.05	0.72	0.05	0.03	0.43	0.03	0.52
0.02	0.52	0.16	0.17	0.37	0.29	0.87	0.13	0.11	0.16	0.02	4.26	0.12	0.34	0.27	0.13	0.75	0.44	0.48	0.15	0.14	0.44	0.44	0.01	0.02	0.11	0.44	0.18	0.2	0.41	0.44	0.09	0.13	0	0.12	0.1	0.44	0.44	0.02	0.09	0.14	0.13	0.3	0.04	0.01	0	0.13	0.16	0.44	0.02	0.12	0.13	0.12	0.07	0.44	0.02	0.14	0.14	3.39	0.06	0.12	1.15	0.14	0.13	0.06	0.06	0.16	0.02	0.15	0.33	0.15	0.01	0.04	0.45	0.13	0.09	0.09	0.04	0.23	0.46	0.13	0.31	0.13	0.91	0.19	0.09	0.47	0.03	0.32	0.12	0.03	0.46	0.47	0.21	0.15	0.13	0.47	0.8	0.38
0.14	0.39	0.26	0.08	0.13	0.47	0.1	0.45	0.09	0.98	0.47	4.77	0.07	0.04	0.35	0.19	0.06	0.46	0.34	0.19	0.01	0.56	0.17	0.14	0.42	0.04	0.86	0.05	0.12	0.13	0.11	0.16	0.05	0.12	0	0.17	0.04	0.04	0.46	0.16	0.04	0.13	0.03	0.13	0.45	0.14	0.26	0.45	0.33	0.45	0.04	0.45	0.03	0.52	0.08	0.13	0.05	0.11	0.14	0.26	0.05	0.53	0.45	0.26	0.54	0.19	0.45	0.11	0.06	0.06	0.04	0.46	0.21	0.29	0.05	0.55	0.17	0.18	0.95	0.13	0.45	0.15	0.08	0.18	0.33	0.22	0.17	0.15	0.44	0.06	0.15	0.61	0.07	0.32	0.44	0.44	0.07	0.05	1.04
0.18	0.2	0.21	0.53	0.43	0.23	0.07	0.37	0.53	1.73	0.08	1.71	0.18	0.18	0.18	0.02	0.49	0.51	0.25	0.18	0.18	0.08	0.04	0.09	0.07	0.59	0.49	0.22	0.25	0.56	0.08	0.03	0.59	0.19	0.57	0.01	0.41	0.2	0.08	0.09	0.22	0.09	0.49	0.1	0.69	0.06	0.19	0.21	0.54	0.07	0.59	0.24	0.49	0.1	0.19	0.08	0.42	0.43	0.03	0.09	0.18	0.49	0.19	0.22	0.05	0.01	0.49	0.07	0.24	0.49	0.34	0.3	0.06	0.35	0.18	0.1	0.49	0.01	0.31	0.24	0.2	0.5	0.42	0.1	0.25	0.37	0.01	0.04	0.08	0.19	0.08	0.16	0.18	0.15	0.5	0.7	0.23	0.2	0.18
0.11	0.02	0.45	0.05	0.57	0.23	0.67	0.28	0.02	0.26	0.12	10.2	0.02	0.42	0.35	0.42	0.05	0.18	0.23	0.12	0.05	0.44	0.59	0.13	0.25	0.03	0.42	0.05	0.09	0.03	0.09	0.93	0.42	0.2	0.04	0.38	0	0.42	0.09	0.2	0.02	0.1	0.42	0.12	0.39	0.13	0.42	0.04	0.65	0.09	0.11	0.17	0.01	0.42	0.15	0.09	0.15	0.02	0.41	0.08	0.02	0.26	0.04	0.41	0.15	0.14	0.42	0.11	0.43	0.04	0.02	0.13	0.12	0.41	0.07	0.1	0.59	0.16	0.31	3.32	0.03	0.15	0.03	0.19	0.61	0.11	0.19	0.14	0.08	0.02	0.15	0.42	0.03	0.63	0.43	0.02	0.42	0.02	0.29
0.9	0.4	0.08	0.04	0.5	0.5	0.13	0.04	0.02	0.43	0.43	3.99	0.03	0.04	0.48	0.48	0.99	0.48	0.23	0.01	0.06	0.17	0.5	0.13	0.15	0.49	0.17	0.91	0.09	0.41	0.41	0.15	0.41	0.41	0.04	0.92	0.1	0.41	0.5	0.41	0.35	0.4	0.41	0.41	0.14	0.92	0.42	0.42	0.92	0.42	0.01	0.92	0.01	0.14	0.92	0.42	0.03	0.01	0.62	0.1	0.03	0.92	0.42	0.19	0.16	0.42	0.43	0.1	0.05	0.42	0.42	0.43	0.14	0.42	0.07	0.93	0.43	0.18	0.43	0.09	0.93	0.17	0.43	0.44	0.94	0.1	0.5	1.04	0.09	0.02	0.45	0.55	0.03	0.36	0.45	0.02	0.04	0.02	0.18
0.01	0.1	0.14	0.44	0.04	0.63	0.08	0.11	0.1	0.5	0.01	0.25	0.1	0.44	0.54	0.09	0.14	0.44	0.23	0.09	0.12	0.2	0.09	0.04	0.22	0.12	0.5	0.14	0.54	0.11	0.01	0.05	0.11	0.27	0.51	0.45	0.45	0.08	0	0.05	0.1	0.03	0.11	0	0.06	0.02	0.15	0.98	0.59	0.01	0.89	0.09	0.09	0.45	0.28	0	0.11	0.1	0.05	0.01	0.09	0.52	0.14	0.45	0.04	0.07	0.12	0.01	0.46	0.12	0.46	0.04	0.02	0.47	0.09	0.12	0.05	0.36	0.55	0.32	0.12	0.32	0.12	0.1	0.17	0.33	0.08	0.05	0.11	0.48	0.17	0.78	0.11	0.46	0.49	0.11	0.16	0.11	0.7
0.1	0.2	0.54	0.46	0.09	0.32	0.46	0.42	0.21	0.23	0.08	0.57	0.51	0.19	0.42	0.11	0.26	0.27	0.24	0.22	0.42	0.19	0.06	0.09	0.43	0.37	0.44	0.23	1.01	0.16	0.04	0.04	0.21	0.09	0.16	0.09	0.21	0.23	0.05	0	0.23	0.03	0.21	0.2	0.1	0.09	0.23	0.48	0.24	0.32	0.41	0.05	0.48	0.06	0.16	0.88	0.22	0.69	0.04	0.4	0.54	0.3	0.91	0.42	0.01	0.05	0.24	0.1	0.23	0.43	0.4	0.1	0.15	0.2	0.61	0.04	0	0.08	0.22	0.46	0.23	0	0.46	0.09	0.23	0.03	0.12	0.06	0.04	0.35	0.09	0.55	0.22	0.48	0.25	0.21	0.58	0.59	0.49
0.15	0.7	0.09	0.7	0.5	1	0.12	0.27	0.03	0.03	0.14	2.58	0.22	0.04	0.37	0.44	0.44	0.24	0.26	0.45	0.24	0.16	0.45	0.14	0.45	0.31	0.03	0.2	0.12	0.3	0.1	0.45	0.03	0.13	0.04	0.46	0.02	0.28	0.45	0.45	0	0.11	0.45	0.14	0.42	0.61	0.33	0.26	0.33	0.42	0.45	0.18	0.95	0.16	0.08	0.11	0.08	0.38	0.17	0.46	0.04	0.46	0.03	0.21	0.15	0.16	0.04	0.14	0.05	0.04	0.03	0.46	0.13	0.27	0.03	0.11	0.21	0.18	0.46	0.04	0.05	0.46	0.05	0.2	0.26	0.51	0.21	0.46	0.12	0.03	0.46	0.32	0.05	0.65	0.16	0.09	0.05	0.01	0.47
0.03	0.67	0.15	0.14	0.09	0.58	0.04	0.12	0.42	0.72	0.08	7.87	0.11	0.12	0.22	0.43	0.4	0.26	0.22	0.11	0.16	0.02	0.08	0.4	0.04	0.27	0.12	0.66	0.16	0.47	0.31	0.16	0.13	0.41	0.13	0.29	0.11	0.42	0.03	0.03	0.12	0.01	0.11	0.34	0.11	0.08	0.2	0.12	0.23	0.01	0.44	0.08	0.1	0.06	0.42	0.04	0.14	0.11	0.31	0.04	0.44	0.04	0.12	0.18	0.02	0.08	0.45	0.03	0.15	0.12	0.36	0.04	0.08	0.43	0.12	0.01	0.03	0.45	0.21	0.2	0.12	0.02	0.23	0.37	0.2	0.46	0.09	0.08	0.03	0.1	0.04	0.96	0.13	0.22	0.14	0.46	0.15	0.13	0.25
0.12	0.01	0.09	0.91	0.14	0.47	0.13	0.03	0.02	0.43	0.12	1.31	0.37	0.23	0.36	0.22	0.08	0.53	0.43	0.02	0.06	0.14	0.43	0.5	0.43	0.03	0.03	0.04	0.31	0.05	0.43	0.17	0.31	0.14	0.03	0.21	0.02	0.02	0.11	0.35	0.01	0.12	0	0.44	0.15	0.14	0.2	0.03	0.33	0.1	0.03	0.2	0	0.17	0.44	0.1	0.31	0.01	0.15	0.44	0.04	0.43	0.03	0.59	0.2	0.17	0.04	0.12	0.19	0.03	0.03	0.14	0.14	0.44	0.35	0.12	0.37	0.53	0.31	3.5	0.04	0.44	0.05	0.21	0.26	0.12	0.19	0.18	0.44	0.15	0.13	0.3	0.04	0.33	0.51	0.34	0.05	0.23	0.2
0.03	0.15	0.14	0.46	0.04	0.33	0.03	0.99	0.14	0.16	0.04	1.22	0.49	0.47	0.28	0.12	0.47	0.27	0.25	0.14	0.77	0.06	0.35	0.05	0.35	0.14	0.16	0.54	0.17	0.11	0.01	0.07	0.17	0.06	0.12	0.16	0.11	0.48	0	0.12	0.14	0.48	0.13	0	0.32	0.08	0.41	0.48	0.24	0.02	0.11	0.18	0.48	0.06	0.3	0.02	0.16	0.4	7.12	0.01	0.49	0.49	0.49	0.17	0.06	0.07	0.32	0.03	0.17	0.18	0.12	0.05	0.04	0.19	0.12	0.04	0.13	0.1	0.23	0.49	0.16	0.24	0.11	0.37	0.42	0.49	0.1	0.07	0.01	0.13	0.05	0.22	0.11	0.8	0.15	0.13	0.14	0.14	0.25
0.03	0.4	0.18	0.41	0.02	1.01	0.9	0.15	0.14	1.12	0.42	1.84	0.14	0.47	0.47	0.47	0.19	0.67	0.98	0.47	0.16	0.05	0.47	0.01	0.12	0.14	0.15	0.48	0.47	0.47	0.47	0.39	0.47	0.01	0.14	0.47	0.13	0.21	0.03	0.25	0.97	0.04	0.47	0.06	0.01	0.39	0.97	0.47	0.48	0.04	0.13	0.09	0.48	0.07	0.98	0.04	0.48	0.16	0.06	0.04	0.13	0.04	0.49	0.15	2.19	0.07	0.18	0.03	1.19	0.17	0.49	0	0.02	0.19	0.99	0.05	0.49	0.59	0.49	0.49	0.16	0.04	0.55	0.26	0.49	0.05	0.09	0.04	0.04	0.49	0.01	1	0.46	0.98	0.48	0.22	0.48	0.48	0.48
0.04	0.13	0.46	0.15	0	0.46	0.02	0.17	0.2	0.16	0.4	8.99	0.12	0.15	0.27	0.46	0.25	0.23	0.22	0.55	0.16	0.45	0.13	0.01	0.01	0.13	0.14	0.16	0.2	0.14	0.1	0.45	0.15	0	0.14	0.46	0.15	0.35	0.02	0.09	0.45	0.45	0.14	0.05	0.55	0	0.75	0.46	0.55	0.03	0.55	0.45	0.14	0.45	0.13	0.02	0.27	0.14	0.34	0.1	0.45	0.17	0.55	0.13	0.09	0.06	0.15	0.02	0.17	0.14	0.15	0.02	0.04	0.18	0.12	0.45	0.27	0.05	0.45	0.13	0.45	0.08	0.45	0.06	0.45	0.09	0.06	0.96	0.09	0.45	0.01	0.95	0.45	0.65	0.17	0.45	0.75	0.65	0.63
0.16	0.21	0.61	0.52	0.47	0.42	0.15	0.47	0.21	0.47	0.15	2.89	0.22	0.39	0.37	0.48	0.23	0.48	0.35	0.19	0.48	0.48	0.21	0.15	0.14	0.98	0.22	0.54	0.48	0.26	0.15	0.49	0.22	0.13	0.5	0.19	0.59	0.19	0.49	0.23	0.49	0.49	0.53	0.79	0.14	0.49	0	0.22	0.33	0.18	0.21	0.21	0.19	0.4	0.22	0.15	0.21	0.2	3.23	0.4	0.21	0.18	0.22	0.02	0.41	0.51	0.41	0.15	0.55	0.23	0.41	0.14	0.41	0.36	0.41	0.21	0.43	0.17	0.31	0.22	0.41	0.21	0.51	0.2	0.2	0.22	0.51	0.42	0.16	0.41	0.62	0.42	0.39	0.35	0.23	0.42	0.42	0.45	0.47
0.13	0.02	0.09	0.06	0.14	0.24	0.12	0.03	0.42	0.18	0.47	2.22	0.05	0.04	0.42	0.52	0.06	1.45	0.31	0.53	0.45	0.18	0.52	0.43	0.43	0.94	0.43	0.03	0.1	0.06	0.44	0.18	0.01	0.94	0.05	0.21	0.04	0.09	0.45	0.23	0.08	0.48	0.65	0.45	0.17	0.52	0.22	0	0.46	0.12	0.04	0.46	0.03	0.18	0.06	0.14	0.01	0.03	0.47	0.4	0.04	0.24	0.04	0.22	0.17	0.16	0.05	0.15	0.06	0.07	0.05	0.5	0.16	0.49	0.04	0.14	0.46	0.2	1	0.06	0.05	0.16	0.06	0.24	0.4	0.13	0.2	0.16	0.4	0.03	0.71	0.43	0.06	0.5	0.41	0.16	0.41	0.42	0.5
0.22	0.84	0.4	0.35	0.54	0.36	0.22	0.34	0.69	0.73	0.22	6.21	0.35	0.35	0.06	0.56	0.49	0.35	0.34	0.99	0.6	0.24	0.21	0.49	0.24	0.49	0.39	0.73	0.9	1	0.5	0.19	0.36	0.5	0.95	0.4	0.34	0.49	0.25	0.49	0.74	0.23	0.48	0.25	0.22	0.2	0.4	0.34	0	0.5	0.49	0.5	0.32	0.5	0.33	0.5	0.74	0.36	0.17	0.23	0.9	0.96	0.7	0.91	0.4	0.15	0.35	0.22	0.51	0.34	1.15	0.21	0.35	0.4	0.32	0.25	0.23	0.16	1	0.33	0.43	0.19	0.4	0.38	0.6	0.6	0.15	0.18	0.4	0.9	0.4	0.64	0.33	0.41	0.38	0.33	0.68	0.9	0.79
0.47	0.09	0.14	0.25	0.05	0.29	0.02	0.48	0.18	0.36	0.02	1.68	0.18	0.09	0.48	0.26	0.43	0.24	0.32	0.08	0.13	0.03	0.05	0.04	0.04	0.39	0.1	0.49	0.16	0.19	0.01	1.6	0.5	0.02	0.67	0.07	0.27	0.08	0.41	0.39	0.41	0.01	0.1	0.05	0.39	0.06	0.47	0.12	0.51	0	0.41	0.07	0.09	0.04	0.19	0.01	0.37	0.09	0.05	0.01	0.47	0.3	0.1	0.18	0.04	0.08	0.11	0.02	0.13	0.12	0.29	0.42	0.1	0.56	0.1	0.43	0.04	0.08	0.21	0.53	0.12	0.43	0.19	0.07	0.43	0.01	0.08	0.09	0	0.39	0.04	0.19	1.14	0.53	0.13	0.37	0.19	0.44	2.01
0.1	0.05	0.12	0.05	0.46	0.67	0.56	0.04	0.02	0.03	0.11	5.04	0.42	0.14	0.41	0.23	0.43	0.21	0.82	0.01	0.3	0.16	0.41	0.92	0.42	0.51	0.11	0.51	0.1	0.04	0.48	0.25	0.04	0.14	0.12	0.22	0.01	0.02	0.45	0.29	0.94	0.14	0.06	0.64	0.42	0.84	0.43	0.43	0.63	0.94	0.43	0.42	0.18	0.18	0.03	0.1	0.16	0.02	0.21	0.48	0.02	0.97	0.04	0.47	0.14	0.45	0.45	0.12	0.05	0.45	0.22	0.92	0.13	0.63	0.02	0.41	0.2	0.61	0.41	0.91	0.04	0.4	0.91	0.5	0.26	0.48	0.19	0.97	0.09	0.46	0.46	0.47	0.04	0.49	0.43	0.02	0.05	0.42	0.18
0.47	0.19	0.23	0.21	0.11	0.25	0.08	0.2	0.2	0.19	0.07	1.97	0.2	0.81	0.18	0.8	0.21	0.22	0.17	0.42	0.2	0.15	0.01	0.42	0.09	0.16	0.24	0.42	0.23	0.59	0.08	0.04	0.53	0.45	0.49	0.04	0.17	0.43	0.09	0.05	0.2	0.08	0.2	0.1	0.14	0.13	0.44	0.21	0.48	0.07	0.27	0	0.19	0.45	0.21	0.09	0.19	0.17	0.04	0.09	0.18	0.4	0.45	0.2	0.45	0.31	0.25	0.08	0.45	0.21	0.27	0.09	0.35	0.14	0.46	0.09	0.05	0.05	0.96	0.46	0.21	0.04	0.22	0.04	0.27	0.46	0.04	0.08	0.08	0.46	0.08	0.15	0.56	0.18	0.23	0.19	0.22	0.2	0.19
0.24	0.15	0.09	0.44	0.53	0.23	1.34	0.02	0.02	0.02	0.14	3.68	0.03	0.03	0.37	0.88	0.04	0.18	0.25	0.01	0.05	0.15	0.19	0.13	0.13	0.03	0.02	0.26	0.09	0.05	0.12	0.49	0.33	0.14	0.03	0.21	0.01	0.39	0.32	0.22	0.01	0.11	0	0.4	0.27	0.12	0.23	0.15	0.32	0.09	0.6	0.17	0	0.4	0.04	0.7	0.02	0	4.57	0.11	0.03	0.2	0.02	0.2	0.5	0.15	0.03	0.12	0.04	0.41	0.18	0.47	0.14	0.27	0.02	0.17	0.2	0.18	0.55	0.26	0.04	0.15	0.07	0.51	0.25	0.12	0.24	0.5	0.11	0.02	0.18	0.31	0.26	0.48	0.39	0.01	0.3	0.41	0.35
0.05	0.4	0.23	0.48	0.08	0.59	0.37	0.16	0.16	0.15	0.05	5.49	0.4	0.22	0.24	0.1	0.55	0.29	0.23	0.43	0.17	0.06	0.11	0.05	0.07	0.16	0.16	0.56	0.53	0.17	0.06	0.09	0.22	0.45	0.17	0.46	0.4	0.2	0.07	0.45	0.43	0.06	0.35	0.07	0.3	0.1	0.19	0.18	0.24	0.04	0.48	0.1	0.16	0	0.46	0.27	0.2	0.16	0.07	0.08	0.16	0.49	0.36	0.17	0.06	0.3	0.38	0.08	0.19	0.17	0.17	0.07	0.14	0.22	0.43	0.06	0.06	0.07	0.24	0.16	0.16	0.08	0.19	0.44	0.21	0.07	0.25	0.09	0.07	0.16	0.42	0.48	0.95	0.44	0.21	0.53	0.33	0.17	0.27
0.52	0.05	0.11	0.33	0.47	0.48	0.48	0.06	0.04	0.05	0.12	10.2	0.01	0.06	0.35	0.21	0.08	0.61	0.34	0.33	0.21	0.52	0.37	0.52	0.24	0.05	0.42	0.08	0.13	0	0.12	0.16	0.63	0.13	0.42	0.19	0.03	0.04	0.11	0.16	0.05	0.12	0.2	0.12	0.44	0.15	0.29	0.13	0.46	0.44	0.29	0.7	0.04	0.16	0	0.12	0.44	0.05	0.16	0.12	0.04	0.44	0.06	0.64	1.04	0.18	0.08	0.44	0.08	0.42	0.44	0.44	0.13	0.44	0.04	0.13	0.15	0.18	0.44	0.01	0.03	0.44	0	0.18	0.28	0.44	0.31	0.48	0.12	0.44	0.14	0.71	0.38	0.34	0.44	0.05	0.08	0.05	0.84
0.22	0.12	0.47	0.14	0.34	0.35	0.11	0.12	0.13	0.16	0.02	1.99	0.11	0.26	0.48	0.1	0.42	0.48	0.24	0.1	0.13	0.05	0.09	0.03	0.03	0.44	0.13	0.14	0.17	0.49	0.57	0.15	0.49	0.18	0.64	0.08	0.08	0.23	0.4	0.05	0.5	0.04	0.4	0.39	0.04	0.02	0.41	0.13	0.22	0.16	0.17	0.41	0.12	0.06	0.42	0	0.12	0.11	0.05	0.01	0.92	0.74	0.46	0.15	0.04	0.07	0.13	0.02	0.52	0.48	0.43	0.4	0.09	0.18	0.1	0.04	0.05	1.58	0.21	0.12	0.12	0.45	0.5	0.08	0.52	0.07	0.45	0.07	0.01	0.09	0.3	0.42	0.11	0.39	0.45	0.25	0.66	0.1	0.24
0.13	0.72	0.1	0.49	0.14	0.24	0.13	0	0.25	0	0.14	0.87	0.05	0.03	0.39	0.21	0.05	0.46	0.29	0.03	0.05	0.15	0.2	0.14	0.46	0.03	0.03	0.76	0.1	0.06	0.96	0.18	0.01	0.46	0.05	0.47	0.27	0.22	0.12	0.23	0.03	0.47	0.02	0.14	0.8	0.14	0.47	0.01	0.47	0.11	0.04	0.26	0.02	0.16	0.06	0.5	0	0.03	0.2	0.47	0.03	0.24	0.47	0.46	0.48	0.16	0.68	0.12	0.05	0.14	0.04	0.38	0.68	0.6	0.13	0.14	0.21	0.79	0.32	0.11	0.05	0.32	0.06	0.45	0.49	0.12	0.22	0.16	0.12	0.03	0.14	0.31	0.05	0.49	0.05	0.14	0.05	0.13	0.5
0.4	0.27	0.34	0.13	0.14	0.41	0.11	0.03	0.03	0.35	0.49	1.68	0.27	0.04	0.38	0.21	0.04	0.49	0.26	0.43	0.49	0.44	0.46	0.15	0.14	0.03	0.45	0.05	0.09	0.34	0.47	0.17	0.03	0.13	0.04	0.36	0.13	0.82	0.16	0.42	0.01	0.11	0.02	0.13	0.16	0.96	0.42	0.03	0.52	0.27	0.02	0.17	2.02	0.16	0.05	1.02	0.03	0	0.17	0.1	0.42	0.45	0.03	0.5	0.33	0.16	0.57	0.11	0.05	0.04	0.02	0.43	0.43	0.4	0.77	0.11	0.73	0.25	0.71	0.04	0.04	0.14	0.44	0.37	0.26	0.13	0.2	0.17	0.46	0.03	0.14	0.53	0.4	0.74	0.04	0.25	0.04	0.25	1.44
0.4	0.53	0.23	1.81	0.9	0.25	0.04	0.16	0.81	0.15	0.03	0.7	0.15	0.15	0.41	0.03	0.41	0.21	0.59	0.17	0.15	0.04	0.05	0.05	0.42	0.52	0.16	0.18	0.42	0.17	0.04	0.32	0.42	0.48	0.15	0.03	0.43	0.16	0.05	0.04	0.43	0.25	0.37	0.43	0.06	0.1	0.17	0.16	0.17	0.05	0.25	0.03	0.16	0.08	0.17	0.05	0.44	0.98	0	0.05	0.4	0.45	0.16	0.17	0.03	0.02	0.17	0.75	0.95	0.45	0.16	0.05	0.09	0.45	0.15	0.09	0.04	0.76	0.25	0.15	0.45	0.03	0.56	0.03	0.46	0.08	0.03	0.09	0.04	0.51	0.05	0.14	0.16	0.46	0.56	0.97	0.47	0.15	1.09
0.02	0.11	0.27	0.51	0.11	0.32	0.02	0.13	0.1	0.46	0.02	4.85	0.12	0.1	0.42	0.08	0.15	0.26	0.23	0.43	0.13	0.04	0.09	0.04	0.04	0.11	0.45	0.15	0.31	0.46	0.01	0.23	0.12	0.06	0.12	0.09	0.09	0.09	0.05	0.04	0.1	0.04	0.13	0.01	0.41	0.1	0.41	0.42	0.5	0.01	0.1	0.09	0.44	0.1	0.12	0.01	0.13	0.1	0.28	0.01	0.11	0.56	0.14	0.16	0.04	0.47	0.13	0.28	0.14	0.12	0.11	0.04	0.1	0.19	0.09	0.04	0.04	0.07	0.4	0.46	0.12	0.04	0.4	0.41	0.22	0.35	0.09	0.08	0.33	0.11	0.04	0.93	0.36	0.57	0.13	0.32	0.44	0.11	0.64
0.51	0.02	0.09	0.21	0.12	0.24	0.1	0.03	0.02	0.03	0.12	10.6	0.04	0.01	0.46	0.21	0.06	0.2	0.34	0.03	0.35	0.15	0.53	0.13	0.13	0.02	0.18	0.05	0.11	0.67	0.12	0.16	0.21	0.24	0.05	0.18	0.02	0.02	0.1	0.2	0.22	0.1	0.03	0.37	0.51	0.5	0.21	0.04	0.4	0.1	0.15	0.18	0.03	0.15	0.04	0.4	0.03	0.03	0.4	0.1	0	0.4	0.04	0.21	0.14	0.16	0.05	0.11	0.06	0.04	0.24	0.17	0.24	0.66	0.01	0.43	0.52	0.16	0.3	0.04	0.43	0.15	0.04	0.19	0.27	0.11	0.19	0.53	0.1	0.34	0.12	0.29	0.27	0.47	0.4	0.03	0.35	0.03	0.44
0.02	0.96	0.47	0.97	0.03	0.46	0.95	0.11	0.95	0.11	0.02	5.24	0.5	0.98	0.46	0.51	0.96	0.66	0.45	0.46	0.13	0.45	0.45	0.04	0.06	0.97	0.45	0.95	0.95	0.45	0.96	0.94	0.46	0.02	0.42	0.44	0.44	0.84	0	0.54	0.49	0.43	0.43	0	0.25	0.46	0.39	0.43	0.42	0.61	0.93	0.21	0.12	0.45	0.42	0	0.42	0.49	0.42	0.42	0.1	0.92	0.41	0.41	0.41	0.08	0.5	0.41	0.15	0.5	1.49	0.04	0.03	0.49	0.99	0.04	0.05	0.07	0.97	0.97	0.47	0.04	0.47	0.97	0.39	0.04	0.46	0.46	0.01	0.96	0.03	1.36	0.45	0.45	0.37	0.45	0.45	0.45	1.03
0.43	0.03	0.1	0.27	0.15	0.41	0.63	0.05	0.18	0.03	0.14	1.46	0.06	0.04	0.76	0.41	0.49	0.2	2.94	0.03	0.06	0.18	0.2	0.15	0.18	0.47	0.02	0.06	0.11	0.07	0.47	0.16	0.43	0.16	0.05	0.59	0.03	0.03	0.13	0.23	0.04	0.19	0.03	0.24	0.15	0.49	0.22	0.04	0.35	0.4	0.04	0.33	0.02	0.16	0.06	0.12	0.03	0.03	0.42	0.39	0.04	0.2	0	0.49	0.28	0.26	0.02	0.14	0.03	0.04	0.04	0.45	0.14	0.3	0.04	0.15	0.22	0.49	0.65	0.23	0.05	0.49	0.37	0.22	0.45	0.32	0.21	0.16	0.13	0.5	0.45	0.32	0.66	0.78	0.02	0.03	0.4	0.03	0.2
0.15	0.21	0.47	0.49	0.13	0.43	0.15	0.48	0.44	0.22	0.15	1.86	0.22	0.23	0.37	0.43	0.58	0.36	0.35	0.19	0.28	0.44	0.21	0.16	0.14	0.22	0.22	0.24	0.33	0.94	0.44	0.17	0.22	0.16	0.24	0.19	0.19	0.54	0.26	0.21	0.64	0.2	0.21	0.18	0.44	0.12	0.01	0.23	0.33	0.15	0.21	0.21	0.2	0.2	0.58	0.15	0.45	0.2	0.55	0.17	0.53	0.16	0.45	0	0.18	0.2	0.27	0.15	0.29	0.23	0.2	0.14	0.13	0.52	0.41	0.22	0.21	1.36	0.31	0.22	0.47	0.23	0.28	0.54	0.07	0.28	0.2	0.18	0.41	0.21	0.46	0.4	0.22	0.56	0.23	0.31	0.23	0.21	0.34
0.04	0.14	0.41	0.91	0.41	0.39	0.03	0.15	0.14	0.16	0.03	1.44	0.15	0.43	0.19	0.04	0.18	0.23	0.44	0.44	0.35	0.03	0.05	0.39	0.04	0.13	0.15	0.94	0.18	0.16	0.04	0.04	0.16	0.06	0.15	0.94	0.15	0.16	0.04	0.32	0.16	0.02	0.45	0.45	0.05	0.09	0.45	0.47	0.2	0.04	0.55	0.22	0.46	0.06	0.15	0.04	0.17	0.16	4.35	0.04	0.76	0.23	0.15	0.46	0	0.36	0.19	0.04	0.46	0.56	0.15	0.05	0.46	0.19	0.46	0.04	0.01	0.05	0.52	0.15	0.14	0	0.15	0.05	0.97	0.04	0.06	0.06	0.39	0.47	0.04	0.26	0.15	0.34	0.47	0.16	0.47	0.16	0.47
0.07	0.17	0.38	0.19	0.07	0.22	0.07	0.62	0.18	0.47	0.06	4.87	0.18	0.15	0.16	0.03	0.18	0.18	0.17	0.15	0.19	0.43	0.37	0.38	0.07	0.15	0.43	0.53	0.4	0.43	0.53	0.06	0.16	0.06	0.18	0.01	0.14	0.3	0.07	0.05	0.16	0.44	0.17	0.17	0.23	0.44	0.2	0.16	0.84	0.36	0.14	0.1	0.15	0.4	0.44	0.07	0.49	0.16	0.03	0.44	0.54	0.45	0.17	0.48	0.07	0	0.44	0.08	0.19	0.54	0.44	0.46	0.14	0.12	0.52	0.09	0.18	0.02	0.29	0.17	0.19	0.44	0.4	0.16	0.16	0.07	0.2	0.44	0.08	0.43	0.07	0.12	0.18	0.18	0.19	0.4	0.54	0.51	0.29
0.48	0.04	0.12	0.04	0.16	0.21	0.16	0.05	0.04	0.33	0.14	5.05	0.12	0.04	0.51	0.45	0.03	0.54	0.31	0.05	0.08	0.55	0.29	0.17	0.17	0.05	0.02	0.07	0.12	0.44	0.15	0.45	0.44	0.15	0.06	0.21	0.15	0.56	0.54	0.26	0.04	0.44	0.04	0.2	0.18	0.39	0.23	0.33	0.77	0.11	0.05	0.21	0.03	0.21	0.07	0.15	0.44	0.04	0.44	0.13	0.05	0.14	0.02	0.23	0.19	0.18	0	0.44	0.01	0.22	0.05	0.54	0.44	0.3	0.05	0.15	0.3	0.41	0.32	0.08	0.44	0.32	0.28	0.2	0.29	0.54	0.22	0.2	0.13	0.05	0.44	0.56	0.13	0.74	0.03	0.05	0.29	0.04	0.45
0	0.14	0.15	0.15	0.02	0.3	0	0.14	0.12	0.43	0.01	2.35	0.11	0.24	0.25	0.13	0.14	0.64	0.22	0.12	0.38	0.04	0.45	0.03	0.04	0.45	0.55	0.15	0.45	0.13	0.02	0.43	0.38	0.02	0.11	0.46	0.1	0.33	0.01	0.42	0.13	0.03	0.11	0.13	0.03	0.02	0.21	0.34	0.25	0.03	0.5	1.77	0.11	0.07	0.12	0.02	0.36	0.47	0.04	0.02	0.12	0.77	0.47	0.15	0.04	0.07	0.15	0	0.48	0.48	0.13	0.03	0.06	0.52	0.12	0.04	0.1	0.19	0.5	0.5	0.14	0.03	0.4	0.26	0.6	0.03	0.08	0.05	0.02	0.4	0.61	0.19	0.29	0.41	0.14	0.14	0.46	0.14	0.41
0.16	0.05	0.12	0.04	0.45	0.22	0.14	0.05	0.05	0.42	0.15	8.09	0.07	0.05	0.42	0.96	0.03	0.39	0.97	0.05	0.09	0.18	0.47	0.18	0.57	0.05	0.03	0.13	0.35	0.08	0.48	0.48	0.06	0.15	0.12	0.22	0.05	0.21	0.14	0.49	1	0.14	0.04	0.17	0.17	0.17	0.4	0.06	0.54	0.15	0.07	0.4	0.04	0.51	0.41	0.14	0.05	0.05	0.19	0.15	0.25	1.42	0.92	0.23	0.17	0.22	0.01	0.14	0	0.43	0.06	0.4	0.15	0.29	0.46	0.18	0.43	0.47	0.33	0.07	1.44	0.37	0.08	0.22	0.7	0.16	0.23	0.2	0.13	0.34	0.17	0.56	0.17	0.96	0.04	0.56	0.03	0.05	1.47
0.14	0.46	0.11	0.86	0.17	0.46	0.14	0.02	0.03	0.02	0.46	4.98	0.18	0.04	0.39	0.23	0.06	0.21	0.3	0.59	0.06	0.17	0.21	0.65	0.26	0.04	0.04	0.02	0.12	0.07	0.13	0.18	0.06	0.15	0.14	0.21	0.04	0.45	2	0.25	0.05	0.14	0.04	0.15	0.49	0.15	0.22	0.03	0.5	0.2	0.05	0.21	0.03	0.17	0.1	0.13	0.02	0.04	0.54	0.12	0.3	0.14	0.04	0.41	0.18	0.17	0.41	0.32	0.22	0	0.12	0.46	0.14	0.51	0.12	0.13	0.24	0.55	0.33	0.06	0.05	0.42	0.06	0.22	0.29	0.14	0.42	0.32	0.12	0.03	0.52	0.42	0.13	0.44	0.06	0.08	0.3	0.03	0.42
0.19	0.19	0.11	0.06	0.46	0.24	0.11	0.04	0.03	0.41	0.14	1.7	0.07	0.05	0.38	0.35	0.05	0.41	0.24	0.01	0.06	0.17	0.2	0.15	0.16	0.05	0.04	0.06	0.92	0.05	0.1	0.26	0.31	0.42	0.27	0.22	0.02	0.01	0.1	0.24	0.1	0.42	0.42	0.22	0.22	0.15	0.2	0.42	0.35	0.09	0.02	0.21	0.02	0.18	0.42	0.1	0.04	0.02	0.31	0.42	0.04	0.16	0.04	0.72	0.54	0.15	0.05	0.12	0.06	0.05	0	0.42	0.15	0.61	0.03	0.17	0.23	0.9	0.42	0.05	0.05	0.16	0.05	0.92	0.26	0.11	0.6	0.53	0.1	0.42	0.14	0.65	0.2	0.34	0.33	0.03	0.05	0.42	0.19
0.03	0.13	0.17	0.19	0.02	0.3	0.03	0.14	0.13	0.16	0.03	5.26	0.96	0.14	0.46	0.09	0.16	0.25	0.23	0.25	0.47	0.05	0.48	0.41	0.04	0.14	0.15	0.56	0.19	0.25	0.04	0.05	0.17	0.38	0.15	0.09	0.48	0.14	0.98	0.48	0.16	0.04	0.49	0.59	0.49	0.05	0.14	0.49	0.24	0.41	0.15	0.5	0.26	0.06	0.14	0.4	0.46	0.16	0.05	0.4	0.13	0.39	0.15	0.14	0.04	0.36	0.16	0.1	0.21	0.16	0.15	0	0.01	0.19	0.41	0.29	0.09	0.41	0.51	0.14	0.16	0.04	0.17	0.28	0.41	0.05	0.09	0.04	0.42	0.13	0.01	1.22	0.14	0.43	0.16	0.43	0.19	0.14	0.93
0.02	0.13	0.59	1.19	0.01	0.29	0.41	0.46	0.49	0.49	0.02	6.51	0.42	0.29	0.3	0.12	0.16	0.23	0.42	0.53	0.18	0.09	0.13	0.02	0.43	0.14	0.17	0.16	0.43	0.22	0.09	0.38	0.21	0	0.14	0.43	0.13	0.75	0.02	0.09	0.73	0.09	0.13	0.43	0.52	0.25	0.23	0.42	0.22	0.03	0.41	0.13	0.92	0.1	0.72	0.02	0.14	0.16	0.09	0.43	0.46	1.34	0.14	0.43	0.43	0.06	0.15	0.44	0.43	0.15	0.44	0.01	0	0.44	0.28	0.09	0.44	0.04	0.23	0.44	0.13	0.09	0.13	0.44	0.28	0.15	0.44	0.09	0.09	0.44	0.01	0.26	0.12	0.37	0.15	0.44	0.43	0.44	1.84
0.36	0.3	0.45	0.55	0.18	0.45	0.18	0.39	0.43	0.3	0.45	0.83	0.27	0.4	0.22	0.51	0.32	0.09	0.36	0.46	0.34	0.2	0.45	0.19	0.19	0.46	0.29	0.46	0.58	0.58	0.18	0.33	0.28	0.18	0.29	0.35	0.29	0.57	0.18	0.23	0.67	0.18	0.26	0.47	0.5	0.19	0.67	0.55	0.28	0.47	0.37	0.14	0.26	0.88	0.78	0.48	0.68	0.26	0.13	0.19	0.51	0.33	0.68	0.38	0.27	0.12	0.58	0.18	0.48	0.31	0.32	0.19	0.18	0	0.25	0.19	0.49	0.39	0.22	0.51	0.28	0.18	0.9	0.1	0.65	0.19	0.1	0.15	0.4	0.6	0.19	0	0.28	0.86	0.31	0.28	0.32	0.28	0.47
0.12	0.02	0.07	0.4	0.12	0.24	0.48	0.03	0.02	0.03	0.11	0.31	0.03	0.02	0.69	0.21	0.25	0.34	0.34	0.02	0.06	0.14	0.2	0.13	0.15	0.02	0.49	0.99	0.1	0.04	0.09	0.16	0.04	0.5	0.05	0.18	0.01	0.4	0.1	0.23	0.4	0.4	0.03	0.12	0.14	0.39	0.21	0.04	0.35	0.1	0.11	0.18	0.41	0.16	0.41	0.51	0.21	0.41	0.14	0.1	0.91	0.09	0.04	0.41	0.14	0.16	0.05	0.15	0.42	0.04	0.03	0.13	0.42	0.58	0	0.12	0.23	0.51	0.52	0.03	0.04	0.19	0.22	0.18	0.43	0.11	0.18	0.17	0.36	0.02	0.13	0.37	0.03	0.65	0.06	0.03	0.06	0.03	0.19
0.79	0.13	0.19	0.17	0.09	0.31	0.41	0.13	0.91	0.41	0.26	2.25	0.45	0.14	0.23	0.08	0.16	0.28	0.23	0.11	0.67	0.04	0.09	0.05	0.05	0.12	0.16	0.14	0.24	0.14	0.03	0.25	0.14	0.1	0.18	0.11	0.12	0.12	0.04	0.4	0.13	0.01	0.12	0.27	0.05	0.1	0.22	0.17	0.25	0.34	0.43	0.09	0.1	0.08	0.28	0.04	0.14	0.12	0.09	0.03	0.11	1.05	0.13	0.46	0.45	0.09	0.17	0.04	0.15	0.13	0.13	0.05	0.1	0.19	0.48	0	0.04	0.39	0.23	0.52	0.49	0.36	0.14	0.1	0.28	0	0.1	0.09	0.03	0.11	0.05	0.44	0.41	0.53	0.15	0.11	0.16	0.11	0.24
0.45	0.22	0.2	0.25	0.09	0.32	0.1	0.21	0.43	0.22	0.03	1.5	0.2	0.19	0.27	0.11	0.47	0.58	0.24	0.58	0.18	0.03	0.06	0.41	0.09	0.21	0.22	0.71	0.41	0.51	0.31	0.04	0.21	0.09	0.17	0.09	0.48	0.5	0.05	0	0.23	0.03	0.22	0.12	0.1	0.09	0.23	0.23	0.43	0.46	0.66	0.05	0.22	0.24	0.16	0.05	0.21	0.3	0.04	0.47	0.57	0.89	0.41	0.24	0.01	0.43	0.24	0.1	0.25	0.24	0.22	0.41	0.4	0.2	0.2	0.04	0	0.26	0.5	0.15	0.47	0	0.16	0.46	0.41	0.03	0.42	0.44	0.04	0.2	0.09	0.21	0.16	0.22	0.45	0.22	0.55	0.45	0.24
0.91	0.27	0.41	0.2	0.4	0.4	0.06	0.18	0.4	0.57	0.06	0.63	0.46	0.66	0.18	0.03	0.46	0.19	0.18	0.95	0.19	2.15	0.05	0.44	0.44	0.17	0.44	0.44	0.23	0.2	0.07	0.43	0.18	0.05	0.18	0.01	0.3	0.91	0.41	0.08	0.51	0.4	0.36	0.38	0.41	0.45	0.45	0.49	0.52	0.08	0.17	0.48	0.58	0.09	0.47	0.48	0.41	0.2	0.03	0.47	0.22	0.47	0.2	0.46	0.05	0.02	0.46	0.37	0.56	0.18	0.45	0.85	0.33	0.44	0.44	0.09	0.08	0	0.43	0.17	0.42	0.42	0.5	0.48	0.24	0.42	0.01	0.03	0.07	0.41	0.05	0.13	0.4	0.4	0.2	0.2	0.4	0.2	0.16
0.2	0.32	0.55	0.45	0.24	0.21	0.55	0.32	0.32	1.57	0.45	1.28	0.31	0.29	0.04	0.98	0.98	0.26	0.26	0.48	0.33	0.21	0.48	0.19	0.55	0.48	0.3	0.34	0.48	0.32	0.22	0.17	0.32	0.48	0.47	0.13	0.48	0.38	0.21	0.49	0.33	0.21	0.33	0.22	0.2	0.49	0.31	0.59	0.12	0.49	0.33	0.35	0.31	0.23	0.62	0.2	0.44	0.59	2.2	0.23	0.3	0.7	0.31	0.31	0.19	0.16	0.33	0.23	0.65	0.33	0.49	0.51	0.23	1.05	0.5	0.23	0.21	0.14	0	0.41	0.32	0.71	0.62	0.12	0.37	0.41	0.13	0.2	0.22	0.3	0.41	0.41	0.31	0.3	0.32	0.33	0.32	0.62	0.36
0.11	0.04	0.1	0.12	0.12	0.47	0.12	0.05	0.03	0.09	0.37	1.82	0	0.15	0.34	0.2	0.44	0.2	0.33	0.43	0.1	0.48	0.28	0.42	0.33	0.08	0.06	0.41	0.41	0.3	0.4	0.16	0.18	0.12	0.46	0.19	0.59	0.59	0.49	0.15	0.12	0.48	0.04	0.11	0.3	0.47	0.46	0.05	0.33	0.46	0.08	0.2	0.03	0.57	0.13	0.17	0.44	0.04	0.16	0.11	0.43	0.43	0.37	0.42	0.15	0.83	0.07	0.41	0.07	0.06	0.4	0.14	0.13	0.27	0.4	0.14	0.15	0.17	0.49	0	0.03	0.49	0.31	0.18	0.28	0.5	0.18	0.18	0.44	0.04	0.13	0.3	0	0.93	0.17	0.04	0.44	0.04	0.34
0.44	0.44	0.45	0.07	0.14	0.26	0.13	0.05	0.36	0.05	0.12	1.95	0.03	0.03	0.36	0.21	0.4	0.32	0.34	0.04	0.06	0.16	0.25	0.16	0.17	0.03	0.4	0.07	0.35	0.04	0.11	0.16	0.05	0.13	0.05	0.19	0.21	0.7	0.1	0.21	0.05	0.13	0.04	0.81	0.16	0.13	0.23	0.43	0.33	0.41	0.04	0.41	0.31	0.16	0.03	0.36	0.05	0.04	5.12	0.41	0.03	0.4	0.05	0.42	0.14	0.55	0.24	0.26	0.07	0.05	0.05	0.16	0.13	0.65	0.38	0.41	0.23	0.19	0.31	0.03	0	0.15	0.03	0.17	0.91	0.41	0.19	0.17	0.41	0.01	0.14	0.32	0.03	0.56	0.07	0.92	0.27	0.42	1.42
0.03	0.77	0.43	0.33	0.11	0.38	0.04	0.46	0.15	0.48	0.04	1.77	0.46	0.45	0.19	0.04	0.19	0.23	0.21	0.17	0.46	0.16	0.05	0.33	0.04	0.47	0.34	0.18	0.37	1.06	0.3	0.03	0.16	0.08	0.15	0.05	0.44	0.47	0.04	0.03	0.18	0.04	0.22	0.33	0.05	0.29	0.24	0.17	0.47	0.09	0.85	0.17	0.17	0.47	0.15	0.04	0.16	0.14	0.03	0.04	0.29	0.9	0.51	0.19	0.03	0.06	0.47	0.13	0.17	0.17	0.79	0.33	0.12	0.18	0.39	0.03	0.04	0.97	0.47	0.15	0.17	0	0.27	0.07	0.21	0.03	0.05	0.06	0.04	0.3	0.05	0.47	0.22	0.4	0.17	0.14	0.97	0.14	0.97
0.12	0.65	0.11	0.08	0.13	0.27	0.12	0.45	0.04	0.09	0.45	0.81	0.01	0.06	0.98	0.48	0.08	0.21	0.34	0.04	0.48	0.54	0.22	0.14	0.48	0.05	0.06	0.07	0.69	0	0.12	0.16	0.33	0.13	0.08	0.49	0.11	0.03	0.29	0.15	0.05	0.12	0.16	0.5	0.15	0.13	0.22	0.06	1.1	0.18	0.03	0.4	0.04	0.19	0	0.4	0.35	0.05	3.11	0.12	0.08	0.51	0.06	0.32	0.41	0.18	0.07	0.12	0.38	0.41	0.05	0.33	0.13	0.41	0.41	0.13	0.52	0.18	0.32	0.11	0.03	0.15	0	0.19	0.28	0.14	0.41	0.41	0.25	0.04	0.14	0.51	0.01	0.34	0.08	0.05	0.07	0.39	0.28
0.18	0.36	0.4	0.62	0.06	0.23	0.43	0.21	0.16	0.44	0.46	4.96	0.18	0.85	0.18	0.16	0.31	0.23	0.17	0.45	0.21	0.21	0.11	0.12	0.07	0.45	0.19	0.21	0.52	0.19	0.08	0.29	0.75	0.06	0.19	0.31	0.17	0.75	0.46	0.09	0.22	0.09	0.43	0.46	0.08	0.06	0.66	0.46	0.41	0.08	0.46	0.04	0.18	0.22	0.19	0.46	0.34	0.2	0.14	0.14	0.45	0.47	0.47	0.2	0.4	0.01	0.47	0.07	0.24	0.19	0.48	0.14	0.06	0.1	0.52	0.1	0.09	0.41	0.13	0.18	0.17	0.05	0.48	0	0.31	0.78	0.02	0.58	0.08	0.25	0.07	0.49	0.27	0.15	0.21	0.61	0.22	0.59	0.18
0.21	0.27	0.26	0.29	0.36	0.48	0.21	0.28	0.27	0.28	0.21	10.2	0.47	0.56	0.54	0.47	0.32	0.42	0.41	0.25	0.47	0.22	0.48	0.15	0.2	0.28	0.48	0.3	0.68	0.29	0.21	0.23	0.28	0.19	0.52	0.42	0.25	0.73	0.28	0.23	0.26	0.49	0.49	0.23	0.2	0.47	0.07	0.28	0.5	0.49	0.29	0.26	0.25	0.19	0.28	0.21	0.28	0.26	0.23	0.49	0.59	0.42	0.28	0.06	0.25	0.49	0.51	0.49	0.5	0.29	0.41	0.19	0.29	0.35	0.27	0.5	0.23	0.28	0.6	0.28	0.4	0.21	0.5	0.2	0	0.4	0.25	0.33	0.22	0.27	0.14	0.36	0.28	0.41	0.29	0.41	0.29	0.27	0.4
0.35	0.13	0.6	0.25	0.1	0.61	0.04	0.47	0.32	0.13	0.41	6.19	0.48	0.13	0.22	0.12	0.15	0.27	0.48	0.1	0.16	0.03	0.08	0.58	0.05	0.14	0.49	0.15	0.18	0.97	0.11	0.09	0.14	0.09	0.14	0.1	0.11	0.1	0.03	0.17	0.46	0.01	0.11	0.05	0.07	0.3	0.42	0.14	0.26	0.91	0.31	0.09	0.89	0.07	0.14	0.92	0.42	0.29	0.43	0.04	0.12	0.4	0.41	0.22	0.04	0.07	0.14	0.03	0.15	0.43	0.12	0.05	0.09	0.43	0.13	0	0.17	0.38	0.26	0.12	0.12	0.03	0.14	0.2	0.28	0	0.1	0.45	0.03	0.13	0.05	0.2	0.32	0.45	0.14	0.14	0.46	0.13	0.29
0.08	0.18	0.21	0.21	0.46	0.39	0.08	0.25	0.19	0.43	0.08	5.23	0.18	0.5	0.18	0.03	0.21	0.53	0.43	0.2	0.18	0.16	0.22	0.09	0.07	0.19	0.45	0.93	0.35	0.2	0.08	0.93	0.43	0.06	0.17	0.01	0.44	0.44	0.08	0.1	0.46	0.09	0.44	0.35	0.46	0.41	0.19	0.22	0.44	0.07	0.28	0.28	0.18	0.09	0.45	0.29	0.19	0.45	4.12	0.09	0.19	0.32	0.21	0.19	0.05	0.41	0.55	0.08	0.23	0.22	1.46	0.09	0.54	0.1	0.56	0.11	0.09	0.01	0.46	0.36	0.2	0.06	0.19	0	0.25	0.1	0	0.04	0.46	0.55	0.08	0.12	0.19	0.15	0.21	0.21	0.22	0.31	0.44
0.04	0.16	0.18	0.18	0.09	0.46	0.04	0.52	0.15	0.21	0.46	4.13	0.5	0.77	0.22	0.06	0.19	0.22	0.6	0.15	0.18	0.08	0.11	0.04	0.04	0.16	0.18	1.07	0.47	0.19	0.07	0.47	0.16	0.03	0.15	0.04	0.38	0.42	0.05	0.07	0.16	0.08	0.18	0.09	0.04	0.49	0.17	0.18	0.18	0.2	0.48	0.08	0.47	0.97	0.47	0.47	0.17	0.17	0.47	0.08	1.17	0.17	0.18	0.15	0.06	0.05	0.52	0.05	0.47	0.17	0.16	0.04	0.09	0.15	0.16	0.09	0.15	0.03	0.16	0.47	0.15	0.06	0.22	0.04	0.47	0.09	0.04	0	0.25	0.46	0.04	0.15	0.18	0.43	0.19	0.15	0.46	0.43	0.19
0.34	0.12	0.16	0.14	0.1	0.31	0.02	0.11	0.33	0.14	0.01	2.3	0.77	0.47	0.23	0.47	0.13	0.26	0.23	0.14	0.14	0.04	0.08	0.04	0.16	0.12	0.13	0.13	0.17	0.12	0	0.05	0.12	0.09	0.46	0.08	0.34	0.37	0.01	0.04	0.15	0.03	0.68	0.01	0.2	0.09	0.16	0.13	0.23	0.01	0.75	0.11	0.11	0.08	0.17	0.01	0.12	0.49	0.13	0.01	0.49	0.41	0.41	0.16	0.04	0.08	0.37	0.04	0.13	0.12	0.99	0.49	0.09	0.19	0.49	0.03	0.04	0.4	0.22	0.49	0.14	0.1	0.18	0.08	0.49	0.39	0.09	0.08	0	0.11	0.03	0.49	0.12	0.23	0.13	0.18	0.13	0.1	1
0.12	0.02	0.09	0.05	0.12	0.45	0.13	0.03	0.02	0.4	0.11	1.78	0.04	0.14	0.37	0.23	0.05	0.48	0.36	0.08	0.06	0.42	0.31	0.31	0.31	0.02	0.04	0.05	0.09	0.05	0.09	0.14	0.18	0.46	0.06	0.17	0.02	0.03	0.12	0.23	0.03	0.4	0.03	0.16	0.47	0.4	0.21	0.03	0.32	0.52	0.09	0.41	0.41	0.16	0.04	0.9	0.03	0.6	0.19	0.11	0.02	0.41	0.04	0.21	0.42	0.18	0.42	0.11	0.06	0.04	0.31	0.16	0.13	0.57	0.22	0.24	0.21	0.74	0.84	0.04	0.01	0.14	0.04	0.17	0.54	0.14	0.18	0.45	0.45	0	0.14	0.65	0.06	0.56	0.05	0.03	0.05	0.42	0.25
0.02	0.3	0.44	0.19	0.01	0.3	0.44	0.14	0.12	0.19	0.08	0.2	0.45	0.26	0.24	0.42	0.46	0.24	0.58	0.15	0.4	0.04	0.09	0.01	0.02	0.46	0.23	0.16	0.46	0.14	0.03	0.35	0.22	0.01	0.16	0.15	0.15	0.57	0.03	0.09	0.33	0.04	0.47	0.05	0.01	0.01	0.51	0.71	0.21	0.04	0.41	0.08	0.48	0.07	0.14	0.03	0.48	0.14	0.48	0.04	0.13	0.27	0.28	0.13	0.04	0.07	0.48	0.02	0.24	0.16	0.17	0.01	0.01	0.19	0.13	0.26	0.09	0.05	0.59	0.13	0.15	0.04	0.49	0.07	0.14	0.05	0.08	0.04	0.03	0.4	0	0.18	0.14	0.4	0.17	0.15	0.15	0.15	0.36
0.19	0.29	0.52	0.51	0.46	0.12	0.46	0.5	0.46	0.32	0.96	10	0.3	0.52	0.62	0.14	0.42	0.19	0.05	0.52	0.56	0.52	0.41	0.38	0.18	0.3	0.61	0.51	0.52	0.41	0.19	0.42	0.41	0.17	0.46	0.41	0.71	0.37	0.41	0.21	0.3	0.91	0.54	0.22	0.38	0.17	0.41	0.48	0.41	0.81	0.51	0.91	0.3	0.22	0.41	0.19	0.31	0.41	0.41	0.51	0.41	0.3	0.31	0.3	0.17	0.11	0.61	0.52	0.41	0.43	0.91	0.19	0.45	0	0.79	0.42	0.21	0.42	0.21	0.4	0.51	0.2	0.4	0.12	0.36	0.51	0.12	0.41	0.51	0.41	0.71	0	0.48	0.39	0.41	0.31	0.35	0.41	0.72
0.12	0.04	0.1	0.12	0.5	0.26	0.22	0.44	0.03	0.4	0.12	4.68	0	0.05	1.12	0.44	0.44	0.2	0.34	0.55	0.45	0.45	0.5	0.45	0.14	0.21	0.06	0.07	0.17	0.01	0.51	0.34	0.1	0.45	0.07	0.19	0.03	0.96	0.11	0.66	0.05	0.46	0.04	0.11	0.46	0.16	0.61	0.06	0.35	0.18	0.03	0.2	0.04	0.16	0.01	0.47	0.05	0.04	0.47	0.23	0.04	0.98	0.06	0.22	0.15	0.18	0.07	0.12	0.41	0.06	0.04	0.48	0.13	0.28	0.03	0.13	0.49	0.35	1.49	0	0.03	0.22	0.01	0.18	0.59	0.13	0.49	0.18	0.41	0.04	0.49	0.41	0	0.5	0.5	0.04	0.07	0.04	0.5
0.47	0.47	0.43	0.36	0.22	0.47	0.48	0.47	0.32	0.34	0.22	10.5	0.77	0.57	0.69	0.23	0.36	0.06	0.05	0.34	0.33	0.48	0.57	0.23	0.23	0.32	0.48	0.89	0.38	0.34	0.49	0.59	0.49	0.69	0.32	0.15	0.49	0.63	0.22	0.22	0.37	0.5	0.57	0.6	0.23	0.4	0.5	0.34	0.53	0.56	0.59	0.61	0.35	0.41	0.42	0.23	0.62	0.42	0.18	0.22	0.42	0.25	0.57	1.23	0.43	0.15	0.37	0.43	0.51	0.44	0.55	0.23	0.44	0.22	0.66	0.59	0.34	0.17	0.6	0.34	0.45	0.2	0.45	0.75	0.41	0.23	0.21	0.22	0.46	0.34	0.29	0.22	0.46	0	0.36	0.66	0.48	0.55	0.12
0.47	0.04	0.48	0	0.49	0.47	0.14	0.05	0.05	0.09	0.49	1.56	0.07	0.11	0.4	0.46	0.04	0.26	0.29	0.05	0.24	0.17	0.22	0.16	0.5	0.97	0.02	0.07	0.13	0.08	0.13	0.47	0.12	0.15	0.07	0.22	0.29	0.05	0.48	0.54	0.05	0.14	0.05	0.27	0.19	0.22	0.49	0.06	0.4	0.13	0.05	0.49	0.1	0.69	0.08	0.5	0.05	0.23	0.18	0.13	0.4	0.43	0.7	0.39	0.4	0.19	0.32	0.91	0.04	0.06	0.34	0.41	0.15	0.48	0.24	0.16	0.42	0.2	0.32	0.42	0.07	0.52	0.42	0.21	0.29	0.41	0.43	0.18	0.14	0.05	0.5	0.33	0.43	0.63	0	0.43	0.3	0.05	0.28
0.12	0.13	0.46	0.05	0.13	0.46	0.12	0.03	0.02	0.02	0.12	1.33	0.18	0.37	0.39	0.35	0.05	0.42	0.21	0.16	0.06	0.14	0.43	0.17	0.14	0	0.43	0.17	0.1	0.58	0.1	0.53	0.03	0.42	0.04	0.2	0.02	0.02	0.11	0.54	0.04	0.12	0.02	0.56	0.15	0.15	0.6	0.03	0.35	0.49	0.02	0.19	0.02	0.15	0.05	0.11	0.02	0.05	0.15	0.11	0.03	0.45	0.03	0.21	0.48	0.16	0.04	0.48	0.47	0.04	0.03	0.4	0.49	0.27	0.03	0.12	0.49	0.32	0.31	0.04	0.4	0.15	0.35	0.2	0.5	0.11	0.4	0.18	0.1	0.03	0.41	0.91	0.38	0.66	0.05	0	0.45	0.41	0.19
0.49	0.99	0.6	0.5	0.18	0.22	0.23	0.1	0.05	0.05	0.17	7.73	0.41	0.31	0.38	0.6	0.4	0.21	0.4	0.9	0.41	0.19	0.41	0.16	0.17	0.08	0.02	0.06	0.13	0.08	0.15	0.19	0.41	0.16	0.07	0.41	0.05	0.04	0.91	0.41	0.05	0.45	0.04	0.17	0.5	0.15	0.23	0.05	0.92	0.42	0.05	0.71	0.16	0.42	0.42	0.14	0.42	0.04	0.19	0.41	0.06	0.39	0.42	0.23	0.47	0.56	0.04	0.42	0.04	0.42	0.05	0.43	0.29	0.31	0.93	0.43	0.23	0.19	0.43	0.07	0.06	0.19	0.08	0.44	0.54	0.14	0.31	0.18	0.14	0.05	0.44	0.33	0.07	0.36	0.01	0.44	0.01	0.06	0.95
0.11	0.02	0.29	0.43	0.16	0.53	0.12	0.03	0.03	0.03	0.13	3.41	0.04	0.4	0.38	0.28	0.45	0.36	0.56	0.02	0.25	0.17	0.22	0.17	0.14	0.46	0.03	0.05	0.11	0.05	0.66	0.17	0.03	0.13	0.44	0.46	0.02	0.02	0.1	0.21	0.38	0.11	0.01	0.12	0.52	0.21	0.21	0.03	0.37	0.11	0.03	0.34	0.01	0.48	0.22	0.1	0.03	0.01	0.98	0.48	0.03	0.48	0.23	0.21	0.15	0.18	0.04	0.48	1.38	0.03	0.03	0.48	0.48	0.29	0.13	0.48	0.48	0.35	0.31	0.48	0.04	0.17	0.49	0.19	0.58	0.99	0.19	0.16	0.12	0.03	0.49	0.59	0.05	0.49	0.05	0.02	0.04	0	0.59
0.23	0.5	0.34	0.22	0.5	0.51	0.22	0.21	0.91	0.92	0.23	2.19	0.27	0.41	0.92	0.92	0.42	0	0.04	0.18	1.42	0.53	0.43	0.45	0.22	0.21	0.64	0.43	0.64	0.28	0.23	0.18	0.45	0.23	0.52	0.15	0.18	0.18	0.24	0.24	0.46	0.23	0.19	0.47	0.59	0.23	0.59	0.21	0.3	0.48	0.2	0.19	0.18	0.26	0.28	0.23	0.2	0.18	0.26	0.48	0.25	0.48	0.2	0.34	0.39	1.23	0.21	0.57	0.28	0.5	0.19	0.22	0.4	0.09	0.19	0.24	0.6	0.91	0.58	0.27	0.21	0.41	0.27	0.31	0.52	0.46	0.16	0.19	0.43	0.53	0.21	0.24	0.94	0.12	0.22	0.19	0.39	0.19	0.01
