0	0.11	0.15	0.46	0.02	0.58	0	0.12	0.12	0.12	0.01	5.74	0.12	0.14	0.25	0.15	0.41	0.25	0.4	0.12	0.52	0.12	0.4	0.03	0.25	0.1	0.14	0.17	0.29	0.13	0.06	0.4	0.12	0.02	0.47	0.46	0.12	0.5	0.41	0.11	0.13	0.03	0.13	0.41	0.27	0.41	0.47	0.13	0.52	0.3	0.41	0.08	0.11	0.06	0.12	0.41	0.49	0.12	0.61	0.02	0.42	0.74	0.92	0.45	0.04	0.07	0.52	0.32	0.16	0.14	0.47	0.03	0.07	0.48	0.12	0.03	0.52	0.07	0.2	0.12	0.12	0.42	0.12	0.08	0.42	0.04	0.08	0.04	0.03	0.11	0.02	0.43	0.13	0.23	0.17	0.13	0.43	0.12	0.28
0.12	0	0.1	0.08	0.14	0.29	0.11	0.02	0.02	0.48	0.11	7.77	0.04	0.02	0.75	0.23	0.04	0.19	0.21	0.21	0.05	0.15	0.23	0.5	0.28	0.41	0.03	0.05	0.1	0.43	0.1	0.17	0.02	0.41	0.19	0.19	0.41	0.02	0.46	0.53	0.02	0.51	0.41	0.15	0.71	0.41	0.21	0.02	0.33	0.41	0.41	0.18	0.01	0.18	0.41	0.12	0.02	0.02	0.16	0.41	0.02	0.11	0.41	0.52	0.16	0.17	0.04	0.12	0.04	0.03	0.42	0.13	0.62	0.5	0.14	0.14	0.23	1.07	0.32	0.04	0.63	0.16	0.05	0.18	0.43	0.12	0.35	0.16	0.23	0.02	0.5	0.31	0.43	0.32	0.44	0	0.05	0.02	0.19
0.15	0.1	0	0.1	0.25	0.36	0.15	0.71	0.07	0.12	0.15	3.24	0.1	0.08	0.37	0.22	0.12	0.53	0.29	0.08	0.11	0.17	0.76	0.59	0.19	0.29	0.56	0.11	0.54	0.1	0.32	0.46	0.11	0.16	0.09	0.21	0.08	0.57	0.15	0.47	0.09	0.15	0.09	0.15	0.47	0.29	0.31	0.09	0.36	0.14	0.08	0.57	0.47	0.23	0.47	0.14	0.48	0.21	0.41	0.38	0.09	1.52	0.1	0.28	0.19	0.2	0.11	0.15	0.12	0.47	0.48	0.35	0.24	0.88	0.07	0.48	0.2	0.92	0.33	0.09	0.21	0.48	0.49	0.21	0.48	0.53	0.21	0.18	0.16	0.09	0.17	0.32	0.1	0.98	0.1	0.25	0.39	0.11	0.35
0.46	0.04	0.34	0	0.17	0.22	0.87	0.05	0.05	0.05	0.27	7.43	0.07	0.41	0.72	0.51	0.03	0.22	0.29	0.18	0.1	0.42	0.93	0.42	0.43	0.43	0.02	0.07	0.53	0.3	0.44	0.44	0.36	0.17	0.07	0.44	0.05	0.33	0.13	0.45	0.45	0.15	0.04	0.96	0.18	0.66	0.23	0.06	0.35	0.96	0.13	0.23	0.04	0.23	0.18	0.47	0.05	0.04	0.34	0.47	0.07	0.14	0.02	0.23	0.56	0.19	0.04	0.14	0.03	0.06	0.06	0.18	0.17	0.31	0.49	0.17	0.25	0.19	0.7	0.07	0.07	0.17	0.4	0.48	0.41	0.5	0.71	0.51	0.51	0.41	0.17	0.71	0.42	0.54	0	0.05	0.01	0.35	0.92
0.02	0.15	0.39	0.15	0	0.29	0.02	0.2	0.45	0.14	0.02	2.26	0.13	0.11	0.4	0.85	0.15	0.47	0.22	0.14	0.16	0.41	0.14	0.06	0.01	0.13	0.14	0.17	0.18	0.14	0.26	0.1	0.76	0	0.13	0.44	0.13	0.36	0.04	0.1	0.37	0.08	0.46	0.04	0.29	0.36	0.16	0.14	0.47	0.08	0.12	0.11	0.13	0.09	0.14	0.03	0.48	0.14	0.27	0.1	0.13	0.03	0.14	0.13	0.09	0.06	0.15	0.02	0.18	0.42	0.14	0.02	0.29	0.18	0.43	0.93	0.09	0.05	0.24	0.43	0.13	0.09	0.14	0.06	0.15	0.1	0.06	0.45	0.1	0.13	0.16	0.17	0.16	0.23	0.28	0.14	0.15	0.46	0.43
0.3	0.23	0.51	0.74	0.66	0	0.45	0.4	0.24	0.24	0.45	3.1	0.4	0.58	0.12	0.25	0.42	0.4	0.11	0.5	0.32	0.3	0.27	0.3	0.3	0.4	0.2	0.26	0.3	0.27	0.31	0.4	0.56	0.29	0.44	0.23	0.24	0.9	0.53	0.32	0.23	0.3	0.32	0.33	0.4	0.34	0.7	0.62	0.37	0.29	0.55	0.9	0.4	0.4	0.5	0.31	0.24	0.8	0.27	0.32	0.24	0.7	0.2	0.42	0.28	0.4	0.21	0.43	0.22	0.4	0.24	0.3	0.45	0.11	0.24	0.4	0.32	0.23	0.21	0.26	0.26	0.28	0.4	0.23	0.86	0.32	0.24	0.4	0.31	0.24	0.3	0.12	0.47	0.15	0.22	0.4	0.4	0.4	0.41
0.25	0.47	0.15	0.15	0.02	0.3	0	0.33	0.47	0.13	0.03	23.3	0.12	0.1	0.48	0.1	0.42	0.62	0.23	0.11	0.42	0.04	0.08	0.42	0.03	0.1	0.13	0.92	0.42	0.12	0.02	0.04	0.12	0.02	0.11	0.43	0.12	0.12	0.7	0.1	0.14	0.04	0.46	0.03	0.03	0.97	0.47	0.36	0.22	0.02	0.1	0.08	0.11	0.09	0.12	0.02	0.12	0.11	0.04	0.02	0.47	0.08	0.13	0.15	0.03	0.47	0.47	0.05	0.14	0.13	0.28	0.03	0.03	0.47	0.14	0.04	0.1	0.06	0.2	0.47	0.13	0.36	0.28	0.38	0.21	0.04	0.08	0.16	0.03	0.11	0.21	0.49	0.13	0.61	0.18	0.97	1.47	0.12	1.87
0.7	0.02	0.4	0.05	0.13	0.24	0.4	0	0.02	0.02	0.49	0.33	0.22	0.03	0.39	0.51	0.05	0.52	0.63	0.03	0.05	0.15	1.07	0.43	0.17	0.03	0.04	0.36	0.35	0.07	0.59	0.45	0.02	0.44	0.05	0.19	0.03	0.7	0.7	0.21	0.03	0.78	0.02	0.16	0.14	0.22	0.22	0.01	1.56	0.11	0.52	9.16	0.91	0.16	7.66	7.16	0	0.3	4.36	0.11	0.03	0.99	0.03	0.22	1.36	0.92	0.05	0.12	0.05	0.02	0.73	0.16	0.16	0.29	0.03	0.5	0.43	0.4	0.32	0.15	0.05	0.25	0.06	0.19	0.28	0.44	0.2	0.16	0.43	0.48	0.14	0.3	0.05	0.53	0.15	0.46	0.34	0.03	0.26
0.12	0.02	0.41	0.42	0.12	0.24	0.42	0.02	0	0.06	0.28	4.54	0.03	0.01	0.46	0.73	0.18	0.33	0.35	0.03	0.06	0.51	0.47	0.14	0.12	0.02	0.03	0.04	0.09	0.04	0.1	0.48	0.03	0.14	0.78	0.18	0.02	0.02	0.2	0.21	0.03	0.32	0.03	0.49	0.37	0.32	0.21	0.02	0.33	0.19	0.02	0.49	0.02	0.17	0.04	0.49	0.02	0.03	0.17	0.11	0.02	0.67	0.03	0.21	0.16	0.17	0.91	0.12	0.05	0.03	0.03	0.4	0.13	0.26	0.16	0.12	0.41	0.41	0.66	0.2	0.07	0.41	0.04	0.17	0.41	0.31	0.42	0.15	0.09	0.22	0.12	0.36	0.03	0.32	0.06	0.02	0.05	0.03	0.45
0.19	0.02	0.42	0.42	0.14	0.39	0.14	0.1	0.43	0	0.12	9.01	0.05	0.37	0.4	0.96	0.05	0.4	0.4	0.03	0.91	0.4	0.21	0.14	0.16	0.03	0.41	0.02	0.42	0.41	0.12	0.17	0.02	0.39	0.41	0.19	0.42	0.03	0.28	0.24	0.42	0.13	0.35	0.16	0.14	0.15	0.25	0.42	0.63	0.43	0.06	0.28	0.02	0.17	0.06	0.12	0.28	0.03	0.43	0.13	0.03	0.12	0.03	0.22	0.16	0.17	0.05	0.44	0.05	0.04	0.05	0.16	0.45	0.35	0.05	0.45	0.22	0.55	0.55	0.05	0.05	0.54	0.06	0.2	0.28	0.46	0.55	0.21	0.12	0.03	0.14	0.48	0.29	0.36	0.05	0.02	0.04	0.03	0.22
0.01	0.11	0.15	0.16	1.47	0.31	0.05	0.25	0.14	0.47	0	0.75	0.11	0.2	0.25	0.1	0.16	0.25	0.41	0.13	0.41	0.09	0.08	0.03	0.03	0.11	0.14	0.41	0.18	0.13	0.01	0.03	0.14	0.02	0.41	0.08	0.11	0.11	0.01	0.91	0.14	0.43	0.51	0.41	0.41	0.02	0.51	0.41	0.41	0.05	0.27	0.07	0.14	0.14	0.12	0.33	0.14	0.92	0.03	0.47	0.14	0.3	0.43	0.42	0.03	0.45	0.3	0.01	0.42	0.15	0.27	0.15	0.22	0.18	0.42	0.35	0.42	0.26	0.2	0.11	0.14	0.42	0.12	0.1	0.21	0.4	0.08	0.42	0.02	0.12	0.03	0.19	0.19	0.35	0.16	0.13	0.92	0.13	0.23
2.66	1.93	8.8	1.27	0.56	1	1.84	0.43	0.32	0.79	1.88	0	0.31	0.32	0.04	0.45	0.61	0.27	0.31	0.32	0.46	0.42	0.46	0.2	0.56	0.32	0.46	0.35	0.45	0.33	0.23	0.18	0.66	0.52	0.35	0.51	0.34	0.56	0.45	0.22	0.36	0.22	0.77	0.23	0.56	0.24	0.57	0.47	0.01	0.21	0.58	0.48	0.44	0.22	0.32	0.48	0.52	0.34	0.78	0.49	0.31	0.46	0.49	0.32	0.24	0.51	0.5	0.21	1	0.34	0.4	0.2	1.01	0.5	0.64	0.23	0.22	0.41	0.01	0.41	0.32	0.2	0.86	0.13	0.41	0.24	0.41	0.25	0.91	0.41	0.2	0.61	0.38	0.41	0.34	0.71	0.33	0.34	0.42
0.12	0.23	0.09	0.13	0.12	0.26	0.11	0.05	0.9	0.05	0.12	4.38	0	0.05	0.34	0.2	0.07	0.2	0.56	0.03	0.44	0.42	0.38	0.46	0.14	0.05	0.06	0.42	0.24	0.02	0.21	0.15	0.05	0.13	0.12	0.42	0.02	0.03	0.11	0.15	0.42	0.42	0.28	0.1	0.36	0.36	0.22	0.62	0.38	0.43	0.03	0.24	0.03	0.46	0.01	0.12	0.05	0.04	0.44	0.13	0.04	0.19	0.06	0.22	0.15	0.26	0.07	0.44	0.07	0.06	0.04	0.15	0.44	0.27	0.03	0.13	0.15	0.3	0.64	0.31	0.03	0.55	0.36	0.41	0.32	0.45	0.18	0.37	0.11	0.03	0.13	0.29	0	0.33	0.46	0.04	0.46	0.04	0.65
0.14	0.02	0.29	0.83	0.93	0.43	0.12	0.03	0.01	0.03	0.43	7.24	0.53	0	0.36	0.55	0.05	0.43	0.43	0.04	0.42	0.54	0.56	0.12	0.44	0.01	0.03	0.29	0.36	0.28	0.11	0.44	0.03	0.44	0.04	0.44	0.04	0.54	0.44	0.21	0.04	0.45	0.04	0.15	0.13	0.31	0.45	0.29	0.6	0.1	0.41	0.19	0.03	0.46	0.44	0.11	0.06	0.04	0.46	0.46	0.01	0.41	0.18	0.48	0.31	0.46	0.34	0.1	0.18	0.04	0.05	0.14	0.11	0.66	0.02	0.47	0.21	0.21	0.32	0.05	0.03	0.13	0.3	0.2	0.29	0.47	0.49	0.16	0.48	0.15	0.13	0.5	0.24	0.69	0.08	0.04	0.08	0.04	0.57
0.46	0.96	0.73	0.51	0.28	0.46	0.46	0.71	0.36	0.41	0.56	3	0.34	0.48	0	0.16	0.59	0.24	0.48	0.36	0.37	0.22	0.17	0.25	0.48	0.79	0.39	0.54	0.59	0.69	0.36	0.69	0.37	0.27	0.69	0.18	0.79	0.37	0.36	0.27	0.37	0.22	0.49	0.28	0.32	0.51	0.36	0.7	0.06	0.4	0.37	0.18	0.97	0.27	0.7	0.48	0.93	0.38	0.5	0.23	0.68	0.61	0.37	0.41	0.19	0.4	0.63	0.25	0.39	0.39	0.38	0.4	0.27	0.41	0.46	0.57	0.27	0.19	0.61	0.85	0.36	0.41	0.91	0.18	0.43	0.51	0.18	0.22	0.23	0.54	0.24	0.23	0.58	1.42	0.92	0.42	0.41	0.42	0.25
0.1	0.21	0.22	0.25	0.44	0.43	0.44	0.22	0.19	0.54	0.1	0.16	0.2	0.43	0.46	0	0.24	0.23	0.17	0.46	0.46	0.07	0.26	0.09	0.09	0.19	0.22	0.48	0.41	0.46	0.46	2.17	0.66	0.47	0.19	0.03	0.21	0.2	0.47	0.47	0.23	0.25	0.47	0.12	0.1	0.13	0.47	0.23	0.21	0.47	0.23	0.47	0.22	0.72	0.59	0.1	0.47	0.31	0.84	0.08	0.43	0.48	0.58	0.48	0.27	0.01	0.24	0.49	0.24	0.22	0.24	0.55	0.49	0.13	0.5	0.07	0.11	1	0.5	0.4	0.21	0.06	0.5	0.02	0.4	0.07	0.03	0.06	0.08	0.9	0.09	0.33	0.41	0.3	0.91	0.22	0.23	0.6	0.91
0.14	0.43	0.32	0.15	0.15	0.22	0.14	0.57	0.1	0.26	0.44	2.7	0.4	0.08	0.39	0.24	0	0.22	0.3	0.4	0.4	0.17	0.4	0.19	0.19	0.05	0.02	0.51	0.12	0.08	0.14	0.63	0.05	0.19	0.34	0.21	0.05	0.04	0.52	0.48	0.42	0.16	0.12	0.54	0.55	0.53	0.36	0.42	0.43	0.12	0.44	0.43	0.43	0.87	0.08	0.14	0.58	0.04	0.19	0.32	0.46	0.13	0.46	0.23	0.35	0.18	0.03	0.39	0.4	0.06	0.06	0.16	0.15	0.32	0.05	0.16	0.62	0.57	0.32	0.07	0.32	0.48	0.48	0.22	0.29	0.47	0.22	0.48	0.19	0.18	0.48	0.35	0.36	0.38	0.48	0.05	0.03	0.04	0.22
0.46	0.19	0.4	0.22	0.24	0.14	0.25	0.2	0.49	0.2	0.25	1.53	0.79	0.49	0.49	0.2	0.22	0	0.05	0.18	0.5	0.49	0.22	0.49	0.24	0.21	0.2	0.22	0.49	0.49	0.26	0.37	0.21	0.36	0.71	0.18	0.49	0.18	0.79	0.27	0.8	0.26	0.19	0.27	0.61	0.23	0.65	0.69	0.32	0.49	0.73	0.22	0.18	0.34	0.21	0.51	0.2	0.19	0.2	0.26	0.2	0.61	0.91	0.36	0.62	0.18	0.41	0.26	0.22	0.21	0.91	0.41	0.23	0.09	0.91	0.41	0.27	0.55	0.45	0.41	0.21	0.22	1.02	0.38	0.42	0.45	0.42	0.52	0.26	0.59	0.24	0.09	0.42	0.19	0.62	0.19	1.12	0.19	0.3
0.22	0.4	0.35	0.91	0.41	0.11	0.62	0.63	0.69	0.61	0.22	2.35	0.33	0.38	0.43	0.17	0.29	0.04	0	0.23	0.37	0.45	0.43	0.23	0.45	0.44	0.28	0.31	0.78	0.34	0.23	0.19	0.3	0.21	0.34	0.27	0.23	0.55	0.59	0.25	0.37	0.22	0.57	0.25	0.53	0.32	0.35	0.3	0.32	0.23	0.3	0.41	0.36	0.22	0.34	0.24	0.31	0.37	0.5	0.23	0.34	0.52	0.28	0.73	0.2	0.18	0.29	0.24	0.31	0.3	0.24	0.23	0.22	0.05	0.48	0.22	0.34	0.18	0.38	0.33	0.35	0.2	0.72	0.5	0.41	0.25	0.17	0.21	0.22	0.34	0.23	0.15	0.34	0.24	0.29	0.22	0.28	0.22	0.23
0.11	0.02	0.08	0.05	0.92	0.62	0.11	0.03	0.03	0.42	0.55	7.89	0.03	0.04	0.38	0.22	0.14	0.18	0.23	0	0.06	0.16	0.44	0.15	0.54	0.13	0.04	0.05	0.09	0.44	0.1	0.17	0.03	0.44	0.04	0.2	0.39	0.01	0.57	0.22	0.02	0.44	0.02	0.13	0.55	0.45	0.19	0.32	0.34	0.45	0.03	0.45	0.01	0.18	0.45	0.11	0.03	0.02	0.65	0.1	0.16	0.45	0.03	0.19	0.16	0.15	0.05	0.11	0.65	0.04	0.01	0.15	0.45	0.36	0.02	0.46	0.21	0.19	0.56	0.03	0.04	0.46	0.2	0.56	0.66	0.12	0.19	0.15	0.11	0.03	0.14	0.57	0.03	0.97	0.05	0.02	0.15	0.02	0.46
0.12	0.05	0.11	0.48	0.19	0.48	0.48	0.05	0.06	0.05	0.12	6.92	0.08	0.06	0.47	0.46	0.08	0.36	0.37	0.06	0	0.17	0.42	0.15	0.15	0.05	0.87	0.06	0.13	0.1	0.42	0.42	0.1	0.13	0.01	0.18	0.06	0.62	0.46	0.18	0.73	0.63	0.05	0.25	0.63	0.43	0.28	0.06	0.58	0.43	0.06	0.43	0.05	0.17	0.1	0.43	0.4	0.18	0.32	0.13	0.43	0.36	0.06	0.43	0.56	0.19	0.43	0.32	1.14	0.06	0.06	0.16	0.54	0.4	0.15	0.94	0.18	0.21	0.42	0.09	0.06	0.44	0.09	0.2	0.44	0.44	0.18	1.05	0.41	0.06	0.44	0.54	0.08	0.54	0.1	0.06	0.44	0.34	0.95
0.03	0.49	0.49	0.17	0.09	0.31	0.19	0.15	0.5	0.17	0.03	7.54	0.41	0.16	0.41	0.46	0.18	0.25	0.51	0.45	0.17	0	0.3	0.04	0.41	0.46	0.15	0.17	0.51	0.41	0.38	0.3	0.47	0.09	0.5	0.41	0.14	0.42	0.04	0.03	0.41	0.05	0.16	0.06	0.21	0.81	0.21	0.91	0.41	0.03	0.4	0.07	2.06	0.05	0.15	0.28	0.16	0.15	0.04	0.04	0.48	0.75	0.17	0.16	0.18	0.05	0.94	0.04	0.18	0.16	0.44	0.05	0.18	0.2	0.45	0.04	0.03	0.21	0.21	0.28	0.15	0.02	0.16	0.08	0.22	0.05	0.08	0.08	0.11	0.15	0.04	0.87	0.15	0.23	0.54	0.14	0.17	0.44	0.46
0.08	0.19	0.2	0.23	0.49	0.27	0.08	0.59	0.59	0.21	0.07	6.51	0.56	0.49	0.17	0.02	0.99	0.22	0.19	0.19	0.51	0.08	0	0.48	0.33	0.4	0.2	1.1	0.25	0.58	0.25	0.05	0.21	0.13	0.17	0.11	0.2	0.51	0.14	0.41	0.2	0.08	0.19	0.11	0.1	0.15	0.21	0.21	0.18	0.08	0.72	0.01	0.35	0.42	0.21	0.09	0.21	0.22	0.05	0.09	0.2	0.45	0.54	0.53	0.05	0.57	0.61	0.08	0.44	0.2	0.21	0.1	0.94	0.44	0.54	0.08	0.06	0.05	0.32	0.2	0.2	0.44	0.54	0.04	0.44	0.44	0.04	0.11	0.08	0.21	0.09	0.45	0.45	0.45	0.22	0.45	0.21	0.45	0.45
0.31	0.44	0.44	0.43	0.01	0.3	0.03	0.17	0.45	0.45	0.03	3.68	0.47	0.26	0.25	0.47	0.18	0.4	0.23	0.24	0.15	0.05	0.09	0	0.02	0.47	0.2	0.19	0.22	0.14	0.04	0.05	0.15	0.01	0.18	0.09	0.37	0.13	0.03	0.09	0.18	0.04	0.16	0.05	0.01	0.01	0.24	0.2	0.48	0.07	0.3	0.09	0.15	0.07	0.48	0.37	0.56	0.21	0.18	0.04	0.14	0.04	0.16	0.13	0.3	0.07	0.17	0.03	0.18	0.15	0.17	0.01	0.04	0.59	0.49	0.24	0.09	0.06	0.58	0.14	0.46	0.04	0.16	0.08	0.15	0.05	0.09	0.4	0.4	0.16	0.01	0.28	0.4	0.36	0.32	0.15	0.16	0.15	0.22
0.03	0.46	0.46	0.16	0.02	0.3	0.03	0.17	0.51	0.16	0.47	9.09	0.97	0.12	0.35	0.1	0.16	0.25	0.23	0.33	0.15	0.04	0.33	0.02	0	0.15	0.16	0.47	0.2	0.23	0.03	0.05	0.14	0.02	0.14	0.07	0.48	0.86	0.03	0.09	0.16	0.04	0.48	0.05	0.03	0.19	0.14	0.15	0.21	0.35	0.13	0.09	0.15	0.09	0.41	0.32	0.49	0.14	0.27	0.04	0.52	0.04	0.49	0.8	0.04	0.47	0.16	0.03	0.18	0.53	0.5	0.02	0.44	0.19	0.4	0.05	0.09	0.06	0.19	0.4	0.14	0.36	0.88	0.07	0.43	0.41	0.61	0.41	0.41	0.14	0.02	0.41	0.51	0.23	0.42	0.14	0.19	0.15	0.22
0.1	0.27	0.41	0.59	0.13	0.24	0.41	0.41	0.01	0.09	0.25	11.1	0.05	0.37	0.45	0.21	0.34	0.33	0.34	0.04	0.05	0.48	0.53	0.14	0.45	0	0.04	0.45	0.08	0.3	0.28	0.45	0.03	0.49	0.04	0.55	0.08	0.32	0.45	0.22	0.04	0.13	0.03	0.36	0.6	0.11	0.22	0.13	0.59	0.09	0.03	0.19	0.03	0.15	0.05	0.16	0.1	0.03	0.45	0.37	0.02	0.12	0.04	0.44	0.13	0.16	0.05	0.24	0.05	0.04	0.05	0.14	0.15	0.3	0.02	0.46	0.5	0.46	0.46	0.05	0.03	0.16	0.06	0.37	0.6	0.46	0.46	0.16	0.52	0.01	0.47	0.39	0.05	0.33	0.47	0	0.07	0	0.47
0.13	0.45	0.1	1.13	0.55	0.2	0.14	0.04	0.26	0.03	0.14	8.1	0.06	0.03	0.39	0.23	0.02	0.48	0.28	0.85	0.06	0.17	0.22	0.48	0.15	0.04	0	0.29	0.11	0.07	0.49	0.18	0.49	0.14	0.05	0.59	0.03	0.19	0.13	0.23	0.49	0.15	0.03	0.16	0.32	0.14	0.22	0.04	0.35	0.1	0.04	0.21	0.02	0.16	0.07	0.11	0.17	0.03	0.4	0.13	0.04	0.4	0	0.22	0.15	0.4	0.02	0.43	0.04	0.05	0.04	0.88	0.45	0.57	0.04	0.14	0.22	0.25	0.41	0.06	0.05	0.5	0.31	0.41	0.28	0.44	0.21	0.16	0.41	0.04	0.16	0.41	0.06	0.42	0.02	0.03	0.02	0.42	0.62
0.53	0.04	0.39	0.43	0.93	0.65	0.29	0.51	0.05	0.02	0.14	0.55	0.07	0.26	0.4	0.28	0.07	0.48	0.31	0.05	0.47	0.48	0.23	0.48	0.58	0.05	0.12	0	0.48	0.08	0.13	0.18	0.02	0.15	0.06	0.22	0.05	0.05	0.14	0.3	0.05	0.98	0.04	0.16	0.23	0.29	0.58	0.39	0.58	0.13	0.06	0.88	0.04	0.18	0.08	0.15	0.02	0.05	0.21	0.48	0.27	0.33	0.05	0.24	0.18	0.18	0.06	0.15	0.49	0.03	0.06	0.49	0.47	0.59	0.49	0.16	0.23	0.21	0.79	0.49	0.07	0.19	0.08	0.49	0.3	0.14	0.7	0.49	0.13	0.05	0.35	0.35	0.5	0.39	0.07	0.04	0.07	0.3	1.9
0.53	0.1	0.15	0.13	0.43	0.3	0.17	0.1	0.09	0.1	0.31	3.21	0.12	0.48	0.41	0.32	0.13	0.64	0.8	0.47	0.4	0.19	0.59	0.21	0.2	0.08	0.11	0.9	0	0.19	0.25	0.49	0.4	0.2	0.12	0.47	0.09	0.09	0.4	0.23	0.23	0.4	0.1	0.4	0.57	0.18	0.34	0.91	0.5	0.16	0.31	0.4	1.54	0.56	0.13	0.17	0.12	0.4	0.2	0.5	0.11	0.7	0.11	0.4	0.19	0.23	0.4	0.31	0.14	0.11	0.4	0.19	0.18	0.35	0.4	0.27	0.23	0.23	0.43	0.23	0.18	0.24	0.53	0.45	0.3	0.5	0.41	0.22	0.17	0.09	0.4	0.34	0.13	0.77	0.53	0.1	0.13	0.12	0.42
0.13	0.05	0.11	0.4	0.14	0.27	0.13	0.06	0.27	0.41	0.3	7.48	0.01	0.06	0.86	0.56	0.08	0.21	0.35	0.11	0.95	0.18	0.34	0.15	0.15	0.46	0.18	0.24	0.46	0	0.12	0.56	0.06	0.14	0.08	0.19	0.03	0.04	0.17	0.49	0.05	0.13	0.05	0.49	0.61	0.33	0.23	0.07	0.33	0.4	0.6	0.8	0.05	0.2	0.01	0.12	0.54	0.05	0.41	0.21	0.05	0.41	0.38	0.41	0.42	0.19	0.15	0.13	0.08	0.07	0.05	0.42	0.46	0.29	0.04	0.14	0.16	0.19	0.47	0.01	0.04	0.47	0.53	0.19	0.29	0.15	0.73	0.19	0.13	0.43	0.53	0.3	0.01	0.35	0.08	0.05	0.43	0.05	0.85
0.38	0.18	0.45	0.48	0.1	0.31	0.11	0.12	0.12	0.12	0.02	5.5	0.48	0.11	0.22	0.07	0.15	0.48	0.23	0.1	0.25	0.04	0.08	0.03	0.03	0.48	0.13	0.49	0.45	0.12	0	0.4	0.11	0.09	0.48	0.4	0.11	0.14	0.08	0.41	0.91	0.03	0.11	0.01	0.04	0.18	0.5	0.41	0.22	0.09	0.09	0.41	0.1	0.07	0.28	0.61	0.11	0.1	0.04	0.34	0.09	0.08	0.43	0.15	0.04	0.07	0.14	0.42	0.52	0.12	0.17	0.04	0.09	0.41	0.71	0.03	0.04	0.41	0.51	0.11	0.11	0.03	0.13	0.08	0.21	0.41	0.08	0.07	0	0.11	0.41	0.54	0.11	0.32	0.45	0.5	0.13	0.1	0.23
0.04	0.16	0.22	0.49	0.1	0.25	0.04	0.17	0.45	0.41	0.03	11.3	0.52	0.14	0.52	0.03	0.19	0.89	0.49	0.15	0.47	0.49	0.33	0.05	0.05	0.15	0.4	0.55	0.24	0.4	0.04	0	0.16	0.09	0.14	0.03	0.4	0.24	0.05	0.04	0.41	0.08	0.48	0.4	0.4	0.12	0.49	0.41	0.4	0.05	0.16	0.03	0.16	0.11	0.41	0.05	0.17	0.15	0	0.05	0.51	0.77	0.16	0.17	0.42	0.41	0.19	0.04	0.31	0.42	0.16	0.05	0.42	0.13	0.54	0.08	0.04	0.82	0.43	0.53	0.16	0.43	0.16	0.03	0.44	0.54	0.03	0.09	0.04	0.44	0.1	0.14	0.44	0.19	0.18	0.44	0.55	0.15	0.17
0.14	0.17	0.42	0.06	0.15	0.42	0.51	0.01	0.38	0.01	0.42	0.81	0.05	0.03	0.39	0.67	0.05	0.2	0.68	0.03	0.06	0.17	0.48	0.48	0.16	0.03	0.04	0.02	0.1	0.06	0.11	0.3	0	0.26	0.05	0.48	0.03	0.2	0.11	0.21	0.03	0.12	0.48	0.16	0.16	0.15	0.22	0.01	0.33	0.11	0.04	0.21	0.02	0.19	0.06	0.49	0.01	0.03	0.16	0.13	0.04	0.52	0.04	0.22	0.43	0.48	0.05	0.48	0.05	0.01	0.04	0.16	0.28	0.3	0.04	0.13	0.48	0.9	0.41	0.05	0.05	0.49	0.06	0.99	0.49	0.14	0.21	0.16	0.12	0.03	0.17	0.43	0.05	0.51	0.24	0.03	0.05	0.11	0.47
0.19	0.13	0.54	0.15	0.06	0.29	0.02	0.36	0.11	0.46	0.02	3.48	0.12	0.4	0.27	0.61	0.48	0.41	0.51	0.14	0.15	0.09	0.13	0.41	0.01	0.11	0.15	0.16	0.21	0.14	0.09	0.41	0.33	0	0.12	0.06	0.41	0.14	0.02	0.09	0.41	0.41	0.51	0.19	0.01	0.41	0.13	0.41	0.2	0.32	0.12	0.41	0.12	0.08	0.13	0.09	0.14	0.49	0.47	0.13	0.12	0.02	0.41	0.13	0.06	0.06	0.16	0.16	0.17	0.17	0.13	0.01	0	0.42	0.42	0.09	0.09	0.05	0.52	0.4	0.13	0.08	0.13	0.42	0.19	0.42	0.06	0.03	0.42	0.12	0.01	0.36	0.39	0.42	0.15	0.14	0.82	0.13	0.23
0.11	0.04	0.49	0.08	0.49	0.3	0.1	0.05	0.06	0.49	0.11	2.01	0.49	0.04	0.35	0.19	0.06	0.35	0.98	0.04	0.01	0.17	0.22	0.14	0.48	0.04	0.05	0.48	0.12	0.48	0.13	0.47	0.05	0.12	0	0.17	0.19	0.68	0.48	0.16	0.48	0.34	0.04	0.18	0.48	0.14	0.27	0.05	0.58	0.13	0.04	0.47	0.27	0.15	0.08	0.13	0.24	0.04	0.14	0.12	0.77	0.13	0.05	0.26	0.31	0.57	0.21	0.47	0.27	0.06	0.04	0.45	0.14	0.67	0.05	0.63	0.17	0.18	0.47	0.23	0.57	0.17	0.47	0.5	0.22	0.2	0.47	0.15	0.12	0.06	0.47	0.67	0.07	0.32	0.08	0.04	0.07	0.09	0.8
0.18	0.19	0.41	0.22	0.06	0.23	0.11	0.47	0.32	0.19	0.42	0.9	0.54	0.48	0.18	0.02	0.21	0.48	0.17	0.18	0.18	0.08	0.04	0.38	0.07	0.49	0.4	0.22	0.25	0.19	0.49	0.44	0.2	0.43	0.17	0	0.4	0.21	0.08	0.09	0.37	0.4	0.47	0.1	0.19	0.26	0.19	0.21	0.15	0.12	0.18	0.04	0.19	0.27	0.19	0.08	0.41	0.2	0.04	0.09	0.19	0.41	0.41	0.19	0.07	0.01	0.2	0.08	0.24	0.2	0.27	0.13	0.41	0.1	0.19	0.18	0.09	0.16	0.13	0.44	0.2	0.06	0.43	0	0.71	0.11	0.01	0.05	0.08	0.19	0.08	0.12	0.18	0.47	0.22	1.17	0.22	0.24	0.16
0.1	0.02	0.08	0.43	0.12	0.24	0.1	0.04	0.32	0.05	0.12	1.64	0.02	0.03	0.37	0.21	0.05	0.49	0.49	0.34	0.06	0.15	0.49	0.13	0.16	0.03	0.04	0.05	0.25	0.03	0.09	0.28	0.04	0.45	0.04	0.53	0	0.01	0.09	0.2	0.02	0.85	0.02	0.5	1	0.49	0.6	0.19	0.32	0.09	0	0.17	0.01	0.14	0.03	0.11	0.03	0.02	0.49	0.08	0.02	0.28	0.03	0.49	0.53	0.14	0.04	0.59	0.06	0.04	0.02	0.13	0.12	1.19	0.01	0.09	0.59	0.16	0.33	0.02	0.03	0.49	0.03	0.19	0.25	0.11	0.19	0.5	0.08	0.36	0.24	0.66	0.42	0.34	0.21	0.5	0.04	0.02	0.18
0.12	0.02	0.08	0.05	0.47	0.67	0.47	0.55	0.02	0.03	0.48	0.32	0.48	0.04	0.37	0.58	0.98	0.18	0.23	0	0.06	0.16	0.99	0.13	0.49	0.04	0.29	0.05	0.49	0.5	0.48	0.5	0.03	0.14	0.4	0.18	0.91	0.01	0.09	0.61	0.4	0.4	0.02	0.12	0.14	0.91	0.41	0.41	0.41	0.91	0.51	0.41	0.01	0.41	0.41	0.09	0.04	0.01	0.53	0.42	0.42	1.32	0.03	0.42	0.16	0.35	0.04	0.42	0.05	0.42	0.01	0.15	0.42	0.42	0.02	0.12	0.43	0.3	0.93	0.31	0.43	0.44	0.43	0.64	0.43	0.1	0.94	0.18	0.44	0.02	0.44	1.22	0.03	0.54	0.44	0.02	0.16	0.45	0.45
0.18	0.1	0.31	0.14	0.03	0.49	0.2	0.31	0.37	0.11	0.49	3.37	0.45	0.1	0.26	0.09	0.45	0.99	2.66	0.09	0.12	0.04	0.09	0.03	0.03	0.46	0.14	0.14	0.4	0.12	0.01	0.05	0.11	0.02	0.11	0.46	0.24	0.43	0	0.05	0.1	0.47	0.16	0	0.03	0.38	0.47	0.12	0.22	0.01	0.33	0.48	0.09	0.06	0.11	0.19	0.12	0.46	0.45	0	0.09	0	0.14	0.4	0.04	0.07	0.14	0.01	0.41	0.12	0.25	0.03	0.42	0.18	0.23	0.04	0.05	0.09	0.42	0.11	0.12	0.42	0.12	0.47	0.17	0.03	0.08	0.43	0.01	0.1	0.03	0.53	0.43	0.32	0.15	0.29	0.34	0.11	0.23
0.39	0.51	0.19	0.6	0.51	0.32	0.93	0.22	0.64	0.42	0.03	0.32	0.15	0.21	0.41	0.41	0.26	0.27	0.23	0.24	0.5	0.03	0.54	0.4	0.09	0.45	0.23	0.23	0.24	0.26	0.42	0.04	0.21	0.09	0.16	0.09	0.2	0.65	0.05	0	0.59	0.03	0.32	0.12	0.98	0.47	0.23	0.23	0.24	0.04	0.48	0.29	0.34	0.06	0.16	0.05	0.22	0.22	0.04	0.17	0.49	0.05	0.22	0.24	0.01	0.05	0.24	0.15	0.61	0.22	0.23	0.09	0.09	0.59	0.57	0.04	0	0.08	0.43	0.15	0.23	0	0.16	0.43	0.94	0.03	0.1	0.74	0.04	0.45	0.09	0.21	0.15	0.62	0.26	0.21	0.59	0.21	0.24
0.75	0.02	0.45	0.29	0.15	0.24	0.45	0.03	0.03	0.04	0.45	3.95	0.04	0.04	0.46	0.23	0.05	0.94	0.26	0.02	0.07	0.54	0.44	0.44	0.16	0.04	0.03	0.44	0.51	0.05	0.11	0.46	0.05	0.13	0.04	0.44	0.02	0.02	0.1	0.43	0	0.11	0.01	0.14	0.94	0.18	0.57	0.04	0.74	0.1	0.02	0.18	0.01	0.44	0.18	0.1	0.32	0.01	0.44	0.1	0.04	0.1	0.05	0.21	0.15	0.16	0.04	0.13	0.05	0.45	0.03	0.16	0.22	0.27	0.25	0.12	0.55	0.19	0.32	0.04	0.05	0.33	0.05	0.45	0.76	0.13	0.36	0.19	0.43	0.03	0.17	0.56	0.1	0.37	0.06	0.02	0.05	0.46	0.31
0.04	0.11	0.15	0.14	0.46	0.7	0.14	0.12	0.49	0.98	0.08	13	0.15	0.44	0.22	0.44	0.22	0.25	0.22	0.1	0.21	0.02	0.08	0.39	0.04	0.32	0.14	0.14	0.48	0.13	0.14	0.07	0.12	0.08	0.73	0.09	0.29	0.09	0.03	0.03	0.11	0	0.18	0.05	0.96	0.46	0.2	0.28	0.46	0.01	0.26	0.08	0.1	0.06	0.13	0.04	0.14	0.1	0.41	0.04	0.1	0.29	0.13	0.49	0.37	0.4	0.13	0.27	0.6	0.12	0.41	0.43	0.08	0.33	0.11	0.01	0.03	0.07	0.21	0.12	0.14	0.03	0.12	0.43	0.2	0.05	0.09	0.08	0.13	0.43	0.09	0.18	0.12	0.39	0.14	0.44	0.51	0.52	0.95
0.24	0.01	0.09	0.33	0.46	0.33	0.12	0.02	0.04	0.02	0.2	0.73	0.06	0.43	0.38	0.77	0.04	0.47	0.23	0.02	0.1	0.14	0.19	0.5	0.77	0.03	0.03	0.04	0.1	0.05	0.13	0.49	0.03	0.14	0.04	0.57	0.02	0.02	0.32	0.24	0.02	0.47	0	0.21	0.32	0.15	0.32	0.48	0.33	0.1	0.03	0.2	0	0.23	0.05	0.1	0.02	0.3	0.48	0.13	0.03	0.51	0.03	0.21	0.16	0.48	0.04	0.14	0.04	0.03	0.03	0.14	0.16	0.29	0.19	0.11	0.22	0.18	0.31	0.04	0.04	0.15	0.05	0.34	0.52	0.14	0.41	0.18	0.1	0.03	0.42	0.31	0.04	0.37	0.04	0.02	0.43	0.01	0.55
0.03	0.22	0.21	0.92	0.05	0.35	0.41	0.17	0.41	0.16	0.03	3.35	0.22	0.45	0.28	0.15	0.39	0.28	0.45	0.13	0.47	0.06	0.11	0.45	0.11	0.14	0.16	0.96	0.46	0.13	0.32	0.09	0.15	0.05	0.46	0.1	0.12	0.11	0	0.46	0.15	0.05	0.13	0	0.06	0.04	0.43	0.46	0.24	0.34	0.98	0.11	0.13	0.09	0.12	0.01	0.46	0.35	0.27	0.01	0.14	0.57	0.46	0.17	0.1	0.07	0.16	0.03	0.3	0.18	0.47	0.05	0.04	0.57	0.12	0.05	0.15	0.4	0.23	0.68	0.47	0.05	0.67	0.1	0.23	0.04	0.47	0.47	0.01	0.14	0.05	0.22	0.11	0.25	0.15	0.12	0.59	0.12	0.48
0.4	0.34	0.18	0.2	0.02	0.41	0.03	1.5	0.34	1.01	0.41	1.37	0.46	0.13	0.49	1.66	0.18	0.62	0.45	0.44	0.44	0.06	0.94	0.01	0.03	0.44	0.44	0.44	0.44	0.15	0.04	0.1	0.15	0.01	0.41	0.45	0.44	1.24	0.43	0.1	0.44	0.44	0.15	0.44	0.01	0.52	0.54	0.15	0.58	0.17	0.43	0.43	0.54	0.07	1.44	0.43	0.14	0.43	0.38	0.44	0.13	0.44	0.54	0.28	0.05	0.45	0.85	0.65	0.43	0.45	0.45	0	0.1	0.44	0.45	0.44	0.1	0.94	0.54	0.45	0.15	0.45	1.15	0.08	0.19	0.44	0.09	0.04	0.55	0.44	0.01	0.44	0.45	0.48	0.95	0.55	0.16	0.94	0.44
0.26	0.47	0.17	0.37	0	0.47	0.02	0.43	0.47	0.13	0.48	10.7	0.14	0.15	0.52	0.13	0.48	0.52	0.99	0.49	0.22	0.18	0.48	0.48	0.44	0.3	0.48	0.57	0.25	0.54	0.55	0.11	0.14	0.01	0.14	0.17	0.17	1.5	0.17	0.1	0.16	0.69	0.49	0.04	0.02	0	0.21	0.49	0.25	0.03	0.99	0.13	0.17	0.1	0.17	0.39	0.13	0.31	0.49	0.11	0.12	0.69	0.25	0.17	0.99	0.53	0.26	0.19	0.21	0.49	0.16	0.4	0	0.19	0.43	0.1	0.41	0.05	0.24	0.56	0.2	0.41	0.33	0.91	0.5	0.1	0.29	0.09	0.41	0.41	0.01	0.17	0.61	0.23	0.41	0.41	0.16	0.33	0.23
0.15	0.2	0.31	0.23	0.16	0.81	0.15	0.99	0.36	0.37	0.15	16.9	0.22	0.23	0.98	0.48	0.23	0.73	0.35	0.52	0.48	0.16	0.47	0.15	0.14	0.58	0.22	0.24	0.69	0.23	0.15	0.56	0.69	0.13	0.34	0.19	0.49	0.24	0.15	0.23	0.49	0.69	0.2	0.49	0.69	0.22	0	0.22	0.47	0.59	0.2	0.2	0.19	0.49	0.22	0.42	1	0.2	0.17	0.16	0.21	0.82	0.22	0.4	0.5	0.49	0.23	0.15	0.32	0.22	0.2	0.4	0.6	0.36	0.21	0.4	0.23	0.18	0.31	0.4	0.23	0.24	0.8	0.4	0.07	0.45	0.58	0.17	0.16	0.41	0.22	0.3	0.4	0.35	0.41	0.2	0.61	0.21	0.51
0.13	0.02	0.09	0.49	0.14	0.25	0.51	0.48	0.02	0.05	0.14	8.4	0.24	0.03	0.38	0.22	0.05	0.58	0.58	0.08	0.06	0.16	0.48	0.15	0.16	0.36	0.04	0.03	0.49	0.3	0.13	0.16	0.01	0.15	0.3	0.21	0.04	0.13	0.15	0.61	0.36	0.41	0.03	0.16	0.42	1.62	1.12	0	0.35	0.22	0.04	0.42	0.46	0.53	0.06	0.14	0.2	0.08	0.17	0.12	0.43	0.38	0.25	0.22	0.15	0.16	0.22	0.14	0.06	0.02	0.29	0.55	0.45	0.28	0.45	0.13	0.28	0.18	0.34	0.07	0.05	0.15	0.46	0.52	0.62	0.13	0.47	0.47	0.13	0.03	0.14	0.47	0.06	0.67	0.06	0.48	0.05	0.08	0.21
0.22	0.33	0.5	0.96	0.46	0.37	0.22	0.34	0.31	0.34	0.22	15.6	0.33	0.34	0.37	0.45	0.37	0.44	0.32	0.53	0.37	0.55	0.4	0.21	0.55	0.33	0.36	0.38	0.45	0.54	0.22	0.45	0.52	0.2	0.33	0.45	0.32	0.58	0.6	0.46	0.33	0.54	0.39	0.45	0.22	0.2	0.33	0.55	0	0.22	0.57	0.18	0.52	0.26	0.55	0.22	0.74	0.62	0.17	0.23	0.55	0.69	0.37	0.33	0.2	0.15	0.64	0.22	0.47	0.57	0.62	0.21	0.2	0.26	0.39	0.51	0.48	0.16	0.31	1.18	0.58	0.19	0.34	0.14	0.39	0.24	0.15	0.18	0.42	0.68	0.21	0.6	0.33	0.42	0.42	0.33	0.69	0.34	0.59
0.02	0.09	0.14	0.77	0.05	0.47	0.48	0.11	0.48	0.26	0.05	1.4	0.18	0.1	0.42	0.38	0.32	0.89	0.23	0.08	0.13	0.15	0.05	0.12	0.06	0.09	0.14	0.12	0.16	0.19	0.03	0.05	0.36	0.49	0.13	0.07	0.09	0.49	0.06	0.59	0.23	0.01	0.44	0.27	0.5	0.12	0.51	0.12	0.22	0	0.4	0.07	0.41	0.07	0.41	0.01	0.11	0.09	0.05	0.01	0.46	0.15	0.1	0.41	0.04	0.41	0.19	0.03	0.14	0.29	0.09	0.04	0.42	0.2	0.12	0.09	0.31	0.62	0.42	0.18	0.82	0.09	0.34	0.42	0.14	0.01	0.16	0.17	0.42	0.18	0.42	0.92	0.18	0.43	0.13	0.43	0.12	0.33	0.59
0.1	0.48	0.08	0.47	0.12	1.04	0.12	0.05	0.02	0.46	0.48	10	0.05	0.04	0.94	0.49	0.05	0.49	0.48	0.01	0.06	0.14	0.4	0.67	0.46	0.03	0.04	0.46	0.11	0.93	0.09	0.16	0.04	0.52	0.59	0.52	0.52	0.83	0.91	0.22	0.02	0.47	0.27	0.32	0.49	0.46	0.76	0.37	0.46	0.95	0.03	1.04	0.01	0.18	0.41	0.1	0.41	0.02	0.91	0.61	0.02	0.4	0.04	0.49	0.49	0.14	0.05	0.12	0.05	0.05	0.02	0.15	0.99	0.25	0.02	0.11	0.47	0.48	0.36	0.03	0.04	0.3	0.03	0.58	0.26	0.25	0.58	0.48	0.48	0.02	0.47	0.29	0.03	0.46	0.19	0.02	0.05	0.03	0.56
0.08	0.47	0.58	0.68	0.11	0.48	0.19	0.27	0.2	0.19	0.07	8.07	0.2	0.47	0.55	0.49	0.22	1.7	0.18	0.19	0.21	0.49	0.03	0.3	0.25	0.17	0.2	0.59	0.29	0.4	0.08	0.08	0.19	0.31	0.2	0.22	0.18	0.4	0.44	0.4	0.2	0.38	0.41	0.41	0.49	0.6	0.2	0.22	0.41	0.39	0.21	0	0.66	0.11	0.37	0.46	0.2	0.51	0.03	0.09	0.18	0.55	0.2	0.21	0.05	0.03	0.21	0.42	0.49	0.21	0.42	0.72	0.28	0.14	0.42	0.09	0.05	0.05	0.5	0.84	0.19	0.06	0.63	0.04	0.27	0.09	0.04	0.08	0.08	0.51	0.08	0.15	0.21	0.34	0.55	0.58	0.22	0.82	0.32
0.12	0.01	0.09	0.04	0.31	0.23	0.12	0.02	0.18	0.02	0.51	0.81	0.03	0.03	0.76	0.22	0.04	0.18	0.36	0.01	0.1	0.15	0.19	0.13	0.13	0.03	0.02	0.04	0.1	0.27	0.1	0.15	0.02	0.47	0.03	0.21	0.01	0.01	0.42	0.2	0.39	0.13	0	0.13	0.41	0.5	0.19	0.09	0.4	0.09	0.01	0.17	0	0.15	0.04	0.47	0.02	0.4	0.52	0.11	0.03	0.12	0.02	0.47	0.14	0.38	0.03	0.11	0.04	0.03	0.3	0.58	0.47	0.26	0.02	0.12	0.2	0.19	0.51	0.03	0.04	0.14	0.21	0.21	0.26	0.1	0.18	0.21	0.5	0.02	0.14	0.3	0.16	0.72	0.04	0.38	0.04	0.01	0.57
0.07	0.18	0.21	0.21	0.07	0.33	0.41	0.4	0.17	0.15	0.41	2.39	0.16	0.28	0.24	0.1	0.91	0.43	0.22	0.41	0.18	0.07	0.12	0.08	0.08	0.23	0.24	0.32	0.21	0.17	0.45	0.1	0.19	0.2	0.25	0.1	0.34	0.21	0.04	0.08	0.52	0.05	0.16	0.06	0.4	0.41	0.18	0.31	0.24	0.04	0.15	0.11	0.26	0	0.53	0.06	0.48	0.15	0.07	0.08	0.26	0.08	0.17	0.18	0.1	0.12	0.22	0.06	0.19	0.18	0.21	0.06	0.42	0.22	0.48	0.26	0.08	0.09	0.65	0.55	0.46	0.08	0.2	0.1	0.19	0.13	0.1	0.49	0.1	0.19	0.1	0.23	0.17	0.25	0.2	0.17	0.18	0.45	0.26
0.45	0.05	0.1	0.08	0.44	0.27	0.44	0.06	0.04	0.26	0.44	0.57	0.06	0.06	0.35	0.21	0.08	0.21	0.57	0.04	0.09	0.15	0.27	0.49	0.79	0.05	0.06	0.42	0.13	0	0.12	0.16	0.06	0.48	0.08	0.19	0.03	0.32	0.49	0.16	0.05	0.12	0.05	0.5	0.15	0.7	0.22	0.43	0.33	0.5	0.24	0.21	0.04	0.17	0	0.12	0.06	0.05	0.4	0.7	0.04	0.44	0.4	0.47	0.15	0.18	0.07	0.12	0.08	0.07	0.4	0.3	0.29	0.28	0.04	0.48	0.4	0.44	0.31	0.4	0.4	0.18	0	0.4	0.28	0.5	0.22	0.18	0.12	0.4	0.4	0.3	0.01	0.7	0.08	0.11	0.9	0.05	0.37
0.02	0.11	0.14	0.14	0.02	0.45	0.19	0.12	0.09	0.33	0.01	6.85	0.12	0.48	0.65	0.45	0.14	0.45	0.24	0.1	0.45	0.05	0.11	0.14	0.03	0.1	0.11	0.44	0.46	0.13	0.46	0.35	0.12	0.02	0.18	0.08	0.08	0.43	0	0.08	0.1	0.16	0.23	0	0.48	0.03	0.49	0.44	0.55	0.04	0.42	0.41	0.12	0.07	0.12	0	0.49	0.11	0.05	0.03	0.49	0.35	0.72	0.16	0.05	0.07	0.13	0.02	0.14	0.13	0.35	0.4	0.39	0.18	0.09	0.04	0.05	0.41	0.2	0.11	0.12	0.04	0.12	0.27	0.21	0.03	0.08	0.63	0.01	0.09	0.43	0.23	0.11	0.53	0.15	0.1	0.13	0.32	0.24
0.18	0.02	0.11	0.05	0.19	0.62	0.42	0	0.02	0.01	0.12	6.07	0.05	0.03	0.51	0.22	0.05	0.2	0.45	0.03	0.05	0.47	0.48	0.63	0.16	0.03	0.03	0.02	0.1	0.06	0.12	0.46	0.01	0.16	0.05	0.19	0.03	0.03	0.39	0.56	0.03	0.13	0.03	0.16	0.17	0.14	0.47	0.02	0.35	0.11	0.04	0.4	0.02	0.57	0.06	0.12	0	0.03	0.47	0.11	0.03	0.47	0.04	0.22	0.17	0.16	0.04	0.47	0.05	0.01	0.04	0.14	0.31	0.28	0.03	0.18	0.48	0.58	0.32	0.05	0.05	0.4	0.32	0.48	0.28	0.14	0.2	0.16	0.5	0.03	0.67	0.3	0.05	1.03	0.05	0.31	0.15	0.03	0.48
0.93	0.02	0.43	0.42	0.43	0.23	0.16	0.03	0.03	0.03	0.13	1.66	0.04	0.46	0.36	0.32	0.04	0.18	0.76	0.02	0.06	0.16	0.21	0.14	0.46	0.03	0.03	0.05	0.42	0.13	0.46	0.17	0.03	0.13	0.04	0.19	0.02	0.01	0.09	0.22	0.01	0.11	0.01	0.47	0.15	0.21	0.2	0.03	0.34	0.13	0.02	0.18	0.01	0.26	0.05	0.11	0.03	0	0.17	0.1	0.03	0.98	0.25	0.2	0.16	0.16	0.04	0.11	0.05	0.04	0.02	0.14	0.13	0.27	0.03	0.12	0.22	0.44	0.33	0.04	0.04	0.17	0.08	0.2	0.49	0.13	0.49	0.17	0.11	0.03	0.14	0.31	0.04	0.59	0.04	0.23	0.04	0.01	1.24
0.04	0.16	0.67	0.49	0.1	0.52	0.04	0.16	0.14	0.15	0.47	2.49	0.49	0.49	0.18	0.38	0.2	0.2	0.25	0.17	0.15	0.04	0.05	0.15	0.49	0.14	0.5	0.5	0.2	0.17	0.04	0	0.18	0.1	0.14	0.03	0.4	0.41	0.43	0.41	0.16	0.38	0.41	0.08	0.05	0.09	0.2	0.16	0.41	0.05	0.16	0.03	0.16	0.08	0.91	0.06	0.16	0.17	0	0.41	0.14	0.68	0.18	0.91	0.41	0.41	0.17	0.04	0.18	0.17	0.16	0.41	0.34	0.42	0.15	0.08	0.04	0.16	0.17	0.15	0.23	0.03	0.16	0.42	0.42	0.08	0.03	0.33	0.04	0.14	0.08	0.14	0.42	0.18	0.42	0.18	0.27	0.15	0.32
0.02	0.12	0.14	0.57	0.1	0.32	0.02	0.11	0.1	0.11	0.02	8.28	0.47	0.12	0.23	0.08	0.19	0.62	0.23	0.09	0.13	0.04	0.09	0.04	0.04	0.11	0.13	0.76	0.79	0.23	0.01	0.06	0.51	0.06	0.12	0.09	0.08	0.09	0.01	0.12	0.39	0.04	0.4	0.02	0.04	0.36	0.16	0.12	0.46	0.01	0.13	0.4	0.61	0.06	0.12	0.01	0.4	0.1	0.06	0	0.49	0.02	0.46	0.16	0.19	0.07	0.15	0.43	0.31	0.14	0.09	0.04	0.43	0.45	0.09	0.04	0.04	0.07	0.52	0.12	0.11	0.08	0.12	0.42	0.61	0.04	0.09	0.08	0.01	0.44	0.04	0.59	0.38	0.22	0.13	0.48	0.13	0.75	0.24
0.49	0.02	0.09	0.07	0.12	0.24	0.51	0.34	0.02	0.33	0.43	3.38	0.04	0.01	0.47	0.21	0.05	0.2	0.34	0.43	0.1	0.15	0.45	0.27	0.2	0.02	0.04	0.06	0.49	0.05	0.11	0.4	0.04	0.45	0.43	0.19	0.02	0.09	0.1	0.2	0.04	0.4	0.29	0.11	0.13	0.36	0.42	0.04	0.72	0.27	0.03	0.56	0.03	0.15	0.42	0.11	0.26	0.42	0.14	0.1	0	0.21	0.04	0.21	0.82	0.28	0.05	0.11	0.06	0.04	0.21	0.13	0.44	0.27	0.01	0.44	0.39	0.23	0.3	0.06	0.45	0.15	0.04	0.23	0.27	0.11	0.21	0.15	0.1	0.02	0.14	0.29	0.04	0.33	0.07	0.17	0.4	0.03	0.56
0.98	0.48	0.98	0.48	0.03	0.58	0.07	0.48	0.98	0.48	0.02	0.44	0.94	0.44	0.64	0.44	0.94	0.94	0.94	0.93	0.43	0.43	1.43	0.43	0.04	0.43	0.43	0.92	1.92	0.42	0.01	0.06	0.42	0.02	0.42	0.42	0.42	0.42	0	0.42	0.42	0.91	0.53	0.01	0.41	0.1	0.91	0.51	0.42	0.02	0.5	0.91	0.5	0.06	1	0	1	0.5	0.06	0.99	0.98	0.02	0.48	0.99	0.05	0.08	0.14	0.02	0.58	0.35	0.48	1.48	0.36	0.47	0.47	0.04	0.05	0.47	0.47	0.47	0.12	0.04	0.47	0.97	0.97	0.04	1.46	0.47	0.97	0.96	0.46	0.21	0.97	0.47	0.47	0.46	1.47	0.46	0.96
0.13	0.03	0.1	0.44	0.15	0.2	0.13	0.04	0.04	0.03	0.14	5.91	0.23	0.03	0.39	0.22	0.02	0.21	0.28	0.03	0.06	0.17	0.22	0.15	0.16	0.04	0	0.06	0.11	0.07	0.12	0.18	0.04	0.16	0.05	0.49	0.03	0.03	0.79	0.36	0.27	0.49	0.03	0.17	0.23	0.14	0.31	0.38	0.37	0.1	0.04	0.59	0.23	0.16	0.06	0.4	0.34	0.03	0.18	0.49	0.04	0.41	0	0.4	0.18	0.26	0.01	0.35	0.03	0.3	0.04	0.16	0.15	0.29	0.04	0.13	0.4	0.19	0.3	0.06	0.05	0.2	0.06	0.21	0.44	0.31	0.21	0.27	0.4	0.04	0.14	0.51	0.06	0.71	0.02	0.37	0.02	0.03	0.24
0.15	0.23	0.3	0.23	0.13	0.42	0.27	0.22	0.21	0.22	0.15	4.63	0.45	0.23	0.37	0.21	0.45	0.61	0.75	0.75	0.55	0.39	0.26	0.15	0.45	0.22	0.22	0.24	0.33	0.23	0.24	0.17	1	0.13	0.24	0.33	0.58	0.56	0.46	0.42	0.48	0.2	0.21	0.17	0.17	0.46	0.01	0.56	0.33	0.15	0.86	0.21	0.46	0.17	0.22	0.16	0.22	0.2	0.39	0.16	0.46	0.16	0.57	0	0.18	0.2	0.23	0.15	0.24	0.23	0.59	0.14	0.13	0.49	0.56	0.23	0.21	0.45	0.31	0.27	0.23	0.21	0.39	0.18	0.06	0.37	0.19	0.2	0.47	0.21	0.47	0.3	0.47	0.36	0.23	0.21	0.23	0.21	0.77
0.05	0.14	0.19	0.55	0.96	0.28	0.03	0.16	0.14	0.15	0.13	9.49	0.15	0.46	0.38	0.04	0.42	0.34	0.21	0.16	0.17	0.4	0.08	0.04	0.05	0.13	0.17	0.18	0.38	0.38	0.26	0.04	0.36	0.06	0.59	0.05	0.14	0.49	0.24	0.01	0.79	0.03	0.5	0.06	0.05	0.38	0.28	0.17	0.19	0.04	0.14	0.4	0.16	0.06	0.16	0.04	0.4	0.15	0.4	0.37	0.14	0.71	0.4	0.45	0	0.05	0.18	0.12	0.81	0.5	0.41	0.05	0.09	0.19	0.15	0.04	0.01	0.05	0.19	0.72	0.14	0	0.16	0.05	0.18	0.03	0.06	0.06	0.04	0.42	0.04	0.34	0.15	0.42	0.33	0.16	0.42	0.16	0.2
0.42	0.52	0.2	0.19	0.06	0.22	0.43	0.16	0.33	0.16	0.06	4.53	0.17	0.49	0.17	0.01	0.18	0.18	0.17	0.15	0.69	0.05	0.04	0.07	0.07	0.49	0.17	0.18	0.53	0.4	0.49	0.03	0.31	0.06	0.23	0.14	0.49	0.82	0.07	0.69	0.17	0.08	0.49	0.07	0.1	0.07	0.2	0.16	0.49	0.08	0.31	0.03	0.15	0.1	0.49	0.07	0.16	0.16	0.11	0.3	0.16	0.4	0.17	0.2	0.16	0	0.53	0.16	0.19	0.17	0.15	0.07	0.52	0.27	0.49	0.23	0.05	0.02	0.49	0.17	0.39	0.06	0.18	0.01	0.49	0.07	0.01	0.05	0.08	0.18	0.07	0.39	0.49	0.14	0.49	0.16	0.19	0.19	0.46
0.44	0.04	0.12	0.04	0.28	0.9	0.16	0.04	0.05	0.04	0.21	2.87	0.07	0.04	0.67	0.24	0.03	0.22	0.67	0.04	0.19	0.17	0.33	0.17	0.16	0.05	0.01	0.26	0.13	0.47	0.14	0.19	0.05	0.23	0.06	0.22	0.04	0.47	0.14	0.87	0.07	0.13	0.04	0.19	0.47	0.16	0.23	0.07	0.97	0.47	0.32	0.22	0.03	0.21	0.07	0.14	0.05	0.04	0.18	0.47	0.05	0.47	0.02	0.35	0.19	0.18	0	0.15	0.01	0.06	0.19	0.26	0.16	0.3	0.28	0.16	0.23	0.28	0.47	0.07	0.19	0.27	0.07	0.22	0.29	0.58	0.48	0.58	0.13	0.05	0.15	0.35	0.07	0.48	0.09	0.04	0.04	0.04	0.21
0	0.48	0.48	0.34	0.02	0.3	0	0.14	0.1	0.12	1	9.41	0.11	0.1	0.25	0.1	0.14	0.25	0.22	0.25	0.2	0.42	0.08	0.03	0.03	0.12	0.14	0.88	0.16	0.48	0.02	0.04	0.26	0.02	0.1	0.16	0.11	0.13	0.01	0.32	0.41	0.03	0.48	0.03	0.29	0.92	0.15	0.31	0.22	0.02	0.49	0.26	0.52	0.07	0.24	0.34	0.49	0.13	0.05	0.02	0.11	0.43	0.4	0.32	0.03	0.9	0.15	0	0.41	0.28	0.12	0.03	0.41	0.19	0.11	0.03	0.1	0.3	0.44	0.42	0.91	0.2	0.13	0.07	0.21	0.03	0.21	0.05	0.02	0.11	0.03	0.46	0.12	0.23	0.42	0.35	0.53	0.12	0.46
0.44	0.05	0.12	0.34	0.44	0.22	0.14	0.05	0.05	0.12	0.16	3.5	0.07	0.05	0.99	0.49	0.04	0.55	0.31	0.05	0.12	0.17	0.8	0.16	0.16	0.05	0.02	0.07	0.41	0.09	0.13	0.18	0.41	0.15	0.07	0.22	0.92	0.05	0.53	0.24	0.3	0.14	0.05	0.17	0.21	0.43	0.43	0.19	0.37	0.43	0.06	0.54	0.44	0.18	0.08	0.13	0.44	0.04	0.31	0.44	0.06	0.42	0.03	0.23	0.46	0.19	0.01	0.44	0	0.06	0.41	0.46	0.16	0.29	0.3	0.77	0.47	0.39	0.32	0.07	0.07	0.47	0.11	0.47	0.55	0.17	0.51	0.2	0.4	0.87	0.19	0.61	0.35	0.99	0.04	0.05	0.2	0.05	0.49
0.13	0.24	0.11	0.06	0.17	0.25	0.93	0.48	0.03	0.02	0.31	1.37	0.48	0.04	0.38	0.23	0.06	0.21	0.48	0.32	0.06	0.58	0.93	0.18	0.48	0.04	0.04	0.02	0.48	0.07	0.44	0.18	0.26	0.14	0.1	0.21	0.04	0.04	0.32	0.48	0.04	0.34	0.03	0.15	0.49	0.48	0.51	0.02	0.34	0.12	0.04	0.22	0.03	0.17	0.07	0.13	0.02	0.04	0.17	0.12	0.04	1.1	0.04	0.23	0.49	0.16	0.06	0.54	0.06	0	0.39	0.15	0.14	0.44	0.28	0.13	0.23	0.2	0.34	0.11	0.06	1	0.29	0.2	0.29	0.14	0.5	0.3	0.13	0.04	0.15	0.32	0.4	0.38	0.06	0.06	0.05	0.04	0.21
0.11	0.03	0.09	0.64	0.15	0.24	0.4	0.41	0.03	0.18	0.29	6.37	0.04	0.34	0.38	0.24	0.05	0.45	0.24	0.71	0.07	0.17	0.45	0.15	0.32	0.19	0.04	0.45	0.12	0.45	0.1	0.45	0.04	0.35	0.04	0.22	0.02	0.01	0.1	0.45	0.03	0.11	0.03	0.3	0.45	0.13	0.2	0.05	0.35	0.46	0.19	0.45	0.35	0.17	0.05	0.36	0.04	0.02	0.45	0.45	0.04	0.5	0.04	0.55	0.15	0.15	0.05	0.86	0.06	0.05	0	0.17	0.13	0.28	0.37	0.46	0.21	0.19	0.41	0.04	0.05	0.24	0.05	0.52	0.62	0.2	0.46	0.17	0.46	0.03	0.14	0.46	0.32	0.58	0.06	0.03	0.05	0.56	0.46
0.31	0.53	0.47	0.18	0.47	0.3	0.03	0.16	0.12	0.18	0.03	1.23	0.43	0.48	0.25	0.09	0.18	0.48	0.23	0.14	0.48	0.05	0.33	1.04	0.03	0.49	0.15	0.18	0.19	0.33	0.13	0.05	0.3	0.5	0.15	0.09	0.14	0.19	0.04	0.09	0.15	0.4	0.27	0.05	0	0.41	0.31	0.17	0.21	0.11	0.51	0.09	0.14	0.41	0.14	0.04	0.14	0.17	0.05	0.04	0.13	0.88	0.15	0.41	0.79	0.07	0.16	0.41	0.18	0.15	0.48	0	0.01	0.42	0.42	0.05	0.09	0.06	0.54	0.14	0.42	0.15	0.15	0.08	0.19	0.06	0.09	0.43	0.04	0.13	0.01	0.53	0.5	0.43	0.18	0.15	1.03	0.14	0.38
0.02	0.12	0.48	0.17	0	0.48	0.06	0.58	0.13	0.14	0.1	0.92	0.41	0.5	0.92	0.42	0.58	0.4	0.23	0.13	0.28	0.09	0.13	0.02	1.42	0.3	0.43	0.51	0.19	0.42	0.41	0.41	0.92	0.41	0.15	0.41	0.5	0.23	0.09	0.41	1.39	0.1	0.42	0.92	0.02	0.42	0.18	0.72	0.92	0.42	0.39	0.51	0.52	0.07	0.52	0.04	0.5	0.42	0.44	0.11	0.12	0.17	1.32	0.43	0.52	0.11	0.15	0.42	0.16	0.15	0.42	0.01	0	0.34	0.22	0.42	0.29	0.42	0.61	0.72	0.23	0.42	0.15	0.32	0.42	0.09	0.1	0.11	0.42	0.14	0.43	0.93	0.43	0.43	0.42	0.13	0.42	0.22	0.83
0.24	0.28	0.29	0.53	0.18	0.46	0.44	0.29	0.58	0.28	0.18	11	0.27	0.27	0.94	0.44	0.3	0.09	0.05	0.27	0.64	0.2	0.14	0.19	0.19	0.27	0.28	0.29	0.44	0.44	0.18	0.13	0.29	0.18	0.29	0.45	0.27	0.27	0.18	0.2	0.65	0.34	0.26	0.45	0.23	0.62	0.36	0.45	0.25	0.46	0.26	0.14	0.26	0.23	0.45	0.18	0.64	0.27	0.13	0.19	0.27	0.3	0.28	0.47	0.19	0.13	0.3	0.18	0.3	0.47	0.51	0.19	0.24	0	0.47	0.19	0.2	0.12	0.21	0.28	0.57	0.57	0.49	0.1	0.35	0.22	0.47	0.28	0.19	0.26	0.19	0	0.32	0.17	0.4	0.54	0.5	0.58	0.09
0.12	0.41	0.07	0.41	0.12	0.34	0.1	0.91	0.17	0.03	0.11	0.51	0.43	0.03	0.63	0.43	0.05	0.33	0.34	0.02	0.38	0.53	0.2	0.43	0.15	0.02	0.04	0.44	0.1	0.44	0.43	0.17	0.04	0.43	0.43	0.21	0.1	0.02	0.44	0.23	0.03	0.44	0.03	0.12	0.13	0.17	0.45	0.06	0.33	0.1	0.34	0.18	0.02	0.18	0.04	0.09	0.03	0.03	0.95	0.45	0	1.27	0.04	0.21	0.3	0.45	0.05	0.28	0.06	0.04	0.03	0.33	0.46	0.26	0	0.11	0.95	0.18	0.32	0.03	0.32	0.45	0.04	0.18	0.62	0.1	0.19	0.56	0.46	0.02	0.66	0.51	0.03	0.46	0.46	0.03	0.06	0.37	0.47
0.04	0.12	0.23	0.37	0.23	0.32	0.03	0.13	0.48	0.18	0.24	3.16	0.44	0.44	0.23	0.08	0.15	0.26	0.22	0.45	0.59	0.04	0.24	0.95	0.05	0.5	0.15	0.14	0.47	0.54	0.53	0.08	0.15	0.47	0.5	0.45	0.47	0.11	0.04	0.04	0.39	0.01	0.48	0.04	0.07	0.09	0.22	0.15	0.25	0.1	0.4	0.13	0.12	0.07	0.13	0.04	0.14	0.12	0.09	0.15	0.42	0.17	0.13	0.22	0.43	0.45	0.19	0.04	0.45	0.5	0.12	0.33	0.1	0.56	0.46	0	0.04	0.08	0.22	0.13	0.13	0.41	0.49	0.1	0.27	0	0.1	0.09	0.03	0.11	0.05	0.2	0.4	0.25	0.15	0.89	0.17	0.11	0.42
0.1	0.95	0.45	0.45	0.09	0.32	0.1	0.21	0.19	0.22	0.03	3.71	0.15	0.22	0.49	0.38	0.24	0.82	0.24	0.22	0.25	0.43	0.06	0.09	0.37	0.21	0.44	0.25	0.48	0.24	0.04	0.04	0.56	0.46	0.17	0.41	0.21	0.23	0.05	0	0.24	0.03	0.38	0.47	0.47	0.09	0.42	0.37	0.24	0.29	0.28	0.41	0.22	0.11	0.16	0.05	0.41	0.22	0.04	0.04	0.21	0.43	0.25	0.21	0.01	0.05	0.24	0.1	0.56	0.25	0.22	0.1	0.09	0.2	0.31	0.37	0	0.08	0.21	0.32	0.21	0.44	0.16	0.33	0.23	0.11	0.1	0.46	0.04	0.2	0.09	0.2	0.32	0.22	0.56	0.21	0.24	0.31	0.48
0.08	0.97	0.22	0.19	0.05	0.63	0.06	0.17	0.96	0.21	0.45	0.15	0.44	0.19	0.18	0.03	0.43	0.53	0.53	0.53	0.42	0.06	0.05	0.06	0.41	0.41	0.2	0.41	0.61	0.2	0.07	0.9	0.18	0.09	0.21	0.01	0.17	0.61	0.08	0.08	0.58	0.07	0.48	0.46	0.57	0.08	0.47	0.53	0.46	0.08	0.76	0.05	0.17	0.08	0.45	0.07	0.44	0.19	0.03	0.07	0.19	0.43	0.2	0.18	0.06	0.42	0.22	0.42	0.18	0.41	0.36	0.06	0.13	0.4	0.42	0.08	0.08	0	0.37	0.37	0.18	0.04	0.18	0.03	0.47	0.09	0.01	0.03	0.46	0.18	0.05	0.17	0.95	0.54	0.65	0.26	0.44	0.44	0.61
0.2	0.58	0.34	0.32	0.48	0.21	0.2	0.32	0.32	0.48	0.59	0.01	0.31	1.47	0.04	0.54	0.32	0.42	0.47	0.65	0.69	0.21	0.17	0.97	0.19	0.3	0.31	0.34	0.43	0.47	0.22	0.17	0.32	0.23	0.3	0.13	0.58	0.67	0.2	0.22	0.48	0.48	0.33	0.58	0.2	0.24	0.47	0.47	0.02	0.47	0.49	0.16	0.31	0.26	0.47	0.2	0.33	0.31	0.48	0.36	0.31	0.42	0.3	0.48	0.2	0.48	0.33	0.59	1.08	0.48	0.48	0.19	0.48	0.98	0.3	0.23	0.21	0.14	0	0.31	0.31	0.58	0.32	0.35	0.79	0.43	0.41	0.49	0.4	0.44	0.19	0.41	0.71	0.62	0.51	0.33	0.32	0.33	0.52
0.12	0.04	0.1	0.07	0.13	0.47	0.12	0.05	0.03	0.05	0.12	4.41	0	0.05	0.67	0.2	0.47	0.31	0.66	0.03	0.08	0.15	0.21	0.46	0.27	0.17	0.06	0.44	0.44	0.09	0.44	1.03	0.53	0.4	0.43	0.19	0.02	0.92	0.36	0.15	0.04	0.41	0.04	0.5	0.14	0.4	0.22	0.06	0.4	0.18	0.25	0.41	0.03	0.16	0.01	0.11	0.49	0.26	0.15	0.48	0.04	0.12	0.06	0.47	0.67	0.17	0.07	0.46	0.45	0.06	0.04	0.45	0.13	0.27	0.03	0.13	0.54	0.43	0.31	0	0.03	0.42	0.01	0.18	0.28	0.42	0.18	0.91	0.41	1.2	0.13	0.8	0.4	0.34	0.07	0.04	0.07	0.12	0.58
0.16	0.04	0.08	0.07	0.13	0.25	0.12	0.05	0.02	0.94	0.14	5.62	0.03	0.03	0.35	0.22	0.07	0.22	0.4	0.4	0.06	0.15	0.27	0.16	0.16	0.4	0.05	0.4	0.37	0.85	0.11	0.16	0.05	0.36	0.05	0.19	0.03	0.04	0.1	0.21	0.05	0.45	0.04	0.16	0.16	0.41	0.42	0.05	0.33	0.12	0.04	0.21	0.04	0.18	0.03	0.42	0.05	0.04	0.16	0.12	0.04	0.12	0.42	0.42	0.15	0.4	0.06	0.13	0.53	0.06	0.35	0.47	0.38	0.28	0.04	0.43	0.23	0.51	0.31	0.03	0	0.15	0.04	0.43	0.29	0.43	0.19	0.15	0.14	0.28	0.15	0.55	0.03	0.48	0.43	0.04	0.26	0.04	0.21
0.04	0.45	0.8	0.36	0.08	0.32	0.05	0.14	0.14	0.49	0.02	7.22	0.14	0.46	0.19	0.04	0.39	0.22	0.46	0.16	0.19	0.27	0.12	0.04	0.32	0.46	0.16	0.16	0.22	0.16	0.03	0.03	0.46	0.08	0.15	0.05	0.15	0.15	0.04	0.66	0.15	0.36	0.15	0.07	0.18	0.11	0.21	0.15	0.56	0.09	0.15	0.33	0.41	0.06	0.16	0.04	0.14	0.46	0.03	0.38	0.15	0.51	0.19	0.46	0.3	0.37	0.19	0.03	0.19	0.17	0.46	0.17	0.76	0.56	0.3	0.03	0	0.04	0.19	0.5	0.17	0	0.15	0.05	0.21	0.04	0.05	0.06	0.1	0.47	0.04	0.17	0.15	0.46	0.2	0.24	0.26	0.51	0.97
0.47	0.08	0.44	0.08	0.13	0.45	0.12	0.06	0.04	0.07	0.13	21.8	0.01	0.15	0.35	0.47	0.08	1.08	0.47	0.04	0.12	0.31	0.21	0.47	0.14	0.44	0.06	0.98	0.5	0.05	0.15	0.16	0.06	0.13	0.08	0.19	0.03	0.04	0.11	0.16	0.05	0.21	0.33	0.12	0.29	0.57	0.54	0.06	0.33	0.36	0.03	0.49	0.04	0.49	0.33	0.49	0.49	0.05	0.16	0.49	0.04	0.22	0.06	0.5	0.15	0.2	0.4	0.5	0.08	0.07	0.05	0.4	0.13	0.6	0.04	0.14	0.16	0.18	0.7	0.4	0.03	1.81	0	0.46	0.28	0.13	0.4	0.18	0.12	0.04	0.41	0.3	0.41	0.41	0.08	0.09	0.41	0.41	0.41
0.45	0.19	0.21	0.3	0.06	0.23	0.07	0.2	0.17	0.2	0.25	0.65	0.18	0.18	0.18	0.02	0.21	0.18	1	0.49	0.2	0.07	0.04	0.15	0.07	0.17	0.21	0.59	0.24	0.19	0.11	0.03	0.59	0.05	0.18	0	0.19	0.49	0.08	0.41	0.27	0.09	0.18	0.4	0.25	0.06	0.21	0.19	0.14	0.14	0.56	0.04	0.4	0.1	0.19	0.4	0.19	0.4	0.03	0.4	0.18	0.18	0.22	0.53	0.05	0.38	0.61	0.08	0.22	0.41	0.19	0.08	0.41	0.41	0.19	0.41	0.09	0.04	0.13	0.18	0.17	0.05	0.19	0	0.2	0.1	0	0.04	0.41	0.18	0.07	0.41	0.48	0.15	0.22	0.53	0.82	0.2	0.31
0.5	0.27	0.26	0.52	0.15	0.48	0.4	0.28	0.27	0.28	0.21	12.8	0.55	0.43	0.48	0.27	0.48	0.95	0.45	0.33	0.25	0.22	0.95	0.45	0.2	0.29	0.28	0.45	0.31	0.29	0.21	0.23	0.51	0.19	0.55	0.25	0.46	0.25	0.17	0.46	0.27	0.56	0.27	0.23	0.46	0.15	0.07	0.28	0.46	0.16	0.76	0.96	0.59	0.21	0.28	0.57	0.28	0.26	0.47	0.22	0.44	0.67	0.47	0.17	0.33	0.57	0.29	0.21	0.57	0.29	0.26	0.47	0.47	0.35	0.27	0.28	0.47	0.67	0.37	0.56	0.29	0.21	0.29	0.48	0	0.48	0.48	0.48	0.22	0.27	0.14	0.6	0.28	0.41	0.29	0.65	0.39	0.27	0.59
0.03	0.59	0.53	0.19	0.41	0.31	0.12	0.49	0.41	0.16	0.03	0.33	0.12	0.15	0.23	0.42	0.42	0.27	0.25	0.1	0.21	0.04	0.32	0.05	0.05	0.42	0.42	0.15	0.3	0.31	0.04	0.09	0.53	0.1	0.21	0.1	0.13	0.1	0.03	0.04	0.94	0.01	0.14	0.04	0.22	0.09	0.22	0.13	0.24	0.01	0.31	0.09	0.12	0.09	0.14	0.03	0.12	0.11	0.08	0.13	0.12	0.27	0.13	0.22	0.04	0.45	0.65	0.03	0.15	0.16	0.26	0.05	0.11	0.19	0.46	0	0.04	0.09	0.22	0.12	0.12	0.03	0.14	0.1	0.28	0	0.11	0.17	0.03	0.12	0.1	0.2	0.13	0.57	0.47	0.4	0.23	0.13	0.49
0.25	0.18	0.49	0.21	0.07	0.23	0.19	0.58	0.19	0.28	0.08	4.43	0.48	0.19	0.58	0.03	0.5	0.18	0.17	0.19	0.18	0.08	0.04	0.09	0.07	0.2	0.5	0.31	0.54	0.66	0.08	0.03	0.19	0.06	0.17	0.01	0.19	0.5	0.08	0.41	0.52	0.26	0.19	0.11	0.31	0.06	0.42	0.23	0.15	0.14	0.52	0.42	0.42	0.31	0.22	0.08	0.43	0.53	0.03	0.09	0.47	0.43	0.22	1.08	0.05	0.01	0.22	0.43	0.52	0.23	0.53	0.09	0.06	0.44	0.18	0.1	0.09	0.02	0.33	0.33	0.44	0.15	0.4	0	0.25	0.1	0	0.04	0.08	0.45	0.15	0.55	0.19	0.15	0.54	0.2	0.21	0.22	0.27
0.41	0.16	0.18	0.46	0.09	0.27	0.04	0.37	0.5	0.47	0.06	7.3	0.18	0.16	0.22	0.43	0.53	0.22	0.43	0.17	0.18	0.18	0.11	0.05	0.04	0.43	0.16	0.19	0.44	0.19	0.07	0.53	0.51	0.12	0.15	0.04	0.16	0.77	0.05	0.06	0.16	0.08	0.43	0.07	0.15	0.09	0.43	0.18	0.18	0.11	0.43	0.08	0.17	0.08	0.19	0.07	0.43	0.17	0.58	0.08	0.15	0.31	0.18	0.18	0.06	0.43	0.53	0.05	0.18	0.17	0.2	0.43	0.53	0.15	0.16	0.08	0.45	0.03	0.44	0.49	0.15	0.06	0.19	0.17	0.18	0.09	0.63	0	0.07	0.15	0.43	0.44	0.18	0.22	0.19	0.15	0.56	0.53	1.44
0.02	0.1	0.16	1.28	0.1	0.71	0.02	0.04	0.1	0.12	0.01	0.33	0.48	0.11	0.22	0.1	0.13	0.37	0.99	0.09	0.14	0.04	0.2	0.04	0.18	0.49	0.15	0.14	0.17	0.21	0.09	0.04	0.14	0.14	0.49	0.08	0.1	0.23	0.01	0.4	0.15	0.03	0.1	0.01	0.26	0.41	0.41	0.24	0.23	0.04	0.27	0.08	0.41	0.06	0.11	0.82	0.42	0.1	0.04	0.56	0.11	0.78	0.12	0.16	0.04	0.08	0.14	0.02	0.13	0.43	0.1	0.24	0.36	0.23	0.14	0.03	0.04	0.46	0.22	0.11	0.12	0.03	0.35	0.08	0.44	0.03	0.08	0.17	0	0.22	0.04	0.28	0.5	0.26	0.44	0.43	0.28	0.46	0.24
0.13	0.02	0.09	0.05	0.24	0.95	0.52	0.03	0	0.03	0.65	2.05	0.03	0.01	0.46	0.54	0.05	0.2	0.46	0.03	0.06	0.46	0.46	0.14	0.14	0.01	0.04	0.05	0.09	0.05	0.11	0.14	0.31	0.47	0.06	0.73	0.2	0.03	0.11	0.21	0.19	0.25	0.03	0.16	0.55	0.17	0.48	0.06	0.32	0.18	0.03	0.49	0.02	0.18	0.04	0.4	0.03	0.03	0.16	0.16	0.41	0.17	0.04	0.21	0.41	0.41	0.05	0.11	0.06	0.04	0.04	0.41	0.12	0.62	0.02	0.51	0.2	0.16	0.49	0.04	0.01	0.14	0.41	0.17	0.31	0.28	0.47	0.15	0.33	0	0.15	0.3	0.4	0.36	0.05	0.41	0.05	0.03	1.42
0.02	0.13	0.17	0.17	0.22	0.3	0.02	0.16	0.12	0.14	0.03	12.4	0.13	0.12	0.24	0.09	0.32	0.24	0.23	0.27	0.41	0.04	0.09	0.01	0.02	0.12	0.52	0.16	0.21	0.15	0.03	0.05	0.15	0.01	0.55	0.92	0.42	0.13	0.03	0.43	0.42	0.03	0.21	0.43	0.01	0.01	0.15	0.16	0.21	0.04	0.2	0.08	0.14	0.05	0.14	0.36	0.43	0.43	0.05	0.3	0.46	0.43	0.16	0.15	0.04	0.07	0.16	0.03	0.17	0.43	0.15	0.01	0.54	0.19	0.13	0.04	0.09	0.05	0.45	0.44	0.34	0.44	0.14	0.07	0.21	0.05	0.08	0.04	0.03	0.14	0	0.47	0.45	0.23	0.44	0.16	0.17	0.15	0.54
0.63	0.43	0.43	0.32	0.17	0.12	0.43	0.32	0.52	0.31	0.46	11.7	0.49	0.41	0.23	0.14	0.34	0.24	0.49	0.89	0.48	0.49	0.27	0.18	0.48	0.3	0.41	0.33	0.91	0.41	0.71	0.18	0.3	0.17	0.52	0.42	0.3	0.31	0.52	0.52	0.63	0.18	0.92	0.43	0.48	0.42	0.3	0.52	0.42	0.37	0.42	0.42	0.29	0.93	0.43	0.53	0.43	0.63	0.43	0.2	0.63	0.51	0.36	1.34	0.88	0.11	0.94	0.19	0.44	0.33	0.32	0.43	0.4	0.43	0.76	0.2	0.43	0.64	0.22	0.53	0.57	0.54	0.44	0.12	0.6	0.58	0.12	0.45	0.54	1.15	0.18	0.01	0.45	0.03	0.49	0.48	0.33	0.58	0.09
0.42	0.13	0.43	0.43	0.16	0.26	0.12	0.38	0.03	0.44	0.12	1.85	0	0.14	0.49	0.44	0.07	0.21	0.34	0.03	0.08	0.19	0.28	0.99	0.49	0.05	0.41	0.07	0.49	0.24	0.11	0.16	0.59	0.13	0.07	0.18	0.03	0.18	0.41	0.15	0.05	0.12	0.04	0.49	0.36	0.13	0.82	0.06	0.33	0.19	0.03	0.5	0.4	0.16	0.01	0.5	0.05	0.32	0.15	0.12	0.04	0.5	0.4	0.22	0.15	0.18	0.46	0.12	0.15	0.06	0.7	0.14	0.51	0.27	0.03	0.13	0.15	0.17	0.31	0	0.03	0.5	0.4	0.18	0.93	0.13	0.5	0.38	0.12	0.04	0.49	0.54	0	0.34	0.07	0.7	0.07	0.38	0.27
0.23	0.45	0.99	0.49	0.23	0.23	0.49	0.38	0.33	1.19	0.24	3.13	0.34	0.32	0.47	0.35	0.36	0.06	0.05	0.85	0.98	0.23	0.5	0.23	0.48	0.98	0.98	0.98	0.39	0.49	0.24	0.69	0.49	0.21	0.32	0.15	0.35	0.49	0.22	0.34	0.53	0.49	0.49	0.49	0.49	0.23	1	0.5	0.5	0.22	1.41	0.18	0.41	0.61	0.41	0.23	0.41	0.41	0.19	0.22	1.92	1.42	0.92	0.41	0.92	0.14	1.42	0.42	0.75	0.36	0.42	0.24	0.31	0.42	0.35	0.42	0.22	0.42	0.42	0.51	0.62	0.2	0.72	0.15	0.46	0.42	0.15	0.43	0.27	0.34	0.43	0.26	0.34	0	0.38	0.33	0.39	0.71	0.26
0.18	0.4	0.1	1.01	0.5	0.22	0.15	0.44	0.05	0.91	0.14	0.42	0.07	0.59	0.69	0.24	0.03	0.22	0.29	0.5	0.4	0.17	0.4	0.18	0.6	0.08	0.4	0.07	0.13	0.08	0.13	0.41	0.09	0.15	0.07	0.41	0.39	0.07	0.13	0.23	0.05	0.14	0.04	0.17	0.42	0.25	0.23	0.27	0.52	0.24	0.42	0.54	0.17	0.43	0.08	0.14	0.05	0.04	0.43	0.13	0.07	0.13	0.02	0.43	0.41	0.26	0.03	0.14	0.34	0.22	0.06	0.18	0.16	0.45	0.06	0.15	0.25	0.85	0.45	0.07	0.07	0.45	0.08	0.22	0.29	0.7	0.21	0.55	0.14	0.45	0.45	0.36	0.07	0.37	0	0.05	0.01	0.07	0.22
0.43	0	0.09	0.43	0.13	0.43	0.11	0.02	0.02	0.02	0.13	2.23	0.42	0.42	0.37	0.23	0.42	0.19	0.21	0.04	0.43	0.43	0.21	0.17	0.43	0	0.03	0.04	0.94	0.44	0.42	0.18	0.03	0.45	0.05	0.44	0.02	0.15	0.11	0.21	0.16	0.12	0.02	0.44	0.41	0.2	0.21	0.03	0.54	0.23	0.02	0.19	0.55	0.17	0.05	0.1	0.02	0.02	0.16	0.11	1.87	0.97	0.03	0.21	0.39	0.16	0.47	0.11	0.27	0.05	0.03	0.55	0.47	0.47	0.03	0.12	0.21	0.57	0.33	0.04	0.04	0.14	0.58	0.49	0.27	0.12	0.48	0.19	0.11	0.03	0.16	0.48	0.04	0.33	0.05	0	0.05	0.06	0.49
0.27	0.04	0.46	0.01	0.18	0.57	0.15	0.05	0.05	0.05	0.53	2.2	0.07	0.47	0.67	0.46	0.04	0.28	1.93	0.97	0.13	0.57	0.58	0.31	0.16	0.47	0.02	0.07	0.13	0.08	0.15	0.19	0.05	0.16	0.07	0.27	0.04	1.98	1.48	0.23	0.04	0.13	0.19	0.17	0.18	0.49	0.43	0.05	0.36	0.27	0.4	0.21	0.4	0.42	0.07	1.32	0.42	0.04	0.42	0.14	0.06	0.42	0.02	0.47	0.19	0.19	0.43	0.15	0.03	0.06	0.44	0.44	0.35	0.64	0.06	0.14	0.23	0.38	0.32	0.07	0.06	0.44	0.07	0.22	0.53	0.45	0.22	0.45	0.14	0.05	0.55	0.45	0.12	0.47	0	0.14	0.01	0.04	0.21
0.35	0.36	0.2	0.25	0.14	0.24	0.12	0.03	0.38	0.03	0.13	3.88	0.04	0.35	0.36	0.45	0.04	0.19	0.23	0.02	0.06	0.95	0.21	0.17	0.45	0	0.03	0.4	0.11	0.76	0.46	0.46	0.03	0.14	0.05	0.21	0.02	0.21	0.1	0.21	0.3	0.46	0.01	0.12	0.16	0.13	0.21	0.03	0.34	0.11	0.12	0.19	0.01	0.18	0.13	0.47	0.03	0.01	0.47	0.12	0.03	1.53	0.03	0.21	0.15	0.19	0.04	0.47	0.05	0.03	0.03	0.48	0.28	0.48	0.3	0.11	0.22	0.22	0.32	0.04	0.11	0.48	0.49	0.18	0.27	0.23	0.2	0.49	0.79	0.03	0.15	0.3	0.05	0.49	0.05	0.02	0.04	0	1
0.49	0.19	1.03	0.22	0.6	0.4	0.51	1.51	0.41	0.27	0.23	7.86	0.44	0.44	0.45	0.45	0.56	0.01	0.45	0.18	1.16	0.22	0.58	0.56	0.49	0.21	0.2	0.22	0.47	0.67	0.51	0.18	0.53	0.68	0.38	0.48	0.22	0.17	0.23	0.24	0.48	0.49	0.19	0.25	1.21	0.28	0.5	0.6	0.41	0.22	0.34	0.41	0.18	0.42	0.27	0.23	0.32	0.42	0.53	0.42	0.2	0.64	0.2	0.44	0.54	0.55	0.22	0.46	0.22	0.21	0.45	0.22	0.23	0.46	0.19	0.46	0.47	0.22	0.57	1.47	0.21	0.48	0.49	0.48	0.48	0.59	0.49	0.19	0.23	0.49	0.22	0.09	0.27	0.12	0.28	0.19	0.21	0.23	0.01
