0	0.47	0.15	0.32	0.02	1.06	0	0.3	0.48	1.07	0.01	4.6	0.4	0.49	0.25	0.19	0.15	0.25	0.22	0.42	0.49	0.04	0.12	0.03	0.03	0.49	0.13	0.15	0.18	0.13	0.02	0.5	0.14	0.02	0.19	0.07	0.31	0.44	0.01	0.1	0.4	0.38	0.12	0.03	0.03	0.36	0.35	0.14	0.41	0.02	0.11	0.08	0.12	0.06	0.12	0.41	0.15	0.12	0.04	0.02	0.11	0.02	0.16	0.15	0.03	0.07	0.91	0.06	0.17	0.13	0.92	0.42	0.42	0.18	0.1	0.04	0.1	0.42	0.2	0.16	0.12	0.42	0.12	0.07	0.54	0.04	0.08	0.18	0.02	0.11	0.05	0.19	0.51	0.43	0.15	0.14	0.14	0.11	0.86
0.12	0	0.11	0.46	0.46	0.23	0.11	0.02	0.02	0.64	0.11	0.9	0.4	0.03	0.5	0.21	0.04	0.19	0.49	0.86	0.07	0.5	0.2	0.49	0.13	0.19	0.06	0.04	0.1	0.4	0.11	0.5	0.4	0.15	0.04	0.5	0.02	0.02	0.41	0.21	0.9	0.12	0.01	0.16	0.41	0.42	0.2	0.41	0.35	0.49	0.41	0.19	0.21	0.41	0.05	0.42	0.28	0.02	0.91	0.42	0.02	0.44	0.38	0.21	0.41	0.41	0.04	0.41	0.15	0.03	0.03	0.41	0.51	0.28	0.31	0.41	0.41	0.92	0.72	0.29	0.42	0.19	0.05	0.62	0.52	0.12	0.53	0.16	0.13	0.92	0.42	0.31	0.04	0.31	0.4	0	0.82	0.34	0.19
0.45	0.31	0	0.1	0.16	0.45	0.15	0.11	0.07	1.25	0.46	2.16	0.1	0.08	0.49	0.49	0.11	0.4	0.29	0.49	0.11	0.39	0.22	0.2	0.19	0.99	0.1	0.11	0.15	0.1	0.14	0.49	0.11	0.16	0.09	0.21	0.08	0.08	0.15	0.2	0.09	0.4	0.4	0.15	1.4	0.17	0.4	0.22	0.36	0.2	0.08	0.23	0.09	0.21	0.1	0.36	0.11	0.4	0.22	0.51	0.15	0.55	0.1	0.4	0.19	0.51	0.36	0.46	0.4	0.11	0.08	0.17	0.51	0.6	0.07	0.16	0.2	0.45	0.41	0.1	0.08	0.32	0.11	0.21	0.59	0.44	0.41	0.18	0.16	0.3	0.91	0.43	0.41	0.42	0.61	0.3	0.1	0.29	0.34
0.72	0.05	0.3	0	0.52	0.72	0.15	0.05	0.05	0.76	0.16	1.96	0.45	0.95	0.39	0.26	0.04	0.97	0.57	0.05	0.47	0.2	0.77	0.48	0.16	0.08	0.48	0.09	0.13	0.48	0.98	0.19	0.05	0.17	0.11	0.49	0.05	0.05	0.13	0.23	0.05	0.4	0.41	0.41	0.18	0.41	0.23	1.02	0.42	0.14	0.42	0.24	0.04	0.43	0.08	0.13	0.43	0.04	0.19	0.43	0.07	0.42	0.02	0.23	0.35	0.5	0.04	0.14	0.04	0.95	0.06	0.27	0.15	0.55	0.06	0.45	0.26	0.19	0.46	0.07	1	0.17	0.08	0.87	0.96	0.16	0.47	0.18	0.47	0.05	0.67	1.08	0.07	0.38	0	0.38	0.01	0.41	0.98
0.02	0.14	0.49	0.31	0	0.49	0.32	0.13	0.38	1.17	0.02	2.13	0.27	0.17	0.28	0.13	0.27	0.23	0.22	0.16	0.19	0.47	0.14	0.4	0.02	0.46	0.41	1.55	0.18	0.46	0.1	0.47	0.14	0.22	0.13	0.23	0.13	0.48	0.09	0.09	0.14	0.11	0.4	0.05	0.4	0.01	0.17	0.17	0.41	0.11	0.14	0.13	0.19	0.12	0.42	0.04	0.43	0.13	0.48	0.1	0.13	0.03	0.16	0.16	0.09	0.07	0.16	0.94	0.44	0.15	0.15	0.03	0.02	0.18	0.13	0.26	0.16	0.05	0.24	0.17	0.13	0.08	0.54	0.06	0.15	0.1	0.06	0.09	0.1	0.5	0.16	0.17	0.13	0.41	0.4	0.14	0.41	0.13	0.31
0.92	0.23	0.36	0.22	0.29	0	0.3	0.62	0.24	1.51	0.31	1.14	0.26	0.42	0.12	0.49	0.22	0.11	0.11	0.49	0.42	0.3	0.33	0.3	0.3	0.24	0.49	0.26	0.69	0.69	0.31	0.25	0.52	0.29	0.29	0.23	0.24	0.33	0.48	0.32	0.24	0.69	0.23	0.49	0.3	0.29	0.42	0.24	0.38	0.29	0.49	0.25	0.23	0.49	0.27	0.31	0.49	0.23	0.56	0.57	0.24	1.4	0.49	0.42	0.28	0.22	0.58	0.48	0.49	0.25	0.24	0.68	0.67	0.11	0.48	0.31	0.32	0.24	0.35	0.43	0.48	0.29	0.26	0.23	0.48	0.33	0.23	0.27	0.68	0.24	0.68	0.78	0.49	0.15	0.22	0.49	0.21	0.48	0.16
0	0.13	0.34	0.14	0.02	0.3	0	0.14	0.13	1.11	0.46	8.07	0.12	0.14	0.26	0.1	0.15	0.49	0.23	0.11	0.49	0.03	0.08	0.03	0.03	0.1	0.13	0.49	0.24	0.13	0.19	0.04	0.14	0.02	0.11	0.07	0.5	0.11	0.01	0.1	0.14	0.28	0.4	0.03	0.14	0.02	0.15	0.14	0.22	0.13	0.1	0.08	0.11	0.08	0.13	0.01	0.14	0.11	0.04	0.02	0.12	0.16	0.13	0.47	0.8	0.08	0.17	0.26	0.15	0.15	0.46	0.04	0.02	0.18	0.1	0.03	0.45	0.06	0.2	0.12	0.13	0.05	0.13	0.07	0.21	0.04	0.46	0.04	0.02	0.48	0.02	0.46	0.12	0.22	0.14	0.46	0.4	0.12	0.22
0.3	0.02	0.11	0.05	0.13	0.47	0.29	0	0.03	0.79	0.17	3.78	0.15	0.18	0.45	0.6	0.05	0.54	0.77	0.03	0.13	0.15	0.46	0.14	0.17	0.03	0.46	0.02	0.44	0.06	0.47	0.17	0.01	0.13	0.05	0.48	0.3	0.41	0.11	0.22	0.04	0.41	0.42	0.17	0.2	0.14	0.48	0.01	0.66	0.45	0.06	0.19	0.02	0.18	0.06	0.11	0	0.03	0.31	0.13	0.04	0.48	0.04	0.25	0.17	0.32	0.84	0.28	0.05	0.02	0.1	0.16	0.31	0.44	0.03	0.13	0.59	0.61	0.35	0.05	0.05	0.49	0.06	0.2	0.44	0.31	0.46	0.16	0.12	0.03	0.14	0.6	0.05	0.34	0.24	0.15	0.05	0.03	0.91
0.12	0.02	0.07	0.05	0.13	0.24	0.31	0.47	0	0.45	0.12	9.34	0.03	0.01	0.35	0.19	0.05	0.2	0.5	0.14	0.09	0.48	0.18	0.14	0.29	0.4	0.03	0.4	1.41	0.04	0.4	0.15	0.06	0.13	0.06	0.49	0.01	0.41	0.49	0.22	0.41	0.21	0.41	0.13	0.15	0.13	0.21	0.11	0.5	0.45	0.4	0.21	0.02	0.18	0.04	0.11	0.02	0.9	0.4	0.11	0.02	0.22	0.04	0.21	0.14	0.91	0.04	0.1	0.05	0.03	0.03	0.51	0.41	0.27	0.2	0.12	0.19	0.17	0.4	0.03	0.41	0.13	0.11	0.24	0.27	0.12	0.17	0.14	0.4	0	0.5	0.35	0.03	0.32	0.05	0.12	0.05	0.03	0.2
1.98	2	1.79	1.33	1.3	1.26	0.9	0.48	0.4	0	1.65	4.8	1.29	0.76	1.11	0.99	1.49	0.99	1.15	0.79	1.04	1.17	1.35	1.35	1.5	1	1.1	1.02	1.4	0.9	0.85	1.6	0.81	0.74	0.87	0.78	0.31	0.03	1.98	1.01	0.91	0.96	0.31	1.27	1.42	1.61	1.33	1.62	1.24	1.51	1.42	1.17	0.78	1.2	1.08	1.24	1.08	1.47	1.83	1.33	0.87	1.83	1.04	1.7	1.85	1.84	1.58	1.7	1.46	1.49	1.11	1.64	1.15	0.95	0.94	0.44	0.44	1.69	1.45	0.94	0.74	0.57	0.1	0.21	1.45	1.15	0.89	1.02	0.93	1.02	1.08	1.76	0.56	1.52	1.21	1.46	0.96	1.22	1.66
0.41	0.11	0.3	0.14	0.02	0.31	0.01	0.12	0.1	1.12	0	0.91	0.44	0.34	0.25	0.44	0.14	0.25	0.23	0.44	0.38	0.2	0.44	0.03	0.03	0.3	0.17	0.44	0.33	0.51	0.1	0.04	0.44	0.11	0.11	0.08	0.44	0.11	0.01	0.03	0.15	0.02	0.44	0.03	0.36	0.02	0.15	0.13	0.62	0.12	0.52	0.07	0.13	0.05	0.46	0.01	0.23	0.13	0.03	0.02	0.66	0.86	0.16	0.15	0.03	0.06	0.14	0.01	0.55	0.14	0.22	0.14	0.46	0.46	0.11	0.03	0.38	0.06	0.46	0.46	0.12	0.05	0.12	0.46	0.35	0.03	0.08	0.06	0.01	0.12	0.08	0.19	0.12	0.97	0.26	0.13	0.36	0.13	0.47
3.28	2.36	1.6	3.97	0.24	14.6	0.21	1.69	7.55	4.62	0.45	10	0.69	0.32	1.7	0.8	9.83	0.51	14	0.6	3.41	3.47	4.12	0.48	1.48	2.17	3.9	0.35	2.37	12.3	0.23	0.18	3.69	5.29	0.84	1.93	1.98	0.32	0.21	2.49	3.24	1.7	0.51	1.17	13.1	0.42	0.32	3.56	5.25	3.91	0.68	0.19	1.18	2.27	7.56	0.42	0.34	5.58	3.42	1.06	0.49	1.77	11.4	0.32	7.94	5.93	1.03	12.3	0.67	0.34	1.2	0.2	0.25	0.22	0.64	0.23	13.7	0.33	0.01	0.44	0.32	0.2	0.33	0.45	4.93	0.43	0.78	6.07	1.88	0.56	0.94	0.23	0.55	1.35	12.5	0.32	2.48	1.91	0.89
0.11	0.8	0.13	0.07	0.42	0.26	0.11	0.05	0.03	0.57	0.12	2.17	0	0.05	0.66	0.56	0.07	0.2	0.67	0.03	0.47	0.47	0.2	0.14	0.14	0.47	0.06	0.07	0.32	0.25	0.15	0.16	0.05	0.13	0.44	0.27	0.02	0.08	0.13	0.15	0.08	0.11	0.04	0.12	0.14	0.12	0.51	0.06	0.32	0.18	0.2	0.48	0.06	0.16	0.01	0.32	0.05	0.04	0.32	0.49	0.04	0.13	0.06	0.49	0.14	0.17	0.07	0.69	0.07	0.06	0.04	0.14	0.12	0.5	0.4	0.13	0.6	0.17	0.59	0	0.11	0.14	0.01	0.41	0.28	0.13	0.91	0.41	0.91	0.03	0.25	0.52	0	0.33	0.07	0.04	0.07	0.41	0.38
0.12	0.02	0.08	0.08	0.13	0.24	0.12	0.03	0.22	0.98	0.14	8.61	0.19	0	0.48	0.48	0.05	0.31	0.34	0.04	0.12	0.35	0.69	0.34	0.49	0.01	0.03	0.37	0.49	0.38	0.4	0.14	0.4	0.12	0.38	0.5	0.03	0.59	0.11	0.5	0.04	0.13	0.04	0.15	0.3	0.41	0.23	0.04	0.52	0.1	0.42	1.16	0.04	0.19	0.43	0.11	0.03	0.43	0.14	0.1	0.01	0.53	0.03	0.23	0.53	0.43	0.04	0.62	0.05	0.04	0.43	0.13	0.24	0.28	0.36	0.43	0.21	0.17	0.32	0.67	0.28	0.41	0.06	0.53	0.44	0.13	0.42	0.14	0.48	0.33	0.45	0.3	0.06	0.95	0.08	0.04	0.08	0.04	1.45
0.25	0.37	0.37	0.48	0.28	0.12	0.59	0.96	0.35	1.54	0.25	1.18	0.34	0.35	0	0.43	0.94	0.44	0.32	0.74	0.45	0.84	0.44	0.25	0.25	1.05	0.64	0.68	0.4	0.45	0.22	0.55	0.38	0.6	0.59	0.45	0.35	0.95	0.45	0.33	0.49	0.22	0.38	0.27	0.55	0.28	0.36	0.39	0.39	0.58	0.5	0.18	0.36	0.25	0.71	0.26	0.38	0.39	0.46	0.23	0.46	0.57	0.39	0.37	0.24	0.47	0.4	0.47	0.39	0.47	0.38	0.51	0.28	0.47	0.41	0.23	0.27	0.19	0.21	0.34	0.36	0.19	0.35	0.18	0.43	0.23	0.18	0.22	0.22	0.48	0.24	0.99	0.48	0.55	0.39	0.38	0.69	0.36	0.25
0.64	0.46	0.22	0.24	0.49	0.76	0.46	0.36	0.2	1	0.38	4.18	0.38	0.46	0.16	0	0.47	0.47	0.17	0.2	0.2	0.43	0.02	0.98	0.09	0.48	0.23	0.23	0.27	0.21	0.07	0.03	0.58	0.13	0.48	0.03	0.58	0.2	0.09	0.11	0.42	0.06	0.48	0.12	0.25	0.79	0.21	0.23	0.17	0.1	0.23	0.03	0.22	0.11	0.21	0.1	0.24	0.22	0.03	0.08	0.21	0.32	0.24	0.21	0.04	0.01	0.24	0.49	0.25	0.23	0.6	0.4	0.13	0.13	0.2	0.07	0.11	0.41	0.48	0.2	0.51	0.04	0.21	0.02	0.27	0.08	0.04	0.06	0.07	0.22	0.09	0.14	0.21	0.41	0.24	0.23	0.23	0.42	0.52
0.14	0.04	0.5	0.05	0.17	0.22	0.15	0.4	0.05	1.2	0.16	0.65	0.07	0.05	0.64	0.24	0	0.22	0.29	0.2	0.15	0.17	0.45	0.18	0.18	0.14	0.02	0.07	0.37	0.08	0.15	0.21	0.05	0.16	0.06	0.21	0.05	0.27	1.68	0.23	0.41	0.41	0.04	0.49	0.51	0.16	0.48	0.17	0.41	0.12	0.73	0.24	0.41	0.17	0.08	0.41	0.05	0.04	0.42	0.13	0.05	0.13	0.02	0.23	0.2	0.52	0.43	0.43	0.03	0.06	0.06	0.43	0.16	0.32	0.06	0.14	0.26	0.21	0.32	0.07	1.44	0.54	0.09	0.21	0.29	0.19	0.44	0.18	0.14	0.05	0.17	0.35	0.07	0.85	0.03	0.34	0.04	0.55	0.22
0.25	0.97	0.4	0.27	0.58	0.11	0.58	0.2	0.19	0.88	0.25	0.33	0.2	0.21	0.16	0.2	0.22	0	0.05	0.18	0.72	0.25	0.55	0.24	0.52	0.42	0.2	0.58	1.83	0.21	0.42	0.2	0.21	0.23	1.55	0.18	0.18	0.18	0.6	0.27	0.19	0.62	0.19	0.27	0.42	0.23	0.7	0.21	0.45	0.93	0.43	0.22	0.53	0.29	0.21	0.25	0.45	0.43	0.2	0.26	0.2	0.25	0.2	0.44	0.33	0.18	0.53	0.44	0.22	0.44	0.19	0.25	0.23	0.09	0.49	0.44	0.27	0.19	0.27	0.44	0.44	0.23	0.54	0.37	0.8	0.84	0.18	0.54	0.26	0.2	0.24	0.17	0.36	0.44	0.22	0.19	0.21	0.52	0.25
0.22	0.21	0.29	0.65	0.22	0.11	0.23	0.49	0.71	1.59	0.22	0.52	0.71	0.36	0.32	0.23	0.41	0.59	0	0.3	0.43	0.21	0.19	0.23	0.23	0.35	0.28	0.31	0.39	0.34	0.23	0.23	0.3	0.3	0.34	0.17	0.23	0.3	0.47	0.24	0.26	0.22	0.22	0.88	0.23	0.22	0.35	0.37	0.67	0.52	0.46	0.17	0.25	0.22	0.46	0.24	0.31	0.29	0.2	0.23	0.34	0.24	0.28	0.35	0.2	0.18	0.69	0.59	0.31	0.3	0.24	0.23	0.31	0.12	0.33	0.22	0.43	0.18	0.47	0.33	0.64	0.29	0.44	0.16	0.47	0.23	0.17	0.21	0.22	0.42	0.23	0.36	0.51	0.15	0.48	0.21	0.57	0.42	0.07
0.11	0.19	0.08	0.12	0.13	0.49	0.11	0.03	0.02	0.03	0.22	8.56	0.03	0.45	0.65	0.96	0.05	0.53	0.45	0	0.45	0.16	0.19	0.14	0.15	0.04	0.55	0.05	0.09	0.09	0.46	0.44	0.04	0.44	0.04	0.54	0.01	0.01	0.31	0.22	0.13	0.44	0.08	0.26	1	0.52	0.19	0.04	0.34	0.08	0.01	0.49	0.01	0.44	0.44	0.1	0.03	0.02	0.18	0.5	0.44	0.34	0.03	0.54	0.16	0.19	0.05	0.11	0.05	0.04	0.01	0.41	0.13	1.45	0.95	0.45	0.21	0.5	0.32	0.03	0.04	0.15	0.23	0.2	0.45	0.13	0.19	0.6	0.14	0.03	0.15	0.31	0.04	0.35	0.22	0.36	0.05	0.15	0.95
0.12	0.08	0.3	0.49	0.17	1	0.49	0.08	0.09	0.88	0.12	1.93	0.14	0.11	0.43	0.2	0.13	0.43	0.77	0.1	0	0.17	0.18	0.15	0.15	0.07	0.1	0.43	0.13	0.12	0.64	0.32	0.48	0.43	0.01	0.18	0.43	0.53	0.43	0.55	0.49	0.14	0.11	0.44	0.38	0.16	0.33	0.12	0.94	0.77	0.23	0.21	0.11	0.44	0.16	0.15	0.42	0.13	0.15	0.44	0.12	0.33	0.94	0.25	0.22	0.19	0.13	0.12	0.13	0.12	0.12	0.45	0.55	0.37	0.95	0.45	0.18	0.26	0.55	0.14	0.12	0.45	0.27	0.2	0.28	0.15	0.18	0.52	0.14	0.11	0.25	0.72	0.14	0.33	0.14	0.06	0.13	0.49	1
0.04	0.48	0.17	0.17	0.48	0.3	0.03	0.52	0.47	0.89	0.03	0.77	0.15	0.14	0.44	0.44	0.5	0.25	0.21	0.28	0.94	0	0.24	0.04	0.04	0.44	0.98	0.54	0.23	0.44	0.04	0.04	0.45	0.37	0.61	0.07	0.13	0.17	0.04	0.03	0.46	0.07	0.17	0.06	0.05	0.09	0.16	0.17	0.22	0.3	0.15	0.5	0.15	0.08	0.16	0.44	0.18	0.51	0.04	0.04	1.02	0.42	0.83	0.16	0.42	0.05	0.17	0.03	0.18	0.16	0.46	0.42	0.09	0.2	0.52	0.03	0.04	0.42	0.22	0.15	0.15	0.43	0.16	0.07	0.43	0.04	0.08	0.43	0.04	0.43	0.04	0.19	0.15	0.22	0.17	0.4	0.18	0.15	1.43
0.21	0.2	0.44	0.44	0.14	0.27	0.64	0.2	0.19	0.78	0.07	10.9	0.47	0.19	0.34	0.02	0.23	0.55	0.19	0.21	0.2	0.47	0	0.09	0.09	0.19	0.22	0.47	0.27	0.57	0.09	0.44	0.67	0.13	0.17	0.04	0.21	0.97	0.09	0.06	0.23	0.08	0.19	0.11	0.1	0.14	0.48	0.22	0.18	0.05	0.22	0.01	0.2	0.11	0.21	0.09	0.21	0.98	0.42	0.09	0.58	0.18	0.58	0.21	0.05	0.18	0.28	0.08	0.23	0.2	0.23	0.95	0.14	0.14	0.18	0.49	0.06	0.33	0.49	0.2	0.2	0.05	0.21	0.04	0.27	0.09	0.04	0.5	0.08	0.18	0.9	0.15	0.45	0.4	0.23	2.57	0.39	0.19	0.25
0.44	0.18	0.2	0.18	0.02	0.3	0.56	0.4	0.12	1.15	0.03	3.74	0.13	0.12	0.25	0.43	0.55	0.24	0.23	0.43	0.43	0.05	0.09	0	0.02	0.44	0.16	0.19	0.22	0.15	0.04	0.05	0.15	0.01	0.14	0.09	0.17	0.44	0.03	0.45	0.14	0.04	0.14	0.06	0.01	0.01	0.16	0.17	0.21	0.22	0.53	1.17	0.15	0.58	0.14	0.03	0.46	0.14	0.05	0.04	0.16	0.07	0.47	0.15	0.04	0.07	0.57	0.1	0.16	0.15	0.47	0.2	0.01	0.19	0.14	0.05	0.09	0.06	0.58	0.52	0.49	0.04	0.14	0.08	0.15	0.05	0.24	0.04	0.04	0.99	0.01	0.18	0.14	0.23	0.5	0.17	0.17	0.15	0.41
0.03	0.77	0.18	0.17	0.02	0.3	0.03	0.49	0.14	1.37	0.47	10.7	0.14	0.4	0.51	0.09	0.9	0.4	0.23	0.17	0.15	0.04	1.1	0.03	0	0.15	0.48	0.16	0.21	0.51	0.41	0.05	0.14	0.01	0.14	0.07	0.41	0.13	0.21	0.22	0.52	0.04	0.42	0.06	0.03	0.01	0.14	0.42	0.92	0.42	0.15	0.09	0.13	0.1	0.43	0.03	0.31	0.43	0.06	0.04	0.16	0.26	0.16	0.43	0.04	0.07	0.16	0.03	0.44	0.44	0.16	0.03	0.01	0.21	0.44	0.05	0.09	0.1	0.19	0.94	0.16	0.05	0.14	0.07	0.45	0.05	0.55	0.3	0.04	0.14	0.02	0.35	0.14	1.06	0.56	0.14	0.56	0.17	0.52
0.57	0	0.06	0.08	0.41	0.94	0.44	0.09	0.01	0.96	0.44	4.36	0.05	0.01	0.71	0.29	0.05	0.21	0.34	0.04	0.09	0.15	0.18	0.48	0.48	0	0.04	0.05	1.67	0.06	0.77	0.17	0.03	0.11	0.18	0.2	0.03	0.04	0.1	0.22	0.04	0.14	0.03	0.14	0.4	0.11	0.22	0.49	0.31	0.49	0.27	0.17	0.03	0.31	0.05	0.1	0.03	0.29	0.15	0.1	0.02	0.75	0.04	0.22	0.13	0.49	0.38	0.12	0.27	0.04	0.05	0.15	0.13	0.5	0.02	0.24	0.19	0.5	0.31	0.05	0.03	0.25	0.5	0.18	0.8	0.53	0.19	0.5	0.13	0.02	0.14	0.3	0.05	0.4	0.08	0	0.12	0.4	1.4
0.3	0.03	0.1	0.32	0.43	0.94	0.43	0.04	0.04	1.37	0.14	2.76	0.06	0.16	0.39	0.23	0.38	0.25	0.29	0.04	0.46	0.24	0.35	0.15	0.16	0.1	0	0.05	0.11	0.73	0.41	0.46	0.04	0.43	0.05	0.21	0.03	0.58	0.11	0.61	0.03	0.14	0.03	0.29	0.16	0.51	0.22	0.04	0.34	0.1	0.04	0.21	0.02	0.16	0.06	0.18	0.24	0.03	0.38	0.48	0.04	0.27	0	0.48	0.15	0.17	0.04	0.13	0.04	0.33	0.04	0.16	0.16	0.29	0.15	0.15	0.49	0.35	0.3	0.06	0.05	0.26	0.26	0.19	0.28	0.14	0.21	0.16	0.12	0.04	0.51	0.32	0.45	0.5	0.02	0.04	0.36	0.03	0.2
0.22	0.04	0.12	0.13	0.16	0.25	0.14	0.32	0.04	0.93	0.14	1.42	0.26	0.05	0.41	0.91	0.07	0.22	0.91	0.41	0.12	0.35	0.59	0.17	0.18	0.05	0.06	0	0.27	0.08	0.41	0.53	0.02	0.15	0.92	0.34	0.05	0.2	0.14	0.24	0.34	0.41	0.04	0.16	0.48	0.21	0.41	0.03	0.37	0.12	0.28	0.26	0.41	0.19	0.29	0.41	0.02	0.41	0.18	0.13	0.61	0.51	0.05	0.41	0.18	0.18	0.07	0.42	0.07	0.02	0.06	0.16	0.15	0.51	0.06	0.15	0.23	0.19	0.66	0.42	0.16	0.92	0.42	0.22	0.42	0.14	0.22	0.42	0.14	0.05	0.42	0.33	0.07	0.38	0.52	0.04	0.07	0.05	0.43
0.47	0.47	0.15	0.13	0.48	0.97	0.47	0.1	0.09	0.95	0.17	1.73	0.12	0.22	2.05	1.9	1.39	0.37	1.05	0.09	0.13	0.95	0.26	1.45	1.82	1.2	0.34	0.11	0.01	0.65	0.16	0.21	0.1	2.11	0.39	1.55	0.61	0.09	0.17	0.23	0.1	0.16	1.3	2.15	0.91	0.43	0.33	0.3	0.39	0.17	0.1	1.54	2.02	1.6	0.32	0.33	0.1	0.45	0.2	0.45	0.14	0.45	0.11	0.32	0.18	0.24	0.45	0.16	0.13	0.11	0.44	0.2	0.55	0.55	0.95	0.23	0.23	0.45	0.39	0.13	0.13	0.45	0.42	0.25	0.3	0.45	0.54	0.39	0.17	0.09	0.45	0.45	0.55	0.38	0.95	0.45	0.13	0.35	0.65
0.13	0.12	0.46	0.83	0.13	0.47	0.47	0.15	0.04	1.41	0.12	9.12	0.01	0.06	0.35	0.22	0.08	0.59	0.35	0.22	0.49	0.16	0.21	0.49	0.49	0.86	0.07	1	0.21	0	0.49	0.17	0.16	0.13	0.09	0.2	0.03	0.33	0.12	0.16	0.05	0.13	0.05	0.48	0.15	0.14	0.48	0.06	0.34	0.19	0.04	0.89	0.04	0.19	0.49	0.12	0.06	0.05	0.5	0.53	0.05	0.16	0.38	0.48	0.4	0.9	0.4	0.13	0.08	0.07	0.19	0.23	0.4	0.28	0.15	0.14	0.16	1.01	0.32	0.01	0.04	0.15	0	0.2	0.29	0.14	0.52	0.23	0.62	0.42	0.14	0.36	0.3	0.82	0.42	0.05	0.08	0.05	0.62
0.07	0.13	0.14	0.42	0.4	0.4	0.02	0.13	0.1	1	0.2	4.33	0.11	0.11	0.92	0.07	0.48	0.32	0.23	0.45	0.48	0.98	0.08	0.03	0.68	0.49	0.12	0.53	0.49	0.3	0	0.04	0.11	0.15	0.38	0.08	0.49	0.49	0.01	0.36	0.1	0.39	0.1	0.01	0.04	0.42	0.46	0.4	0.52	0.01	0.09	0.08	0.9	0.07	0.12	0.4	0.11	0.11	0.05	0.01	0.11	0.01	0.45	0.4	0.4	0.4	0.14	0.08	0.13	0.13	0.4	0.04	0.46	0.18	0.41	0.03	0.15	0.72	0.22	0.16	0.12	0.04	0.42	0.08	0.35	0.35	0.08	0.07	0	0.52	0.03	0.19	0.5	0.23	0.46	0.11	0.13	0.1	0.23
0.93	0.5	0.42	0.34	0.84	0.94	0.04	0.17	0.44	1.65	0.03	1.73	0.15	0.42	0.18	0.03	0.42	0.2	0.19	0.15	0.15	0.42	0.42	0.05	0.05	0.14	0.16	0.43	0.22	0.21	0.43	0	0.2	0.44	0.15	0.38	0.18	0.44	0.44	0.08	0.17	0.08	0.44	0.19	0.06	0.45	0.17	0.55	0.17	0.09	0.16	0.03	0.16	0.07	0.49	0.28	0.42	0.15	0	0.05	0.16	0.46	0.16	0.46	0.1	0.02	0.39	0.04	0.19	0.17	0.16	0.05	0.13	0.13	0.43	0.09	0.04	0.37	0.67	0.47	0.16	0.05	0.17	0.25	0.23	0.09	0.03	0.09	0.04	0.16	0.05	0.14	0.16	0.18	0.18	0.16	0.33	0.15	0.4
0.15	0.34	0.11	0.06	0.5	0.24	0.19	0.37	0.42	0.93	0.15	3.38	0.05	0.04	0.55	0.54	0.05	0.2	0.3	0.03	0.33	0.16	0.2	0.44	0.16	0.03	0.04	0.02	0.1	0.06	0.12	0.17	0	0.35	0.05	0.19	0.07	0.03	0.11	0.52	0.03	0.12	0.48	0.93	0.17	0.48	0.22	0.01	0.33	0.48	0.48	0.21	0.02	0.2	0.06	0.48	0.01	0.03	0.48	0.12	0.21	0.29	0.04	0.22	0.18	0.34	0.05	0.48	0.06	0.01	0.04	0.15	0.16	0.43	0.04	0.14	0.24	0.19	0.33	0.14	0.05	0.41	0.06	0.2	0.48	0.14	0.21	0.16	0.11	0.03	0.15	0.33	0.37	0.48	0.05	0.03	0.05	0.42	0.36
0.02	0.13	0.42	0.65	0	0.42	0.02	0.14	0.11	0.92	0.42	9.89	0.12	0.46	0.27	0.98	0.52	0.96	0.41	0.26	0.46	0.09	0.17	0.01	0.01	0.46	0.15	0.18	0.2	0.14	0.09	0.09	0.13	0	0.12	0.06	0.12	0.49	0.02	0.09	0.13	0.08	0.15	0.35	0.72	0.26	0.57	0.15	0.2	0.02	0.12	0.13	0.47	0.07	0.13	0.03	0.48	0.47	0.47	0.07	0.12	0.43	0.47	0.53	0.08	0.25	0.16	0.02	0.57	0.15	0.13	0.01	0.47	0.18	0.13	0.09	0.09	0.47	1	0.19	0.35	0.47	0.13	0.21	0.77	0.1	0.06	0.03	0.09	0.12	0.48	0.47	0.47	0.54	0.16	0.13	0.43	0.51	0.56
0.14	0.39	0.26	0.08	0.13	0.47	0.1	0.45	0.09	0.98	0.47	4.77	0.07	0.04	0.35	0.19	0.06	0.46	0.34	0.19	0.01	0.56	0.17	0.14	0.42	0.04	0.86	0.05	0.12	0.13	0.11	0.16	0.05	0.12	0	0.17	0.04	0.04	0.46	0.16	0.04	0.13	0.03	0.13	0.45	0.14	0.26	0.45	0.33	0.45	0.04	0.45	0.03	0.52	0.08	0.13	0.05	0.11	0.14	0.26	0.05	0.53	0.45	0.26	0.54	0.19	0.45	0.11	0.06	0.06	0.04	0.46	0.21	0.29	0.05	0.55	0.17	0.18	0.95	0.13	0.45	0.15	0.08	0.18	0.33	0.22	0.17	0.15	0.44	0.06	0.15	0.61	0.07	0.32	0.44	0.44	0.07	0.05	1.04
0.08	0.57	0.48	0.3	0.06	0.23	0.07	0.37	0.47	1.48	0.49	9.7	0.18	0.18	0.42	0.02	0.22	0.24	0.17	0.2	0.42	0.07	0.04	0.48	0.07	0.19	0.92	0.22	0.25	0.19	0.08	0.32	0.19	0.06	0.57	0	0.17	0.21	0.08	0.09	0.43	0.09	0.57	0.12	0.53	0.06	0.34	0.22	0.43	0.07	0.18	0.04	0.2	0.43	0.19	0.35	0.19	0.19	0.29	0.09	0.43	0.09	0.21	0.19	0.05	0.01	0.73	0.08	0.22	0.21	0.21	0.44	0.06	0.1	0.18	0.1	0.09	0.1	0.13	0.21	0.2	0.05	0.21	0	0.62	0.1	0.18	0.04	0.44	0.37	0.08	0.32	0.19	0.94	0.22	0.18	0.22	0.19	0.37
0.38	0.08	0.08	0.05	0.13	0.24	0.1	0.28	0.01	1.35	0.11	9.95	0.02	0.04	0.35	0.2	0.06	0.42	0.42	0.01	0.29	0.15	0.2	0.13	0.16	0.42	0.27	0.05	0.34	0.04	0.09	0.54	0.03	0.12	0.04	0.19	0	0.22	0.09	0.2	0.02	0.26	0.02	0.12	0.43	0.42	0.19	0.04	0.33	0.08	0	0.42	0.01	0.14	0.03	0.1	0.03	0.01	0.23	0.42	0.02	0.14	0.03	0.19	0.15	0.52	0.26	0.1	0.05	0.42	0.02	0.22	0.12	0.29	0.43	0.25	0.21	0.16	0.43	0.42	0.03	0.42	0.03	0.17	0.25	0.11	0.42	0.39	0.1	0.02	0.42	0.29	0.03	0.51	0.32	0.02	0.21	0.42	0.27
0.22	0.02	0.44	0.05	0.49	0.23	0.49	0.03	0.02	2.01	0.49	2.03	0.03	0.04	0.49	0.97	0.05	0.98	0.32	0.01	0.11	0.48	0.46	0.48	0.15	0.04	0.03	0.05	0.2	0.04	0.49	0.98	0.03	0.49	0.04	0.18	0	0	0.1	0.2	0.49	0.22	0.02	0.99	0.6	0.51	0.9	0.21	0.4	0.08	0.05	0.41	0.09	0.17	0.06	0.09	0.43	0.01	0.41	0.1	0.02	0.09	0.16	0.41	1.02	0.28	0.42	0.42	0.05	0.3	0.01	0.92	0.47	0.92	0.02	0.42	0.92	0.17	0.63	0.03	0.04	0.43	0.04	0.45	0.95	0.1	0.18	0.46	0.46	0.02	0.46	0.55	0.29	0.45	0.44	0.95	0.44	0.02	0.43
0.01	0.11	0.15	0.54	0.04	0.29	0.15	0.22	0.1	1.12	0.01	2.91	0.11	0.4	0.26	0.16	0.43	0.6	0.23	0.4	0.12	0.4	0.28	0.03	0.03	0.4	0.13	0.12	0.18	0.12	0.01	0.05	0.11	0.02	0.51	0.08	0.09	0.71	0	0.05	0.14	0.03	0.11	0	0.04	0.02	0.15	0.12	0.22	0.01	0.14	0.41	0.09	0.05	0.11	0	0.11	0.09	0.05	0.01	0.1	0.17	0.14	0.14	0.42	0.14	0.14	0.3	0.13	0.43	0.1	0.03	0.16	0.18	0.23	0.04	0.24	0.08	0.2	0.25	0.1	0.18	0.43	0.08	0.17	0.03	0.08	0.05	0.01	0.11	0.2	0.18	0.11	0.22	0.13	0.43	0.37	0.48	2.85
0.1	0.21	0.2	1.15	0.1	0.32	0.1	0.42	0.22	0.98	0.03	4.29	0.15	0.21	0.27	0.12	0.26	0.6	0.24	0.21	0.2	0.03	0.43	0.34	0.09	0.21	0.23	0.23	3.54	0.16	0.6	0.04	0.23	0.09	0.16	0.09	0.21	0.61	0.04	0	0.23	0.16	0.22	0.97	0.38	0.09	0.6	0.26	0.24	0.04	0.2	0.05	0.58	0.06	0.16	0.05	0.21	0.23	0.04	0.04	0.49	0.34	0.22	0.23	0.01	0.05	0.23	0.1	0.24	0.22	0.55	0.09	0.09	0.21	0.55	0.03	0.42	0.08	0.42	0.15	0.23	0	0.51	0.09	0.5	0.03	0.4	0.06	0.04	0.2	0.43	0.21	0.19	0.22	0.83	0.22	0.56	0.4	0.65
0.12	0.02	0.5	0.53	0.16	0.5	0.4	0.04	0.41	1.37	0.14	2.51	0.04	0.04	0.38	0.21	0.05	0.19	0.27	0.36	0.5	0.5	0.57	0.15	0.4	0.04	0.04	0.05	0.11	0.73	0.3	0.16	0.41	0.13	0.04	0.2	0.41	0.02	0.1	0.4	0	0.12	0.01	0.12	0.41	0.51	0.2	0.04	1.02	0.1	0.51	0.42	0.01	0.17	0.05	0.1	0.04	0.11	0.92	0.1	0.04	0.37	0.03	0.42	0.16	0.32	0.04	0.13	0.05	0.42	0.03	0.55	0.13	0.5	0.24	0.13	0.21	0.34	0.33	0.4	0.16	0.28	0.05	0.2	0.27	0.13	0.21	0.18	0.46	0.03	0.15	0.66	0.05	0.96	0.05	0.46	0.05	0.01	0.81
0.03	0.12	0.45	0.95	0.09	0.97	0.03	0.12	0.2	1.07	0.02	1.41	0.11	0.48	0.22	0.06	0.51	0.43	0.34	0.76	0.14	0.48	0.48	0.04	0.04	0.49	0.13	0.14	0.16	0.92	0.42	0.07	0.12	0.26	0.13	0.09	0.1	0.1	0.03	0.03	0.11	0	0.12	0.05	0.17	0.32	0.2	0.49	0.23	0.03	0.32	0.08	0.1	0.07	0.13	0.04	0.53	0.11	0.08	0.86	0.28	0.49	0.14	0.6	0.02	0.08	0.13	0.03	0.17	0.13	0.12	0.04	0.47	0.18	0.12	0.01	0.4	0.46	0.4	0.4	0.4	0.38	0.44	0.09	0.2	0.01	0.4	0.08	0.03	0.41	0.04	0.18	0.12	0.65	0.15	0.34	0.15	0.42	0.68
0.61	0.01	0.09	0.05	0.13	0.23	0.13	0.02	0.02	0.83	0.12	1.28	0.04	0.04	0.36	0.42	0.04	0.34	0.22	0.02	0.08	0.47	0.19	0.14	0.14	0.03	0.03	0.04	0.47	0.05	0.1	0.17	0.03	0.22	0.03	0.2	0.02	0.33	0.11	0.48	0.01	0.12	0	0.12	0.23	0.48	0.24	0.03	0.48	0.1	0.42	0.2	0.4	0.48	0.05	0.11	0.02	0.01	0.17	0.11	0.03	0.26	0.03	0.21	0.14	0.17	0.04	0.14	0.04	0.03	0.03	0.14	0.48	0.48	0.03	0.48	0.52	0.42	0.41	0.48	0.37	0.47	0.35	0.2	0.34	0.75	0.19	0.53	0.1	0.03	0.3	0.3	0.04	0.33	0.04	0.02	0.04	0.01	0.4
0.03	0.15	0.45	0.75	0.04	0.45	0.03	0.45	0.14	0.83	0.03	0.49	0.11	0.48	0.28	0.12	0.17	0.46	0.25	0.14	0.48	0.06	0.5	0.07	0.07	0.16	0.48	0.36	0.16	0.11	0.12	0.07	0.15	0.04	0.12	0.16	0.49	0.11	0	0.49	0.19	0.39	0.13	0	0.06	0.05	0.5	0.16	0.59	0.04	0.5	0.1	0.11	0.08	0.21	0	0.26	0.13	0.07	0.01	0.5	0.5	0.15	0.17	0.06	0.07	0.4	0.05	0.17	0.2	0.13	0.06	0.24	0.19	1.01	0.05	0.12	0.09	0.22	0.21	0.16	0.4	0.11	0.1	0.23	0.04	0.39	0.41	0.02	0.16	0.05	0.23	0.91	0.25	0.25	0.39	0.15	0.41	0.87
0.03	0.14	0.48	0.18	0.02	0.3	0.03	0.49	0.14	1.28	0.03	3.6	0.76	0.97	0.49	0.61	0.19	0.47	0.46	0.14	0.15	0.56	0.46	0.01	0.03	0.46	0.15	0.16	0.25	0.46	0.47	0.06	0.46	0.01	0.14	1.24	0.48	0.98	0.05	0.47	0.48	0.77	0.17	0.06	0.02	0.46	0.46	1.17	0.22	0.04	0.14	0.09	0.15	0.06	0.46	0.46	0.46	0.16	0.05	0.66	0.15	0.04	0.47	0.46	0.05	0.45	0.16	0.03	0.32	0.18	0.95	0.01	0.15	0.44	0.13	0.54	0.1	0.06	0.74	0.44	0.36	0.44	0.15	0.08	0.43	0.05	0.45	0.44	0.04	0.53	0.01	0.19	0.14	0.42	1.02	0.14	0.42	0.14	0.41
0.03	0.25	0.18	0.29	0.08	0.31	0.02	0.14	0.13	1.07	0.02	11.7	0.12	0.43	0.43	0.12	0.15	0.53	0.25	0.13	0.16	0.09	0.43	0.01	0.43	0.13	0.43	0.34	0.46	0.44	0.15	0.09	0.13	0	0.14	0.06	0.45	0.65	0.02	0.45	0.15	0.56	0.15	0.05	0.01	0	0.46	0.55	0.46	0.23	1.07	0.15	0.12	0.46	0.36	0.02	0.46	0.29	0.1	0.47	0.12	0.97	0.15	0.15	0.96	0.76	0.46	0.26	0.16	0.14	0.14	0.61	0	0.58	0.12	0.1	0.46	0.42	0.58	0.17	0.14	0.08	0.13	0.57	0.47	0.1	0.46	0.25	0.1	0.14	0.01	0.4	0.48	0.3	0.47	0.13	0.16	0.16	1.12
0.47	0.27	0.31	0.47	0.15	0.42	0.47	0.6	0.47	1.28	0.15	2.21	0.57	0.23	0.67	0.47	0.5	0.66	0.35	0.19	0.48	0.5	0.48	0.15	0.14	0.59	0.58	0.39	0.98	0.48	0.15	0.48	0.22	0.48	0.5	0.19	0.19	0.57	0.41	0.23	0.2	0.21	0.2	0.18	0.49	0.15	0	0.5	0.33	0.41	0.5	0.2	0.5	0.18	0.55	0.15	0.61	0.2	0.42	0.16	0.21	0.16	0.22	0.01	0.38	2.09	0.23	0.15	0.41	0.41	0.2	0.51	0.15	0.36	0.21	0.22	0.41	0.31	0.61	0.62	0.23	0.22	0.22	0.2	0.07	0.42	0.19	0.17	0.42	0.21	0.42	0.45	0.62	0.35	0.38	0.31	0.48	0.42	0.5
0.53	0.03	0.09	0.06	0.14	0.6	0.14	0.11	0.04	0.09	0.16	1.1	0.45	0.04	0.39	0.48	0.05	0.99	0.31	0.26	0.49	0.25	0.34	0.97	0.55	0.03	0.04	0.04	0.1	0.47	0.47	0.45	0.17	0.15	0.05	0.48	0.04	0.61	0.12	0.23	0.99	0.49	0.03	0.49	0.17	0.14	0.49	0.4	0.37	0.31	0.3	0.4	0.03	0.17	0.06	0.5	0.01	0.03	0.16	0.14	0.04	0.47	0.04	0.51	0.41	0.16	0.05	0.42	0.08	0.02	0.05	0.16	0.4	0.43	0.04	0.13	0.22	1.15	0.34	0.33	0.43	0.25	0.06	0.21	0.28	0.42	0.37	0.44	0.64	0.03	0.17	0.45	0.06	0.36	0.06	0.03	0.45	0.04	0.21
0.22	0.33	0.4	0.73	0.43	1	0.43	0.35	0.33	2.29	0.22	1.12	0.33	0.33	0.06	0.49	0.35	0.32	0.32	0.74	0.49	0.22	0.58	0.21	0.22	0.4	0.35	0.59	0.38	1	0.49	0.17	0.35	0.2	0.95	0.49	0.44	0.38	0.59	0.37	0.51	0.47	0.35	0.24	0.59	0.2	0.59	0.34	0	0.22	0.32	0.56	0.32	0.49	0.64	0.22	0.44	0.49	0.17	0.43	0.32	0.49	0.37	0.33	0.37	0.15	0.49	0.47	0.49	0.35	0.36	0.21	0.2	0.49	0.32	0.25	0.24	0.25	0.02	0.49	0.33	0.19	0.52	0.51	0.73	0.49	0.15	0.5	0.5	0.4	0.57	0.26	0.33	0.47	0.37	0.63	0.55	0.67	0.4
0.96	0.38	0.41	0.13	0.04	0.41	0.02	0.48	0.56	0.92	0.02	9.81	0.18	0.09	0.47	0.09	0.12	0.48	0.23	0.08	0.48	0.03	0.05	0.04	0.04	0.09	0.35	0.48	0.48	0.47	0.02	0.05	0.11	0.02	0.67	0.49	0.14	0.28	0.2	0.04	0.11	0.02	0.1	0.31	0.89	0.06	0.18	0.51	0.22	0	0.42	0.08	0.09	0.04	0.19	0.03	0.49	0.09	0.43	0.13	0.5	0.15	0.1	0.26	0.04	0.08	0.4	0.4	0.14	0.34	0.09	0.4	0.03	0.2	0.1	0.04	0.41	0.08	0.41	0.41	0.41	0.41	0.43	0.07	0.14	0.41	0.34	0.09	0	0.18	0.27	0.41	0.18	0.39	0.13	0.91	0.28	0.41	0.22
0.99	0.02	0.08	0.06	0.49	0.99	0.48	0.05	0.02	1.14	0.44	3.8	0.42	0.04	0.92	0.21	0.05	0.18	0.24	0.02	0.1	0.15	0.28	0.99	0.45	0.03	0.08	0.43	0.1	0.04	0.41	0.51	0.45	0.12	0.12	0.54	0.02	0.01	0.34	0.45	0.55	0.23	0.02	0.46	0.63	0.44	0.52	0.43	0.42	0.09	1	0.41	0.41	0.16	0.03	0.1	0.29	0.06	0.44	0.43	0.43	0.42	0.04	0.2	0.43	0.14	0.05	0.9	0.05	0.41	0.41	0.41	0.13	0.41	0.41	0.1	0.91	0.4	0.39	0.03	0.04	0.49	0.03	0.5	0.56	0.11	0.48	0.15	0.98	0.03	0.16	0.58	0.49	0.47	0.06	0.03	0.05	0.03	0.55
0.34	0.45	0.22	0.26	0.66	0.46	0.08	0.21	0.2	0.2	0.07	0.79	0.2	0.19	0.18	0.03	0.22	0.22	0.17	0.47	0.21	0.07	0.01	0.09	0.09	0.47	0.21	0.22	1.3	0.22	0.08	0.37	0.19	0.13	0.49	0.04	0.17	0.18	0.09	0.06	0.69	0.09	0.2	0.1	0.1	0.13	0.21	0.58	0.18	0.07	0.49	0	0.69	0.11	0.21	0.08	0.2	0.19	0.03	0.09	0.39	0.22	0.2	0.6	0.05	0.03	0.21	0.08	0.24	0.21	0.21	0.37	0.35	0.14	0.51	0.09	0.05	1.22	0.17	0.19	0.21	0.1	0.42	0.04	0.41	0.09	0.35	0.42	0.08	0.24	0.08	0.42	0.56	0.52	0.27	0.42	0.24	0.2	0.19
0.12	0.43	0.09	0.04	0.15	0.23	0.43	0.4	0.23	0.91	0.13	4.01	0.41	0.03	0.97	0.47	0.04	0.33	0.25	0.01	0.47	0.15	0.25	0.14	0.16	0.03	0.02	0.04	0.09	0.05	0.39	0.47	0.16	0.12	0.03	0.21	0.23	0.98	0.48	0.29	0.01	0.11	0	0.13	0.15	0.14	0.19	0.03	1.48	0.09	0.48	0.18	0	0.15	0.04	0.11	0.11	0.01	0.16	0.49	0.03	0.46	0.02	0.2	0.14	0.15	0.03	0.12	0.04	0.03	0.02	0.14	0.34	0.26	0.02	0.12	0.2	0.56	0.31	0.03	0.04	0.15	0.4	0.4	0.25	0.26	0.2	0.15	0.11	0.4	0.14	0.29	0.34	1.16	0.27	0.01	0.04	0.18	0.52
0.05	0.5	0.23	0.22	0.1	0.35	0.07	0.22	0.19	1.14	0.43	5.01	0.49	0.77	0.57	0.96	0.17	0.28	0.58	0.16	0.18	0.06	0.5	0.08	0.11	0.19	0.17	0.39	0.24	0.17	0.07	0.09	0.53	0.47	0.17	0.09	0.14	0.9	0.06	0.06	0.15	0.12	0.17	0.09	0.08	0.07	0.18	0.2	0.37	0.06	0.18	0.44	0.18	0	0.17	0.07	0.18	0.16	0.07	0.06	0.21	0.7	0.18	0.17	0.06	0.1	0.18	0.4	0.91	0.19	0.18	0.06	0.08	0.26	0.19	0.08	0.2	0.27	0.24	0.17	0.17	0.19	0.35	0.19	0.21	0.08	0.27	0.41	0.06	0.16	0.06	0.22	0.43	0.42	0.18	0.18	0.19	0.38	1.46
0.13	0.05	0.11	0.08	0.13	0.42	0.42	0.06	0.04	1.38	0.43	0.48	0.01	0.06	0.46	0.55	0.78	0.21	1.99	0.04	0.13	0.48	0.21	0.43	0.48	0.05	0.23	0.07	1.38	0.12	0.12	0.16	0.06	0.13	0.42	0.19	0.39	0.03	0.11	0.16	0.06	0.12	0.05	0.12	0.28	1.39	0.59	0.08	0.34	0.18	0.33	0.21	0.04	0.18	0	0.12	0.34	0.04	0.16	0.46	0.05	0.61	0.63	0.22	0.15	0.49	0.08	0.13	0.35	0.07	0.05	0.69	0.26	0.64	0.04	0.53	0.34	0.18	0.31	0.17	0.03	0.17	0.49	0.43	0.28	0.14	0.19	0.55	0.59	0.34	0.14	0.49	0.04	0.34	0.08	0.05	0.07	0.33	0.9
0.02	0.12	0.14	0.13	0.03	0.55	0.54	0.11	0.09	2.56	0.01	0.41	0.11	0.12	0.56	0.41	0.45	0.26	0.24	0.5	0.13	0.35	0.09	0.03	0.03	0.46	0.11	0.14	0.46	0.12	0.01	0.08	0.46	0.02	0.64	0.08	0.09	0.23	0	0.05	0.1	0.04	0.46	0.02	0.04	0.02	0.47	0.15	0.47	0.04	0.11	0.08	0.48	0.08	0.12	0	0.46	0.1	0.27	0.01	0.11	0.19	0.19	0.48	0.14	0.08	0.14	0.02	0.49	0.13	0.11	0.48	0.02	0.18	0.1	0.04	0.35	0.07	0.49	0.49	0.13	0.04	0.49	0.08	0.21	0.03	0.08	0.08	0.01	0.49	0.59	0.29	0.11	0.43	0.14	0.1	0.32	0.49	0.46
0.42	0.39	0.11	0.19	0.52	0.43	0.15	0.42	0.02	0	0.12	8.61	0.05	0.03	0.43	0.43	0.32	0.5	0.43	0.03	0.43	0.15	0.19	0.15	0.54	0.1	0.07	0.02	0.1	0.19	0.54	0.44	0.01	0.43	0.05	0.2	0.45	0.06	0.11	0.35	0.03	0.14	0.03	0.51	0.16	0.2	0.22	0.01	0.34	0.11	0.08	0.48	0.02	0.48	0.06	0.15	0	0.03	0.17	0.12	0.04	0.12	0.03	0.22	0.35	0.16	0.04	0.12	0.05	0.01	0.04	0.49	0.13	0.31	0.04	0.15	0.21	0.56	0.68	0.44	0.05	0.14	0.45	0.49	0.45	0.14	0.2	0.41	0.12	0.03	0.49	0.49	0.05	0.35	0.21	0.48	0.05	0.03	0.57
0.12	0.02	0.09	0.05	0.48	0.23	0.36	0.48	0.23	1.17	0.35	3.01	0.04	0.04	0.44	0.21	0.25	0.19	0.27	0.02	0.45	0.16	0.19	0.14	0.14	0.03	0.03	1.93	0.45	0.32	0.1	0.28	0.03	0.15	0.04	0.19	0.01	0.34	0.16	0.22	0.01	0.11	0.01	0.5	0.26	0.13	0.2	0.15	0.34	0.09	0.02	0.18	0	0.18	0.2	0.5	0.03	0	0.17	0.4	0.03	0.4	0.2	0.2	0.34	0.4	0.04	0.13	0.04	0.4	0.4	0.25	0.14	0.27	0.03	0.5	0.24	0.41	0.32	0.41	0.04	0.16	0.05	0.91	0.41	0.12	0.41	0.19	0.11	0.42	0.14	0.31	0.04	0.35	0.04	0.02	0.04	0.02	0.59
0.04	0.17	1.06	0.18	0.1	0.25	0.04	0.49	0.46	1.29	0.03	0.47	0.42	0.14	0.18	0.03	0.32	0.33	0.19	0.47	0.39	0.19	0.05	0.24	0.06	0.15	0.47	0.19	0.21	0.17	0.37	0	0.17	0.48	0.15	0.47	0.48	0.68	0.32	0.04	0.16	0.49	0.4	0.08	0.05	0.49	0.17	0.89	0.19	0.21	0.61	0.03	0.49	0.08	0.16	0.06	0.41	0.15	0	0.05	0.4	0.06	0.16	0.91	0.4	0.17	0.19	0.4	0.41	0.17	0.16	0.05	0.09	0.41	0.43	0.08	0.04	0.03	0.41	0.51	0.16	0.03	0.41	0.03	0.23	0.41	0.03	0.09	0.15	0.14	0.05	0.41	0.16	0.18	0.18	0.17	0.17	0.42	0.48
0.03	0.21	0.14	0.48	0.11	0.54	0.29	0.13	0.11	0.14	0.34	5.89	0.11	0.1	0.23	0.08	0.16	0.72	0.23	0.45	0.13	0.04	0.21	0.45	0.04	0.11	0.14	0.15	0.46	0.13	0.01	0.05	0.14	0.47	0.12	0.09	0.08	0.14	0.01	0.04	0.47	0.18	0.46	0.01	0.04	0.1	0.46	0.12	0.23	0.01	0.46	0.09	0.11	0.07	0.42	0.01	0.11	0.12	0.05	0	0.22	0.02	0.12	0.45	0.43	0.12	0.13	0.02	0.45	0.47	0.09	0.04	0.1	0.31	0.09	0.04	0.43	0.45	0.23	0.45	0.12	0.04	0.12	0.09	0.45	0.04	0.09	0.08	0.28	0.45	0.45	0.2	0.12	0.42	0.45	0.11	0.13	0.11	0.64
0.45	0.02	0.55	0.55	0.12	1.01	0.1	0.03	0.02	1.52	0.45	0.56	0.04	0.01	0.37	0.2	0.11	0.35	0.34	0.03	0.12	0.15	0.18	0.14	0.16	0.02	0.04	0.23	0.74	0.05	0.12	0.14	0.04	0.12	0.05	0.23	0.03	0.29	0.46	0.2	0.44	0.19	0.03	0.13	0.19	0.13	0.21	0.04	0.46	0.35	0.05	0.18	0.03	0.17	0.04	0.11	0.03	0.04	0.14	0.1	0	0.17	0.04	0.21	0.48	0.16	0.05	0.12	0.06	0.04	0.04	0.14	0.37	0.49	0.01	0.12	0.21	0.18	0.3	0.08	0.25	0.4	0.04	0.19	0.27	0.11	0.19	0.21	0.43	0.02	0.13	0.29	0.34	0.33	0.07	0.16	0.06	0.21	0.2
0.02	0.45	0.49	0.45	0.03	0.45	0.02	0.11	0.45	1.65	0.02	7.2	0.47	0.47	0.47	0.47	0.47	0.97	0.24	0.49	0.46	0.05	0.1	0.04	0.04	0.46	0.13	0.13	1.46	0.96	0.45	0.95	0.62	0.02	0.42	0.45	0.45	0.56	0.01	0.05	0.46	0.04	0.45	0.01	0.45	0.03	0.45	0.44	1.45	0.01	0.44	0.1	0.44	0.44	0.12	0	0.94	0.43	0.93	0.02	0.63	0.01	0.42	0.42	0.42	0.08	0.91	0.42	0.42	1.32	0.42	0.92	0.41	0.41	0.17	0.41	0.41	0.41	0.4	0.11	0.41	0.05	1.01	1	0.6	0.04	1	0.08	0.01	2	0.03	0.49	0.5	0.24	1.49	0.49	0.18	0.49	0.98
0.13	0.03	0.49	0.02	0.14	0.2	0.33	0.04	0.03	0.49	0.34	4.64	0.41	0.03	0.37	0.22	0.29	0.2	0.28	0.03	0.5	0.17	0.2	0.26	0.16	0.4	0	0.2	0.11	0.07	0.46	0.4	0.04	0.15	0.05	0.2	0.04	0.03	0.13	0.36	0.03	0.46	0.39	0.16	0.15	0.46	0.42	0.45	0.37	0.29	0.04	0.22	0.02	0.22	0.45	0.11	0.38	0.03	0.18	0.46	0.04	0.96	0	0.22	0.18	0.29	0.01	0.27	0.02	0.04	0.04	0.15	0.46	0.29	0.04	0.47	0.66	0.56	0.59	0.41	0.05	0.18	0.06	0.46	0.96	0.46	0.56	0.43	0.46	0.04	0.28	0.47	0.41	0.62	0.02	0.03	0.19	0.03	0.27
0.22	0.21	0.44	0.23	0.4	0.63	0.15	0.4	0.21	0.22	0.15	4.28	0.22	1.64	0.64	0.82	0.23	0.43	0.35	0.26	0.29	0.16	0.38	0.44	0.14	0.44	0.22	0.54	1.49	0.23	0.44	0.17	0.22	0.13	0.24	1.03	0.36	0.42	0.15	0.21	0.56	0.2	0.21	0.55	0.15	0.45	0.15	0.34	0.35	0.15	0.37	0.45	0.2	0.18	0.22	0.15	0.5	0.2	0.17	0.16	0.24	0.16	0.45	0	0.19	0.2	0.23	0.15	0.45	0.23	0.2	0.46	0.13	0.35	0.21	0.48	0.21	0.18	0.61	0.3	0.49	0.21	0.22	0.18	0.46	0.86	0.19	0.18	0.56	0.21	0.12	0.3	0.62	0.35	0.23	0.21	0.23	0.21	0.34
0.32	0.86	0.46	0.18	0.09	0.56	0.03	0.15	0.16	1.19	0.56	3.27	0.15	0.13	0.19	0.04	0.28	0.23	0.21	0.5	0.6	0.03	0.05	0.04	0.4	0.5	0.15	0.37	1.41	0.16	0.4	0.04	0.54	0.06	0.15	0.05	0.22	0.16	0.04	0.25	0.2	0.02	0.16	0.06	0.15	0.41	0.18	0.18	0.2	0.04	1.02	0.05	0.16	0.41	0.53	0.04	0.38	0.16	0.04	0.41	0.47	0.22	0.15	0.23	0	0.42	0.18	0.04	0.19	0.41	0.16	0.05	0.15	0.19	0.15	0.41	0.01	0.15	0.19	0.41	0.14	0.05	0.42	0.41	0.18	0.41	0.05	0.06	0.04	0.42	0.04	0.17	0.15	0.82	0.18	0.14	0.36	0.2	0.2
0.07	1.32	0.42	0.19	0.06	0.22	0.46	0.16	0.18	1.02	0.06	0.48	0.18	0.27	0.66	0.07	0.46	0.29	0.17	0.25	0.19	0.05	0.31	0.07	0.07	0.32	0.46	0.24	0.24	0.19	0.07	0.17	0.16	0.06	0.18	0.01	0.14	0.15	0.07	0.05	0.47	0.47	0.17	0.07	0.07	0.2	0.47	0.17	0.48	0.08	0.42	0.03	0.15	0.09	0.57	0.07	0.16	0.16	0.47	0.07	0.28	0.48	0.17	0.48	0.61	0	0.18	0.07	0.78	0.17	0.68	0.07	0.06	0.12	0.16	0.11	0.48	0.09	0.16	0.48	0.45	0.07	0.35	0.98	0.16	0.07	0.29	0.05	0.08	0.18	0.07	0.1	0.18	0.14	0.19	0.16	0.19	0.19	0.2
0.15	0.04	0.12	0.2	0.16	0.21	0.17	0.05	0.04	0.67	0.14	13.2	0.07	0.05	0.4	0.24	0.03	0.25	1.73	0.04	0.14	0.46	0.21	0.17	0.45	0.05	0.27	0.06	1.5	0.08	0.15	0.2	0.05	0.15	0.06	0.21	0.18	0.05	0.14	0.46	0.33	0.46	0.04	0.18	0.56	0.15	0.23	0.14	0.38	0.46	0.28	0.21	0.12	0.22	0.07	0.18	0.05	0.1	0.17	0.46	0.05	1.46	0.02	0.46	0.18	0.18	0	0.3	0.01	0.05	0.05	0.17	0.55	0.3	0.36	0.17	0.23	0.3	0.96	0.07	0.06	0.16	0.27	0.2	0.29	0.16	0.21	0.2	0.56	0.05	0.17	0.33	0.07	0.37	0.24	0.12	0.03	0.04	0.22
0	0.45	0.15	0.56	0.02	0.31	0	0.15	0.12	1.12	0.01	1.57	0.12	0.1	0.26	0.1	0.14	0.43	0.23	0.44	0.17	0.04	0.08	0.43	0.03	0.2	0.43	0.53	0.34	0.12	0.02	0.05	0.15	0.02	0.11	0.08	0.44	0.19	0.01	0.43	0.43	0.13	0.11	0.07	0.43	0.4	0.43	0.13	0.22	0.02	0.43	0.08	0.11	0.05	0.12	0.02	0.45	0.12	0.43	0.02	0.12	0.34	0.43	0.15	0.28	1.99	0.15	0	0.16	0.33	0.93	0.2	0.02	0.18	0.11	0.44	0.1	0.06	0.2	0.44	0.13	0.03	0.13	0.07	0.21	0.03	0.08	0.05	0.02	0.11	0.03	1.15	0.12	0.23	0.45	0.12	0.49	0.11	0.45
0.16	0.46	0.13	0.47	0.15	0.29	0.47	0.05	0.05	0.4	0.23	5.73	0.48	0.05	0.56	0.59	0.03	0.78	0.59	0.39	0.33	0.17	0.23	0.16	0.18	0.4	0.03	0.15	0.38	0.43	0.41	0.41	0.31	0.15	0.12	0.21	0.42	0.42	0.47	0.42	0.05	0.14	0.05	0.17	0.25	0.26	0.93	0.06	0.38	0.13	0.44	0.21	0.04	0.19	0.08	0.95	0.05	0.05	0.21	0.54	0.45	0.58	0.04	0.23	0.54	0.46	0.01	0.16	0	0.06	0.06	0.17	0.22	0.31	0.35	0.17	0.25	0.2	0.63	0.08	0.07	0.19	0.26	0.22	0.35	0.16	0.49	0.19	0.13	0.05	0.17	0.43	0.13	0.36	0.12	0.41	0.42	0.05	0.29
0.25	0.76	0.2	0.17	0.17	0.25	0.34	0.59	0.41	0.88	0.15	1.03	0.06	0.04	0.96	0.23	0.06	0.21	0.31	0.04	0.11	0.46	0.22	0.31	0.5	0.04	0.05	0.02	0.46	0.07	0.32	0.17	0.01	0.47	0.14	0.46	0.04	0.87	0.27	0.23	0.04	0.47	0.03	0.25	0.24	0.17	0.22	0.02	0.39	0.12	0.11	0.23	0.38	0.47	0.35	0.11	0.02	0.04	0.18	0.14	0.04	0.82	0.04	0.23	0.17	0.26	0.06	0.14	0.06	0	0.12	0.15	0.14	0.29	0.19	0.13	0.23	0.42	0.68	1.79	0.06	0.19	0.07	0.55	0.51	0.48	0.21	0.17	0.12	0.04	0.16	0.48	0.06	0.35	0.18	0.03	0.17	0.03	0.21
0.49	0.31	0.43	0.42	0.47	0.24	0.13	0.21	0.03	0.87	0.13	2.66	0.12	0.24	0.42	0.52	0.06	0.19	0.24	0.01	0.11	0.18	0.42	0.15	0.52	0.05	0.04	0.06	0.75	0.05	0.11	0.17	0.04	0.13	0.27	0.43	0.02	0.01	0.43	0.63	0.03	0.11	0.43	0.13	1.03	0.14	0.93	0.05	0.35	0.29	0.43	0.19	0.02	0.17	0.78	0.1	0.04	0.02	0.19	0.41	0.04	0.97	0.04	0.24	0.43	0.53	0.05	0.13	0.06	0.05	0	0.53	0.3	0.26	0.03	0.12	0.21	0.51	0.7	0.04	0.44	0.44	0.05	0.54	0.26	0.11	0.22	0.23	0.1	0.4	0.29	0.32	0.44	0.65	0.06	0.18	0.42	0.03	0.47
0.03	0.15	0.47	0.33	0.02	0.3	0.03	0.21	0.47	1.47	0.03	1.68	0.13	0.13	0.25	0.2	0.77	0.47	0.24	0.14	0.16	0.05	0.47	0.01	0.03	0.13	0.15	0.17	1.66	0.47	0.04	0.05	0.16	0.01	0.15	0.09	0.48	0.15	0.17	0.09	0.48	0.04	0.31	0.06	0	0.24	0.14	0.23	0.22	0.1	0.38	0.49	0.14	0.06	0.14	0.03	0.14	0.16	0.15	0.04	0.13	0.37	0.15	0.14	0.05	0.07	0.17	0.4	0.4	0.15	0.15	0	0.01	0.31	0.13	0.05	0.1	0.68	0.42	0.14	0.42	0.04	0.15	0.42	0.19	0.05	0.09	0.04	0.42	0.13	0.01	0.63	0.41	0.23	0.18	0.14	1.13	0.49	0.22
0.02	0.13	0.19	0.45	0	0.31	0.02	0.62	0.11	2.04	0.02	6.19	0.12	0.13	0.27	0.13	0.47	0.23	0.22	0.49	0.47	0.09	0.5	0.87	0.01	0.13	0.15	0.18	0.48	0.14	0.25	0.09	0.15	0	0.14	0.06	0.49	0.26	0.09	0.09	0.15	0.43	0.49	0.04	0.01	0	0.15	0.53	0.32	0.04	0.12	0.49	0.49	0.07	0.13	0.37	0.14	0.14	0.17	0.48	0.48	0.25	0.15	0.48	0.09	0.06	0.15	0.48	0.49	0.14	0.42	0.01	0	0.18	0.49	0.09	0.49	0.31	0.49	0.5	0.41	0.66	0.13	0.35	0.15	0.49	0.06	0.09	0.09	0.12	0.13	0.49	0.5	0.22	0.15	1.5	0.15	0.14	0.4
0.54	0.64	0.29	0.66	0.18	0.11	0.49	0.3	0.26	1.03	0.19	7.4	0.47	0.84	0.44	0.13	0.3	0.44	0.05	0.4	0.33	0.55	0.15	0.45	0.19	0.28	0.42	0.36	1.96	0.29	0.18	0.46	0.27	0.18	0.29	0.45	0.29	0.75	0.18	0.2	0.27	0.18	0.66	0.2	0.45	0.18	0.36	0.38	0.46	0.2	0.32	0.71	0.66	0.24	0.57	0.19	0.48	0.27	0.13	0.39	0.88	0.22	0.29	0.33	0.19	0.12	0.67	0.18	0.3	0.39	0.28	0.19	0.34	0	0.48	0.58	0.2	0.51	0.98	0.48	0.28	0.18	0.48	0.1	0.35	0.48	0.58	0.15	0.19	0.26	0.48	0.06	0.75	0.03	1.19	0.28	0.49	0.33	0.24
0.19	0.02	0.31	0.46	0.13	0.97	0.46	0.03	0.02	0.65	0.11	0.97	0.03	0.02	0.37	0.47	0.05	0.22	0.34	0.02	0.11	0.14	0.47	1.38	0.16	0.02	0.04	0.1	0.47	0.79	0.1	0.48	0.04	0.19	0.05	0.18	0.01	0.24	0.48	0.21	0.03	0.12	0.03	0.11	0.49	0.13	0.59	0.04	0.49	0.49	0.02	0.18	0.49	0.16	0.35	0.1	0.03	0.03	1.05	0.5	0.25	0.9	0.04	0.21	0.4	0.16	0.05	0.27	0.61	0.05	0.12	0.15	0.33	0.61	0	0.48	0.23	0.51	0.31	0.16	0.04	0.46	0.04	0.18	0.42	0.19	0.41	0.16	0.41	0.02	0.14	0.66	0.11	0.92	0.46	0.42	0.06	0.03	0.19
0.04	0.4	0.22	0.44	0.09	0.31	0.42	0.13	0.12	1.31	0.52	0.57	0.18	0.13	0.23	0.08	0.49	0.4	0.22	0.21	0.18	0.04	0.7	0.36	0.05	0.12	0.16	0.15	0.58	0.14	0.03	0.09	0.13	0.1	0.18	0.26	0.11	0.48	0.04	0.04	0.22	0.22	0.46	0.07	0.09	0.1	0.53	0.16	0.47	0.25	0.34	0.09	0.12	0.37	0.29	0.04	0.14	0.23	0.38	0.03	0.11	0.08	0.13	0.21	0.03	0.15	0.28	0.41	0.14	0.41	0.12	0.05	0.37	0.44	0.25	0	0.04	0.2	0.45	0.13	0.15	0.44	0.13	0.1	0.39	0.15	0.1	0.09	0.04	0.87	0.3	0.19	0.24	0.55	0.75	0.11	0.44	0.39	0.25
0.1	0.2	0.2	1.47	0.09	0.7	0.1	0.21	0.19	1.93	0.03	2.42	0.42	0.21	0.67	0.11	0.92	0.42	0.23	0.22	0.25	0.03	0.66	0.09	0.22	0.46	0.22	0.23	0.55	0.16	0.04	0.04	0.21	0.09	0.17	0.09	0.6	0.23	0.05	0	0.21	0.03	0.48	0.12	0.48	0.43	0.23	0.49	0.55	0.15	0.2	0.43	0.22	0.06	0.41	0.05	0.23	0.22	0.16	0.04	0.21	0.45	0.62	0.21	0.01	0.32	0.54	0.1	0.64	0.24	0.21	0.09	0.44	0.2	0.49	0.04	0	0.33	0.22	0.48	0.21	0.04	0.16	0.09	0.23	0.4	0.4	0.06	0.4	0.2	0.09	0.6	0.16	0.45	0.23	0.21	0.41	0.21	0.24
1.45	0.18	0.22	0.44	0.44	0.38	0.06	0.19	0.94	1.24	0.74	2.18	0.48	0.17	0.58	0.04	0.99	0.49	0.18	0.48	0.19	0.06	0.05	0.06	0.47	0.19	0.48	0.2	0.23	0.2	0.47	0.57	0.19	0.04	0.18	0.01	0.36	0.95	0.08	0.14	0.42	0.45	0.26	0.1	0.32	0.44	0.17	0.24	0.44	0.44	0.17	0.05	0.43	0.07	0.18	0.07	0.42	0.19	0.22	0.42	0.19	0.48	0.21	0.41	0.05	0.02	0.24	0.4	0.2	0.49	0.49	0.06	0.05	0.12	0.98	0.09	0.24	0	0.49	0.17	0.33	0.04	0.55	0.81	0.77	0.47	0.01	0.03	0.46	0.46	0.05	1.16	0.17	0.45	0.2	0.95	0.85	0.2	0.16
0.2	0.43	0.34	0.48	0.45	0.21	0.44	0.32	0.31	0.92	0.2	7.49	0.45	0.6	0.38	0.45	0.48	0.45	0.45	0.56	0.36	0.21	0.46	0.31	0.67	0.31	0.47	0.97	0.4	0.31	0.47	0.21	0.32	0.23	0.47	0.13	0.5	0.33	0.5	0.21	0.6	0.21	0.33	0.51	0.2	0.23	0.31	1.11	0.02	0.21	0.33	0.52	0.31	0.23	0.92	0.2	0.33	0.31	0.17	0.35	0.32	0.55	0.47	0.31	0.58	0.53	0.47	0.35	0.73	0.33	0.94	0.5	0.44	0.44	0.31	0.23	0.22	0.14	0	0.45	0.31	0.19	0.45	0.45	0.73	0.22	0.13	0.16	0.47	0.31	0.47	0.26	0.48	0.3	0.49	0.98	0.49	0.48	0.4
0.44	0.94	0.1	0.07	0.43	0.26	0.12	0.05	0.42	1.26	0.42	1.32	0	0.05	0.34	0.41	0.51	0.25	0.33	0.4	0.25	0.14	0.5	0.14	0.13	0.05	0.49	0.07	0.13	0.01	0.48	0.16	0.05	0.47	0.46	0.18	0.46	0.04	0.11	0.46	0.05	0.11	0.04	0.55	0.5	0.12	0.22	0.54	0.44	0.5	0.17	0.93	0.03	0.19	0.08	0.42	0.05	0.04	0.35	0.41	0.04	0.97	0.4	0.6	0.15	0.18	0.4	2.5	0.07	0.4	0.04	0.14	0.4	0.5	0.03	0.14	0.15	0.49	0.3	0	0.03	0.48	0.23	0.18	0.47	0.5	0.19	0.22	0.46	0.04	0.13	0.45	0	0.34	0.07	0.54	0.07	0.04	0.43
0.36	0.04	0.08	0.45	0.13	0.25	0.13	0.06	0.02	0.77	0.14	2.41	0.41	0.08	0.35	0.22	0.07	0.21	0.41	0.22	0.1	0.16	0.21	0.16	0.41	0.03	0.05	0.07	0.65	0.04	0.43	0.16	0.05	0.51	0.05	0.26	0.03	0.69	0.1	0.23	0.05	0.13	0.06	0.34	0.15	0.5	0.23	0.05	0.33	0.13	0.04	0.21	0.42	0.19	0.14	0.42	0.05	0.04	0.16	0.42	0.72	0.53	0.05	0.61	0.14	0.17	0.46	0.13	0.07	0.06	0.05	0.14	0.28	0.42	0.61	0.14	0.21	0.42	0.57	0.05	0	0.15	0.21	0.42	0.29	0.13	0.19	0.15	0.14	0.42	0.14	0.36	0.58	0.35	0.07	0.42	0.06	0.05	0.22
0.03	0.13	0.21	0.18	0.45	0.65	0.04	0.46	0.16	0.98	0.17	1.25	0.14	0.14	0.19	0.04	0.39	0.22	0.21	0.53	0.18	0.03	0.2	0.28	0.43	0.19	0.18	0.4	0.55	0.48	0.12	0.04	0.4	0.08	0.15	0.05	0.13	0.34	0.04	0	0.18	0.02	0.4	0.1	0.43	0.48	0.39	0.16	0.2	0.1	0.49	0.04	0.15	0.06	0.15	0.16	0.16	0.16	0.03	0.04	0.15	0.34	0.16	0.27	0.07	0.18	0.18	0.03	0.32	0.5	0.52	0.42	0.08	0.41	0.15	0.06	0.06	0.05	0.92	0.42	0.21	0	0.15	0.05	0.21	0.42	0.45	0.06	0.92	0.42	0.04	0.29	0.34	0.21	0.42	0.16	0.18	0.19	0.42
0.12	0.05	0.11	0.08	0.15	0.93	0.43	0.06	0.43	0.9	0.2	2.84	0.05	0.06	0.44	0.21	0.08	0.44	0.35	0.33	0.11	0.44	0.45	0.14	0.38	0.17	0.44	0.08	0.45	0.02	0.51	0.16	0.45	0.15	0.08	0.19	0.03	0.37	0.45	0.46	0.05	0.13	0.05	0.46	0.46	0.13	0.22	0.39	0.96	0.46	0.22	0.38	0.04	0.2	0	0.41	0.06	0.05	0.16	0.12	0.04	0.47	0.06	0.22	0.15	0.53	0.47	0.12	0.08	0.07	0.05	0.48	0.13	0.28	0.04	0.14	0.16	0.24	0.41	0.01	0.06	0.15	0	0.58	0.28	0.14	0.48	0.49	0.49	0.04	0.49	0.42	0.01	0.34	0.08	0.05	0.47	0.05	0.28
0.07	0.79	0.49	0.45	0.06	0.23	0.08	0.2	0.16	0.9	0.08	1.42	0.18	0.41	0.18	0.09	0.41	0.18	0.68	0.21	0.51	0.07	0.04	0.08	0.07	0.17	0.42	0.21	1.22	0.44	0.42	0.03	0.2	0.05	0.19	0	0.17	0.42	0.08	0.09	0.22	0.08	0.18	0.13	0.16	0.28	0.43	0.37	0.54	0.07	0.23	0.43	0.18	0.09	0.19	0.08	0.19	0.19	0.15	0.08	0.17	0.44	0.22	0.2	0.41	0.54	0.22	0.07	0.22	0.21	0.44	0.44	0.06	0.1	0.19	0.1	0.09	0.17	0.13	0.18	0.17	0.05	0.27	0	0.23	0.18	0	0.04	0.08	0.42	0.07	0.45	0.45	0.15	0.21	0.21	0.45	0.2	0.22
0.54	0.64	0.31	0.3	0.44	1.01	0.59	0.28	0.27	1.36	0.21	3.99	0.34	0.29	0.47	0.54	0.29	0.74	0.67	0.26	0.23	0.57	0.27	0.15	0.97	0.29	0.28	0.64	0.47	1.47	0.21	0.62	0.28	0.45	0.52	0.47	0.25	0.26	0.47	0.47	0.43	0.97	0.38	0.23	0.29	0.15	0.07	0.65	0.55	0.14	0.58	0.48	0.26	0.19	0.57	0.21	0.48	0.26	0.23	0.57	0.29	0.68	0.68	0.07	0.18	0.16	0.29	0.21	0.49	0.54	0.26	0.47	0.49	0.35	0.27	0.49	0.23	0.55	0.37	0.28	0.29	0.51	0.7	0.2	0	0.28	1	0.17	0.22	0.27	0.14	0.6	0.28	0.48	0.48	0.4	0.29	0.5	0.4
0.03	0.64	0.16	0.17	0.1	0.57	0.04	0.12	0.1	1.44	0.03	1.51	0.13	0.47	0.23	0.07	0.14	0.35	0.24	0.23	0.47	0.04	0.09	0.05	0.05	0.14	0.15	0.48	0.72	0.14	0.03	0.09	0.99	0.11	0.14	0.11	0.13	0.49	0.03	0.04	0.11	0.01	0.11	0.5	0.14	0.09	0.54	0.14	0.42	0.01	0.13	0.42	0.43	0.07	0.14	0.03	0.34	0.13	0.42	0.04	0.12	0.23	0.15	0.53	0.43	0.28	0.46	0.03	0.43	0.21	0.43	0.05	0.09	0.19	0.13	0	0.44	0.09	0.24	1.89	0.12	0.03	0.54	0.1	0.94	0	0.1	0.08	0.03	0.12	0.04	0.2	0.14	0.22	0.14	0.85	0.45	0.22	0.25
0.4	0.51	0.44	0.33	0.06	0.54	0.45	0.2	0.56	0.88	0.34	3.87	0.46	0.17	0.18	0.14	0.56	0.18	0.17	0.46	0.18	0.08	0.04	0.17	0.46	0.2	0.21	0.21	0.88	0.2	0.47	0.23	0.21	0.2	0.17	0.47	0.39	0.2	0.08	0.47	0.19	0.26	0.19	0.1	0.09	0.06	0.26	0.24	0.15	0.07	0.34	0.08	0.58	0.09	0.2	0.27	0.19	0.19	0.03	0.09	0.55	0.28	0.48	0.19	0.05	0.48	0.21	0.38	0.23	0.21	0.49	0.34	0.19	0.1	0.18	0.49	0.1	0.18	0.13	0.49	0.2	0.09	0.25	0	0.46	0.49	0	0.04	0.09	0.49	0.08	0.12	0.19	0.15	0.55	0.49	0.21	0.2	0.5
0.04	0.45	0.18	0.18	0.09	0.27	0.04	0.18	0.55	1.25	0.29	9.48	0.3	0.17	0.22	0.31	0.19	0.52	0.47	0.58	0.24	0.48	0.48	0.2	0.28	0.14	0.17	0.37	1.04	0.19	0.07	0.09	0.17	0.03	0.15	0.43	0.16	0.49	0.05	0.49	0.17	0.08	0.49	0.07	0.13	0.49	0.17	0.19	0.18	0.4	0.41	0.08	0.18	0.4	0.26	0.4	0.44	0.19	0.4	0.08	0.15	0.36	0.16	0.41	0.25	0.05	0.41	0.32	0.42	0.18	0.33	0.41	0.41	0.15	0.48	0.08	0.12	0.03	0.29	0.41	0.41	0.23	0.19	0.04	0.17	0.09	0.16	0	0.42	0.52	0.04	0.39	0.18	0.43	0.42	0.3	0.47	0.52	0.19
0.02	0.11	0.16	0.44	0.1	0.31	0.02	0.11	0.59	0.79	0.02	3.45	0.31	0.24	0.23	0.42	0.14	0.61	0.22	0.09	0.73	0.04	0.08	0.4	0.04	0.11	0.13	0.43	0.24	0.12	0	0.38	0.12	0.25	0.46	0.08	0.13	0.73	0.01	0.04	0.11	0.03	0.43	0.01	0.04	0.09	0.47	0.33	0.54	0	0.94	0.44	0.11	0.06	0.27	0.44	0.12	0.1	0.15	0.14	0.11	0.16	0.13	0.44	0.04	0.08	0.14	0.59	0.13	0.12	0.1	0.04	0.1	0.19	0.11	0.04	0.04	0.08	0.45	0.45	0.37	0.28	0.45	0.2	0.57	0.03	0.08	0.22	0	0.4	0.03	0.45	0.13	0.36	0.27	0.1	0.14	0.1	0.55
0.12	0.59	0.09	0.05	0.13	0.49	0.12	0.48	0	0.7	0.11	8.44	0.04	0.01	0.7	0.37	0.05	0.2	0.91	0.03	0.11	0.18	0.18	0.14	0.14	0.01	0.35	0.05	0.1	0.05	0.09	0.53	0.07	0.41	0.06	0.29	0.02	0.41	0.12	0.22	1.22	0.11	0.03	0.16	0.13	0.42	0.21	0.29	0.32	0.42	0.33	0.2	0.02	0.42	0.04	0.09	0.42	0.03	0.16	0.11	0.02	0.11	0.04	0.32	0.15	0.18	0.43	0.11	0.34	0.04	0.43	0.43	0.12	0.43	0.02	0.43	0.29	1.51	0.55	0.38	0.01	0.43	0.21	0.17	0.63	0.36	0.43	0.38	0.44	0	0.24	0.46	0.04	0.34	0.05	0.44	0.38	0.03	0.74
0.03	0.38	0.48	0.51	0.37	0.3	0.02	0.14	0.12	1.03	0.03	4.65	0.13	0.12	0.43	0.51	0.17	0.44	0.23	0.15	0.33	0.04	0.09	0.69	0.02	0.12	0.16	0.17	0.94	0.44	0.03	0.05	0.44	0.12	0.16	0.08	0.45	0.45	0.03	0.09	0.15	0.04	0.45	0.45	0.01	0.01	0.47	0.35	0.53	0.55	0.59	0.08	0.14	0.45	0.14	0.03	0.16	0.14	0.05	0.15	0.14	0.03	0.46	0.46	0.11	0.07	0.19	0.02	0.16	0.15	0.15	0.34	0.56	0.19	0.13	0.34	0.09	0.06	0.19	0.13	0.15	0.31	0.14	0.3	0.14	0.05	0.08	0.04	0.16	0.47	0	0.47	0.53	0.54	0.16	0.15	0.55	0.15	0.22
0.2	0.69	0.33	1.15	0.17	0.12	0.19	0.46	0.49	1.53	0.83	9.32	0.62	0.42	0.41	0.51	0.34	0.4	0.05	1.01	0.36	0.71	0.16	0.18	0.41	0.41	0.31	0.46	0.57	0.61	0.41	0.14	0.42	0.17	0.46	0.42	0.42	0.53	0.18	0.32	0.62	0.41	0.3	0.52	0.26	0.42	1.04	1.02	0.53	0.18	0.48	1.42	0.3	0.21	0.38	0.63	0.55	0.63	0.14	0.53	0.31	0.43	0.32	1.34	0.43	0.11	0.63	0.19	0.43	0.54	0.32	0.43	0.53	0	0.43	0.2	0.33	0.43	0.83	0.58	0.63	0.31	0.43	0.12	0.36	0.43	0.12	0.15	0.43	0.63	0.43	0	0.54	0.03	0.47	0.94	0.44	0.43	0.09
0.35	0.04	0.1	0.2	0.31	0.41	0.41	0.41	0.03	1.62	0.12	4.62	0	0.05	0.34	0.5	0.07	0.4	0.34	0.03	0.19	0.4	0.2	0.14	0.4	0.41	0.35	0.41	1.31	0.41	0.51	0.16	0.41	0.13	0.07	0.18	0.03	0.03	0.11	0.15	0.05	0.12	0.04	0.42	0.38	0.13	0.42	0.06	0.33	0.45	0.14	0.2	0.04	0.18	0.01	0.43	0.29	0.04	0.15	0.12	0.04	0.43	0.06	0.22	0.15	0.17	0.07	0.43	0.74	0.06	0.04	0.14	0.44	0.27	0.03	0.4	0.15	0.57	0.55	0.75	0.14	0.16	0.01	0.18	0.28	0.45	0.18	0.46	0.46	0.04	0.34	0.3	0	0.49	0.41	0.04	0.4	0.05	0.27
0.23	0.49	0.49	0.36	0.23	0.38	0.22	0.46	0.69	1.4	0.49	11.6	0.49	0.69	0.55	0.17	1	0.06	0.05	0.89	0.34	0.22	0.18	0.23	0.23	0.41	0.41	0.36	0.39	0.34	0.42	0.18	0.52	0.42	0.32	0.44	0.48	0.34	0.43	0.53	0.55	0.22	0.33	0.25	0.53	0.22	0.43	0.35	0.47	0.43	0.35	0.18	0.43	0.24	0.49	0.44	0.55	0.34	0.44	0.44	0.64	0.24	0.35	0.45	0.19	0.14	0.65	0.22	0.45	0.35	0.36	0.23	0.55	0.45	0.36	0.46	0.22	0.46	0.46	0.34	0.35	0.46	0.57	0.15	0.47	0.47	0.15	0.3	0.23	0.47	0.22	0.03	0.34	0	0.47	0.97	0.47	0.34	0.47
0.14	0.04	0.1	0.21	0.49	0.22	0.14	0.05	0.05	1.55	0.14	1.45	0.07	0.08	0.4	0.24	0.08	0.22	0.45	0.35	0.15	0.24	0.46	0.55	0.96	0.46	0.36	0.07	0.13	0.08	0.13	0.19	0.36	0.46	0.07	0.22	0.43	0.36	0.47	0.57	0.12	0.47	0.04	0.3	0.57	0.98	0.48	0.43	0.58	0.13	0.05	0.22	0.04	0.58	0.08	0.14	0.05	0.04	0.36	0.21	0.07	0.55	0.15	0.23	0.17	0.22	0.9	0.14	0.03	0.06	0.06	0.41	0.16	0.31	0.06	0.15	0.61	0.51	0.64	0.41	0.07	0.19	0.08	0.22	0.29	0.17	0.22	0.42	0.52	0.43	0.19	0.48	0.07	0.48	0	0.05	0.01	0.09	0.22
0.14	0	0.09	0.17	0.5	0.24	0.28	0.1	0.4	0.86	0.4	3.63	0.04	0.04	0.39	0.46	0.73	0.66	0.21	0.42	0.06	0.14	0.32	0.17	0.14	0	0.15	0.04	0.1	0.05	0.47	0.17	0.03	0.14	0.04	0.47	0.11	0.02	0.11	0.21	0.48	0.68	0.02	0.13	1.03	0.44	0.2	0.03	0.5	0.09	0.02	0.19	0.01	0.16	0.05	0.11	0.15	0.02	0.4	0.11	0.03	0.51	0.41	0.41	0.16	0.16	0.05	0.11	0.29	0.03	0.03	0.49	0.14	0.27	0.03	0.3	0.93	0.69	0.48	0.04	0.04	0.14	0.44	0.65	0.27	0.21	0.25	0.44	0.1	0.03	0.45	0.71	0.04	0.67	0.3	0	0.05	0.02	0.36
0.36	0.43	0.58	0.01	0.42	0.21	0.15	0.4	0.05	1.72	0.42	1.62	0.42	0.42	0.72	0.23	0.03	0.92	0.28	0.42	0.12	0.42	0.42	0.31	0.18	0.08	0.02	0.73	0.13	0.08	0.14	0.74	0.05	0.44	0.07	0.44	0.64	0.26	0.14	0.45	0.05	0.14	0.04	0.45	0.18	0.45	0.23	0.05	0.46	0.12	0.46	0.21	0.04	0.2	0.07	0.47	0.07	0.04	0.17	0.14	0.96	0.35	0.02	0.23	0.18	0.45	0.04	0.27	0.04	0.06	0.05	0.16	0.46	0.49	0.06	0.46	0.56	0.19	0.96	0.97	0.46	0.18	0.08	0.57	0.66	0.14	0.46	0.49	0.15	0.05	0.17	0.47	0.07	0.52	0.01	0.05	0	0.04	0.47
0.11	0.44	0.44	0.44	0.16	0.62	0.14	0.03	0.03	1.06	0.13	8.92	0.04	0.46	0.36	0.96	0.05	0.2	0.22	0.11	0.36	0.46	0.21	0.15	0.16	0	0.03	0.27	0.12	0.27	0.11	0.46	0.53	0.14	0.44	0.2	0.02	0.3	0.1	0.47	0.01	0.11	0.47	0.12	0.16	0.47	0.21	0.03	0.34	0.48	0.03	0.48	0.01	0.2	0.05	0.11	0.03	0.01	0.15	0.11	0.03	0.22	0.03	0.58	0.15	0.18	0.04	0.12	0.05	0.04	0.03	0.49	0.14	0.28	0.49	0.12	0.22	0.5	0.5	0.04	0.04	0.74	0.05	0.2	0.58	0.69	0.54	0.17	0.4	0.03	0.16	0.31	0.05	0.5	0.2	0.86	0.04	0.4	0.4
0.23	0.19	0.48	0.24	0.23	0.16	0.48	0.49	0.19	0.48	0.23	5.04	0.27	0.53	0.99	0.49	0.69	0.5	0.04	0.4	0.37	0.62	0.19	0.61	0.61	0.21	0.37	0.62	2.45	0.56	1.33	0.28	0.42	0.53	0.52	0.44	0.44	0.32	0.44	0.24	0.96	0.24	0.44	0.25	0.58	0.31	0.34	0.21	0.54	0.22	0.27	0.19	0.18	0.28	0.46	0.45	0.2	0.38	0.17	0.46	0.2	0.23	0.2	0.34	0.46	0.97	0.57	0.47	0.41	0.21	0.18	0.5	1.28	0.09	0.48	0.24	0.24	0.49	0.55	0.27	0.5	0.2	0.9	0.15	0.72	0.61	0.16	0.43	0.24	0.43	0.22	0.44	0.41	0.12	0.47	0.44	0.21	0.45	0.02
