0	0.9	0.15	0.46	0.02	0.3	0	0.42	0.83	0.12	0.01	4.61	0.12	0.5	0.6	0.37	0.5	1	0.23	0.25	0.39	0.04	0.08	0.4	0.03	0.5	0.14	0.15	0.55	0.13	0.02	0.05	0.13	0.02	0.19	0.08	0.11	0.33	0.01	0.1	0.13	0.04	0.13	0.24	0.35	0.02	0.51	0.29	0.41	0.11	0.1	0.08	0.46	0.52	0.12	0.02	0.13	0.11	0.04	0.42	0.28	0.11	0.13	0.15	0.04	0.07	0.16	0	0.82	0.13	0.13	0.42	1.11	0.18	0.1	0.04	0.43	0.06	0.2	0.43	0.43	0.03	0.24	0.07	0.43	0.04	0.08	0.44	0.02	0.44	0.02	0.19	0.12	1.44	0.43	0.14	1.14	0.23	0.23
0.12	0	0.16	0.04	0.45	0.45	0.11	0.02	0.02	0.02	0.12	3.15	0.44	0.35	0.37	0.94	0.08	0.45	0.23	0.02	0.45	0.92	0.45	0.13	0.13	0	0.32	0.04	0.46	0.05	0.15	0.17	0.66	0.34	0.04	0.57	0.03	0.67	0.1	0.21	0.02	0.14	0.48	0.48	5.4	0.58	0.39	0.03	0.35	0.16	0.48	0.48	0.01	0.48	0.05	0.48	0.02	0.48	0.16	0.12	0.02	0.1	0.03	0.49	0.15	0.17	0.49	0.2	0.06	0.03	0.43	0.34	0.13	0.64	0.17	0.5	0.23	0.49	0.69	0.04	0.04	0.55	0.9	0.58	0.27	0.5	0.19	0.68	0.11	0.02	0.5	0.43	0.04	0.7	0.05	0	0.04	0.02	0.29
0.15	0.1	0	0.36	0.36	0.36	0.44	0.21	0.07	0.1	0.15	0.97	0.47	0.08	0.37	0.4	0.67	0.4	0.29	0.47	0.11	0.24	0.47	0.43	0.47	0.06	0.1	0.11	0.47	0.58	0.34	0.22	0.1	0.16	0.09	0.21	0.08	0.48	0.36	0.48	0.09	0.15	0.11	0.16	0.68	0.24	0.31	0.48	0.36	0.14	0.48	0.22	0.09	0.24	0.13	0.15	0.28	0.2	0.22	0.14	0.09	0.81	0.1	0.28	0.49	0.34	0.11	0.15	0.11	0.49	0.09	0.17	0.43	0.31	0.07	0.49	0.2	0.32	0.49	0.1	0.08	0.21	0.49	0.58	0.54	0.17	0.21	0.18	0.16	0.09	0.17	0.33	0.4	0.56	0.1	0.09	0.1	0.37	1.1
0.14	0.05	0.21	0	0.43	0.63	0.17	0.05	0.44	0.21	0.44	2.47	0.07	0.08	0.39	0.77	0.03	0.58	0.37	0.05	0.3	0.19	0.58	0.48	0.49	0.08	0.02	0.08	0.69	0.08	0.14	0.58	0.05	0.5	0.11	0.4	0.05	0.18	0.4	0.4	0.05	0.4	0.05	0.33	0.24	0.17	0.23	0.41	0.35	0.13	0.35	0.23	0.42	0.52	0.43	0.24	0.05	0.05	0.19	0.42	0.43	0.61	0.02	0.43	0.93	0.19	0.04	0.53	0.03	0.43	0.27	0.18	0.31	0.44	0.06	0.15	0.25	0.65	0.34	0.45	0.07	0.27	0.45	0.39	0.55	0.56	1.05	0.18	0.46	0.05	0.46	0.69	0.07	0.47	0.01	0.63	0.01	0.05	0.48
0.02	0.14	0.41	0.15	0	0.56	0.13	0.15	0.12	0.13	0.02	0.44	0.13	0.11	0.28	0.34	0.35	0.45	0.23	0.16	0.16	0.47	0.14	0.02	0.01	0.19	0.14	0.16	0.18	0.48	0.15	0.89	0.32	0.07	0.13	0.26	0.15	0.17	0.04	0.09	0.14	0.09	0.16	0.22	0.04	0.4	0.15	0.17	0.41	0.04	0.31	0.42	0.13	0.07	0.14	0.42	0.15	0.13	0.1	0.1	0.43	0.2	0.14	0.13	0.35	0.07	0.44	0.02	0.17	0.14	0.14	0.02	0	0.18	0.12	0.09	0.09	0.05	0.24	0.48	0.13	0.09	0.29	0.49	0.15	0.1	0.06	0.09	0.1	0.12	0.33	0.18	0.13	0.26	0.42	0.14	0.15	0.58	0.48
0.49	0.25	0.44	0.24	0.29	0	0.3	0.26	0.26	0.64	0.31	13.9	0.28	0.26	0.12	0.26	0.43	0.11	0.11	0.47	0.59	0.46	0.43	0.6	0.3	0.26	0.22	0.51	0.43	0.29	0.63	0.25	0.45	0.29	0.29	0.23	0.51	0.46	0.29	0.32	0.56	0.31	0.25	0.36	0.55	0.98	0.61	0.51	0.98	0.69	0.99	1.01	0.25	0.56	0.29	0.64	0.26	0.25	0.7	0.55	0.54	1.66	0.22	0.42	0.44	0.22	0.23	0.3	0.4	0.27	0.36	1.06	0.45	0.18	0.26	0.4	0.32	0.4	0.87	0.63	0.28	0.9	0.4	0.23	0.48	0.32	0.4	0.27	0.31	0.26	0.3	0.12	0.28	0.45	0.45	0.26	0.24	0.28	0.77
0	0.12	0.15	0.46	0.11	0.55	0	0.15	0.13	0.18	0.01	0.22	0.12	0.12	1.06	0.09	0.46	0.46	0.23	0.11	0.11	0.04	0.46	0.47	0.03	0.71	0.14	0.17	0.18	0.12	0.02	0.04	0.12	0.29	0.11	0.07	0.12	1.38	0.01	0.42	0.49	0.03	0.47	0.04	5.78	0.02	0.15	0.14	0.22	0.05	0.1	0.08	0.11	0.08	0.12	0.01	0.13	0.11	0.04	0.02	0.13	0.14	0.74	0.15	0.03	0.07	0.15	0	0.14	0.14	0.11	0.03	0.32	0.18	0.49	0.03	0.49	0.28	0.2	0.12	0.15	0.04	0.13	0.07	0.21	0.04	0.08	0.04	0.02	0.11	0.02	0.19	0.12	0.67	0.14	0.11	0.16	0.4	0.22
0.42	0.02	0.11	0.05	0.13	0.26	0.13	0	0.02	0.06	0.13	0.34	0.05	0.03	0.39	0.42	0.46	0.2	0.43	0.03	0.05	0.4	0.37	0.14	0.43	0.03	0.38	0.02	0.1	0.44	0.12	0.44	0.03	0.44	0.05	0.19	0.09	0.84	0.44	0.21	0.06	0.53	0.03	0.2	3.12	0.14	0.4	0.01	0.72	0.12	0.04	0.45	0.31	0.2	0.06	0.11	0	0.3	0.17	0.11	0.03	0.51	0.03	0.22	0.55	0.46	0.05	0.12	0.4	0.42	0.04	0.17	0.46	0.28	0.04	0.82	0.21	0.17	0.33	0.05	0.05	0.18	0.14	0.43	0.64	0.43	0.21	0.47	0.12	0.03	0.41	0.41	0.46	0.34	0.06	0.03	0.05	0.03	0.21
0.1	0.02	0.46	0.18	0.13	0.42	0.1	0.02	0	0.02	0.1	6.22	0.03	0.01	0.36	0.19	0.05	0.29	0.37	0.4	0.06	0.13	0.29	0.17	0.12	0.32	0.41	0.35	0.09	0.04	0.09	0.42	0.41	0.41	0.06	0.41	0.05	1.29	0.1	0.22	0.04	0.1	0.41	0.41	3.88	0.12	0.21	0.02	0.61	0.18	0.06	0.2	0.41	0.81	0.41	0.1	0.33	0.03	0.41	0.11	0.02	0.75	0.19	0.21	0.51	0.17	0.41	0.12	0.05	0.03	0.03	0.14	0.41	0.27	0.02	0.11	0.19	0.17	0.31	1.01	0.07	0.13	0.04	1.21	0.27	0.34	0.17	0.14	0.42	0	0.12	0.28	0.42	0.34	0.66	0.05	0.05	0.03	0.36
0.46	0.02	0.44	0.18	0.13	0.26	0.13	0	0.02	0	0.25	1.15	0.05	1	0.96	0.46	0.56	0.2	0.32	0.03	0.35	1.22	0.27	0.15	0.15	0.03	0.1	0.04	0.1	0.07	0.42	0.17	0.47	0.87	0.87	0.27	0.04	0.48	0.13	0.21	0.48	0.14	0.03	0.4	2.49	0.13	0.21	0.01	0.54	0.36	0.88	0.19	0.02	0.49	0.06	0.49	0.04	0.03	0.49	0.12	0.51	0.84	0.03	0.48	0.35	0.18	0.12	0.18	0.05	0.03	0.04	0.17	0.17	0.3	0.4	0.13	0.23	0.19	0.35	0.41	0.05	0.4	0.06	0.22	0.7	0.14	0.41	0.19	0.12	0.06	0.14	0.32	0.05	0.34	0.05	0.02	0.05	0.61	0.41
0.47	0.11	0.47	0.15	0.02	0.68	0.01	0.44	0.1	0.12	0	2	0.12	0.12	0.5	0.1	0.14	0.36	0.22	0.6	0.31	0.41	0.43	0.03	0.43	0.3	0.36	0.4	0.37	0.12	0.01	0.03	0.4	0.02	0.11	0.08	0.11	0.91	0.41	0.4	0.15	0.02	0.14	0.08	0.41	0.07	0.41	0.51	0.22	0.02	0.13	0.91	0.41	0.19	0.41	0.02	0.41	0.14	0.04	0.02	0.18	0.41	0.14	0.51	0.03	0.06	0.51	0.01	0.16	0.16	0.13	0.03	0.02	0.19	0.42	0.03	0.42	0.44	0.76	0.4	0.42	0.36	0.12	0.1	0.21	0.92	0.08	0.22	0.02	0.14	0.03	0.19	0.12	0.92	0.24	0.13	0.15	0.53	0.51
0.6	0.53	1.82	3.38	8.3	0.25	1.57	1.3	0.3	3.83	3.85	8.3	0.58	1.39	1.16	1.97	1.58	0.39	0.31	2.8	7.93	9.93	13.9	0.48	13.4	0.53	1.06	1.82	9.63	0.67	1.09	2.08	1.98	0.62	0.84	0.99	10.8	0.42	1.03	1.81	1.98	1.64	0.35	7.57	10.4	9.84	0.32	1.88	7.25	2.39	0.34	0.28	2.3	1.16	0.53	0.96	1.09	2.33	2.27	0.41	1.28	9.46	0.33	1.66	10.2	0.48	14.6	0.54	1.39	3.45	3.65	0.58	1.99	2.12	0.31	0.87	0.46	1.11	3.99	4.76	3.58	0.27	11.4	1.1	1.03	0.95	3.78	0.17	0.41	0.84	11.9	0.22	1.33	7.94	0.47	1.78	0.34	1.2	2.62
0.47	0.07	0.09	0.58	0.13	0.28	0.12	0.97	0.03	1.08	0.11	2.9	0	0.54	0.98	0.48	0.07	0.23	0.33	0.03	0.1	0.17	0.2	0.14	0.14	0.05	0.06	0.07	0.36	0.01	0.49	0.15	0.05	0.12	0.44	0.19	0.02	0.03	0.11	0.15	0.04	0.12	0.37	0.79	1.8	0.12	0.22	0.07	0.32	0.53	0.03	0.29	0.03	0.19	0.01	0.11	0.3	0.04	0.4	0.12	0.04	0.11	0.06	0.27	0.46	0.17	0.07	0.12	0.07	0.06	0.41	0.22	0.13	0.53	0.03	0.13	0.15	0.45	0.41	0	0.03	0.15	0.01	1.22	0.4	0.12	0.39	0.24	0.11	0.06	0.42	0.3	0	0.33	0.07	0.04	0.07	0.04	0.43
0.1	0.02	0.09	0.44	0.45	0.26	0.32	0.08	0.01	0.03	0.12	0.32	0.05	0	0.7	0.19	0.05	0.6	0.67	0.04	0.06	0.48	0.37	0.35	0.12	0.1	0.19	0.05	0.09	0.16	0.11	0.29	0.91	0.13	0.38	0.17	0.03	0.04	0.41	0.19	0.05	0.13	0.04	0.15	7.92	0.42	0.23	0.92	0.47	0.13	0.13	0.19	0.03	0.81	0.06	0.11	0.03	0.42	0.31	0.11	0.02	0.83	0.03	0.6	0.14	0.39	0.05	0.15	0.93	0.04	0.13	0.4	0.11	0.6	0.02	0.14	0.19	0.44	0.31	0.34	0.03	0.13	0.36	0.2	0.95	0.44	0.2	0.44	0.44	0.35	0.12	0.31	0.45	0.35	0.35	0.04	0.08	0.23	0.55
0.48	0.57	0.37	0.39	0.48	0.2	0.48	0.78	0.35	0.5	0.31	2.92	0.34	0.41	0	0.51	0.39	0.91	0.32	0.36	0.55	0.22	0.17	0.65	0.92	0.42	0.39	0.68	0.4	0.35	0.62	0.42	0.37	0.28	0.59	0.42	0.37	1.27	0.26	0.27	0.43	0.57	0.38	0.43	1.19	0.53	0.37	0.57	0.06	0.43	0.75	0.18	0.43	0.25	0.35	0.43	0.36	0.38	0.46	0.23	0.53	0.46	0.37	0.37	0.42	0.17	0.41	0.25	0.4	0.39	0.63	0.5	0.56	0.22	0.44	0.44	0.43	0.4	0.03	0.64	0.74	0.19	0.35	0.26	0.61	0.54	0.18	0.22	0.44	0.37	0.44	0.22	0.35	0.32	0.4	0.46	0.4	0.36	0.25
0.1	0.21	0.22	0.59	0.13	0.49	0.6	0.22	0.19	0.26	0.1	10	0.62	0.2	0.43	0	0.42	0.2	0.17	0.64	0.44	0.07	0.21	0.1	0.34	0.95	0.44	0.55	0.65	0.35	0.07	0.03	0.21	0.13	0.48	0.23	0.6	0.22	0.25	0.4	0.37	1.21	0.21	0.12	0.11	0.18	0.32	0.41	0.41	0.09	0.23	0.42	0.22	0.24	0.25	0.14	0.42	0.21	0.03	0.08	0.42	0.93	0.42	0.21	0.04	0.01	0.43	0.32	0.43	0.22	0.43	0.43	1	0.13	0.43	0.17	0.11	0.04	0.24	0.44	0.54	0.44	0.21	0.02	0.44	0.44	0.03	0.45	0.07	0.42	0.09	0.45	1.05	0.36	0.24	0.55	0.31	0.21	0.17
0.14	0.22	0.11	0.04	0.55	0.45	0.15	0.05	0.14	0.08	0.17	2	0.07	0.05	0.54	0.48	0	0.98	0.48	0.37	0.08	0.17	0.24	0.48	0.53	0.05	0.14	0.07	0.12	0.51	0.14	0.18	0.42	0.16	0.06	0.21	0.05	0.04	0.41	0.23	0.41	0.15	0.07	0.18	6.18	0.19	0.23	0.12	0.35	0.51	0.08	0.24	0.04	0.26	0.08	0.14	0.05	0.04	0.28	0.14	0.05	0.13	0.02	0.45	0.24	0.43	0.03	0.15	0.03	0.09	0.44	0.16	0.15	0.64	0.13	0.32	0.24	0.38	0.34	0.46	0.07	0.29	0.08	0.22	0.67	0.22	0.37	0.18	0.2	0.47	0.16	0.33	0.11	0.48	0.32	0.14	0.35	0.16	0.24
0.33	0.19	0.86	0.5	0.46	0.1	0.25	0.46	0.28	0.24	0.46	0.27	0.2	0.21	0.5	0.58	0.22	0.41	0.04	0.18	1.31	0.78	0.22	0.25	0.54	0.52	0.59	0.22	0.93	0.43	0.26	0.43	0.2	0.23	1.55	0.18	0.53	0.93	0.25	0.54	0.19	0.26	0.21	0.29	3.56	0.56	0.74	0.21	0.39	0.31	1.36	0.21	0.95	0.43	0.21	0.25	0.2	0.46	0.96	0.46	0.2	0.45	0.21	0.46	0.43	0.32	0.47	0.25	0.47	0.21	0.19	0.25	0.23	0.48	0.19	0.27	0.27	0.19	0.26	0.2	0.49	0.27	0.21	0.44	0.59	0.85	0.18	0.51	0.26	0.2	1	0.09	0.2	0.27	0.41	0.47	0.49	0.19	0
0.22	0.22	0.29	0.3	0.22	0.11	0.23	0.32	0.36	0.48	0.22	2.05	0.4	0.37	0.33	0.39	0.31	0.04	0	0.39	0.37	0.21	0.19	0.23	0.23	0.46	0.29	0.39	0.39	0.34	0.36	0.19	0.31	0.21	0.34	0.17	0.26	0.39	0.24	0.24	0.27	0.22	0.39	0.74	5.95	0.49	0.62	0.64	0.32	0.23	0.26	1.33	0.26	0.49	0.34	0.24	0.54	0.27	0.2	0.23	0.34	0.3	0.29	0.35	0.2	0.18	0.3	0.52	0.32	0.35	0.25	0.36	0.57	0.28	0.34	0.28	0.53	1.07	0.57	0.34	0.44	0.2	0.72	0.3	1.09	0.63	0.37	0.28	0.41	0.48	0.23	0.05	0.47	0.15	0.3	0.23	0.3	0.23	0.04
0.35	0.02	0.46	0.05	0.46	0.27	0.12	0.03	0.46	0.03	0.24	1.72	0.03	0.04	0.61	0.49	0.19	0.55	0.52	0	0.06	0.16	0.22	0.29	0.3	0.17	0.43	0.05	0.1	0.62	0.12	0.17	0.03	0.14	0.04	0.2	0.11	0.58	0.09	0.43	0.25	0.13	0.02	0.2	5.14	0.15	0.59	0.04	0.33	0.47	0.23	0.19	0.01	0.27	0.04	0.1	0.03	0.02	0.18	0.1	0.03	0.93	0.03	0.43	0.51	0.15	0.63	0.12	0.05	0.43	0.01	0.43	0.43	0.26	0.02	0.11	0.21	0.93	0.63	0.43	0.04	0.15	0.43	0.18	0.52	0.43	0.43	0.15	0.09	0.03	0.13	0.68	0.03	0.63	0.05	0.02	0.04	0.02	0.5
0.41	0.05	0.27	0.1	0.41	0.3	0.12	0.05	0.91	0.05	0.42	6.04	0.08	0.06	0.38	0.44	0.45	0.58	0.37	0.44	0	0.39	0.18	0.15	0.47	0.44	0.06	0.06	0.13	0.49	0.12	0.44	0.06	0.13	0.01	0.4	0.95	0.22	0.12	0.18	0.45	0.45	0.06	0.49	4.62	0.22	0.41	0.45	0.38	0.46	0.06	0.2	0.45	0.31	0.09	0.13	0.05	0.06	0.46	0.46	0.07	0.56	0.96	0.27	0.17	0.19	0.08	0.48	0.46	0.06	0.08	0.23	0.46	0.57	0.06	0.14	0.18	0.68	0.67	1.88	0.06	0.47	0.09	0.21	0.23	0.47	0.18	0.18	0.37	0.06	0.18	0.31	0.09	0.77	0.97	0.37	0.09	0.45	0.88
0.04	0.46	0.18	0.36	0.1	0.3	0.03	0.15	0.15	0.98	0.03	12.7	0.15	0.5	0.22	0.07	0.48	1.68	0.21	0.17	0.18	0	0.4	0.41	0.05	0.15	0.17	0.18	0.79	0.16	0.14	0.09	0.15	0.09	0.61	0.07	0.52	0.28	1	0.08	0.37	0.03	0.4	0.06	0.4	0.62	0.16	0.41	0.58	0.03	0.17	0.41	0.15	0.12	0.16	0.41	0.16	0.15	0.04	0.06	0.16	0.25	0.51	0.51	0.52	0.12	0.18	0.04	0.4	0.23	0.94	0.08	0.3	0.42	0.18	0.29	0.03	0.07	0.21	0.82	0.15	0.51	0.15	0.07	0.42	0.42	0.08	0.44	0.19	0.34	0.04	0.63	0.16	0.43	0.17	0.25	0.18	0.28	0.23
0.08	0.47	0.19	0.91	0.14	0.27	0.08	0.2	0.19	0.52	0.48	6.88	0.2	0.18	0.17	0.02	0.31	1.83	0.42	0.31	0.55	0.08	0	0.38	0.46	0.93	0.3	0.21	0.26	0.21	0.08	0.45	0.43	0.51	0.17	0.04	0.43	0.41	0.43	0.06	0.2	0.08	0.43	0.11	1.29	0.44	0.59	0.27	0.18	0.05	0.64	0.01	0.2	0.19	0.21	0.09	0.21	0.21	0.82	0.45	0.36	0.95	0.22	0.21	0.36	0.1	0.23	0.31	0.22	0.21	0.21	0.09	0.53	0.46	0.18	0.46	0.05	0.05	0.33	0.21	0.56	0.07	0.21	0.04	0.67	0.47	0.04	0.11	0.08	0.47	0.09	0.45	0.57	0.47	0.22	0.21	0.47	0.21	0.48
0.41	0.71	0.2	0.39	0.01	0.3	0.03	0.16	0.41	0.14	0.03	9.3	0.16	0.12	0.33	0.11	0.45	0.45	0.23	0.15	0.15	0.41	0.48	0	0.02	0.52	0.55	0.19	0.27	0.45	0.13	0.05	0.58	0.01	0.14	0.1	0.13	0.17	0.41	0.09	0.16	0.04	0.15	0.46	0.44	0.01	0.15	0.46	0.21	0.46	0.13	0.09	0.15	0.71	0.14	0.09	0.17	0.18	0.05	0.04	0.51	0.17	0.16	0.13	0.04	0.07	0.16	0.03	0.16	0.15	0.56	0.01	0.01	0.19	0.13	0.05	0.1	0.06	0.53	0.38	0.87	0.21	0.47	0.08	0.14	0.2	0.09	0.06	0.07	0.16	0.17	0.18	0.72	0.23	0.18	0.15	0.16	0.42	0.22
0.03	0.47	0.18	0.16	0.02	0.47	0.03	0.16	0.22	0.47	0.03	10.1	0.14	0.47	0.37	0.15	0.25	0.37	0.97	0.47	0.15	0.04	0.09	0.57	0	0.14	0.15	0.47	0.21	0.15	0.03	0.23	0.93	0.01	0.14	0.07	0.13	0.15	0.34	0.16	0.48	0.04	0.26	0.08	0.9	0.03	0.14	0.16	0.22	0.78	0.58	0.09	0.15	0.41	0.14	0.04	0.47	0.15	0.05	0.04	0.15	0.19	0.16	0.46	0.04	0.35	0.17	0.03	0.18	0.15	0.4	0.03	0.02	0.4	0.4	0.05	0.09	0.06	0.51	0.42	0.41	0.26	0.14	0.41	0.2	0.34	0.41	0.04	0.11	0.41	0.91	0.19	0.42	0.61	0.52	0.14	0.2	0.22	0.22
0.12	0	0.43	0.33	0.14	0.93	0.43	0.03	0.01	0.73	0.11	3.06	0.05	0.01	0.36	0.21	0.05	0.21	0.34	0.45	0.05	0.13	0.42	0.45	0.13	0	0.04	0.05	0.95	0.45	0.47	0.17	0.03	0.11	0.18	0.19	0.03	0.24	0.14	0.21	0.04	0.13	0.05	0.14	0.42	0.12	0.77	0.47	0.47	0.09	0.03	0.17	0.03	0.14	0.05	0.47	0.27	0.03	0.17	0.1	0.02	0.89	0.04	0.22	0.39	0.15	0.05	0.12	0.22	0.04	0.05	0.47	0.48	0.28	0.02	0.48	0.98	0.18	0.31	0.48	0.03	0.17	0.59	0.24	0.49	0.14	0.54	0.15	0.49	0.01	0.15	0.49	0.05	0.42	0.08	0	0.07	0	0.21
0.13	0.03	0.1	0.19	0.14	0.22	0.47	0.03	0.3	0.04	0.14	7.47	0.43	0.03	0.37	0.48	0.02	0.55	0.29	0.21	0.17	0.56	0.48	0.16	0.28	0.34	0	0.06	0.11	0.07	0.48	0.49	0.04	0.15	0.05	0.48	0.03	0.19	0.13	0.59	0.04	0.14	0.38	0.19	0.58	0.68	0.22	0.04	0.34	0.1	0.04	0.21	0.02	0.17	0.06	0.21	0.11	0.03	0.18	0.13	0.04	0.16	0.34	0.22	0.15	0.19	0.32	0.14	0.15	0.05	0.04	0.16	0.14	0.29	0.07	0.15	0.4	0.2	0.32	0.16	0.05	0.4	0.4	0.45	0.43	0.16	0.22	0.41	0.12	0.08	0.16	0.61	0.06	0.41	0.02	0.03	0.02	0.03	0.21
0.15	0.04	0.12	0.95	0.15	0.45	0.15	0.02	0.31	0.45	0.16	2.42	0.57	0.19	0.4	0.23	0.07	0.22	0.35	0.05	0.1	0.4	0.23	0.48	0.48	0.18	0.25	0	0.32	0.08	0.44	0.48	0.02	0.37	0.92	0.57	0.05	0.64	0.59	0.59	0.05	0.16	0.05	0.49	0.18	0.18	0.32	0.04	0.49	0.12	0.08	0.54	0.5	0.4	0.13	0.4	0.13	0.05	0.18	0.4	0.05	0.7	0.05	0.7	0.53	0.18	0.07	0.14	0.07	0.03	0.06	0.16	0.17	0.41	0.9	0.16	0.43	0.91	0.36	0.07	0.06	0.51	0.61	0.22	0.3	0.33	0.55	0.51	0.47	0.05	0.16	0.41	0.07	0.37	0.21	0.04	0.34	0.05	1.92
0.43	0.46	0.15	0.18	0.18	0.54	0.17	1.72	0.26	0.14	0.17	1.8	0.12	0.12	0.38	0.95	0.12	0.54	0.46	0.09	0.45	0.7	0.25	0.34	0.46	0.3	0.11	0.13	0	0.57	0.31	0.72	0.31	0.66	0.39	0.46	0.1	0.56	0.18	0.23	0.1	0.47	0.36	0.33	0.66	0.25	0.4	0.47	0.97	0.64	0.47	0.25	0.47	0.29	0.13	0.27	0.37	0.47	0.2	0.45	0.35	0.98	0.48	0.31	0.2	0.98	0.12	0.17	0.15	0.21	0.48	0.41	1.05	0.54	0.48	0.18	0.36	0.32	0.48	0.35	0.13	0.49	0.13	0.25	0.99	0.48	0.49	0.22	0.17	1.5	0.23	0.99	0.14	0.39	0.14	0.1	0.43	0.11	0.49
0.4	0.14	0.4	0.17	0.36	0.29	0.41	0.06	0.05	0.06	0.13	0.59	0.49	0.06	0.35	0.49	0.08	0.21	0.35	0.04	0.09	0.49	0.22	0.14	0.99	0.06	0.07	0.08	0.13	0	0.4	0.49	0.06	0.14	0.09	0.6	0.03	0.04	0.12	0.16	0.91	0.13	0.09	0.23	0.62	0.14	0.23	0.07	0.4	0.41	0.09	0.21	0.04	0.17	0.01	0.45	0.06	0.31	0.17	0.23	0.05	0.92	0.07	0.23	0.15	0.45	0.91	0.13	0.08	0.07	0.05	0.29	0.42	0.28	0.04	0.14	0.16	0.45	0.82	0.01	0.92	0.15	0	0.19	0.47	0.25	0.2	0.19	0.43	0.53	0.46	0.53	0.01	0.38	0.44	0.05	0.48	0.05	0.36
0.02	0.59	0.14	0.16	0.1	0.31	0.02	0.13	0.16	0.29	0.01	0.27	0.11	0.11	0.22	0.19	0.47	0.57	0.22	0.1	0.13	0.04	0.08	0.04	0.04	0.12	0.12	0.14	0.3	0.12	0	0.04	0.11	0.09	0.38	0.09	0.19	0.1	0.01	0.04	0.44	0.04	0.44	0.08	0.28	0.27	0.15	0.45	0.22	0.01	0.45	0.08	0.09	0.16	0.12	0.01	0.23	0.45	0.36	0.31	0.46	0.29	0.13	0.15	0.04	0.23	0.13	0.02	0.66	0.13	0.1	0.04	0.17	0.18	0.39	0.04	0.24	0.43	0.7	0.11	0.43	0.03	0.12	0.44	0.21	0.43	0.08	0.07	0.13	0.44	0.03	0.19	0.54	0.23	0.94	0.1	0.2	0.51	1.05
0.04	0.5	0.23	0.93	0.1	0.25	0.04	0.17	0.15	0.19	0.03	5.5	0.15	0.14	0.18	0.03	0.18	0.2	0.5	0.15	0.43	0.04	0.48	0.06	0.05	0.14	0.28	0.48	0.21	0.16	0.2	0	0.44	0.09	0.15	0.03	0.26	0.25	0.05	0.04	0.17	0.08	0.15	0.1	0.93	0.11	0.17	0.49	0.17	0.05	0.17	0.03	0.16	0.4	0.17	0.27	0.19	0.42	0	0.06	0.9	0.15	0.91	0.17	0.04	0.23	0.17	0.04	0.21	0.16	0.82	0.92	0.42	0.13	0.52	0.08	0.42	0.06	0.52	0.23	0.16	0.04	0.44	0.43	0.83	0.43	0.03	0.43	0.05	0.44	0.05	0.14	0.16	0.22	0.94	0.44	0.58	0.49	0.37
0.2	0.43	0.1	0.07	0.15	0.26	0.14	0.01	0.02	0.43	0.14	2.29	0.05	0.03	0.37	0.3	0.33	0.28	0.31	0.03	0.06	0.84	0.49	0.72	0.16	0.03	0.04	0.21	0.1	0.23	0.12	0.17	0	0.15	0.05	0.21	0.04	0.04	0.11	0.21	0.13	0.45	0.04	0.49	0.61	0.16	0.69	0.01	0.33	0.11	0.05	0.21	0.02	0.17	0.06	0.35	0.01	0.03	0.17	0.13	0.04	0.49	0.04	0.35	0.16	0.16	0.39	0.14	0.05	0.01	0.04	0.15	0.15	0.29	0.22	0.4	0.23	0.26	0.34	0.05	0.05	0.16	0.74	0.4	0.28	0.4	0.21	0.16	0.12	0.4	0.17	0.32	0.05	0.4	0.06	0.03	0.18	0.03	0.46
0.02	0.13	0.16	0.57	0	0.29	0.37	0.14	0.11	0.17	0.03	7.21	0.12	0.13	0.45	0.12	0.15	0.23	0.45	0.14	0.15	0.1	0.35	0.01	0.01	0.11	0.31	0.18	0.21	0.13	0.45	0.45	0.13	0	0.12	0.06	0.12	0.14	0.45	0.09	0.13	0.08	0.45	0.04	0.58	0.5	0.47	0.46	0.2	0.02	0.12	0.13	0.14	0.71	0.13	0.02	0.16	0.13	0.24	0.18	0.5	0.02	0.14	0.13	0.06	0.06	0.16	0.02	0.42	0.15	0.13	0.48	0	0.18	0.12	0.09	0.22	0.06	0.23	0.5	0.23	0.17	0.4	0.26	0.49	0.72	0.42	0.36	0.09	0.12	0.38	0.93	0.42	0.53	0.26	0.43	0.51	0.32	0.53
0.14	0.39	0.26	0.08	0.13	0.47	0.1	0.45	0.09	0.98	0.47	4.77	0.07	0.04	0.35	0.19	0.06	0.46	0.34	0.19	0.01	0.56	0.17	0.14	0.42	0.04	0.86	0.05	0.12	0.13	0.11	0.16	0.05	0.12	0	0.17	0.04	0.04	0.46	0.16	0.04	0.13	0.03	0.13	0.45	0.14	0.26	0.45	0.33	0.45	0.04	0.45	0.03	0.52	0.08	0.13	0.05	0.11	0.14	0.26	0.05	0.53	0.45	0.26	0.54	0.19	0.45	0.11	0.06	0.06	0.04	0.46	0.21	0.29	0.05	0.55	0.17	0.18	0.95	0.13	0.45	0.15	0.08	0.18	0.33	0.22	0.17	0.15	0.44	0.06	0.15	0.61	0.07	0.32	0.44	0.44	0.07	0.05	1.04
0.08	0.2	0.22	0.23	0.06	0.26	0.48	0.19	0.17	0.19	0.48	0.53	0.18	0.18	0.37	0.35	0.47	0.19	0.17	0.47	0.18	0.08	0.13	0.26	0.07	0.51	0.2	0.22	0.34	0.19	0.69	0.03	0.19	0.06	0.57	0.01	0.18	0.56	0.28	0.46	0.22	0.09	0.19	0.42	2.74	0.07	0.35	0.45	0.15	0.07	0.48	0.04	0.91	0.1	0.19	0.08	0.19	0.41	0.03	0.09	0.18	0.42	0.41	0.4	0.05	0.01	0.22	0.25	0.23	0.2	0.41	0.09	0.06	0.1	0.44	0.41	0.23	0.43	0.13	0.47	0.57	0.06	0.19	0	0.41	0.11	0.01	0.41	0.08	0.19	0.08	0.12	0.2	0.52	0.42	0.18	0.42	0.19	0.62
0.1	0.43	0.08	0.43	0.12	0.26	0.11	0.28	0.02	0.37	0.11	1.18	0.11	0.04	1	0.49	0.05	0.19	0.59	0.11	0.06	0.15	0.32	0.13	0.99	0.03	0.04	0.45	0.1	0.04	0.43	0.18	0.04	0.47	0.04	0.19	0.01	0.46	0.09	0.41	0.41	0.11	0.05	0.14	3.16	0.42	0.36	0.43	0.33	0.12	0.3	0.32	0.01	0.81	0.04	0.11	0.25	0.02	0.45	0.08	0.02	0.23	0.03	0.55	0.16	0.14	0.04	0.12	0.06	0.05	0.02	0.32	1.67	0.51	0.26	0.1	0.2	0.16	0.33	0.03	0.04	0.15	0.03	0.18	0.38	0.37	0.47	0.16	0.1	0.02	0.16	0.48	0.03	0.35	0.05	1.24	0.05	0.02	1.23
0.5	0.02	0.42	0.05	0.45	0.56	0.46	0.03	1.45	0.03	0.46	4.18	0.48	0.47	0.98	0.5	0.04	0.47	0.24	0.01	0.06	0.4	0.2	0.48	0.15	0.04	0.4	0.05	0.51	0.59	0.1	0.15	0.91	0.51	0.04	0.18	0.91	0.01	0.41	0.92	0.02	0.42	0.41	0.11	2.13	0.42	0.52	0.03	0.63	0.43	1.42	0.18	0.01	0.42	0.42	0.42	0.52	0.01	0.25	0.1	0.62	0.41	0.03	0.19	0.41	0.15	1.43	0.49	0.05	0.04	0.01	0.78	0.48	0.29	0.41	0.98	0.59	0.52	0.51	0.03	0.04	0.48	0.04	0.51	0.5	0.12	0.91	0.41	0.41	0.03	0.9	2.15	0.03	0.56	0.45	0.06	0.04	0.41	0.18
0.01	0.12	0.15	0.14	0.04	0.46	0.01	0.25	0.46	0.1	0.01	2.04	0.48	0.11	0.26	0.09	0.15	0.25	0.23	0.43	0.12	0.04	0.09	0.03	0.03	0.12	0.13	0.12	0.38	0.16	0.4	0.05	0.11	0.39	0.51	0.08	0.09	0.39	0.41	0.05	0.1	0.03	0.1	0.01	1.86	0.02	0.4	0.9	0.22	0.01	0.38	0.4	0.09	0.65	0.11	0	0.15	0.27	0.42	0	0.09	0.01	0.41	0.15	0.04	0.24	0.13	0.01	0.13	0.42	0.11	0.04	0.02	0.18	0.26	0.36	0.26	0.14	0.72	0.11	0.1	0.04	0.42	0.21	0.17	0.03	0.08	0.05	0.01	0.1	0.03	0.42	0.11	0.23	0.34	0.1	0.23	0.47	0.23
0.21	0.2	0.31	0.25	0.09	0.32	0.46	0.49	0.21	0.5	0.03	8.3	0.15	0.49	0.27	0.37	0.24	0.89	0.24	1.07	0.5	0.04	0.06	0.1	0.11	0.21	0.41	0.23	0.36	0.16	0.04	0.07	0.23	0.09	0.16	0.09	0.42	0.23	0.05	0	0.43	0.1	0.22	0.35	0.13	0.09	0.23	0.23	0.44	0.04	0.37	0.45	0.45	0.18	0.16	0.07	0.21	0.22	0.11	0.04	0.21	0.16	0.46	0.21	0.01	0.26	0.23	0.47	0.24	0.22	0.23	0.1	0.64	0.42	0.49	0.03	0	0.08	0.22	0.28	0.24	0.13	0.43	0.09	0.5	0.03	0.09	0.06	0.5	0.2	0.09	0.5	0.15	0.68	0.27	0.4	0.33	0.21	0.42
0.12	0.02	0.09	0.05	0.49	0.26	0.32	0.03	0.03	0.03	0.44	5.11	0.04	0.29	0.74	0.21	0.31	0.58	0.27	0.05	0.54	0.15	0.2	0.15	0.16	0.04	0.03	0.44	0.1	0.05	0.11	0.17	0.03	0.13	0.04	0.22	0.13	0.45	0.1	0.22	0	0.11	0.24	0.25	0.45	0.54	0.2	0.04	0.35	0.46	0.02	0.46	0.01	0.16	0.05	0.34	0.27	0.01	0.19	0.1	0.68	0.48	0.48	0.2	0.15	0.16	0.05	0.48	0.79	0.48	0.03	0.19	0.15	0.27	0.04	0.13	0.21	0.19	0.34	0.23	0.41	0.49	0.05	0.2	0.59	0.11	0.21	0.89	0.1	0.43	0.56	0.48	0.05	0.94	0.05	0.02	0.35	0.36	0.44
0.34	0.12	0.16	0.48	0.09	0.3	0.03	0.12	0.11	0.13	0.03	7.15	0.12	0.49	0.22	0.6	0.29	0.5	0.22	0.45	0.15	0.4	0.08	0.04	0.04	0.12	0.14	0.91	0.17	0.14	0.03	0.26	0.12	0.29	0.13	0.1	0.1	0.1	0.03	0.43	0.11	0	0.14	0.07	0.34	0.11	0.43	0.48	0.23	0.02	0.47	0.44	0.32	0.26	0.13	0.05	0.43	0.11	0.45	0.04	0.11	0.04	0.51	0.45	0.27	0.08	0.28	0.56	0.3	0.14	0.12	0.04	0.18	0.18	0.47	0.01	0.03	0.47	0.21	0.12	0.13	0.41	0.12	0.09	0.48	0.15	0.4	0.08	0.03	0.47	0.04	0.19	0.13	0.22	0.55	0.11	0.55	0.12	0.4
0.49	0.03	0.09	0.06	0.14	0.27	0.23	0.03	0.02	0.02	0.48	3.43	0.04	0.24	0.36	0.29	0.04	0.2	0.23	0.04	0.08	0.16	0.21	0.14	0.14	0.14	0.32	0.04	0.14	0.42	0.11	0.18	0.4	0.44	0.03	0.4	0.02	0.12	0.33	0.5	0.14	0.4	0	0.18	0.17	0.27	0.21	0.79	0.4	0.4	0.03	0.22	0	0.22	0.22	0.12	0.05	0.02	0.45	0.12	0.04	0.4	0.43	0.53	0.61	0.17	0.04	0.42	0.41	0.03	0.41	0.14	0.14	0.28	0.1	0.11	0.23	3.02	0.32	0.28	0.04	0.15	0.41	0.36	0.27	0.41	0.2	0.17	0.13	0.42	0.15	0.31	0.06	0.35	0.04	0.02	0.18	0.01	0.52
0.42	0.22	0.42	0.42	0.15	0.72	0.42	0.41	0.22	0.16	0.28	0.23	0.42	0.42	0.28	0.4	0.16	0.63	0.25	0.14	0.22	0.46	0.11	0.45	0.42	0.41	0.42	0.21	0.21	0.13	0.43	0.07	0.15	0.04	0.12	0.1	0.12	0.43	0.01	0.12	0.43	0.06	0.14	0	2.94	0.18	0.56	1.44	0.94	0.04	0.18	0.11	0.11	0.56	0.12	0	0.15	0.14	0.07	0.01	0.13	0.44	0.74	0.17	0.06	0.07	0.45	0.03	0.17	0.17	0.95	0.55	0.51	0.45	0.14	0.08	0.25	0.13	0.22	0.46	0.3	0.15	0.23	0.1	0.28	0.04	0.11	0.08	0.03	0.13	0.05	0.62	0.38	0.25	0.47	0.2	0.68	0.14	1.48
2.48	0.45	0.46	0.74	0.04	0.48	0.05	0.42	0.92	0.5	1.49	1.04	0.95	0.45	3.47	0.96	2.47	0.5	3.57	0.17	2.06	0.05	0.15	2.59	0.04	0.48	0.47	0.46	0.46	0.43	0.69	0.41	1.06	0.08	0.14	0.23	0.61	0.17	0.99	0.43	1.94	0.91	0.46	0.5	0.08	0.49	0.53	2.47	1.56	0.19	0.25	1.42	2	0.95	1.66	0.44	0.97	0.19	0.41	1.46	0.93	0.12	0.44	2.55	0.94	0.43	0.19	0.42	2	1.04	0.44	2	0.47	0.42	0.43	0.69	0.12	0.51	0.22	0.46	0.45	0.08	0.45	0.47	1.59	0.92	0.11	0.43	0.44	1.65	0.44	0.91	0.93	1.01	2.43	0.33	0.95	1.52	0.42
0.02	0.13	0.47	0.15	0	0.42	0.02	0.14	0.14	0.15	0.04	0.48	0.48	0.48	0.27	0.58	0.48	0.56	0.32	0.65	0.31	0.47	0.36	0.48	0.01	0.58	0.81	0.2	0.58	0.14	0.19	0.1	0.48	0.15	0.14	0.08	0.13	0.16	0.1	0.09	0.16	0.15	0.48	0.53	1.03	0	0.15	0.48	0.2	0.98	0.48	0.14	0.5	0.39	0.48	0.02	0.58	0.15	0.98	0.1	0.44	0.76	0.19	0.12	0.31	0.06	0.98	0.47	0.16	0.47	0.19	0.04	0	0.18	0.14	0.47	0.09	0.05	0.55	0.19	0.33	0.51	0.15	0.48	0.48	0.09	0.07	0.11	0.49	0.13	0.01	0.49	0.52	0.49	0.38	0.15	0.99	0.14	0.49
0.35	0.2	0.31	0.61	0.15	0.42	0.23	0.47	0.21	0.22	0.15	1.67	0.22	0.23	0.67	0.21	0.23	0.73	0.35	0.2	0.6	0.16	0.21	0.48	0.14	0.57	0.48	0.49	0.33	0.23	0.48	0.19	0.58	0.13	0.5	0.19	0.2	0.27	0.15	0.23	0.49	0.59	0.49	0.37	2.55	0.15	0	0.22	0.33	0.51	0.63	0.6	0.19	0.17	0.22	0.4	0.23	0.26	0.17	0.4	0.21	0.8	0.38	0.4	0.18	0.21	0.23	0.15	0.37	0.22	0.42	0.14	0.15	0.36	0.42	0.22	0.42	0.42	0.31	0.26	0.23	0.42	0.42	0.21	0.07	0.22	0.43	0.17	0.16	0.21	0.43	0.65	0.43	0.43	0.59	0.63	0.62	0.54	1.44
0.45	0.02	0.09	0.13	0.46	0.26	0.14	0.27	0.02	0.01	0.17	7.33	0.83	0.4	0.37	0.4	0.05	0.21	0.31	0.41	0.55	0.51	0.81	0.42	0.16	0.03	0.12	0.04	0.48	0.07	0.12	0.42	0.01	0.32	0.05	0.52	0.04	0.08	0.12	0.54	0.04	0.14	0.03	0.44	0.18	0.27	0.38	0	0.36	0.35	0.04	0.44	0.33	0.75	0.8	0.22	0.01	0.03	0.16	0.25	0.04	0.27	0.04	0.46	0.15	0.16	0.05	0.2	0.06	0.02	0.04	0.16	0.18	0.29	0.04	0.49	0.55	0.18	0.34	0.06	0.05	0.15	0.21	0.21	0.28	0.14	0.59	0.4	0.49	0.59	1.1	0.45	0.06	0.64	0.19	0.4	0.09	0.08	0.21
0.22	0.46	0.36	0.37	0.2	0.46	0.22	0.49	0.31	0.33	0.46	4.72	0.54	0.5	0.21	0.24	0.35	0.45	0.41	0.35	0.37	0.22	0.91	0.21	0.21	0.72	0.47	0.38	0.38	0.92	0.42	0.34	0.34	0.2	0.95	0.15	0.32	0.34	0.46	0.42	0.42	0.46	0.33	0.42	4.01	0.2	0.33	1.22	0	0.22	0.34	0.18	0.52	0.46	0.33	0.22	0.62	0.41	0.17	0.23	0.32	0.41	0.37	0.33	0.39	0.15	0.36	0.41	0.36	0.34	0.36	0.22	0.56	0.25	0.62	0.25	0.23	1.87	0.02	3.8	0.33	0.42	0.42	0.5	0.56	0.24	0.41	0.18	0.23	1.12	0.21	0.61	0.33	0.93	0.43	0.71	0.72	0.47	0.63
0.03	0.3	0.5	0.24	0.04	0.49	0.25	0.11	0.7	0.5	0.02	4.85	0.18	0.13	0.23	0.09	0.12	1.44	0.23	0.44	0.93	0.03	0.05	0.04	0.04	0.44	0.1	0.12	0.16	0.47	0.15	0.45	0.44	0.02	0.67	0.07	0.09	0.75	0.22	0.04	0.12	0.12	0.1	0.15	4.55	0.18	0.18	0.56	0.47	0	0.09	0.07	0.09	0.46	0.19	0.41	0.11	0.47	0.05	0.01	0.1	0.08	0.1	0.15	0.18	0.08	0.11	0.02	0.14	0.12	0.48	0.25	0.03	0.21	0.37	0.02	0.04	1.3	0.2	3.55	0.13	0.1	0.48	0.49	0.14	0.01	0.3	0.49	0.01	0.38	0.32	0.49	0.49	0.22	0.37	0.49	0.27	0.12	0.22
0.95	0.03	0.45	0.44	0.28	0.26	0.97	0.04	0.02	0.42	0.15	6.77	0.03	0.04	0.83	0.94	0.05	0.83	0.42	0.01	0.42	0.14	0.2	0.92	0.41	0.77	0.04	0.41	0.21	0.41	0.09	0.41	0.41	0.35	0.12	0.51	0.01	1.99	1.47	0.23	0.02	0.96	0.45	0.12	0.47	0.14	0.45	0.97	0.45	0.09	0.03	0.49	0.07	1.39	0.91	0.5	0.06	0.02	0.78	0.11	0.13	1.01	0.04	0.21	0.14	0.51	0.91	0.41	0.05	0.07	0.48	0.48	0.57	0.56	0.09	0.11	0.45	0.47	0.45	0.03	0.06	0.45	0.46	0.45	0.45	0.45	0.75	0.46	0.93	0.35	0.41	0.29	0.41	0.35	0.05	0.3	0.09	0.13	0.18
0.08	0.19	0.22	0.28	0.11	0.36	0.46	0.2	0.22	0.19	0.07	1.89	0.2	0.54	0.18	0.08	0.48	0.22	0.17	0.18	0.26	0.07	0.01	0.48	0.09	0.32	0.2	0.22	0.23	0.22	0.08	0.32	0.49	0.13	0.49	0.04	0.49	0.38	0.32	0.05	0.18	0.08	0.5	0.16	1.4	0.9	0.2	0.91	0.41	0.41	0.26	0	0.18	0.16	0.4	0.08	0.2	0.17	0.41	0.41	0.41	0.1	0.45	0.21	0.05	0.03	0.61	0.08	0.35	0.21	0.21	0.09	0.13	0.14	0.25	0.41	0.2	0.05	0.42	0.71	0.62	0.07	0.21	0.37	0.62	0.09	0.04	0.34	0.08	0.21	0.42	0.15	0.21	0.42	0.27	0.19	0.24	0.22	0.19
0.33	0.01	0.46	0.4	0.14	0.25	0.11	0.26	0.29	0.41	0.13	0.34	0.03	0.03	0.55	0.34	0.24	0.31	0.26	0.09	0.25	0.16	0.38	0.13	0.16	0.03	0.29	0.04	0.1	0.04	0.32	0.16	0.16	0.41	0.03	0.19	0.01	0.01	0.1	0.2	0.01	0.16	0.36	0.18	3.44	0.48	0.46	0.04	0.33	0.09	0.28	0.17	0	0.77	0.04	0.1	0.02	0	0.16	0.12	0.03	0.84	0.02	0.2	0.14	0.15	0.03	0.11	0.33	0.03	0.21	0.52	0.15	0.26	0.02	0.11	0.2	0.2	0.58	0.03	0.04	0.2	0.04	0.19	0.25	0.1	0.18	0.15	0.09	0.02	0.16	0.33	0.04	0.33	0.04	0.01	0.04	0.01	0.18
0.4	0.4	0.27	0.21	0.08	0.38	0.07	1.36	0.53	0.35	0.43	6.88	0.16	0.51	0.68	0.33	0.48	0.56	0.51	0.2	0.33	0.25	0.4	0.4	0.4	0.55	0.45	0.81	0.93	0.56	0.13	0.65	0.83	0.34	0.17	0.13	0.38	0.28	0.04	0.06	0.83	0.14	0.65	0.3	2.98	0.3	0.48	0.68	0.69	0.15	0.36	0.53	0.2	0	0.19	0.49	0.4	0.69	0.3	0.28	0.43	0.49	0.34	0.53	0.12	0.1	0.49	0.49	0.56	0.19	0.8	0.93	0.92	0.44	0.28	0.27	0.89	1.43	0.61	4.12	0.17	0.41	0.25	0.48	0.94	0.55	0.26	0.24	0.16	0.25	0.36	0.28	0.4	0.26	0.24	0.23	0.42	1.02	0.29
0.13	0.43	0.36	0.17	0.4	0.4	0.13	0.06	0.04	0.4	0.12	0.62	0.01	0.42	0.35	0.4	0.42	0.21	0.34	0.09	0.15	0.48	0.93	0.14	0.44	0.05	0.07	0.08	0.15	0	0.12	0.47	0.44	0.13	0.42	0.19	0.03	0.18	0.44	0.16	0.44	0.12	0.05	0.2	2.46	0.3	0.22	0.44	0.34	0.2	0.28	0.61	0.04	0.35	0	0.16	0.07	0.05	0.16	0.95	0.1	0.52	0.07	0.39	0.43	0.39	0.45	0.13	0.15	0.45	0.05	0.14	0.13	0.28	0.05	0.46	0.16	0.18	0.31	0.01	0.03	0.22	0	0.19	0.28	0.46	0.19	0.25	0.46	0.05	0.14	0.46	0.29	0.34	0.08	0.05	0.08	0.05	0.27
0.16	0.11	0.49	0.15	0.03	0.31	0.01	0.11	0.09	0.23	0.4	12.6	0.4	0.13	0.4	0.18	0.15	0.91	0.41	0.4	0.4	0.05	0.43	0.61	0.03	0.41	0.11	0.49	0.42	0.41	0.37	0.19	0.12	0.02	0.64	0.41	0.39	0.27	0.41	0.05	0.11	0.04	0.1	0.2	2.39	0.02	0.15	0.13	0.22	0.42	0.14	0.08	0.12	0.35	0.21	0	0.42	0.11	0.05	0.08	0.12	0.93	0.42	0.15	0.04	0.08	0.14	0.01	0.53	0.17	0.43	0.03	0.02	0.19	0.18	0.04	0.43	0.16	0.22	0.12	0.13	0.06	0.44	0.16	0.21	0.43	0.09	0.07	0.38	0.44	0.03	0.19	0.11	0.23	0.44	0.11	0.33	0.33	0.23
0.42	0.02	0.11	0.92	0.42	0.26	0.13	0.42	0.02	0	0.12	0.53	0.05	0.03	1.27	0.21	0.05	0.22	0.3	0.03	0.47	0.41	0.21	0.14	0.14	0.53	0.04	0.02	0.35	0.06	0.11	0.17	0.01	0.14	0.05	0.19	0.04	0.98	0.48	0.21	0.03	0.14	0.03	0.48	6.1	0.14	0.22	0.01	0.78	0.11	0.04	0.19	0.02	0.23	0.06	0.11	0	0.03	0.32	0.48	0.03	0.44	0.03	0.22	0.16	0.16	0.04	0.13	0.05	0.82	0.04	0.59	0.15	0.28	0.35	0.49	0.48	0.58	0.34	0.45	0.05	0.19	0.06	0.19	0.28	0.12	0.22	0.55	0.48	0.03	0.39	0.52	0.24	0.48	0.16	0.02	0.09	0.03	0.48
0.22	0.02	0.35	0.07	0.36	0.25	0.11	0.22	0.03	0.48	0.31	3.72	0.04	0.04	0.4	0.4	0.04	0.18	0.28	0.02	0.41	0.5	1.01	0.51	0.14	0.81	0.18	0.41	0.1	0.25	0.31	0.17	0.03	0.13	0.04	0.41	0.02	0.09	0.27	0.22	0.41	0.32	0.01	0.13	0.41	0.5	0.2	0.03	0.37	0.09	0.25	0.18	0.01	0.22	0.27	0.12	0.03	0	0.18	0.11	0.29	0.63	0.03	0.2	0.16	0.16	0.04	0.11	0.05	0.43	0.02	0.43	0.13	0.62	0.03	0.11	0.43	0.75	0.33	0.04	0.43	0.5	0.05	0.2	0.73	0.13	0.19	0.44	0.12	0.03	0.15	0.33	0.44	0.35	0.04	0.02	0.04	0.01	0.19
0.45	0.17	0.23	0.19	0.1	0.65	0.45	0.17	0.14	0.45	0.03	1.53	0.15	0.47	0.56	0.32	0.49	0.21	0.19	0.17	0.15	0.04	0.05	0.29	0.05	0.49	0.17	0.29	0.59	0.49	0.26	0	0.21	0.47	0.15	0.03	0.49	1.3	0.05	0.22	0.49	0.23	0.17	0.09	0.14	0.09	0.32	0.16	0.5	0.29	0.6	0.03	0.15	0.4	0.16	0.06	0.6	0.15	0	0.1	0.14	0.29	0.16	0.17	0.37	0.02	0.17	0.6	0.19	0.35	0.5	0.05	0.4	0.4	0.14	0.09	0.4	0.38	0.17	0.15	0.17	0.6	0.47	0.21	0.23	0.4	0.03	0.09	0.35	0.4	0.05	0.14	0.4	0.18	0.4	0.18	0.41	0.89	0.17
0.03	0.44	0.14	0.53	0.1	0.47	0.04	0.13	0.45	0.13	0.02	1.41	0.11	0.41	0.24	0.08	0.15	0.57	0.23	0.16	0.13	0.12	0.09	0.05	0.04	0.1	0.12	0.16	0.19	0.13	0.01	0.06	0.12	0.32	0.12	0.09	0.49	0.23	0.01	0.05	0.1	0.17	0.13	0.3	0.26	0.1	0.35	0.31	0.41	0.01	0.09	0.09	0.41	0.06	0.12	0.24	0.41	0.1	0.07	0	0.44	0.42	0.13	0.16	0.22	0.08	0.13	0.14	0.42	0.13	0.11	0.04	0.49	0.45	0.11	0.04	0.05	0.07	0.45	0.47	0.49	0.04	0.45	0.19	0.22	0.04	0.09	0.1	0.01	0.11	0.04	0.58	0.11	0.56	0.14	0.46	0.46	0.11	0.99
0.46	0.41	0.1	0.07	0.14	0.26	0.11	0.03	0.02	0.17	0.12	1.98	0.04	0.02	0.37	0.2	0.31	0.2	0.34	0.03	0.1	0.16	0.18	0.39	0.13	0.02	0.04	0.2	0.52	0.42	0.43	0.49	0.04	0.12	0.05	0.19	0.02	0.9	0.42	0.2	0.04	0.32	0.03	0.19	0.39	0.52	0.21	0.8	0.33	0.39	0.02	0.51	0.03	0.35	0.04	0.12	0.04	0.38	0.15	0.53	0	0.88	0.04	0.21	0.15	0.16	0.07	0.42	0.09	0.04	0.04	0.15	0.2	0.27	0.09	0.11	0.57	0.45	0.3	0.29	0.03	0.22	0.04	0.48	0.27	0.11	0.19	0.48	0.1	0.02	0.13	0.29	0.04	0.35	0.07	0.23	0.46	0.03	1.99
0.02	0.95	1.46	0.87	0.03	0.31	0.02	0.95	0.45	0.45	0.02	2.17	0.11	0.46	0.47	0.46	0.96	0.46	0.45	0.45	1.46	0.47	0.45	0.04	0.04	0.95	0.13	0.45	0.94	0.12	0.01	0.44	0.94	0.02	0.42	0.43	0.09	1.43	0	0.92	0.42	0.42	0.11	0	1.42	0.03	0.52	0.42	0.42	0.01	0.41	0.42	0.12	0.71	0.41	0.5	0.41	0.41	0.71	0.4	0.5	0.01	1.49	0.99	0.05	0.49	0.99	0.02	0.49	0.49	0.49	0.04	0.99	0.48	0.48	0.04	0.48	0.07	1.48	1.47	0.47	0.48	0.14	0.47	0.47	0.04	0.47	0.47	0.96	0.96	1.46	0.45	1.47	0.44	1.05	0.54	0.44	0.41	0.5
0.14	0.34	0.46	0.49	0.14	0.23	0.13	0.04	0.08	0.39	0.16	8.04	0.06	0.03	1.03	0.53	0.02	0.21	0.45	0.43	0.06	0.17	0.26	0.36	0.18	0.04	0.26	0.44	0.11	0.07	0.12	0.16	0.07	0.44	0.05	0.98	0.04	0.18	0.14	0.44	0.1	0.12	0.04	0.26	2.94	0.14	0.22	0.94	0.68	0.1	0.36	0.23	0.18	0.54	0.06	0.13	0.03	0.03	0.46	0.12	0.04	0.34	0	0.22	0.17	0.17	0.24	0.14	0.03	0.05	0.43	0.56	0.23	0.53	0.26	0.13	0.22	0.27	0.45	1.95	0.05	0.2	0.06	0.22	0.46	0.16	0.21	0.56	0.12	0.04	0.16	0.32	0.06	0.37	0.02	0.05	0.46	0.03	0.36
0.39	0.21	0.68	0.23	0.13	0.48	0.23	0.48	0.21	0.22	0.28	0.41	0.22	0.41	0.41	0.28	0.23	0.36	0.35	0.2	0.28	1.41	0.21	0.41	0.14	0.22	0.22	0.24	0.71	0.41	0.15	0.17	0.22	0.13	0.24	0.19	0.19	0.42	0.45	0.21	0.21	0.27	0.21	0.17	0.41	0.12	0.01	0.22	1.12	0.2	0.25	0.43	0.2	0.65	0.83	0.15	0.22	0.38	0.17	0.16	0.21	0.16	0.22	0	0.18	0.43	0.23	0.22	0.23	0.29	0.55	0.14	0.44	0.35	0.39	0.22	0.44	0.18	0.4	0.5	0.62	0.21	0.94	0.18	0.07	0.27	0.19	0.18	0.16	0.21	0.12	0.4	0.26	0.63	0.24	0.37	0.45	0.21	0.34
0.42	0.46	0.46	0.45	0.09	0.28	0.03	0.48	0.14	0.15	0.03	8.97	0.2	0.13	0.2	0.18	0.52	0.23	0.21	0.16	0.47	0.03	0.05	0.04	0.04	1.02	0.2	0.17	0.34	0.15	0.04	0.37	0.16	0.06	0.15	0.16	0.31	0.36	0.1	0.27	0.49	0.02	0.16	0.09	0.51	0.1	0.29	0.17	0.19	0.92	0.21	0.05	0.15	0.4	0.15	0.04	0.16	0.15	0.4	0.04	0.15	0.25	0.15	0.16	0	0.27	0.19	0.03	0.4	0.16	0.15	0.5	0.13	0.41	0.14	0.04	0.01	0.41	0.19	0.81	0.14	0.41	0.15	0.16	0.18	0.41	0.05	0.41	0.04	0.15	0.41	0.31	0.15	0.2	0.17	0.92	0.51	0.17	0.2
0.41	0.35	0.21	0.61	0.41	0.23	0.08	0.16	0.18	0.16	0.06	9.36	0.23	0.15	0.45	0.01	0.42	0.18	0.17	0.3	0.45	0.05	0.03	0.18	0.07	0.43	0.46	0.18	0.24	0.18	0.46	0.27	0.48	0.06	0.18	0.15	0.14	0.35	0.12	0.29	0.46	0.08	0.76	0.46	0.54	0.46	0.31	0.46	0.15	0.56	0.14	0.03	0.15	0.42	0.18	0.07	0.16	0.16	0.47	0.07	0.16	0.27	0.47	0.18	0.05	0	0.18	0.07	0.48	0.47	0.15	0.07	0.1	0.12	0.16	0.09	0.06	0.02	0.17	0.19	0.17	0.25	0.17	0.01	0.16	0.48	0.34	0.05	0.47	0.47	0.07	0.1	0.18	0.52	0.19	0.16	0.67	0.92	0.19
0.42	0.43	0.12	0.03	0.16	0.24	0.15	0.05	0.05	0.43	0.43	2.5	0.4	0.05	0.4	0.49	0.42	0.59	0.3	0.04	0.4	0.25	0.46	0.46	0.16	0.4	0.01	0.25	0.13	0.08	0.14	0.9	0.4	0.16	0.06	0.21	0.05	0.34	0.14	0.65	0.04	0.13	0.04	0.23	0.21	0.15	0.23	0.45	0.9	0.35	0.09	0.38	0.03	0.42	0.4	0.14	0.3	0.04	0.31	0.13	0.05	0.5	0.03	0.23	0.18	0.39	0	0.58	0.01	0.4	0.05	0.4	0.15	0.3	0.05	0.16	0.23	0.4	0.34	0.08	0.16	0.42	0.07	0.53	0.4	0.16	0.4	0.4	0.13	0.05	0.15	0.43	0.07	0.36	0.04	0.04	0.04	0.04	0.6
0.04	0.14	0.15	0.35	0.02	0.47	0	0.21	0.49	0.46	0.16	3.23	0.41	0.1	0.41	0.1	0.14	0.41	0.24	0.12	0.42	0.04	0.08	0.03	0.23	0.12	0.13	0.17	0.3	0.13	0.07	0.05	0.12	0.02	0.11	0.08	0.1	0.13	0.01	0.1	0.13	0.04	0.53	0.07	0.36	0.94	0.15	0.13	0.22	0.03	0.12	0.08	0.12	0.44	0.12	0.01	0.44	0.11	0.55	0.26	0.47	0.65	0.45	0.15	0.04	0.07	0.15	0	0.24	0.47	0.38	0.47	0.02	0.57	0.33	0.03	0.25	0.25	1.07	0.12	0.47	0.47	0.33	0.11	0.21	0.03	0.08	0.09	0.41	0.48	0.03	0.19	0.12	0.23	0.14	0.14	0.14	0.11	0.23
0.17	0.16	0.12	0.08	0.16	0.4	0.16	0.29	0.41	0.05	0.15	0.36	0.91	0.05	0.71	0.27	0.03	0.62	0.42	0.12	0.28	0.19	0.38	0.16	0.43	0.05	0.53	0.07	0.12	0.09	0.14	0.18	0.64	0.32	0.12	0.21	0.05	0.44	0.5	0.45	0.42	0.85	0.06	0.18	6.14	0.15	0.57	0.06	0.37	0.46	0.97	0.21	0.04	0.27	0.08	0.13	0.41	0.05	0.21	0.17	0.06	0.45	0.04	0.39	0.17	0.19	0.01	0.4	0	0.43	0.41	0.44	0.17	0.4	0.06	0.5	0.25	0.21	0.68	0.07	0.25	0.2	0.37	0.24	0.92	0.96	0.59	0.26	0.14	0.05	0.72	1.24	0.07	0.36	0.05	0.05	0.04	0.05	0.23
0.13	0.58	0.11	0.31	0.16	0.27	0.48	0.02	0.03	0.02	0.13	6.65	0.06	0.04	0.43	0.23	0.13	0.21	0.31	0.43	0.07	0.52	0.22	0.15	0.15	0.43	0.04	0.02	0.36	0.07	0.43	0.17	0.37	0.15	0.14	0.53	0.04	0.91	0.12	0.53	0.04	0.13	0.03	1.01	6.22	0.47	0.22	0.04	0.43	0.43	0.23	1.44	0.03	0.44	0.07	0.13	0.32	0.04	0.17	0.12	0.04	0.37	0.05	0.54	0.27	0.52	0.44	0.14	0.06	0	0.05	0.54	0.14	0.63	0.04	0.28	0.44	0.64	0.34	0.06	0.06	0.19	0.3	0.4	0.44	0.14	0.54	0.17	0.12	0.44	0.15	0.44	0.06	0.35	0.44	0.03	0.07	0.04	0.21
0.11	0.03	0.09	0.45	0.45	0.26	0.38	0.04	0.03	0.39	0.14	8.19	0.04	0.48	0.75	0.23	0.06	0.49	0.25	0.01	0.07	0.17	0.2	0.16	0.25	0.05	0.04	0.6	0.45	0.05	0.11	0.17	0.04	0.13	0.27	0.22	0.4	0.34	0.1	0.91	0.41	0.16	0.03	0.13	0.47	0.33	0.2	0.05	0.49	0.41	0.4	0.19	0.41	0.17	0.05	0.27	0.04	0.02	0.41	0.09	0.4	0.34	0.04	0.42	0.16	0.15	0.05	0.17	0.06	0.05	0	0.18	0.33	1.42	0.42	0.12	0.22	0.19	0.34	0.42	0.05	0.16	0.08	0.52	0.49	0.31	0.21	0.47	0.1	0.07	0.42	0.47	0.63	0.34	0.06	0.42	0.42	0.42	0.18
0.03	0.48	0.24	0.46	0.02	0.3	0.03	0.14	0.27	0.14	0.42	2.51	0.46	0.93	0.26	0.13	0.28	0.88	0.23	0.14	0.46	0.28	0.46	0.54	0.03	0.13	0.15	0.18	0.47	0.47	0.04	0.34	0.16	0.01	0.15	0.47	0.29	0.46	0.03	0.09	0.16	0.77	0.15	0.17	0.88	0.36	0.14	0.15	0.22	0.04	0.14	0.47	0.48	0.05	0.14	0.19	0.49	0.15	0.05	0.04	0.14	0.49	0.16	0.14	0.05	0.07	0.16	0.03	0.34	0.5	0.15	0	0.24	0.19	0.5	0.05	0.09	0.17	0.5	0.23	0.17	0.04	0.41	0.08	0.51	0.16	0.09	0.14	0.34	0.51	0.01	0.52	0.14	0.49	0.42	0.14	0.4	0.16	0.22
0.19	0.12	0.17	0.76	0.46	0.66	0.04	0.46	0.11	0.46	0.02	6.38	0.14	0.55	0.56	0.46	0.16	0.23	0.25	0.56	0.16	0.14	0.49	0.02	0.05	0.98	0.48	0.19	0.68	0.48	0.09	0.3	0.58	0.48	0.14	0.14	0.13	0.26	0.58	0.09	0.48	0.48	0.19	0.48	0.04	0.4	1.08	0.14	2.06	0.64	0.35	0.91	0.54	1.11	0.14	0.02	0.53	0.16	0.52	0.41	0.14	1.42	0.92	0.16	0.42	0.06	0.15	0.02	0.92	0.42	0.2	0.42	0	0.53	0.43	0.29	0.09	0.66	0.23	2.94	0.13	0.19	0.93	0.48	0.34	0.26	0.43	0.1	0.13	0.5	0.4	0.17	0.13	0.35	0.4	0.52	0.5	1	0.6
0.57	0.51	0.3	0.31	0.18	0.52	0.18	0.28	0.26	0.48	0.19	8.05	0.27	0.27	0.22	0.45	0.3	0.19	0.05	0.65	0.32	0.2	0.37	0.31	0.2	0.46	0.28	0.3	0.96	0.29	0.18	0.13	0.43	0.18	0.29	0.1	0.29	0.58	0.56	0.47	0.28	0.51	0.47	0.7	0.29	0.57	0.36	0.31	0.25	0.41	0.26	0.38	0.26	0.36	0.28	0.18	0.28	0.39	0.34	0.19	0.28	0.62	0.28	0.33	0.41	0.12	0.3	0.35	0.3	0.29	0.28	0.42	0.18	0	0.3	0.19	0.2	0.42	0.22	0.42	0.28	0.35	0.61	0.1	0.35	0.52	0.43	0.49	0.19	0.26	0.19	0	0.49	0.03	0.31	0.28	0.43	0.28	0.09
0.47	0.15	0.07	0.59	0.12	0.26	0.1	0.03	0.02	0.48	0.11	7.39	0.03	0.02	0.47	0.2	0.31	0.58	0.5	0.02	0.06	0.41	0.23	0.48	0.14	0.02	0.04	0.42	0.48	0.13	0.48	0.16	0.04	0.12	0.05	0.18	0.49	0.02	0.36	0.21	0.03	0.11	0.4	0.15	3.21	0.5	0.21	0.04	0.8	0.4	0.08	0.4	0.07	0.19	0.05	0.09	0.4	0.03	0.15	0.4	0.01	0.4	0.04	0.35	0.14	0.46	0.41	0.41	0.06	0.05	0.03	0.15	0.57	0.51	0	0.11	0.21	1.08	0.41	0.03	0.04	0.4	0.4	0.18	0.41	0.1	0.19	0.41	0.2	0.33	0.47	0.42	0.03	0.33	0.41	0.15	0.06	0.03	0.92
0.04	0.28	0.16	0.17	0.4	0.32	0.03	0.14	0.48	0.14	0.24	0.76	0.18	0.14	0.24	0.07	0.15	0.26	0.22	0.4	0.15	0.04	0.09	0.23	0.43	0.19	0.42	0.15	0.18	0.14	0.03	0.22	0.3	0.09	0.18	0.11	0.58	0.13	0.04	0.04	0.44	0.01	0.12	0.3	1.14	0.47	0.22	0.15	0.46	0.02	0.13	0.09	0.1	0.47	0.47	0.04	0.14	0.48	0.16	0.03	0.12	0.18	0.39	0.39	0.04	0.09	0.16	0.04	0.14	0.42	0.43	0.18	0.09	0.2	0.47	0	0.04	0.08	0.96	0.47	0.15	0.43	0.13	0.18	0.98	0	0.1	0.09	0.03	0.11	0.14	0.19	0.48	1.03	0.21	0.5	0.16	0.13	1.11
0.1	0.22	0.48	0.25	0.09	0.49	0.49	0.21	0.19	0.21	0.03	2.47	0.15	0.64	0.27	0.11	0.25	0.65	0.23	0.41	0.19	0.09	0.06	0.09	0.53	0.6	0.43	0.23	0.24	0.16	0.25	0.04	0.33	0.09	0.17	0.09	0.21	0.37	0.05	0	0.61	0.03	0.23	0.13	0.15	0.25	0.48	0.24	0.24	0.78	0.88	0.05	0.2	0.16	0.16	0.05	0.58	0.22	0.13	0.04	0.2	0.05	0.23	0.21	0.01	0.05	0.58	0.1	0.63	0.24	0.22	0.09	0.43	0.2	0.2	0.05	0	0.43	0.22	1.04	0.59	0.01	0.43	0.27	0.23	0.03	0.09	0.07	0.04	0.45	0.09	0.21	0.16	0.22	0.25	0.43	0.55	0.22	0.28
0.06	0.53	0.55	0.62	0.05	0.42	0.06	0.18	0.17	0.41	0.06	1.4	0.49	0.44	0.5	0.04	0.49	0.59	0.18	0.49	0.19	0.08	0.05	0.06	0.06	0.54	0.2	2.47	0.23	0.19	0.46	0.03	0.18	0.05	0.18	0.01	0.18	0.24	0.45	0.44	0.21	0.08	0.44	0.08	1.55	0.48	0.19	0.47	0.16	0.43	0.42	0.05	0.18	0.42	0.18	0.07	0.17	0.41	0.71	0.07	0.19	0.9	0.19	0.18	0.05	0.5	0.6	0.06	0.18	0.19	0.49	0.06	0.05	0.49	0.18	0.09	0.08	0	0.14	0.82	0.57	0.04	0.18	0.03	0.24	0.08	0.01	0.03	0.07	0.16	0.45	0.3	0.43	0.16	0.44	1.35	0.21	0.48	1.84
0.44	0.49	0.33	0.44	0.24	0.21	0.44	0.33	0.31	0.4	0.2	7.39	0.42	0.29	0.19	0.3	0.73	0.38	0.43	0.33	1	0.21	0.39	0.53	0.19	0.3	0.53	0.73	0.63	0.58	0.53	0.17	0.33	0.76	0.47	0.43	0.32	2.65	0.44	0.44	0.43	0.22	0.34	0.24	4.76	0.67	0.64	0.93	0.02	0.46	0.54	0.17	0.32	0.5	0.34	0.2	0.34	0.46	0.46	0.23	0.3	0.77	0.63	0.47	0.47	0.16	0.57	0.3	0.58	0.73	0.68	0.19	0.63	0.21	0.31	0.48	0.22	0.14	0	0.31	0.32	0.21	0.32	0.12	0.53	0.33	0.25	0.49	0.63	0.59	0.19	0.5	0.31	0.3	0.49	0.5	0.6	0.91	0.25
0.96	0.04	0.22	0.45	0.13	0.28	0.44	0.87	0.03	0.05	0.43	4.48	0.01	0.05	0.43	0.47	0.07	0.2	0.56	0.03	0.09	0.15	0.45	0.14	0.75	0.45	0.06	0.07	0.64	0.44	0.11	0.16	0.93	0.16	0.46	0.19	0.42	0.42	0.11	0.41	0.18	0.12	0.35	0.4	3.29	0.12	0.56	0.14	0.33	0.46	0.06	0.19	0.03	0.54	0.01	0.11	0.47	0.04	0.39	0.12	0.46	0.12	0.06	0.45	0.14	0.18	0.95	0.12	0.54	0.43	0.04	0.14	0.5	0.43	0.92	0.42	0.31	0.17	0.31	0	0.9	0.17	0.01	0.5	0.28	0.24	0.19	0.49	0.12	0.21	0.98	0.5	0	0.47	0.46	0.04	0.46	0.43	0.27
0.14	0.04	0.08	0.07	0.13	0.45	0.12	0.47	0.02	0.05	0.14	8.68	0.03	0.03	0.35	0.22	0.45	0.46	0.55	0.04	0.06	0.16	0.65	0.16	0.17	0.03	0.45	0.07	0.35	0.04	0.11	0.36	0.45	0.14	0.05	0.19	0.03	0.12	0.45	0.41	0.05	0.13	0.04	0.29	0.94	0.44	0.23	0.05	0.33	0.12	0.44	0.21	0.44	0.69	0.26	0.11	0.44	0.13	0.17	0.13	0.03	0.3	0.05	0.37	0.16	0.17	0.06	0.43	0.12	0.43	0.3	0.14	0.59	0.28	0.04	0.14	0.43	0.19	0.31	0.35	0	0.43	0.13	0.46	0.65	0.13	0.43	0.15	0.15	0.31	0.62	0.42	0.03	0.62	0.07	0.04	0.09	0.09	0.21
0.03	0.19	0.2	0.43	0.48	0.33	0.17	0.46	0.19	0.36	0.04	0.25	0.5	0.14	0.19	0.26	0.21	0.24	0.21	0.19	0.19	0.06	0.31	0.1	0.18	0.24	0.22	0.21	0.44	0.22	0.48	0.14	0.41	0.2	0.15	0.2	0.42	0.44	0.26	0.01	0.19	0.05	0.17	0.07	4.38	0.12	0.23	0.17	0.26	0.35	0.43	0.12	0.16	0.37	0.25	0.11	0.17	0.16	0.03	0.07	0.15	0.43	0.15	0.43	0.06	0.06	0.17	0.06	0.43	0.18	0.21	0.47	0.81	0.24	0.51	0.44	0.12	0.14	0.48	0.18	0.23	0	0.44	0.35	0.21	0.04	0.32	0.44	0.05	0.44	0.08	0.19	0.15	0.2	0.42	0.54	0.19	0.28	0.23
0.49	0.05	0.67	0.25	0.13	0.29	0.57	0.06	0.04	0.06	0.12	1.88	0.01	0.16	0.35	0.21	0.47	0.21	0.47	0.04	0.11	0.19	0.21	0.14	0.14	0.05	0.06	0.07	0.5	0	0.48	0.78	0.06	0.48	0.08	0.49	0.03	0.04	0.41	0.15	0.05	0.13	0.05	0.49	0.37	0.49	0.22	0.06	0.49	0.54	0.41	0.21	0.04	0.99	0	0.4	0.06	0.04	0.19	0.13	0.4	0.12	0.34	0.4	0.16	0.46	0.4	0.39	0.08	0.07	0.05	0.41	0.14	0.91	0.71	0.13	0.16	0.17	0.67	0.71	0.03	0.16	0	0.52	0.3	0.14	0.42	0.18	0.13	0.04	0.41	1.09	0.01	0.46	0.41	0.2	0.07	0.13	0.29
0.07	0.18	0.48	0.57	0.18	0.23	0.26	0.56	0.48	0.2	0.15	11.3	0.18	0.44	0.18	0.04	0.22	0.18	2.12	0.2	0.22	0.07	0.04	0.25	0.07	0.22	0.28	0.53	0.63	0.25	0.08	0.03	0.21	0.05	0.19	0	0.19	0.2	0.08	0.09	0.21	0.09	0.18	0.48	0.43	0.49	0.99	0.49	0.52	0.07	0.19	0.04	1.52	0.91	0.19	0.08	0.19	0.4	0.03	0.27	0.19	0.16	0.45	0.22	0.05	0.06	0.42	0.07	1.12	0.21	0.42	0.22	0.42	0.1	0.96	0.48	0.09	0.03	0.17	0.18	0.27	0.43	0.47	0	0.2	0.1	0	0.23	0.08	0.18	0.3	0.44	0.21	0.73	0.64	0.2	0.23	0.43	0.43
0.85	0.31	0.26	0.95	0.45	0.48	0.45	0.57	0.45	0.31	0.21	4.93	0.28	0.29	0.51	0.41	0.29	0.42	0.61	0.41	0.39	0.49	0.41	0.52	0.2	0.41	0.55	0.3	0.57	0.29	0.21	0.26	0.28	0.19	0.52	0.43	0.26	0.63	0.17	0.23	0.27	0.21	0.54	0.23	0.21	0.15	0.07	0.96	0.66	0.46	0.46	0.27	0.37	0.52	0.28	0.57	0.28	0.47	0.41	0.47	0.48	0.64	0.78	0.07	0.24	0.16	0.48	0.48	0.3	0.79	0.26	0.19	1.09	0.69	0.54	0.27	0.23	0.4	0.73	0.28	0.29	0.6	0.45	0.32	0	0.49	0.5	0.17	0.22	0.9	0.4	0.44	0.28	0.41	0.9	0.92	0.29	0.27	0.91
0.03	0.11	0.16	0.46	0.1	0.31	0.47	0.12	0.1	0.13	0.03	2.73	0.13	0.15	0.42	0.07	0.93	0.42	0.42	0.29	0.15	0.42	0.09	0.42	0.05	0.14	0.14	0.16	0.54	0.14	0.03	0.09	0.55	0.09	0.14	0.1	0.43	0.11	0.03	0.49	0.11	0.01	0.14	0.64	5.27	0.09	0.46	0.3	0.44	0.01	0.13	0.31	0.12	0.13	0.45	0.03	0.12	0.11	0.34	0.04	0.35	0.6	0.13	0.22	0.4	0.46	0.16	0.03	0.15	0.15	0.12	0.05	0.09	0.19	0.28	0.47	0.04	1.08	0.57	0.5	0.13	0.06	0.4	0.1	0.28	0	0.98	0.32	0.03	0.13	0.05	0.2	0.48	0.35	0.48	0.13	0.54	0.33	0.72
0.08	0.18	0.58	0.21	0.06	1.02	0.08	0.19	0.42	0.24	0.43	3.23	0.19	0.42	0.57	0.33	0.43	1.09	0.17	0.19	0.2	0.14	0.04	0.11	0.41	0.19	0.44	0.44	0.26	0.2	0.08	0.36	0.53	0.06	0.17	0.01	0.21	0.2	0.08	0.64	0.75	0.42	0.44	0.12	2.5	0.08	0.19	0.21	0.35	0.07	0.19	0.04	0.46	0.45	0.19	0.16	0.58	0.3	0.03	0.09	0.19	0.45	0.23	0.19	0.05	0.01	0.4	0.34	0.31	0.21	0.21	0.09	0.46	0.22	0.43	0.22	0.09	0.41	0.46	0.67	0.2	0.05	0.19	0.01	1.07	0.1	0	0.04	0.09	0.18	0.08	0.47	0.19	0.15	0.22	0.43	0.22	0.22	0.16
0.45	0.16	0.65	0.2	0.18	0.27	0.04	0.16	0.43	0.55	0.06	5.18	0.17	0.48	0.22	0.06	0.58	0.22	0.21	0.48	0.18	0.1	0.11	0.04	0.04	0.14	0.38	0.58	0.48	0.26	0.07	0.18	0.17	0.35	0.15	0.48	0.17	1.25	0.4	0.06	0.45	0.39	0.18	0.07	4.3	0.5	0.49	0.35	0.49	0.12	0.49	0.08	0.18	0.08	0.19	0.07	0.49	0.17	0.09	0.08	0.16	0.9	0.4	0.4	0.06	0.05	0.19	0.24	0.5	0.17	0.16	0.3	0.41	0.15	0.25	0.09	0.61	0.41	0.29	0.17	0.15	0.17	0.19	0.04	0.17	0.52	0.42	0	0.07	0.15	0.15	0.81	0.43	0.58	0.19	0.15	0.51	0.98	0.52
0.05	0.1	0.16	0.52	0.1	0.31	0.02	0.12	0.1	0.14	0.25	3.17	0.11	0.11	0.47	0.45	0.43	0.27	0.43	0.09	0.14	0.04	0.28	0.28	0.04	0.14	0.44	0.44	0.25	0.12	0	0.04	0.12	0.1	0.46	0.11	0.08	0.84	0.31	0.04	0.1	0.11	0.12	0.44	0.87	0.09	0.16	0.64	0.44	0.37	0.32	0.08	0.11	0.05	0.39	0.02	0.13	0.1	0.13	0.01	0.12	0.38	0.14	0.16	0.19	0.08	0.13	0.02	0.27	0.12	0.11	0.06	0.09	0.19	0.12	0.04	0.04	0.41	0.23	0.55	0.12	0.16	0.28	0.08	0.22	0.03	0.09	0.69	0	0.1	0.03	0.96	0.45	0.23	0.15	0.11	0.13	0.1	0.28
0.13	0.02	0.09	0.25	0.12	0.26	0.12	0.03	0.46	0.25	0.11	0.32	0.04	0.01	0.35	0.48	0.05	0.2	0.37	0.06	0.78	0.14	0.2	0.13	0.16	0.01	0.04	0.05	0.13	0.48	0.34	0.16	0.03	0.12	0.06	0.17	0.02	0.49	0.12	0.21	0.03	0.49	0.05	0.15	5.51	0.23	0.53	0.03	0.32	0.39	0.1	0.2	0.02	0.49	0.14	0.1	0.03	0.03	0.16	0.5	0.17	0.11	0.04	0.21	0.15	0.18	0.05	0.12	0.05	0.4	0.17	0.16	0.13	0.58	0.02	0.14	0.2	0.4	0.31	0.04	0.01	0.41	0.22	0.38	0.37	0.71	0.41	0.15	0.28	0	0.16	1.01	0.04	0.41	0.43	0.61	0.06	0.38	2.32
0.03	0.36	0.18	0.18	0.03	0.4	0.02	0.4	0.25	0.4	0.03	1.01	0.13	0.5	0.53	0.21	0.18	0.4	0.49	0.48	0.18	0.81	0.23	0.01	0.22	0.4	0.17	0.16	0.74	0.33	0.41	0.42	0.41	0.18	0.16	0.61	0.14	0.18	0.03	0.09	0.3	0.04	0.71	0.17	1.18	0.34	0.15	0.19	0.21	0.04	0.38	0.92	0.17	0.06	0.14	0.03	0.16	0.42	0.42	0.15	0.13	0.62	0.16	0.15	0.42	0.07	0.15	0.02	0.16	0.15	0.43	0.01	0.03	0.2	0.13	0.43	0.09	0.05	0.34	0.5	0.15	0.04	0.52	0.4	0.14	0.44	0.08	0.04	0.03	0.54	0	0.55	0.21	0.45	0.18	0.15	0.37	0.44	0.45
0.19	0.41	0.34	0.4	0.17	0.12	0.41	0.7	0.51	0.31	0.19	10.4	0.49	1	0.5	0.42	0.49	0.09	0.05	0.31	0.31	0.19	0.15	0.18	0.19	0.3	0.59	0.33	0.34	0.49	0.49	0.14	0.3	0.49	0.46	0.12	0.3	0.89	0.49	0.21	0.63	0.19	0.31	0.24	0.2	0.17	0.47	0.5	0.26	0.17	0.57	0.15	0.47	0.88	0.65	0.4	0.31	0.47	0.16	0.47	0.3	0.47	0.87	0.3	0.17	0.47	0.32	0.57	0.34	0.53	0.47	0.19	0.68	0	0.47	0.2	0.21	0.47	0.29	0.47	0.32	0.17	0.57	0.12	0.97	0.19	0.47	0.47	0.98	0.3	0.19	0	0.33	0.03	0.47	0.3	0.34	0.68	0.09
0.12	0.04	0.27	0.45	0.13	0.28	0.12	0.05	0.03	0.05	0.12	2.91	0	0.05	0.49	0.21	0.07	0.2	0.39	0.24	0.08	0.15	1.4	0.5	0.5	0.05	0.06	0.07	0.47	0.02	0.45	0.17	1.11	0.13	0.07	0.4	0.4	0.12	0.41	0.51	0.05	0.28	0.41	0.3	0.7	0.13	0.91	0.06	0.32	0.24	0.51	0.41	0.41	0.71	0.01	0.41	0.05	0.42	0.16	0.12	0.04	0.42	0.14	0.52	0.15	0.35	0.07	0.12	0.07	0.42	0.04	0.42	0.43	0.28	0.43	0.2	0.15	0.17	0.31	0	0.03	0.53	0.01	0.43	0.28	0.13	0.43	0.18	0.12	0.44	0.44	0.3	0	0.7	0.07	0.04	0.94	0.05	0.27
0.23	0.47	0.34	0.97	0.47	0.15	0.84	0.53	0.97	0.65	0.22	3.72	0.67	0.4	0.32	0.17	0.5	0.41	0.06	0.41	0.41	0.23	0.18	0.51	0.41	0.34	0.42	0.36	0.38	0.62	0.42	0.36	0.42	0.21	0.32	0.16	0.53	0.53	0.22	0.85	0.95	0.22	0.45	0.85	0.25	0.22	0.47	0.34	0.29	0.5	0.34	0.18	0.47	0.48	0.48	0.44	0.34	0.48	0.18	0.48	0.34	0.69	0.53	0.99	0.49	0.14	0.69	0.53	0.36	0.36	1	0.5	0.22	0.03	0.34	0.4	0.61	0.16	0.3	0.6	0.41	0.51	0.34	0.15	0.51	0.23	0.15	0.61	0.41	0.34	0.23	0.18	0.42	0	0.61	0.32	0.92	0.34	0.12
0.15	0.04	0.1	0.88	0.49	0.24	0.42	1.09	0.05	0.22	0.26	0.34	0.07	0.43	0.4	0.35	0.03	0.22	0.3	0.13	0.43	0.18	0.44	0.16	0.49	0.08	0.02	0.17	0.39	0.08	0.13	0.18	0.05	0.58	0.07	0.22	0.05	0.49	0.41	0.25	0.2	0.79	0.05	0.16	3.1	0.46	0.4	0.17	0.37	0.13	0.24	0.23	0.04	0.5	0.23	0.31	0.41	0.04	0.71	0.13	0.07	0.41	0.02	0.51	0.28	0.19	0.42	0.51	0.17	0.06	0.06	0.42	0.17	0.42	0.06	0.17	0.25	0.2	0.63	0.73	0.07	0.18	0.43	0.43	0.29	0.17	0.51	0.19	0.43	0.05	0.17	0.34	0.07	1.04	0	0.05	0.34	0.05	0.22
0.48	0	0.38	0.05	0.13	0.38	0.12	0.02	0.02	0.02	0.12	3.44	0.04	0.04	0.38	0.22	0.05	0.97	0.23	0.23	0.48	0.91	0.73	0.72	0.48	0.47	0.03	0.04	0.1	0.48	0.1	0.17	0.04	0.5	0.04	0.49	0.59	0.29	0.49	0.59	0.02	0.13	0.05	0.49	2	0.19	0.27	0.5	0.34	0.14	0.4	0.4	0.01	0.85	0.05	0.1	0.02	0.41	0.15	0.11	0.03	0.65	0.03	0.41	0.16	0.33	0.04	0.11	0.05	0.42	0.26	0.44	0.15	0.27	0.03	0.52	0.22	0.53	0.55	0.04	0.04	0.53	0.93	0.34	0.27	0.51	0.19	0.17	0.12	0.03	0.15	0.31	0.34	0.32	0.64	0	0.05	0.02	0.19
0.14	0.93	0.25	0.01	0.43	0.54	0.4	0.05	0.05	0.09	0.34	8.34	0.9	0.08	0.39	0.4	0.03	0.4	0.65	0.04	0.09	0.18	0.41	0.41	0.17	0.41	0.04	0.07	0.13	0.92	0.14	0.19	0.42	0.16	0.07	0.42	0.14	0.42	0.14	0.43	0.05	0.31	0.53	0.2	2.03	0.43	0.53	0.43	0.38	0.53	0.43	0.73	0.04	0.52	0.44	0.15	0.44	0.08	0.54	0.14	0.06	0.44	0.02	0.23	0.51	0.44	0.04	0.15	0.35	0.44	0.05	0.17	0.46	0.36	0.08	0.47	0.47	0.51	0.34	0.07	0.06	0.47	0.09	0.47	0.52	0.47	0.24	0.58	0.14	0.05	0.17	0.68	0.07	1.08	0.01	0.19	0	0.04	0.21
0.15	0.02	0.1	0.42	0.14	0.25	0.62	0.03	0.22	0.93	0.15	5.58	0.46	0.21	0.36	0.22	0.4	0.46	0.23	0.4	0.06	0.22	0.21	0.17	0.16	0.13	0.03	0.05	1.4	0.05	0.47	0.47	0.03	0.38	0.44	0.2	0.02	0.02	0.1	0.56	0.22	0.47	0.01	0.13	1.57	0.16	0.47	0.03	0.33	0.12	0.03	0.47	0.01	0.47	0.05	0.1	0.03	0.12	0.47	0.47	0.04	0.14	0.03	0.47	0.16	0.18	0.04	0.13	0.05	0.04	0.03	0.16	0.14	0.62	0.03	0.13	0.24	0.4	0.58	0.04	0.04	0.16	0.05	0.48	0.58	0.53	0.48	0.16	0.13	0.03	0.25	0.98	0.04	0.34	0.05	0.02	0.04	0	0.48
0.43	0.19	0.53	0.61	0.23	0.16	0.22	0.42	0.44	0.45	0.23	0.63	0.27	0.24	1.42	0.17	1.44	0	0.44	0.18	0.66	0.61	0.54	0.22	0.45	0.76	0.45	0.22	0.42	0.28	0.23	0.45	0.2	0.23	0.52	0.15	0.57	0.19	0.46	1.47	0.97	0.23	0.19	0.25	1.01	0.9	0.4	0.87	0.4	0.22	0.19	0.19	0.18	0.43	0.28	0.23	0.2	0.18	0.44	0.24	0.2	0.64	0.95	0.45	0.2	0.2	0.21	0.22	0.22	0.21	0.58	0.22	0.46	0.46	0.19	0.24	0.97	0.47	0.27	0.47	0.97	0.49	0.48	0.18	0.4	0.25	1.48	0.48	0.23	0.51	0.21	0.49	0.42	0.12	0.58	0.49	0.23	0.49	0
