0	0.11	0.15	0.16	0.02	0.3	0	0.3	0.1	1.45	0.3	3.71	0.12	0.13	0.96	0.09	0.15	0.25	0.22	0.11	0.12	0.04	0.34	0.03	0.03	0.3	0.46	0.17	0.52	0.47	0.02	0.04	0.13	0.02	0.19	0.07	0.42	0.51	0.01	0.1	0.47	0.04	0.14	0.04	0.04	0.39	0.15	0.13	0.47	0.03	0.1	0.47	0.11	0.06	0.13	0.31	0.13	0.11	0.04	0.02	0.11	0.02	0.78	0.15	0.03	0.11	0.17	0.27	0.14	0.99	0.13	0.04	0.1	0.18	0.49	0.04	0.1	0.11	0.59	0.12	0.36	0.03	0.12	0.07	0.49	0.03	0.08	0.06	0.02	0.12	0.4	0.2	0.12	0.39	0.17	2.31	0.38	0.42	0.4
0.14	0	0.1	0.44	0.14	0.94	0.12	0.02	0.02	0.44	0.13	6.64	0.04	0.25	0.38	0.47	0.04	0.19	0.21	0.03	0.09	0.47	0.33	0.14	0.24	0	0.4	0.04	0.48	0.05	0.33	0.31	0.48	0.15	0.04	0.48	0.03	0.02	1.36	0.2	0.48	0.13	0.01	0.47	0.38	0.12	0.21	0.28	0.71	0.09	0.19	0.18	0.01	0.49	0.05	0.49	0.02	0.02	1.3	0.3	0.02	0.33	0.03	0.5	0.15	0.5	0.04	0.4	0.04	0.4	0.03	0.41	0.9	0.4	0.02	0.4	0.21	0.24	0.31	0.9	0.04	0.13	0.43	0.4	0.27	0.49	0.19	0.16	0.11	0.02	0.13	1	0.04	0.71	0.04	0	0.04	0.4	0.19
0.15	0.1	0	0.47	0.16	0.7	0.5	0.11	0.07	0.92	0.15	1.48	0.09	0.11	0.37	0.4	0.11	0.62	0.29	0.08	0.11	0.17	0.22	0.2	0.25	0.06	0.51	0.11	0.15	0.27	0.14	0.61	0.11	0.35	0.09	0.41	0.08	0.08	0.15	0.19	0.09	0.31	0.09	0.15	0.41	0.57	0.31	0.09	0.51	0.14	0.41	0.56	0.09	0.21	0.1	0.15	0.42	0.41	0.57	0.14	0.42	0.23	0.1	0.28	0.43	0.2	0.11	0.15	0.11	0.11	0.47	0.17	0.17	0.3	0.26	0.43	0.2	0.21	0.73	0.1	0.08	0.18	0.11	0.43	0.26	0.16	0.21	0.43	0.16	0.09	0.53	0.34	0.1	0.43	0.73	0.09	0.1	0.19	0.34
0.49	0.05	0.1	0.01	0.49	0.49	0.15	0.05	0.05	1.75	0.51	0.37	1.05	0.08	0.4	0.24	0.03	0.77	0.47	0.05	0.14	0.18	0.56	0.48	0.16	0.08	0.02	0.07	0.13	0.49	0.14	0.49	0.05	0.15	0.11	0.22	0.05	0.4	0.4	0.23	0.05	0.15	0.4	0.16	0.41	0.15	0.61	0.41	0.35	0.51	0.41	0.62	0.41	0.2	0.08	0.14	0.05	0.04	0.21	0.43	0.07	0.94	0.33	0.23	0.54	0.19	0.04	0.15	0.1	0.06	0.06	0.65	0.15	0.31	0.06	0.66	0.26	0.2	0.34	0.07	0.46	0.18	0.08	0.22	0.47	0.57	0.23	0.18	0.13	0.05	0.16	0.32	0.9	0.37	0	0.58	0.31	0.05	2
0.02	0.14	0.16	0.44	0	0.29	0.02	0.13	0.15	0.13	0.02	10.5	0.13	0.11	0.47	0.57	0.15	0.24	0.22	0.17	0.48	0.09	0.18	0.01	0.01	0.42	0.15	0.15	0.18	0.14	0.1	0.1	0.13	0	0.13	0.06	0.14	0.14	0.04	0.09	0.45	0.08	0.34	0.04	0.35	0.05	0.46	0.33	0.2	0.04	0.47	0.48	0.32	0.07	0.25	0.03	0.16	0.15	0.1	0.11	0.12	0.41	0.15	0.15	0.09	0.1	0.15	0.08	0.17	0.16	0.14	0.13	0.24	0.81	0.12	0.09	0.09	0.08	0.24	0.13	0.45	0.08	0.13	0.29	0.15	0.46	0.06	0.46	0.1	0.41	0.47	0.17	0.13	0.46	0.15	0.16	0.15	0.47	0.42
0.41	0.23	0.74	0.33	0.29	0	0.3	0.62	0.37	0.68	0.31	4.5	0.28	0.23	0.12	0.25	0.22	0.11	0.43	0.24	0.56	0.53	0.43	0.52	0.3	0.58	0.2	0.25	0.3	0.32	0.43	0.43	0.25	0.29	0.29	0.23	0.24	0.23	0.29	0.32	0.47	0.58	0.23	0.67	0.43	0.6	0.58	0.24	0.36	0.29	0.24	0.48	0.23	0.53	0.57	0.31	0.24	0.23	0.48	0.32	0.24	0.58	0.38	0.49	0.28	0.22	0.21	0.4	0.22	0.25	0.4	0.3	1.01	0.12	0.47	0.51	1.01	0.51	0.21	0.64	0.25	0.28	0.27	0.51	0.48	0.32	0.23	0.27	0.31	0.24	0.3	0.13	0.56	0.26	0.22	0.46	0.23	0.57	0.51
0	0.12	0.15	0.47	0.02	0.91	0	0.14	0.13	1.01	0.01	0.95	0.12	0.42	0.25	0.41	0.14	0.61	0.23	0.11	0.42	0.03	0.08	0.03	0.26	0.1	0.13	0.42	0.19	0.42	0.02	0.04	0.17	0.02	0.11	0.07	0.42	0.38	0.01	0.1	0.72	0.03	0.11	0.03	0.43	0.43	0.15	0.14	0.22	0.02	0.31	0.08	0.11	0.43	0.42	0.02	0.12	0.11	0.35	0.02	0.13	0.02	0.14	0.19	0.44	0.07	0.15	0.19	0.16	0.13	0.44	0.03	0.32	0.18	0.35	0.03	0.1	0.45	0.24	0.12	0.15	0.03	0.45	0.07	0.21	0.45	0.08	0.04	0.02	0.45	0.11	0.27	0.4	0.48	0.14	0.11	0.14	0.27	1.55
0.3	0.02	0.11	0.05	0.13	0.47	0.29	0	0.03	0.79	0.17	3.78	0.15	0.18	0.45	0.6	0.05	0.54	0.77	0.03	0.13	0.15	0.46	0.14	0.17	0.03	0.46	0.02	0.44	0.06	0.47	0.17	0.01	0.13	0.05	0.48	0.3	0.41	0.11	0.22	0.04	0.41	0.42	0.17	0.2	0.14	0.48	0.01	0.66	0.45	0.06	0.19	0.02	0.18	0.06	0.11	0	0.03	0.31	0.13	0.04	0.48	0.04	0.25	0.17	0.32	0.84	0.28	0.05	0.02	0.1	0.16	0.31	0.44	0.03	0.13	0.59	0.61	0.35	0.05	0.05	0.49	0.06	0.2	0.44	0.31	0.46	0.16	0.12	0.03	0.14	0.6	0.05	0.34	0.24	0.15	0.05	0.03	0.91
0.12	0.45	0.07	0.16	0.12	0.85	0.45	0.47	0	1.37	0.45	0.47	0.03	0.26	0.47	0.19	0.29	0.47	0.51	0.11	0.22	0.14	0.21	0.13	0.14	0.01	0.03	0.04	0.1	0.04	0.1	0.17	0.03	0.53	0.06	0.17	0.02	0.11	0.1	0.48	0.03	0.1	0.02	0.34	0.13	0.49	0.48	0.38	0.31	0.36	0.68	0.2	0.59	0.51	0.04	0.1	0.02	0.81	0.15	0.11	0.49	0.2	0.03	0.49	0.3	0.18	0.49	0.37	0.05	0.03	0.03	0.49	0.39	0.26	0.02	0.24	0.4	0.4	0.31	0.03	0.02	0.13	0.21	0.4	0.27	0.12	0.17	0.14	0.1	0	0.13	0.54	0.03	0.66	0.05	0.02	0.4	0.17	0.19
1.92	2.55	2.49	1.72	2.82	3.13	2.89	1.5	1.1	0	0.55	10.4	1	0.88	1.2	1.2	0.8	1	1.09	0.62	0.19	1.81	1.44	1.59	1.4	1.04	1.32	0.3	1.5	1.35	1.51	1.01	1.01	0.33	0.87	1.16	0.96	0.87	0.84	0.81	0.47	1.92	1.82	1.9	2.82	1.92	1.42	0.92	1.72	1.51	1.27	1	1.15	0.77	1.35	1.42	1.08	1.27	2.23	1.86	1.55	1.96	1.35	1.37	1.93	1.52	1.4	1.83	1.42	1.56	1.71	1.73	1.94	1.44	0.98	1.3	0.52	3.79	1.23	0.82	0.83	1.02	1	0.91	1.11	1.18	1.14	1.34	0.44	0.02	1.28	1.66	1.53	1.45	0.99	1.05	0.54	1.3	1.04
0.01	0.21	0.15	0.28	0.02	0.31	0.01	0.12	0.1	1.93	0	2.6	0.25	0.61	0.7	0.12	0.39	0.25	0.22	0.55	0.5	0.03	0.07	0.03	0.03	0.11	0.9	0.14	0.54	0.26	0.01	0.4	0.2	0.02	0.11	0.08	0.4	0.33	0.01	0.03	0.14	0.02	0.4	0.04	0.28	0.36	0.15	0.14	0.22	0.02	0.51	0.07	0.52	0.06	0.12	0.11	0.5	0.13	0.03	0.02	0.23	0.25	0.93	0.15	0.1	0.06	0.3	0.01	0.43	0.63	0.13	0.27	0.4	0.54	0.11	0.03	0.03	0.2	0.2	0.44	0.14	0.02	0.12	0.07	0.44	0.03	0.08	0.06	0.01	0.12	0.03	0.74	0.12	0.49	0.9	1.63	0.94	0.14	0.25
3.04	1.45	0.47	1.17	1.48	1.89	0.21	1.69	0.86	6.88	3.34	5.98	3.61	1.97	2.32	0.52	1.06	12.5	0.3	2.14	11.3	3.47	0.17	0.28	1.57	1.13	4.42	0.35	0.98	1.68	11.6	0.31	0.33	1.21	0.84	0.98	1.1	6.17	3.25	0.22	1.26	1.47	2.05	0.23	0.21	5.51	7.84	0.65	0.9	2.25	0.95	0.19	1.36	11.6	0.6	0.21	0.6	0.34	0.5	0.6	1.75	1.48	2.04	0.5	0.94	9.22	1.57	0.21	0.37	1.71	12.3	0.2	0.24	1.2	4.25	3.62	0.62	1.29	7.46	1.57	10.3	0.2	0.41	10.5	2.68	0.4	1.5	1.8	1.66	1.84	0.2	1.61	1.66	1.99	1.98	0.45	1.07	5.64	3.07
0.12	0.52	0.17	0.07	0.45	0.27	0.45	0.05	0.03	1.56	0.11	5.92	0	0.05	0.49	0.49	0.07	0.33	0.35	0.03	0.13	0.27	0.2	0.69	0.49	0.05	0.06	0.07	0.13	0.01	0.4	0.32	0.05	0.12	0.44	0.41	0.4	0.09	0.11	0.15	0.05	0.11	0.41	0.12	0.41	0.13	0.33	0.05	0.32	0.18	0.22	0.51	0.19	0.15	0.01	0.11	0.05	0.04	0.16	0.42	0.04	0.45	0.06	0.22	0.14	0.17	0.07	0.11	0.07	0.17	0.04	0.47	0.47	0.27	0.07	0.13	0.15	0.47	0.31	0	0.03	0.48	0.01	0.99	0.48	0.12	0.26	0.48	0.12	0.04	0.13	0.29	0.3	1.11	0.07	0.29	0.18	0.04	0.52
0.12	0.09	0.09	0.09	0.12	0.55	0.2	0.03	0.01	1.24	0.13	1.52	0.05	0	0.36	0.46	0.12	0.21	0.34	0.04	0.1	0.13	0.53	0.12	0.47	0.01	0.12	0.05	0.48	0.06	0.11	0.14	0.03	0.11	0.38	0.18	0.03	0.04	0.11	0.21	0.04	0.12	0.04	0.21	0.51	0.13	0.23	0.4	0.34	0.09	0.14	0.5	0.04	0.17	0.06	0.11	0.4	0.9	0.35	0.35	0.4	1.43	0.6	0.23	0.16	0.27	0.41	0.1	0.05	0.04	0.05	0.14	0.13	0.42	0.02	0.43	0.19	1.43	0.44	0.05	0.05	0.13	0.06	0.18	0.44	0.13	0.2	0.44	0.52	0.01	0.23	0.31	0.06	0.34	0.45	0.04	0.45	0.04	0.21
0.44	0.36	0.37	0.63	0.28	0.44	0.25	0.96	0.35	1.32	0.25	1.49	0.99	0.35	0	0.16	0.39	0.16	0.31	0.5	0.41	0.49	0.49	0.44	0.25	0.38	0.78	0.41	0.7	0.5	0.23	0.9	0.4	0.27	0.59	0.18	0.61	0.4	0.26	0.61	0.37	0.34	0.39	0.28	0.25	0.99	0.45	0.42	0.06	0.24	0.73	0.18	0.37	0.24	0.51	0.26	0.39	0.45	0.18	0.23	0.37	0.85	0.45	0.37	0.19	0.17	0.4	0.46	0.77	0.39	0.37	0.47	0.98	0.48	0.47	0.22	0.27	0.19	0.04	0.34	0.98	0.23	0.35	0.18	0.43	0.79	0.18	0.22	0.22	0.69	0.24	0.58	0.65	0.59	0.49	0.36	0.63	0.38	0.45
0.1	0.23	0.46	0.24	0.52	0.25	0.09	0.36	0.43	1.17	0.1	2.22	0.2	0.51	0.16	0	0.81	0.51	0.16	0.21	0.2	0.42	0.02	0.09	0.09	0.19	0.23	0.24	0.36	0.28	0.43	0.03	0.22	0.44	0.48	0.23	0.22	0.23	0.09	0.44	0.92	0.06	0.45	0.6	0.45	0.15	0.49	0.44	0.17	0.45	0.21	0.03	0.46	0.11	0.57	0.47	0.57	0.21	0.03	0.86	0.21	0.98	0.47	0.21	0.04	0.01	0.34	0.14	0.52	0.22	0.59	0.09	0.41	0.49	0.2	0.07	0.11	0.49	0.31	0.59	0.21	0.9	0.21	0.02	0.27	0.08	0.03	0.4	0.24	0.21	0.09	0.29	0.43	0.17	0.91	0.41	0.24	0.52	0.59
0.14	0.43	0.11	0.04	0.15	0.3	0.43	0.4	0.05	1.43	0.17	0.79	0.07	0.05	0.39	0.43	0	0.43	0.31	0.05	0.1	0.43	0.22	0.53	0.19	0.44	0.02	0.07	0.12	0.08	0.14	0.18	0.05	0.16	0.06	0.21	0.05	0.46	0.13	0.23	0.05	0.15	0.04	0.76	0.28	0.18	0.23	0.05	0.96	0.46	0.05	0.22	0.04	0.18	0.08	0.22	0.05	0.04	0.19	0.15	0.86	0.39	0.02	0.23	0.18	0.18	0.03	0.16	0.03	0.06	0.06	0.18	0.48	0.32	0.05	0.14	0.43	0.48	0.35	0.07	0.59	0.48	0.08	0.21	0.29	0.59	0.63	0.18	0.14	0.11	0.16	0.34	0.17	0.47	0.35	0.4	0.04	0.04	0.22
0.25	0.19	0.4	0.47	0.47	0.11	0.25	0.2	0.47	1.08	0.25	3.7	0.46	0.56	0.53	0.47	0.22	0	0.04	0.18	0.47	0.62	0.21	0.97	0.47	0.38	0.67	0.43	1.48	0.21	0.31	0.47	0.2	0.23	1.55	0.55	0.31	1.19	0.68	0.49	0.19	0.25	0.49	0.28	0.54	0.33	0.36	0.21	0.32	0.24	0.18	0.59	0.18	0.49	0.21	1	0.43	0.19	0.2	0.59	0.29	1.5	0.99	0.5	0.23	0.18	0.5	0.25	0.22	0.22	0.4	0.29	0.91	0.4	0.2	0.27	0.27	0.61	0.4	0.4	0.41	0.25	0.4	1.81	0.42	0.41	0.61	0.34	0.26	0.41	0.24	0.91	0.41	0.41	0.41	0.41	0.59	0.53	0
0.22	0.26	0.52	0.66	0.22	0.11	0.23	0.31	0.34	1.06	0.25	0.46	0.76	0.46	0.41	0.16	0.29	0.04	0	0.25	0.42	0.38	0.19	0.23	0.44	0.34	0.28	0.31	0.38	0.65	0.48	0.19	0.3	0.54	0.34	0.49	0.23	0.4	0.23	0.47	0.35	0.22	0.23	0.25	0.47	0.22	0.35	0.31	0.32	0.61	0.52	0.45	0.54	0.23	0.34	0.24	0.31	0.66	0.41	0.23	0.43	0.52	0.28	0.44	0.2	0.18	0.29	0.23	0.31	0.3	0.24	0.23	0.22	0.05	0.36	0.23	0.54	1.05	0.25	0.35	0.34	0.2	0.42	0.17	0.41	0.23	0.26	0.21	0.22	0.4	0.23	0.05	0.33	0.05	0.3	0.51	0.55	0.26	0.04
0.11	0.02	0.15	0.35	0.97	0.24	0.12	0.03	0.02	1.68	0.12	0.93	0.06	0.04	0.56	0.73	0.43	0.28	0.53	0	0.4	0.37	0.25	0.42	0.17	0.04	0.4	0.05	0.42	0.04	0.13	0.92	0.1	0.42	0.04	0.18	0.01	0.42	0.09	0.22	0.42	0.11	0.02	0.41	1.02	0.14	0.19	0.29	0.71	0.08	0.03	0.19	0.01	0.41	0.32	0.1	0.03	0.02	0.41	0.1	0.03	0.09	0.03	0.19	0.51	0.15	0.05	0.11	0.41	0.41	0.01	0.14	0.51	0.92	0.42	0.1	0.42	1.13	0.33	0.92	0.04	0.42	0.24	0.42	0.42	0.12	0.42	0.17	0.42	0.03	0.42	0.53	0.39	0.83	0.26	0.02	0.22	0.17	0.75
0.43	0.06	0.43	0.1	0.16	0.64	0.12	0.08	0.09	0.96	0.12	8.7	0.11	0.09	0.46	0.33	0.09	0.36	0.4	0.13	0	0.56	0.18	0.15	0.15	0.05	0.47	0.11	0.53	0.5	0.13	0.15	0.08	0.47	0.01	0.18	0.09	0.9	0.43	0.18	0.47	0.14	0.08	0.12	0.16	0.48	0.28	0.42	0.48	0.19	0.48	0.21	0.11	0.16	0.16	0.14	0.35	0.98	0.43	0.13	0.1	0.61	0.11	0.28	0.4	0.78	0.4	0.48	0.31	0.14	0.14	0.16	0.51	0.32	0.13	0.21	0.56	0.2	0.33	0.42	0.13	0.16	0.49	0.2	0.23	0.49	0.49	0.22	0.49	0.09	0.49	0.5	0.1	0.33	0.11	0.06	0.12	0.09	0.5
0.41	0.15	0.17	0.22	0.09	0.31	0.03	0.52	0.47	1.41	0.03	3.81	0.15	0.14	0.22	0.07	0.18	0.46	0.22	0.46	0.18	0	0.08	0.04	0.05	0.14	0.15	0.46	0.35	0.16	0.4	0.2	0.16	0.47	0.61	0.07	1.88	0.14	0.04	0.03	0.16	0.06	0.16	0.06	0.66	0.37	0.16	0.41	0.22	0.11	0.47	0.07	0.46	0.09	0.16	0.04	0.16	0.15	0.04	0.04	0.15	0.34	0.53	0.23	0.47	0.47	0.48	0.27	0.46	0.98	0.15	0.04	0.09	0.2	0.67	0.03	0.03	0.47	0.3	0.47	0.16	0.02	0.46	0.47	0.57	0.38	0.09	0.14	0.04	0.47	0.04	0.56	0.15	0.52	0.47	0.47	0.17	0.16	0.23
0.08	0.55	0.19	0.62	0.14	0.64	0.08	0.2	0.95	1.03	0.07	5.57	0.2	0.55	0.17	0.24	1.45	1.45	0.19	0.46	0.2	0.46	0	0.38	0.09	0.18	0.46	0.21	0.26	0.22	0.46	0.14	0.21	0.14	0.17	0.04	0.22	0.46	0.47	0.06	0.2	0.3	0.47	0.47	0.47	0.48	0.67	0.55	0.47	0.47	0.19	0.01	0.2	0.19	0.28	0.45	0.48	0.21	0.06	0.48	0.21	0.48	0.22	0.48	0.05	0.03	0.58	0.08	0.24	0.48	0.48	0.58	0.13	0.88	0.48	0.09	0.06	0.42	0.69	0.49	0.2	0.94	0.21	0.04	0.49	0.09	0.04	0.45	0.08	0.69	0.09	0.15	0.21	0.18	1	0.21	0.6	0.6	0.19
0.86	0.16	0.2	0.41	0.01	0.3	0.03	0.4	0.12	1.29	0.03	4.06	0.34	0.14	0.25	0.34	0.19	0.81	0.23	0.18	0.49	0.05	0.09	0	0.49	0.13	0.59	0.51	0.49	0.28	0.34	0.05	0.15	0.01	0.14	0.09	0.14	0.5	0.03	0.09	0.53	0.04	0.14	0.4	0.16	0.4	0.16	0.4	0.33	0.04	0.13	0.74	0.15	0.06	0.14	0.03	0.17	0.15	0.41	0.05	0.26	0.67	0.15	0.52	0.04	0.14	0.53	0.03	0.17	0.42	0.24	0.01	0.01	0.19	0.42	0.05	0.09	0.06	0.48	0.42	0.16	0.04	0.14	0.08	0.15	0.05	0.09	0.04	0.43	0.14	0.01	0.63	0.14	0.3	0.18	0.17	0.16	0.14	0.47
0.07	0.13	0.43	0.56	0.02	0.9	0.4	0.49	0.15	0.53	0.03	1.97	0.5	0.95	0.63	0.09	0.5	0.25	1.18	1.01	0.15	0.05	0.1	0.02	0	0.16	0.16	0.16	0.6	0.15	0.41	0.45	0.15	0.41	0.14	0.07	0.41	0.43	0.03	0.1	0.41	0.04	0.17	0.06	0.03	1.12	0.14	0.5	0.42	0.42	0.17	0.38	0.14	0.08	0.43	0.03	0.16	0.91	0.05	0.43	0.14	0.21	0.36	0.43	0.43	0.17	0.57	0.73	0.43	0.24	0.16	0.02	0.03	0.44	0.13	0.05	0.39	0.06	0.19	0.54	0.14	0.4	0.64	0.44	0.2	0.05	0.07	0.44	0.04	0.13	0.02	0.18	0.75	0.45	0.19	0.14	0.19	0.16	0.22
0.43	0	0.06	0.08	0.44	0.31	0.44	0.09	0.01	0.97	0.44	5.36	0.05	0.01	0.44	0.59	0.05	0.21	0.34	0.04	0.44	0.15	0.18	0.46	0.13	0	0.04	0.46	0.08	0.06	0.12	0.15	0.03	0.13	0.18	0.4	0.39	0.24	0.1	0.21	0.04	0.13	0.03	0.16	0.44	0.48	1.05	0.26	0.58	0.48	0.04	0.17	0.03	0.15	0.05	0.48	0.27	0.04	0.59	0.49	0.02	0.49	0.04	0.23	0.13	0.18	0.05	0.1	0.05	0.04	0.05	0.19	0.13	0.28	1.08	0.5	0.2	0.17	0.31	0.5	0.03	0.16	0.06	0.2	0.28	0.12	0.19	0.16	0.12	0.01	0.4	0.4	0.24	0.42	0.4	0	0.08	0.3	0.33
0.3	0.03	0.1	0.02	0.14	0.2	0.14	0.04	0.03	0.81	0.14	2.49	0.06	0.03	0.58	0.51	0.02	0.51	0.3	0.34	0.42	0.15	0.22	0.15	0.15	0.04	0	0.06	0.49	0.07	0.14	0.18	0.04	0.14	0.05	0.37	0.04	0.03	0.13	0.22	0.03	0.14	0.03	0.17	0.45	0.21	0.47	0.32	0.34	0.1	0.05	0.2	0.02	0.17	0.4	0.12	0.03	0.32	0.18	0.14	0.04	0.4	0	0.9	0.4	0.17	0.02	0.4	0.04	0.04	0.4	0.46	0.29	0.29	0.41	0.28	0.22	0.41	0.3	0.06	0.05	0.19	0.41	0.19	0.47	0.51	0.22	0.18	0.12	0.43	0.16	0.32	0.41	0.88	0.72	0.03	0.02	0.39	0.2
0.15	0.58	0.48	0.07	0.17	0.99	0.49	0.32	0.49	1.13	0.22	9.04	0.07	0.05	0.4	0.39	0.07	0.43	0.43	0.05	0.09	0.46	0.45	0.43	0.16	0.3	0.05	0	0.41	0.43	0.43	0.56	0.02	0.16	0.92	0.21	0.05	0.05	0.14	0.43	0.36	0.43	0.05	0.46	0.52	0.43	0.25	0.28	0.53	0.13	0.06	0.21	0.19	0.18	0.43	0.14	0.43	0.42	0.18	0.35	0.32	0.45	0.05	0.24	0.18	0.18	0.07	0.15	0.45	0.02	0.29	0.16	0.46	0.65	0.06	0.17	0.25	0.46	0.35	0.07	0.33	0.21	0.34	0.49	0.46	0.15	0.67	0.47	0.13	0.31	0.77	0.36	0.07	0.37	0.07	0.05	0.53	0.05	0.46
0.17	0.21	0.15	0.14	0.93	0.33	0.51	0.1	0.43	1.56	0.43	0.97	0.12	0.25	0.47	0.57	0.19	0.38	0.47	0.1	0.16	0.47	0.26	0.21	0.2	0.57	0.11	0.12	0	0.47	0.16	0.21	0.13	0.2	0.39	0.51	0.1	0.09	0.16	0.23	0.1	0.16	0.11	0.29	0.21	0.9	0.34	0.13	0.66	0.16	0.35	0.25	0.09	0.5	0.13	0.56	0.1	0.14	0.4	0.45	0.12	0.4	0.11	0.63	0.18	0.58	0.5	0.4	0.13	0.5	0.1	0.37	0.4	0.6	0.29	0.47	0.23	3.11	0.9	0.4	0.13	0.22	0.13	0.59	0.3	0.18	0.26	0.22	0.17	0.09	0.53	0.66	0.13	0.49	0.13	0.1	0.14	0.3	2
0.12	0.19	0.11	0.08	0.44	0.35	0.13	0.15	0.08	0.7	0.12	0.7	0.1	0.39	0.35	0.22	0.29	0.21	0.5	0.12	0.13	0.5	0.22	0.17	0.15	0.06	0.07	0.08	0.42	0	0.29	0.17	0.06	0.14	0.09	0.63	0.43	0.04	0.12	0.43	0.44	0.13	0.05	0.13	0.15	0.66	0.23	0.43	0.33	0.18	0.04	0.43	0.44	0.19	0	0.12	0.44	0.44	0.16	0.13	0.05	1.51	0.07	0.23	0.16	1.3	0.08	0.13	0.08	0.07	0.38	0.35	0.86	0.96	0.04	0.14	0.32	0.31	0.47	0.01	0.04	0.47	0.1	0.58	0.48	0.14	0.43	0.19	0.12	0.05	0.15	0.85	0.07	0.49	0.08	0.32	0.08	0.05	0.8
0.02	0.11	0.14	0.14	0.1	0.31	0.53	0.13	0.43	1.09	0.53	8.31	0.51	0.11	0.22	0.08	0.41	0.44	0.41	0.39	0.13	0.04	0.09	0.04	0.43	0.41	0.13	0.13	0.55	0.13	0.01	0.05	0.12	0.1	0.38	0.09	0.11	0.27	0.28	0.04	0.1	0.15	0.46	0.01	0.96	0.46	0.55	0.11	0.22	0.01	0.46	0.17	0.26	0.07	0.12	0.47	0.11	0.39	0.41	0	0.47	0.01	0.35	0.15	0.04	0.07	0.13	0.02	0.13	0.12	0.45	0.04	0.47	0.19	0.1	0.03	0.04	0.07	0.58	0.88	0.12	0.07	0.47	0.08	0.55	0.13	0.48	0.08	0	0.47	0.39	0.51	0.48	0.23	0.13	0.12	0.13	0.1	0.49
0.04	0.15	0.24	0.19	0.1	0.4	0.04	0.17	0.4	1.35	0.03	0.91	0.15	0.14	0.49	0.03	0.46	0.6	0.19	0.44	0.56	0.04	0.29	0.47	0.05	0.29	0.16	0.17	0.47	0.16	0.04	0	0.16	0.09	0.15	0.04	0.24	0.98	0.06	0.04	1.05	0.08	0.15	0.33	0.06	1	0.49	0.16	0.25	0.05	0.16	0.03	1	0.06	0.31	0.05	0.18	0.4	0	0.05	0.16	0.41	0.16	0.17	0.04	0.02	0.41	0.04	0.59	0.18	0.91	0.06	0.1	0.36	0.44	0.42	0.42	1.12	0.17	0.44	0.16	0.37	0.43	0.32	0.23	0.43	0.03	0.47	0.43	0.43	0.05	0.45	0.16	0.44	0.19	0.54	0.19	0.94	0.44
0.14	0.02	0.1	0.06	0.15	0.31	0.75	0.37	0.02	0.95	0.14	3.15	0.3	0.03	0.75	0.55	0.05	0.2	0.3	0.45	0.22	0.15	0.2	0.16	0.15	0.24	0.04	0.02	0.45	0.06	0.12	0.51	0	0.13	0.05	0.19	0.2	0.03	0.11	0.21	0.65	0.13	0.03	0.15	0.16	0.45	0.22	0.01	0.43	0.11	0.05	0.45	0.02	0.17	0.06	0.25	0.01	0.03	0.16	0.13	0.04	0.14	0.04	0.22	0.16	0.46	0.05	0.15	0.07	0.01	0.04	0.16	0.15	0.29	0.27	0.14	0.23	0.18	0.66	0.05	0.05	0.21	0.06	0.2	0.46	0.39	0.86	0.46	0.13	0.17	0.16	0.59	0.05	0.34	0.05	0.03	0.08	0.2	0.21
0.27	0.13	0.48	0.68	0	0.29	0.48	0.14	0.48	1.37	0.02	2.59	0.58	0.17	0.28	0.12	0.15	0.23	1.8	0.48	0.59	0.09	0.44	0.01	0.01	0.47	0.17	0.41	0.2	0.14	0.09	0.47	0.13	0	0.12	0.06	0.12	0.42	0.41	0.81	0.13	0.08	0.14	0.62	0.02	0	0.42	0.16	0.2	0.03	0.12	0.3	0.43	0.08	0.13	0.19	0.23	0.93	0.09	0.38	0.12	0.1	0.14	0.13	0.43	0.43	0.16	0.02	0.43	0.17	0.15	0.01	0.23	0.38	0.43	0.15	0.09	0.24	0.93	0.43	0.37	0.2	0.38	0.43	0.42	0.09	0.06	0.27	0.09	0.13	0.44	0.21	0.25	0.33	0.43	0.14	0.18	0.13	0.44
0.14	0.39	0.26	0.08	0.13	0.47	0.1	0.45	0.09	0.98	0.47	4.77	0.07	0.04	0.35	0.19	0.06	0.46	0.34	0.19	0.01	0.56	0.17	0.14	0.42	0.04	0.86	0.05	0.12	0.13	0.11	0.16	0.05	0.12	0	0.17	0.04	0.04	0.46	0.16	0.04	0.13	0.03	0.13	0.45	0.14	0.26	0.45	0.33	0.45	0.04	0.45	0.03	0.52	0.08	0.13	0.05	0.11	0.14	0.26	0.05	0.53	0.45	0.26	0.54	0.19	0.45	0.11	0.06	0.06	0.04	0.46	0.21	0.29	0.05	0.55	0.17	0.18	0.95	0.13	0.45	0.15	0.08	0.18	0.33	0.22	0.17	0.15	0.44	0.06	0.15	0.61	0.07	0.32	0.44	0.44	0.07	0.05	1.04
0.07	0.26	0.21	0.43	0.06	0.23	0.07	0.37	0.17	1.17	0.08	0.48	0.18	0.2	0.18	0.02	0.48	0.18	0.17	0.58	0.21	0.08	0.26	0.28	0.48	0.44	0.21	0.24	0.53	0.19	0.48	0.03	0.69	0.06	0.57	0	0.18	0.78	0.24	0.09	0.21	0.41	0.59	0.11	0.49	0.1	0.31	0.21	0.15	0.07	0.41	0.04	0.38	0.59	0.19	0.08	0.19	0.3	0.31	0.09	0.18	0.49	0.21	0.19	0.05	0.38	0.46	0.07	0.49	0.2	0.77	0.09	0.06	0.49	0.45	0.1	0.09	0.4	0.49	0.18	0.38	0.1	0.49	0	0.25	0.11	0.01	0.04	0.43	0.19	0.08	0.12	0.87	0.41	0.22	0.19	0.42	0.42	0.15
0.1	0.02	0.08	0.4	0.12	0.26	0.44	0.28	0.44	0.87	0.12	2.14	0.03	0.04	0.35	0.2	0.05	0.18	0.91	0.41	0.09	0.16	0.18	1.52	0.14	0.29	0.03	0.25	0.09	0.03	0.11	0.55	0.03	0.3	0.04	0.19	0	0.01	0.09	0.2	0.3	0.42	0.42	0.42	0.15	0.13	0.19	0.42	0.33	0.13	0.34	0.57	0.01	0.14	0.42	0.11	0.03	0.02	0.14	0.08	0.02	1.06	0.03	0.2	0.16	0.15	0.05	0.1	0.05	0.41	0.02	0.47	0.13	0.29	0.41	0.09	0.53	0.16	0.41	0.03	0.41	0.13	0.03	0.61	0.36	0.11	0.18	0.15	0.08	0.02	0.14	0.4	0.03	0.62	0.05	0.02	0.37	0.02	1.4
0.91	0.41	0.16	0.41	0.14	0.42	0.43	0.03	0.43	1.35	0.44	5.6	0.09	0.04	0.92	0.41	0.4	0.48	0.91	0.41	0.09	0.41	0.41	0.13	0.92	0.04	0.12	0.93	0.09	0.43	0.43	0.43	0.94	0.44	0.04	0.43	7.46	0.01	0.43	0.53	0.54	0.44	0.44	0.11	0.84	0.44	0.19	0.44	0.44	0.08	0.44	0.18	0.01	0.14	0.04	0.45	0.44	0.44	0.31	0.94	0.02	0.28	0.03	0.94	0.45	0.44	0.04	0.44	0.44	0.44	1.44	0.64	0.15	0.45	0.45	0.1	0.95	0.45	0.33	0.03	0.12	0.15	0.04	0.44	0.44	0.11	0.2	0.18	0.45	0.45	0.16	1.45	0.55	0.45	0.05	0.02	0.04	0.02	0.34
0.01	0.44	0.27	0.13	0.04	0.95	0.01	0.22	0.4	0.94	0.01	10.8	0.11	0.36	0.26	0.09	0.55	0.57	0.23	0.1	0.12	0.04	0.09	0.03	0.03	0.11	0.13	0.53	0.17	0.11	0.01	0.48	0.94	0.02	0.51	0.08	0.09	0.17	0	0.05	0.22	0.03	0.13	0	0.3	0.07	0.17	0.11	0.53	0.5	0.09	0.09	1.91	0.04	0.9	0	0.11	0.4	0.05	0.14	0.1	0.57	0.14	0.7	0.04	0.07	0.12	0.01	0.13	0.12	0.1	0.03	0.41	0.18	0.09	0.41	0.05	0.08	0.51	0.1	0.1	0.31	0.4	0.08	0.71	0.03	0.41	0.05	0.22	0.25	0.03	0.41	0.43	0.41	0.13	0.11	0.5	0.1	0.4
0.1	0.21	0.25	0.26	0.09	0.47	0.1	0.42	0.22	1.07	0.03	3.23	0.97	0.21	0.49	0.42	0.24	0.27	0.24	0.57	0.18	0.03	0.22	0.49	0.09	0.69	0.23	0.23	0.46	0.4	0.41	0.16	0.23	0.35	0.16	0.09	0.54	1.27	0.05	0	0.23	0.03	0.34	0.13	0.1	0.43	0.74	0.23	0.43	0.04	0.2	0.05	0.55	0.23	0.35	0.05	0.21	0.48	0.04	0.04	0.23	0.34	0.5	0.21	0.01	0.05	0.23	0.9	0.24	0.22	0.61	0.1	0.09	0.2	0.23	0.03	0	0.42	0.22	0.15	0.24	0.2	0.16	0.09	0.43	0.04	0.09	0.06	0.19	0.2	0.09	0.46	0.15	0.56	0.46	1.05	0.58	0.31	0.62
0.24	0.02	0.09	0.19	0.42	0.24	0.13	0.04	0.42	0.93	0.42	1.82	0.04	0.21	0.37	0.21	0.05	0.56	0.26	0.02	0.24	0.16	0.2	0.96	0.16	0.14	0.04	0.4	0.42	0.05	0.12	0.48	0.12	0.13	0.04	0.2	0.02	0.24	0.1	0.23	0	0.11	0.24	0.13	0.16	0.13	0.2	0.04	0.33	0.6	0.26	0.18	0.01	0.49	0.05	0.12	0.03	0.56	0.19	0.1	0.08	0.12	0.04	0.41	0.16	0.41	0.05	0.13	0.37	0.04	0.03	0.41	0.43	0.27	0.03	0.12	0.43	0.18	0.43	0.04	0.08	0.43	0.05	0.34	0.6	0.13	0.21	0.44	0.1	0.03	0.27	0.86	0.05	0.37	0.05	0.02	0.05	0.01	0.66
0.03	0.38	0.41	0.75	0.09	0.34	0.44	0.12	0.1	1.02	0.02	0.89	0.12	0.12	0.22	0.07	0.16	0.26	0.22	0.11	0.15	0.02	0.08	0.04	0.36	0.12	0.12	0.15	0.16	0.37	0.41	0.07	0.13	0.39	0.13	0.09	0.5	0.1	0.03	0.03	0.11	0	0.49	0.4	0.22	1.07	0.4	0.12	0.23	0.01	0.1	0.4	0.1	0.05	0.13	0.04	0.41	0.4	0.4	0.04	0.11	0.05	0.13	0.2	0.02	0.08	0.41	0.03	0.15	0.12	0.12	0.04	0.13	0.18	0.43	0.01	0.03	0.07	0.21	0.14	0.35	0.28	0.12	0.09	0.2	0.01	0.46	0.08	0.54	0.1	0.47	0.19	0.18	0.22	0.14	0.11	0.33	0.12	0.48
0.14	0.26	0.09	0.04	0.14	0.33	0.12	0.02	0.05	1.86	0.12	0.58	0.04	0.04	0.63	0.43	0.04	0.2	0.23	0.02	0.44	0.26	0.74	0.23	0.14	0.03	0.03	0.05	0.1	0.42	0.45	0.45	0.03	0.22	0.03	0.18	0.03	0.45	0.11	0.22	0.25	0.12	0	0.33	0.17	0.61	0.2	0.03	0.45	0.47	0.03	0.21	0	0.17	0.05	0.1	0.45	0.01	0.23	0.11	0.06	0.39	0.03	0.55	0.55	0.72	0.04	0.45	0.05	0.45	0.03	0.14	0.14	0.28	0.03	0.11	1.05	0.56	0.31	0.04	0.04	0.51	0.45	0.22	0.57	0.12	0.2	0.28	0.1	0.03	0.13	0.31	0.04	0.55	0.04	0.21	0.19	0.02	0.45
0.03	0.16	0.49	0.16	0.12	0.49	0.03	0.99	0.55	1.88	0.03	1.22	0.11	0.49	0.48	0.41	0.19	0.27	0.41	0.13	0.39	0.06	0.11	0.42	0.14	0.19	0.18	0.19	0.42	0.11	0.01	0.07	0.47	0.04	0.12	0.11	0.13	0.12	0.01	0.42	0.15	0.09	0.13	0	0.17	0.42	0.17	0.42	0.24	0.43	0.11	0.39	0.11	0.13	0.11	0	0.43	0.14	0.32	0.01	0.43	0.67	0.18	0.18	0.42	0.44	0.16	0.35	0.17	0.44	0.13	0.05	0.05	0.19	0.31	0.04	0.45	0.09	0.44	0.44	0.17	0.07	0.13	0.11	0.95	0.04	0.1	0.07	0.01	0.59	0.05	0.21	0.34	0.64	0.16	0.18	0.16	0.13	0.45
0.74	0.49	0.18	0.48	0.02	0.39	0.03	0.49	0.51	1.53	0.04	5.74	0.14	0.42	0.52	0.09	0.41	0.53	0.23	0.41	0.42	0.42	0.51	0.01	0.03	0.91	0.52	0.41	0.82	0.42	0.04	0.2	0.92	0.01	0.14	0.09	0.42	0.42	0.43	0.43	0.22	0.42	0.43	0.43	0.01	0.01	0.41	0.4	0.41	0.4	0.5	0.4	0.51	0.08	0.91	0.04	0.41	0.41	0.94	0.43	0.43	0.92	0.41	0.15	0.05	0.41	0.16	0.42	0.4	0.17	0.4	0	0.4	0.91	0.5	0.05	0.1	0.06	0.2	1	0.15	0.06	1	0.08	0.19	0.05	0.49	0.04	0.04	0.13	0.01	0.54	0.48	0.58	0.48	0.48	0.18	0.14	0.48
0.45	0.59	0.17	0.15	0.03	0.46	0.02	0.14	0.47	0.98	0.19	11.1	0.43	0.69	0.66	0.33	0.16	0.36	0.22	0.47	0.44	0.2	0.47	0.01	0.01	0.47	0.21	0.18	0.47	0.53	0.09	0.11	0.47	0	0.14	0.09	0.47	0.14	0.31	0.12	0.17	0.97	0.27	0.67	0.47	0	0.47	0.47	0.2	0.56	0.47	0.13	0.19	0.38	0.18	0.48	0.47	0.76	0.11	0.1	1.48	0.98	0.65	0.63	0.11	0.25	0.48	0.02	0.68	0.25	0.48	0.59	0.22	0.48	0.13	0.59	0.48	0.04	0.49	1.18	0.14	0.15	0.48	0.12	0.16	0.66	0.48	0.1	0.09	0.49	0.01	0.39	0.49	0.65	0.53	0.48	0.35	0.19	0.58
0.17	0.21	0.31	0.47	0.15	0.67	0.15	0.22	0.53	0.76	0.15	3.17	0.22	0.6	0.37	0.21	0.55	0.36	0.35	0.46	0.6	0.16	0.46	0.15	0.14	0.22	0.22	0.66	0.33	0.46	0.15	0.46	0.22	0.24	0.5	0.46	0.2	0.54	0.15	0.23	0.46	0.2	0.2	0.47	0.49	0.47	0	0.68	0.33	0.48	0.2	0.2	0.19	0.18	0.22	0.15	0.48	0.26	0.17	0.48	0.21	0.16	0.22	0.01	0.48	0.2	0.23	0.15	0.23	0.22	0.2	0.51	0.49	0.49	0.21	0.22	0.7	0.17	0.5	0.22	0.4	0.21	0.22	0.2	0.4	0.22	0.19	0.9	0.16	0.21	0.15	0.61	0.22	0.64	0.25	0.41	0.41	0.21	0.42
0.14	0.02	0.09	0.06	0.15	0.49	0.44	0.11	0.02	1.73	0.14	2.31	0.05	0.03	0.37	0.22	0.05	0.43	0.3	0.04	0.44	0.17	0.2	0.15	0.16	0.04	0.94	0.03	0.1	0.07	0.45	0.17	0.01	0.45	0.05	0.34	0.04	0.15	0.12	0.23	0.04	0.12	0.03	0.15	0.17	0.46	0.22	0	0.67	0.12	0.04	0.22	0.03	0.47	0.06	0.14	0.01	0.28	0.48	0.48	0.04	0.9	0.04	0.58	0.49	0.16	0.05	0.49	0.06	0.02	0.05	0.18	0.5	0.6	0.4	0.13	0.41	0.19	1.41	0.91	0.05	0.51	0.32	0.51	0.41	0.61	0.21	0.16	0.35	0.92	0.17	0.32	0.92	0.39	0.05	0.03	0.16	0.03	0.59
0.6	0.34	1.06	0.64	0.2	0.36	0.22	0.35	0.47	2.32	0.22	1.73	0.6	0.33	0.06	0.17	0.35	0.32	0.88	0.63	0.53	0.58	0.18	0.48	0.49	0.33	1.09	0.59	0.37	0.64	0.22	0.17	0.38	0.2	0.95	0.15	0.33	0.61	0.22	0.24	0.33	0.28	0.5	0.25	0.62	0.59	0.93	0.43	0	0.22	0.33	0.18	0.32	0.25	0.33	0.45	0.34	0.34	0.17	0.23	0.47	0.52	0.48	0.33	0.48	0.15	0.35	0.22	0.37	0.38	0.36	0.22	1.01	0.51	0.32	0.61	0.61	0.22	0.42	0.33	0.43	0.43	0.72	0.15	0.66	0.25	0.15	0.18	0.23	0.93	0.42	0.27	0.33	0.63	0.43	2.23	0.36	1.23	0.29
0.02	0.37	0.22	0.46	0.46	0.59	0.02	0.48	0.18	0.69	0.04	1.6	0.18	0.95	0.23	0.1	0.35	0.24	1.47	1.07	0.13	0.03	0.39	0.16	0.04	0.09	0.37	0.68	0.16	0.48	0.27	0.16	0.11	0.02	0.67	0.07	0.09	0.1	0.02	0.04	0.48	0.01	0.1	0.06	0.35	0.26	0.24	0.2	0.51	0	0.09	0.08	0.09	0.06	0.19	0.02	0.49	0.09	0.44	0.01	0.99	1.11	0.1	0.18	0.04	0.5	0.16	0.9	0.36	0.14	0.09	0.9	0.08	0.52	0.93	0.09	0.4	0.4	0.2	0.35	0.13	0.11	0.41	0.07	0.43	0.34	0.41	0.3	0.41	0.41	0.04	0.19	0.18	0.22	0.41	0.09	0.12	0.12	0.54
0.49	0.02	0.08	0.91	0.14	0.52	0.1	0.2	0.04	0.94	0.43	0.45	0.03	0.93	0.38	0.52	0.28	0.18	0.93	0.01	0.12	0.7	0.49	0.13	0.15	0.47	0.04	0.06	0.46	0.04	0.09	0.46	0.04	0.13	0.12	0.18	4.87	0.45	0.95	0.22	0.02	0.12	0.03	0.22	0.44	0.54	0.43	0.04	0.42	0.42	0.02	0.33	0.01	0.16	0.41	0.1	0.41	0.41	0.4	0.1	0.2	0.1	0.04	0.4	0.14	0.99	0.05	0.99	0.05	0.05	0.02	0.49	0.13	0.26	0.15	0.1	0.59	0.29	0.71	0.03	0.04	0.15	0.03	0.57	0.66	0.42	0.42	0.15	0.1	0.02	0.42	0.81	0.4	0.63	0.41	0.02	0.39	0.41	0.52
0.13	0.18	0.22	0.23	0.56	0.46	0.08	0.2	0.46	1.28	0.27	7.03	0.44	0.18	0.18	0.03	0.21	0.45	0.55	0.45	0.21	0.1	0.01	0.09	0.09	0.45	0.53	0.22	0.25	0.95	0.08	0.04	0.21	0.13	0.49	0.04	0.18	0.58	0.09	0.05	0.56	0.08	0.56	0.1	0.39	0.17	0.2	0.21	0.18	0.13	0.87	0	0.57	0.1	0.21	0.08	0.47	0.47	0.34	0.09	0.18	0.1	0.58	0.21	0.05	0.03	0.31	0.09	0.44	0.49	0.19	0.09	0.24	0.14	0.2	0.09	0.4	0.05	0.16	0.19	0.42	0.41	0.56	0.04	0.27	0.41	0.3	0.92	0.41	0.21	0.08	0.15	0.42	0.18	0.62	0.19	0.42	0.31	0.19
0.12	0.23	0.18	0.04	0.14	0.37	0.45	0.4	0.43	0.71	0.13	0.96	0.03	0.11	0.46	0.57	0.04	0.18	0.25	0.01	0.07	0.15	0.22	0.5	0.37	0.03	0.02	0.04	0.09	0.28	0.39	0.15	0.38	0.27	0.03	0.2	0.01	0.01	0.84	0.2	0.01	0.11	0	0.31	0.15	0.52	0.19	0.03	0.32	0.09	0.32	0.25	0	0.15	0.04	0.24	0.02	0	0.47	0.36	0.31	0.69	0.02	0.2	0.15	0.69	0.03	0.11	0.04	0.03	0.09	0.14	0.12	0.26	0.18	0.11	0.2	0.2	0.38	0.03	0.04	0.37	0.04	0.26	0.26	0.1	0.18	0.17	0.09	0.08	0.4	0.4	0.64	0.33	0.04	0.01	0.04	0.01	0.18
0.05	0.15	0.53	0.19	0.07	0.34	0.4	0.16	0.46	1.56	0.34	1.97	0.16	0.28	0.25	0.29	0.41	0.41	0.24	0.15	0.5	0.06	0.29	0.07	0.43	0.45	0.16	0.46	0.28	0.17	0.05	0.06	0.17	0.09	0.17	0.49	0.31	0.16	0.4	0.07	0.48	0.05	0.59	0.09	0.06	0.43	0.38	0.19	0.26	0.07	0.33	0.45	0.14	0	0.17	0.06	0.5	0.15	0.08	0.07	0.16	0.08	1.04	0.17	0.07	0.41	0.18	0.22	0.21	0.19	0.19	0.06	0.09	0.24	0.48	0.07	0.06	0.81	0.24	0.48	0.16	0.06	0.17	0.13	0.19	0.06	0.11	0.08	0.39	0.42	0.08	0.23	0.18	0.95	0.45	0.16	0.5	0.19	0.35
0.13	0.05	0.1	0.4	0.6	0.36	0.37	0.06	0.04	1.32	0.12	1.63	0.45	0.06	0.35	0.21	0.36	0.45	0.34	0.04	0.11	0.15	0.57	0.14	0.42	0.05	0.45	0.45	0.13	0.2	0.12	0.55	0.06	0.45	0.42	0.21	0.03	0.34	0.12	0.16	0.05	0.37	0.05	0.11	0.57	0.22	1.07	0.38	0.33	0.56	0.04	0.21	0.04	0.17	0	0.12	0.39	0.37	0.21	0.13	0.14	0.27	0.46	0.46	0.21	0.18	0.07	0.35	0.11	0.46	0.05	0.14	0.13	0.28	0.04	0.46	0.16	0.18	0.31	0.01	0.03	0.15	0.25	0.18	0.31	0.13	0.19	0.19	0.96	0.46	0.38	0.31	0.04	0.34	0.08	0.05	0.22	0.05	0.27
0.01	0.11	0.22	0.13	0.02	0.31	0.01	0.11	0.49	0.19	0.01	4.37	0.18	0.13	0.56	0.2	0.46	1.06	0.24	0.1	0.46	0.05	0.42	0.03	0.03	0.1	0.13	0.46	0.17	0.22	0.18	0.05	0.47	0.02	0.64	0.67	0.37	0.47	0	0.4	0.12	0.04	0.1	0	0.04	0.02	0.15	0.12	0.49	0.01	0.94	0.08	0.49	0.07	0.11	0	0.13	0.1	0.14	0.01	0.79	0.1	0.13	0.15	0.41	0.07	0.13	0.07	0.41	0.41	0.46	0.24	0.04	0.41	0.93	0.03	0.05	0.09	0.21	0.11	0.13	0.42	0.62	0.08	0.21	0.42	0.32	0.31	0.01	0.09	0.42	0.2	0.48	0.23	0.15	0.43	0.46	0.1	1.04
0.33	0.02	0.1	0.49	0.15	0.3	0.49	0	0.02	0.8	0.13	2.14	0.21	0.63	0.68	0.23	0.05	0.2	1.23	0.42	0.09	0.43	0.83	0.14	0.17	0.19	0.03	0.06	0.1	0.06	0.12	0.17	0.02	0.16	0.05	0.19	0.54	0.03	0.11	0.44	0.19	0.14	0.02	0.17	0.47	0.44	0.62	0.01	0.33	0.12	0.04	0.19	0.02	0.16	0.44	0.44	0	0.03	0.16	0.44	0.03	0.33	0.03	0.22	0.16	0.44	0.05	0.12	0.19	0.01	0.04	0.14	0.93	0.28	0.03	0.13	0.21	0.19	0.55	0.05	0.05	0.14	0.45	0.43	0.28	0.18	0.2	0.45	0.13	0.03	0.14	0.45	0.05	0.37	0.05	0.02	0.3	0.4	0.41
0.45	0.02	0.09	0.04	0.13	0.33	0.45	0.46	0.03	1.89	0.13	1.4	0.19	0.04	0.36	0.22	0.04	0.47	0.27	0.18	0.09	0.15	0.49	0.15	0.47	0.47	0.03	0.05	0.09	0.14	0.1	0.86	0.03	0.14	0.04	0.19	0.02	0.01	0.1	0.29	0.02	0.11	0.01	0.13	0.27	0.21	0.2	0.03	0.33	0.09	0.04	0.18	0.01	0.17	0.05	0.3	0.03	0	0.18	0.1	0.03	0.89	0.03	0.2	0.16	0.43	0.15	0.11	0.04	0.04	0.02	0.16	0.68	0.29	0.14	0.11	0.24	0.2	0.59	0.04	0.29	0.14	0.05	0.69	0.54	0.13	0.2	0.17	0.11	0.5	0.14	0.56	0.04	0.34	0.04	0.02	0.2	0.01	0.58
0.04	0.41	0.23	0.57	0.47	0.25	0.04	0.47	0.15	1.01	0.03	1.48	0.15	0.48	0.18	0.03	0.19	0.48	0.19	0.15	0.15	0.04	0.28	0.05	0.25	0.48	0.16	0.18	0.2	0.48	0.05	0.05	0.18	0.09	0.15	0.41	0.49	0.17	0.99	0.04	0.17	0.07	0.17	0.08	0.49	0.34	0.49	0.51	0.17	0.05	1	0.03	0.19	0.5	0.52	0.05	0.5	0.15	0.4	0.05	0.16	0.5	0.18	0.17	0.31	0.4	0.17	0.04	0.4	0.17	0.4	0.05	0.12	0.5	0.15	0.09	0.29	0.33	0.38	0.16	0.41	0.03	0.16	0.03	0.23	0.08	0.19	0.41	0.04	0.14	0.05	0.41	0.15	0.81	0.43	0.17	0.18	0.17	0.41
0.33	0.47	0.14	0.26	0.38	0.32	0.4	0.13	0.16	2.45	0.02	0.95	0.43	0.11	0.23	0.08	0.16	0.26	0.23	0.93	0.43	0.04	0.37	0.04	0.04	0.43	0.45	0.16	0.44	0.63	0.01	0.3	0.12	0.43	0.12	0.09	0.08	0.09	0.24	0.46	0.45	0.04	0.13	0.02	0.28	0.1	0.16	0.42	0.46	0.01	0.1	0.23	0.11	0.47	0.12	0.02	0.12	0.12	0.05	0	0.1	0.02	0.14	0.17	0.05	0.07	0.13	0.02	0.25	0.49	0.11	0.27	0.79	0.19	0.49	0.04	0.04	0.07	0.24	0.5	0.11	0.04	0.9	0.4	0.22	0.07	0.09	0.08	0.01	0.41	0.04	0.21	0.18	0.41	0.41	0.11	0.14	0.41	0.63
0.1	0.42	0.42	0.14	0.12	0.29	0.1	0.03	0.33	0.81	0.42	3.29	0.04	0.01	0.37	0.21	0.05	0.2	0.49	0.03	0.16	0.3	0.18	2.02	0.14	0.02	0.04	0.35	0.39	0.05	0.12	0.15	0.41	0.4	0.05	0.18	0.02	0.02	0.1	0.2	0.41	0.4	0.04	0.13	0.17	0.29	0.21	0.04	0.47	0.1	0.26	0.18	0.41	0.2	0.04	0.11	0.03	0.04	0.15	0.1	0	1.86	0.31	0.21	0.14	0.16	0.55	0.15	0.06	0.04	0.04	0.45	0.12	0.27	0.01	0.12	0.2	0.19	0.3	0.04	0.03	0.14	0.04	0.17	0.27	0.12	0.57	0.15	0.1	0.02	0.14	0.29	0.57	0.33	0.07	0.03	0.11	0.04	1.88
0.02	0.48	0.47	0.48	0.04	0.31	0.02	0.11	0.48	1.98	0.02	8.66	0.43	0.44	0.53	0.43	0.51	0.47	0.42	0.93	0.43	0.42	0.16	0.92	0.42	0.11	0.13	0.92	0.42	0.47	0.91	0.91	0.41	0.41	0.42	0.49	0.1	1.5	0.79	0.05	0.48	0.04	0.1	0.03	0.04	0.49	0.48	0.48	1.48	0.01	0.97	0.47	0.48	1.47	0.48	0.3	0.47	0.46	0.47	0.02	0.96	0.01	0.14	0.95	0.45	0.08	0.97	0.45	0.45	0.12	0.45	0.45	0.03	0.45	0.5	0.95	1.45	0.45	0.45	0.95	0.44	0.94	0.44	0.64	0.44	0.93	0.43	0.43	0.01	0.93	0.42	0.2	0.11	1.43	0.44	0.42	0.92	0.42	0.92
0.14	0.36	0.48	0.02	0.15	0.48	0.13	0.04	0.03	0.99	0.44	0.68	0.06	0.03	0.63	0.22	0.05	0.2	0.28	0.28	0.38	0.4	0.39	0.5	0.33	0.04	0	0.33	0.29	0.07	0.13	0.5	0.04	0.15	0.05	0.4	0.4	0.5	0.13	0.42	0.15	0.41	0.03	0.18	0.61	1.03	0.27	0.04	0.7	0.1	0.23	0.59	0.26	0.16	0.42	0.42	0.04	0.42	0.53	0.13	0.07	0.59	0	0.26	0.17	0.37	0.43	0.14	0.03	0.23	0.04	0.94	0.14	0.29	0.04	0.13	0.5	0.2	0.31	0.06	0.05	0.44	0.06	0.4	0.28	0.14	0.21	0.16	0.12	0.29	0.16	0.84	0.27	0.96	0.02	0.29	0.23	0.03	0.55
0.15	0.21	0.96	0.49	0.13	0.66	0.15	0.4	0.21	1.14	0.15	1.34	0.44	0.71	0.4	0.44	0.23	0.36	0.56	0.23	0.28	0.16	0.47	0.16	0.29	0.42	0.22	0.24	0.48	0.23	0.15	0.41	0.22	0.13	0.24	0.19	0.2	0.19	0.14	0.49	0.21	0.2	0.21	0.17	0.15	0.2	0.01	0.4	0.33	0.15	0.2	0.21	0.2	0.52	0.37	0.4	0.22	0.41	0.29	0.16	0.61	0.57	0.31	0	0.57	0.2	0.23	0.15	0.24	0.4	0.2	0.14	0.32	0.35	0.69	0.22	0.21	0.25	0.31	0.22	0.23	0.58	0.22	0.18	0.4	0.22	0.19	0.37	0.84	0.21	0.83	0.3	0.53	1.23	0.23	0.21	0.51	0.41	0.39
0.04	0.49	0.46	0.97	0.46	0.6	0.03	0.15	0.14	1.71	0.03	1.32	0.15	0.41	0.19	0.04	0.17	0.44	0.74	0.44	0.21	1.04	0.05	0.04	0.16	0.58	0.15	0.18	0.22	0.27	0.3	0.99	0.48	1.09	0.15	0.05	0.14	0.29	0.04	0.01	0.16	0.02	0.5	0.06	0.05	0.11	0.44	0.17	0.22	0.04	0.5	0.05	0.71	0.06	0.16	0.04	0.16	0.41	0.04	0.04	0.15	0.53	0.17	0.5	0	0.52	0.27	0.03	0.2	0.43	0.15	0.05	0.41	0.52	0.47	0.04	0.02	0.05	0.19	0.15	0.42	0	0.16	0.05	0.18	0.04	0.05	0.06	0.36	0.13	0.42	0.17	0.15	0.19	0.18	0.16	0.42	0.29	0.2
0.07	0.32	0.2	0.19	0.06	0.22	0.07	0.16	0.22	1.29	0.06	5.31	0.17	0.15	0.52	0.01	0.18	0.18	0.17	0.49	0.19	0.05	0.04	0.07	0.07	0.16	0.17	0.49	0.59	0.19	0.08	0.02	0.16	0.06	0.18	0.49	0.14	0.15	0.14	0.05	0.16	0.08	0.17	0.26	0.07	0.06	0.49	0.16	0.18	0.42	0.14	0.03	0.53	0.11	0.45	0.07	0.16	0.16	0.42	0.07	0.53	0.44	0.17	0.18	0.05	0	0.18	0.08	0.19	0.42	0.15	0.24	0.42	0.12	0.36	0.62	0.05	0.24	0.16	0.17	0.17	0.05	0.18	0.01	0.16	0.07	0.01	0.05	0.19	0.18	0.44	0.44	0.18	0.49	0.44	0.16	0.54	0.19	0.2
0.15	0.04	0.44	0.43	0.16	0.29	0.15	0.05	0.04	0.87	0.14	0.96	0.39	0.16	0.4	0.24	0.03	0.46	0.29	0.36	0.13	0.18	0.21	0.19	0.52	0.05	0.01	0.07	0.13	0.08	0.14	0.19	0.05	0.15	0.06	0.53	0.05	0.04	0.15	0.49	0.04	0.15	0.26	0.18	0.18	0.49	0.56	0.05	0.36	0.11	0.35	0.99	0.04	0.2	0.31	0.14	0.04	0.04	0.17	0.19	0.05	0.48	0.03	0.23	0.49	0.49	0	0.45	0.01	0.06	0.05	0.49	0.59	0.3	0.23	0.33	0.46	0.49	0.35	0.07	0.06	0.16	0.07	0.5	0.29	0.49	0.21	0.6	0.13	0.49	0.19	0.35	0.18	0.36	0.03	0.4	0.4	0.36	0.21
0	0.15	0.15	1	0.02	0.59	0	0.42	0.12	1.57	0.01	5.25	0.12	0.43	0.25	0.1	0.14	0.26	0.22	0.11	0.13	0.04	0.65	0.03	0.03	0.45	0.85	0.45	0.17	0.13	0.02	0.05	0.46	0.09	0.11	0.08	0.11	0.38	0.38	0.1	0.42	0.03	0.23	0.04	0.04	0.64	0.15	0.13	0.22	0.14	0.49	0.08	0.11	0.05	0.49	0.02	0.27	0.11	0.18	0.02	0.49	0.25	0.13	0.15	0.03	0.07	0.5	0	0.34	0.38	0.19	0.03	0.4	0.18	0.5	0.04	0.1	0.06	0.42	0.41	0.15	0.24	0.13	0.07	0.41	0.03	0.08	0.92	0.41	0.11	0.25	0.19	1.32	0.42	0.42	0.12	0.73	0.12	0.22
0.17	0.56	0.12	0.04	0.15	0.26	0.16	0.06	0.05	0.73	0.15	3.58	0.07	0.05	0.46	0.57	0.03	0.4	0.48	0.05	0.68	0.17	0.22	0.48	0.16	0.06	0.05	0.07	0.49	0.34	0.13	0.19	0.26	0.15	0.12	0.55	0.13	0.41	0.51	0.23	0.05	0.15	0.04	0.42	0.52	0.42	0.23	0.39	0.93	0.13	0.88	0.21	0.43	0.19	0.08	0.13	0.43	0.43	0.19	0.16	0.06	0.54	0.04	0.23	0.18	0.21	0.01	0.47	0	0.46	0.06	0.46	0.15	0.31	0.06	0.19	0.47	0.2	0.8	0.17	0.07	0.51	0.08	0.41	0.3	0.49	0.23	0.18	0.13	0.05	0.49	0.64	0.5	0.45	0.4	0.05	0.05	0.05	0.22
0.13	0.92	0.42	0.29	0.16	0.25	0.42	0.59	0.03	0.84	0.13	5.34	0.44	0.04	0.44	0.33	0.44	0.22	0.32	0.04	0.22	0.17	0.21	0.15	0.45	0.04	0.05	0.26	0.48	0.45	0.45	0.17	0.01	0.14	0.14	0.19	0.04	0.44	0.63	0.23	0.29	0.49	0.04	0.15	0.46	1.16	0.52	0.61	0.62	0.12	0.46	0.23	0.03	0.17	0.07	0.13	0.02	0.04	0.17	0.12	0.34	0.57	0.04	0.22	0.18	0.16	0.06	0.14	0.06	0	0.05	0.47	0.29	0.47	0.05	0.47	0.24	0.21	0.33	0.06	0.05	0.57	0.08	0.19	0.29	0.15	0.21	0.17	0.12	0.03	1.07	0.47	0.23	0.61	0.06	0.03	0.1	0.21	0.98
0.12	0.03	0.08	0.13	0.16	0.31	0.37	0.04	0.03	1.43	0.14	3.1	0.08	0.05	0.38	0.49	0.06	0.19	0.49	0.01	0.49	0.17	0.26	0.32	0.15	0.05	0.04	0.06	0.11	0.11	0.1	0.55	0.04	0.13	0.27	0.22	0.02	0.4	0.5	0.23	0.03	0.4	0.03	0.16	0.18	0.4	0.35	0.05	0.4	0.09	0.02	0.19	0.4	0.2	0.05	0.11	0.2	0.27	0.41	0.09	0.04	0.1	0.04	0.2	0.41	0.15	0.05	0.15	0.06	0.05	0	0.17	0.18	0.26	0.03	0.41	0.21	0.18	0.36	0.04	0.62	0.42	0.42	0.59	0.26	0.11	0.42	0.16	0.11	0.19	0.14	0.42	0.16	0.36	0.06	0.42	0.72	0.24	0.92
0.03	0.46	0.17	0.35	0.45	0.3	0.03	0.21	0.13	1.35	0.03	2.87	0.45	2.06	0.45	0.09	0.16	1.33	0.23	0.27	0.17	0.91	0.09	0.01	0.02	0.13	0.16	0.55	0.31	0.14	0.06	0.06	0.16	0.01	0.15	0.42	0.13	0.15	0.03	0.47	0.16	0.04	0.15	0.45	0.47	0.24	0.14	0.47	0.21	0.04	0.29	0.09	0.14	0.58	0.19	0.31	0.16	0.17	0.05	0.04	0.48	0.39	0.15	0.44	0.04	0.3	0.22	0.03	0.51	0.16	0.49	0	0.02	0.28	0.13	0.05	0.09	0.06	0.2	0.49	0.16	0.36	0.49	0.29	0.5	0.05	0.09	0.04	0.04	0.14	0.01	0.52	0.17	0.23	0.4	0.32	0.18	0.16	0.91
0.02	0.14	0.24	0.46	0	0.42	0.02	0.62	0.11	0.78	0.44	8.39	0.41	0.13	0.28	0.13	0.16	0.24	0.91	0.27	0.41	0.09	0.17	0.04	0.01	0.3	0.45	0.52	0.93	0.43	0.94	0.44	0.75	0	0.14	1.09	0.29	0.14	0.02	0.09	0.13	0.46	0.14	0.04	0.46	0.21	0.58	0.46	0.53	0.97	0.47	0.15	0.13	0.47	0.47	0.12	0.58	0.17	0.16	0.47	0.13	0.03	0.22	0.17	0.1	0.46	0.54	0.47	0.46	0.19	0.14	0.47	0.01	0.67	0.17	0.47	0.39	0.05	0.47	0.45	0.2	0.47	0.36	0.1	0.15	0.09	0.08	0.09	0.98	0.27	0.01	0.49	0.13	0.48	0.39	0.48	0.18	0.13	0.47
0.44	0.28	0.3	0.41	0.65	0.29	0.18	0.28	0.26	0.65	0.32	6.28	0.27	0.27	0.22	0.13	0.31	0.26	0.05	0.45	0.57	0.2	0.14	0.19	0.19	0.27	0.28	0.47	0.35	0.97	0.47	0.13	0.29	0.19	0.29	0.57	0.36	0.27	0.18	0.37	0.52	0.19	0.36	0.19	0.19	0.18	0.98	0.55	0.25	0.2	0.4	0.14	0.26	0.25	0.28	0.18	0.48	0.26	0.13	0.19	0.27	0.48	0.29	0.33	0.99	0.89	0.31	0.33	0.99	0.49	0.52	0.4	0.29	0	0.25	0.19	0.49	0.71	0.58	0.41	0.49	0.19	0.28	0.5	0.35	0.52	0.1	0.15	0.33	0.26	0.4	0	0.34	0.05	0.32	0.9	0.44	0.63	0.6
0.4	0.02	0.07	0.06	0.13	0.27	0.4	0.03	0.02	0.98	0.12	1.99	0.17	0.48	0.79	0.28	0.48	0.19	1.19	0.09	0.49	0.14	1	0.49	0.54	0.02	0.04	0.15	0.1	0.04	0.09	0.16	0.04	0.4	0.05	0.18	0.38	0.41	0.1	0.21	0.41	0.11	0.03	0.13	0.15	0.42	0.21	0.41	0.4	0.1	0.02	0.19	0.28	0.16	0.04	0.49	0.03	0.03	0.42	0.47	0.01	0.29	0.42	0.21	0.72	0.16	0.05	0.1	0.06	0.75	0.26	0.62	0.42	0.25	0	0.11	0.21	0.2	0.42	0.13	0.04	0.16	0.42	0.52	0.27	0.1	0.18	0.3	0.09	0.02	0.53	0.56	0.88	0.34	0.43	0.03	0.06	0.37	0.54
0.04	0.12	0.97	0.17	0.09	0.31	0.03	0.13	0.12	1.28	0.03	3.19	0.13	0.13	0.44	0.07	0.16	0.27	0.23	0.11	0.27	0.09	0.45	0.33	0.31	0.14	0.15	0.14	0.24	0.14	0.03	0.66	0.14	0.09	0.18	0.1	0.11	0.42	0.04	0.05	0.12	0.01	0.13	0.04	0.06	0.28	0.39	0.13	0.25	0.51	0.74	0.09	0.12	0.08	0.44	0.04	0.14	0.11	0.09	0.03	0.12	0.03	0.13	0.21	0.04	0.46	0.16	0.04	0.15	0.14	0.14	0.05	0.1	0.19	0.12	0	0.1	0.08	0.23	0.13	0.13	0.04	0.13	0.1	0.28	0.05	0.1	0.09	0.03	0.12	0.05	0.46	0.14	0.23	0.46	0.11	0.17	0.13	0.25
0.4	0.21	0.19	0.25	0.09	0.41	0.1	0.21	0.2	0.74	0.28	1.38	0.15	0.19	0.27	0.11	0.24	0.63	0.43	0.21	0.19	0.03	0.06	0.4	0.48	0.22	0.22	0.42	0.23	0.27	0.04	0.04	0.33	0.47	0.17	0.09	0.23	0.59	0.05	0.34	0.58	0.03	0.22	0.21	0.98	0.16	0.24	0.23	0.24	0.04	0.2	0.29	0.2	0.29	0.42	0.05	0.23	0.22	0.04	0.04	0.44	0.29	0.23	0.23	0.01	0.44	0.46	0.1	0.23	0.44	0.23	0.1	0.3	0.2	0.54	0.04	0	0.08	0.22	0.15	0.23	0	0.16	0.09	0.23	0.03	0.09	0.07	0.04	0.22	0.5	0.21	0.5	0.22	0.25	0.23	0.55	0.58	0.24
0.06	0.92	0.22	0.21	0.41	0.6	0.06	0.19	0.4	2.86	0.31	9.74	0.5	0.17	0.24	0.03	0.22	0.46	0.56	0.46	0.56	0.07	0.05	0.45	0.45	0.17	0.44	0.44	0.23	0.19	0.44	0.03	0.18	0.04	0.18	0.03	0.16	0.18	0.92	0.08	0.19	0.41	0.41	0.47	0.18	0.4	0.47	0.18	1	0.91	0.17	0.05	0.49	0.07	0.18	0.3	0.48	0.2	0.03	0.07	0.48	0.07	0.21	0.97	0.05	0.33	0.22	0.46	0.56	0.18	0.53	0.46	0.14	0.56	0.45	0.08	0.84	0	0.51	0.17	0.19	0.15	0.43	0.05	0.24	0.08	0.43	0.03	0.07	0.42	0.05	0.41	0.21	0.4	0.5	0.2	0.35	0.4	3.4
0.2	0.44	0.35	1.65	0.24	0.21	0.36	0.61	0.44	1.14	0.2	0.04	0.3	0.44	0.04	0.44	0.32	0.26	0.46	0.56	0.32	0.21	0.47	0.19	0.19	0.3	0.48	0.34	0.99	0.48	0.59	0.17	0.32	0.23	0.47	0.49	0.31	0.8	0.2	0.5	0.33	0.21	0.32	0.22	0.2	0.71	0.42	0.32	0.38	0.2	0.33	0.17	0.31	0.52	0.43	0.2	0.33	0.31	0.37	0.23	0.43	0.43	0.3	0.31	0.44	0.54	0.67	0.53	0.47	0.52	0.36	0.19	0.47	0.21	0.98	0.48	0.21	0.14	0	0.3	0.31	0.34	0.69	0.41	0.99	0.49	0.49	0.16	0.22	0.69	0.49	0.21	0.45	0.49	0.4	0.4	0.35	0.37	0.51
0.12	0.91	0.1	0.07	0.51	0.41	0.12	0.05	0.4	1.19	0.12	2.61	0	0.72	0.64	0.44	0.44	0.2	0.38	0.43	0.43	0.14	0.93	0.42	0.42	0.05	0.42	0.31	0.12	0.01	0.41	0.16	0.05	0.12	0.46	0.48	0.02	0.53	0.11	0.15	0.89	0.5	0.04	0.1	0.33	0.49	0.22	0.06	0.48	0.5	0.05	0.47	0.03	0.16	0.01	0.11	0.05	0.04	0.15	0.46	0.04	1.46	0.06	0.45	0.14	0.17	0.07	0.5	0.07	0.06	0.04	0.14	0.14	0.27	0.03	0.13	0.15	0.17	0.47	0	0.03	0.46	0.01	1.46	0.28	0.45	0.18	0.18	0.11	0.84	0.13	1.34	0.43	0.97	0.07	0.04	0.42	0.1	0.42
0.49	0.04	0.08	0.07	0.14	0.26	0.13	0.05	0.02	1.12	0.12	9.37	0.03	0.03	0.36	0.21	0.44	0.21	0.34	0.17	0.45	0.16	0.2	0.44	0.51	0.03	0.05	0.45	0.3	0.04	0.11	0.45	0.34	0.13	0.05	0.19	0.03	0.3	0.1	0.21	0.65	0.13	0.04	0.16	0.16	0.39	0.27	0.05	0.33	0.48	0.13	0.47	0.04	0.45	0.41	0.11	0.05	0.2	0.23	0.36	0.03	0.29	0.05	0.36	0.21	0.16	0.66	0.13	0.07	0.34	0.05	0.14	0.15	0.28	0.04	0.14	0.21	0.19	0.46	0.04	0	0.14	0.03	0.46	0.29	0.12	0.19	0.5	0.12	0.02	0.14	0.3	0.03	0.34	0.07	0.04	0.66	0.37	0.47
0.03	0.4	0.18	0.4	0.09	0.28	0.11	0.46	0.5	1.52	0.02	0.3	0.14	0.15	0.46	0.3	0.39	0.23	0.46	0.16	0.16	0.34	0.17	0.04	0.04	0.14	0.47	0.16	0.23	0.16	0.03	0.03	0.15	0.08	0.15	0.07	0.17	0.37	0.05	0	0.55	0.04	0.14	0.05	0.04	0.29	0.21	0.51	0.5	0.47	0.49	0.08	0.19	0.07	0.15	0.04	0.16	0.21	0.05	0.04	0.18	0.23	0.17	0.34	0.01	0.06	0.55	0.03	0.36	0.16	0.47	0.34	0.1	0.19	0.13	0.03	0	0.35	0.21	0.15	0.38	0	0.15	0.05	0.22	0.06	0.05	0.08	0.04	0.47	0.32	0.17	0.47	0.57	0.18	0.14	0.18	0.48	0.2
0.12	0.05	0.48	0.08	0.13	0.49	0.12	0.17	0.04	1.48	0.89	4.67	0.01	0.43	0.73	0.43	0.08	0.21	0.35	0.63	0.28	0.15	0.21	0.43	0.43	0.05	0.06	0.43	0.18	0	0.12	0.34	0.06	0.13	0.08	0.19	0.03	0.04	0.11	0.22	0.44	0.13	0.05	0.51	0.45	0.45	0.22	0.08	0.33	0.45	0.23	0.49	0.04	0.45	0.45	0.11	0.65	0.05	0.16	0.12	0.04	0.39	0.06	0.22	0.56	0.72	0.07	0.12	0.08	0.06	0.05	0.47	0.57	0.28	0.04	0.24	0.67	0.17	0.32	0.47	0.03	0.16	0	0.19	0.28	0.47	0.61	0.18	0.12	0.04	0.4	0.74	0.26	0.34	0.48	0.13	0.42	0.05	0.28
0.07	0.34	0.46	0.21	0.06	0.23	0.07	0.2	0.16	1.35	0.19	1.25	0.47	0.39	0.18	0.04	0.59	0.18	0.16	0.47	0.22	0.07	0.04	0.08	0.07	0.4	0.2	0.26	0.48	0.2	0.17	0.49	0.54	0.21	0.19	0	0.17	0.37	0.49	0.09	0.2	0.09	0.49	0.1	0.08	0.19	0.2	0.19	0.49	0.07	0.19	0.36	0.49	0.09	0.28	0.08	0.2	0.27	0.37	0.08	0.17	0.89	0.21	0.2	0.18	0.01	0.41	0.07	0.22	0.2	0.42	0.29	0.51	0.1	0.19	0.41	0.09	0.03	0.41	0.51	0.17	0.05	0.19	0	0.2	0.1	0	0.04	0.08	0.42	0.26	0.36	0.92	0.42	0.43	0.2	0.23	0.2	0.42
1	0.27	0.26	0.9	0.4	0.7	0.21	0.28	0.27	1.18	0.4	1.66	1.16	0.29	0.45	0.27	0.42	0.65	0.46	0.46	0.23	0.56	0.46	0.14	0.2	0.66	0.28	0.46	0.31	0.29	0.46	0.23	0.28	0.19	0.52	0.25	0.25	0.57	0.47	0.23	0.57	0.2	0.48	0.23	0.2	0.15	0.6	0.5	0.73	0.46	0.5	1.1	1.15	0.2	0.28	0.21	0.41	0.26	0.23	0.41	0.27	0.29	0.28	0.43	0.18	0.16	0.29	0.23	0.44	0.29	0.26	0.19	0.15	0.51	0.75	0.27	0.23	0.86	0.45	0.56	0.58	0.51	0.45	0.46	0	0.28	0.25	0.17	0.36	0.46	0.14	0.36	0.28	0.43	0.46	0.27	0.29	1.16	0.66
0.37	0.11	0.16	0.41	0.1	0.45	0.04	0.13	0.45	0.87	0.03	6.94	0.13	0.13	0.23	0.08	0.14	0.28	0.24	0.1	0.17	0.03	0.37	0.05	0.42	0.13	0.14	0.15	0.17	0.5	0.04	0.45	0.14	0.09	0.14	0.1	0.12	0.48	0.03	0.03	0.11	0.01	0.13	0.04	0.63	0.1	0.22	0.47	0.24	0.01	0.4	0.09	0.47	0.06	0.14	0.03	0.12	0.13	0.09	0.04	0.12	0.48	0.95	0.22	0.04	0.45	0.16	0.03	0.16	0.15	0.23	0.05	0.09	0.19	1	0	0.04	0.49	0.56	0.12	0.5	0.03	0.18	0.09	0.4	0	0.4	0.08	0.03	0.12	0.18	0.41	0.13	0.22	0.41	0.13	0.14	0.13	0.25
0.08	0.42	0.21	0.23	0.06	0.23	0.08	0.25	0.17	1.66	0.26	2.81	0.19	0.4	0.18	0.03	0.21	0.18	0.41	0.2	0.51	0.08	0.04	0.09	0.07	0.19	0.21	0.52	0.27	0.93	0.3	0.76	0.19	0.06	0.17	0.01	0.19	0.57	0.16	0.09	0.54	0.44	0.19	0.1	0.29	0.06	0.19	0.21	0.95	0.07	0.45	0.04	0.18	0.41	0.19	0.08	0.55	0.19	0.03	0.46	0.2	0.45	0.96	0.56	0.44	0.01	0.46	0.08	0.56	0.59	0.21	0.36	0.18	0.14	0.36	0.11	0.44	0.24	0.46	0.18	0.2	0.15	0.43	0	0.25	0.46	0	0.04	0.47	0.18	0.08	0.12	0.2	0.97	0.21	0.2	0.21	0.51	0.16
0.04	0.16	0.18	0.6	0.09	0.6	0.2	0.16	0.15	0.39	0.06	7.3	0.36	0.16	0.22	0.06	0.44	0.22	0.21	0.17	0.21	0.44	0.11	0.04	0.05	0.14	0.17	0.19	0.22	0.44	0.13	0.2	0.17	0.26	0.15	0.14	0.44	0.34	0.05	0.46	0.17	0.46	0.17	0.08	0.06	0.16	0.19	0.19	0.48	0.46	0.16	0.08	0.2	0.09	0.19	0.07	0.17	0.19	0.09	0.08	0.15	1.47	0.18	0.47	0.06	1.08	0.2	0.05	0.47	0.18	0.29	0.04	0.09	0.15	0.55	0.08	0.07	0.47	0.35	0.18	0.49	0.07	0.19	0.04	0.22	0.09	0.19	0	0.47	0.15	0.04	0.15	0.18	0.22	0.47	0.16	0.57	0.5	1.48
0.02	0.12	0.49	0.14	0.1	0.49	0.03	0.11	0.38	0.99	0.01	3.22	0.11	0.11	0.23	0.07	0.13	0.26	0.22	0.43	0.14	0.04	0.3	0.04	0.04	0.12	0.14	0.13	0.17	0.25	0	0.39	0.13	0.09	0.46	0.08	0.1	0.67	0.14	0.94	0.1	0.31	0.1	0.01	0.89	0.11	0.16	0.42	0.23	0	0.1	0.08	0.44	0.13	0.12	0.01	0.12	0.5	0.05	0.01	0.12	1.02	0.12	0.16	0.04	0.08	0.45	0.02	0.43	0.25	0.38	0.04	0.09	0.19	0.11	0.03	0.04	0.07	0.23	0.11	0.12	0.03	0.12	0.08	1.15	0.03	0.08	0.07	0	0.1	0.03	0.2	0.12	0.23	0.5	0.15	0.14	0.1	0.23
0.13	0.31	0.48	0.48	0.12	0.5	0.13	0.03	0	1.81	0.11	2.53	0.4	0.02	0.37	0.4	0.05	0.2	0.35	0.03	0.11	0.4	0.18	0.22	0.4	0.02	0.04	0.05	0.09	0.05	0.09	0.16	0.03	0.91	0.06	0.17	0.02	0.03	0.11	0.21	0.34	0.43	0.14	0.41	0.5	0.98	0.21	0.41	0.32	0.18	0.02	0.35	0.41	0.17	0.05	0.11	0.03	0.41	0.16	0.1	0.02	0.33	0.11	0.71	0.51	0.17	0.05	0.11	0.06	0.04	0.41	0.52	0.13	0.27	0.02	0.12	0.2	0.31	0.51	0.04	0.01	0.14	0.04	0.17	0.78	0.12	0.36	0.63	0.17	0	0.43	0.73	0.93	0.6	0.05	0.25	0.05	0.44	0.54
0.32	0.13	0.18	0.17	0.01	0.63	0.02	0.14	0.12	1.29	0.17	2.89	0.13	0.12	0.58	0.48	0.19	0.58	0.23	0.16	0.18	0.04	0.09	0.01	0.36	0.12	0.48	0.48	0.2	0.14	0.03	0.32	0.49	0.01	0.16	0.17	0.51	0.79	0.49	0.09	0.16	0.34	0.14	0.05	0.51	0.14	0.15	0.16	0.21	0.4	0.13	0.08	0.14	0.06	0.14	0.03	0.15	0.14	0.07	0.04	1.01	0.05	0.41	0.15	0.04	0.07	0.16	0.02	0.41	0.15	0.19	0.05	0.41	0.41	0.27	0.05	0.09	0.05	0.41	0.13	0.15	0.04	0.14	0.07	0.14	0.04	0.41	0.04	0.03	0.27	0	0.42	0.14	0.42	0.17	0.15	0.42	0.15	0.22
0.2	0.46	0.66	0.33	0.46	0.12	0.35	0.46	0.3	1.2	0.46	4.92	0.29	0.29	0.98	0.14	0.58	0.48	0.05	0.31	0.48	0.19	0.48	0.18	0.49	0.58	0.31	0.98	0.34	0.65	0.58	0.58	0.3	0.17	0.46	0.12	0.37	0.48	0.17	0.21	0.48	0.37	0.3	0.26	0.49	0.48	0.3	0.58	0.49	0.48	0.43	0.85	0.62	0.21	0.49	0.2	0.31	0.49	0.5	0.89	0.49	0.49	0.49	0.3	0.17	0.49	0.32	0.99	0.49	0.34	0.49	0.19	0.29	0.4	0.31	0.5	0.5	0.15	0.21	0.47	0.4	0.17	0.3	0.12	0.4	0.19	0.41	0.15	0.51	0.3	0.18	0	0.85	0.03	0.43	0.31	0.92	0.42	0.09
0.37	0.23	0.11	0.21	0.13	0.76	0.15	0.41	0.03	0.28	0.12	1.21	0	0.05	0.61	0.21	0.07	0.2	0.41	0.41	0.52	0.15	0.21	0.14	0.14	0.42	0.06	0.07	0.43	0.01	0.42	0.22	0.4	0.42	0.07	0.44	0.03	0.03	0.46	0.43	0.05	0.12	0.43	0.11	0.63	0.17	0.53	0.06	0.33	0.57	0.03	0.49	0.43	0.44	0.01	0.11	0.28	0.04	0.54	0.12	0.04	0.44	0.06	0.22	0.15	0.45	0.3	0.12	0.07	0.06	0.04	0.14	0.45	0.27	0.66	0.13	0.15	0.17	0.45	0.02	0.03	0.46	0.01	0.18	0.46	0.13	0.4	0.18	0.12	0.04	0.13	0.3	0	0.54	0.07	0.04	0.07	0.09	0.27
0.29	0.45	0.58	0.66	0.46	0.15	0.56	0.46	0.46	0.78	0.46	13.1	0.52	0.32	0.43	0.93	0.67	0.06	0.15	0.43	0.44	0.53	0.34	0.23	0.44	0.44	0.35	0.37	0.74	0.34	0.23	0.44	0.46	0.44	0.32	0.44	0.33	0.55	0.22	0.31	0.75	0.22	0.35	0.45	0.84	0.95	0.72	0.35	0.66	0.22	0.47	0.3	0.46	0.26	0.46	0.96	0.46	0.46	1.47	0.47	0.47	0.51	0.35	0.97	0.2	0.14	0.37	0.23	0.47	0.35	0.36	0.23	0.26	0.03	0.63	0.22	0.22	0.16	0.3	0.34	0.98	0.2	0.35	0.15	0.41	0.23	0.15	0.49	0.23	0.33	0.5	0.5	0.76	0.4	0.43	0.5	1	0.8	0.13
0.15	0.04	0.1	0	0.15	0.29	0.45	0.05	0.05	1.06	0.16	5.52	0.07	0.48	0.68	0.58	0.06	0.22	0.29	0.05	0.14	0.49	0.49	0.49	0.45	0.08	0.28	0.26	0.17	0.41	0.43	0.18	0.05	0.15	0.07	0.24	0.44	0.29	0.13	0.23	0.33	0.45	0.04	0.17	0.18	0.24	0.23	0.05	0.76	0.46	0.13	0.24	0.25	0.18	0.08	0.14	0.05	0.05	0.47	0.24	1.58	0.13	0.57	0.35	0.18	0.19	0.03	0.15	0.03	0.06	0.44	0.52	0.26	0.31	0.06	0.16	0.48	0.26	0.33	0.98	0.07	0.18	0.08	0.21	0.29	0.16	0.4	0.18	0.49	0.05	0.17	0.33	0.07	0.73	0	0.05	0.59	0.05	0.6
0.32	0	0.09	0.16	0.13	0.45	0.31	0.1	0.95	1.09	0.13	0.98	0.04	0.15	0.39	0.48	0.48	0.19	0.21	0.02	0.59	0.14	0.19	0.15	0.43	0	0.04	0.05	0.21	0.05	0.11	0.18	0.03	0.4	0.04	0.35	0.02	0.02	0.41	0.22	0.02	0.12	0.41	0.42	0.31	0.27	0.42	0.03	0.34	0.37	0.42	0.57	0.01	0.16	0.05	0.46	0.03	0.63	0.43	0.43	0.03	0.39	0.03	0.21	0.53	0.16	0.05	0.12	0.05	0.24	0.06	0.15	0.15	0.44	0.03	0.44	0.21	0.74	0.33	0.21	0.04	0.5	0.44	0.56	0.27	0.12	0.45	0.18	0.12	0.03	0.15	0.32	0.04	0.95	0.05	0	0.05	0.02	0.44
0.15	0.46	0.1	0.87	0.16	0.46	0.24	0.4	1.06	0.77	0.15	2.1	0.41	0.08	0.38	0.3	0.42	0.3	0.29	0.42	0.12	0.37	0.24	0.42	0.17	0.08	0.42	0.06	0.72	0.42	0.47	0.93	0.42	0.15	0.07	0.52	0.04	0.42	0.14	0.52	0.05	0.42	0.04	0.17	0.18	0.43	0.23	0.27	0.42	0.12	0.43	0.43	0.04	0.43	0.08	0.43	0.05	0.04	0.19	0.14	0.44	1	0.23	0.45	0.18	0.45	0.04	0.95	0.03	0.45	0.95	0.17	0.45	0.46	0.06	0.57	0.24	0.26	0.46	0.07	0.06	0.46	0.07	0.67	1.01	0.41	0.24	0.48	0.52	0.05	0.18	0.34	0.07	1.48	0.01	0.16	0	0.23	0.23
0.11	0.11	0.18	0.05	0.16	0.43	0.14	0.03	0.44	0.71	0.13	8.46	0.04	0.44	0.36	0.44	0.1	0.53	0.41	0.02	0.09	0.45	0.28	0.15	0.14	0	0.03	0.2	0.45	0.06	0.45	0.17	0.03	0.13	0.44	0.45	0.02	0.02	0.1	0.21	0.01	0.12	0.01	0.14	0.97	0.54	0.56	0.03	0.34	0.24	0.03	0.47	0.01	0.16	0.37	0.11	0.03	0.65	0.67	0.12	0.03	0.35	0.03	0.48	0.16	0.68	0.04	0.14	0.25	0.21	0.03	0.15	0.48	0.88	0.98	0.13	0.6	0.34	0.49	0.04	0.04	0.49	0.48	0.43	0.4	0.79	0.49	0.16	0.49	0.15	0.16	0.31	0.05	0.51	0.49	0.02	0.5	0	0.19
0.43	0.64	0.94	0.22	0.55	0.44	0.49	0.21	0.19	1.57	0.55	1.7	0.27	0.5	0.25	0.51	1.51	0	0.35	0.18	0.41	0.5	0.4	0.22	0.3	0.41	0.42	1.42	0.93	0.28	0.23	0.42	0.42	0.23	0.52	0.44	0.18	0.17	0.23	0.43	0.19	0.23	0.93	0.25	1.33	0.47	0.34	0.21	0.43	0.22	0.18	0.19	0.18	0.26	0.28	0.45	0.51	0.45	0.17	0.24	0.46	0.96	0.57	0.44	0.39	0.98	0.58	0.45	0.48	0.58	0.19	0.22	0.49	0.09	0.25	0.25	0.24	0.16	0.25	0.54	0.21	0.22	0.49	0.49	0.79	0.25	0.54	0.19	0.23	0.49	0.21	0.47	0.56	0.51	0.4	0.41	0.61	0.19	1.41
