0	0.15	0.43	0.54	0.02	0.3	0.05	0.46	0.1	0.89	0.02	0.86	0.5	0.13	0.46	0.37	0.16	0.3	0.47	0.12	0.13	0.03	0.46	0.03	0.6	0.1	0.14	0.46	0.46	0.13	0.02	0.04	0.12	0.47	0.47	0.07	0.13	0.47	0.13	0.1	0.13	0.03	0.24	0.03	0.23	0.03	0.17	0.49	0.22	0.02	0.47	0.08	0.11	0.05	0.12	0.01	0.48	0.58	0.04	0.11	0.48	0.61	0.23	0.15	0.04	0.07	0.24	0	0.26	0.13	0.29	0.03	0.4	0.48	0.1	0.04	0.1	0.06	0.49	0.12	0.49	0.03	0.17	0.07	0.79	0.04	0.08	0.04	0.02	0.49	0.7	0.19	0.12	0.23	0.15	0.6	1.4	0.45	0.4
0.45	0	0.28	0.04	0.65	0.23	0.18	0.02	0.02	0.74	0.13	1.25	0.04	0.02	0.92	0.28	0.42	0.82	0.21	0.02	0.06	0.92	0.19	0.5	0.13	0	0.43	0.05	1.84	0.43	0.1	0.17	0.02	0.13	0.04	0.19	0.02	0.02	0.43	0.2	0.02	0.43	0.01	0.15	0.33	0.49	0.21	0.41	0.35	0.44	0.44	0.19	0.01	0.18	0.05	0.44	0.02	0.02	0.15	0.12	0.02	0.95	0.07	0.24	0.15	0.45	0.34	0.11	0.04	0.03	0.03	0.24	0.13	0.26	0.02	0.14	0.45	0.5	0.34	0.04	0.04	0.13	0.24	0.54	0.26	0.12	0.7	0.4	0.1	0.02	0.5	0.61	0.04	0.31	0.27	0.04	0.04	0.4	0.25
0.15	0.76	0	0.35	0.16	0.36	0.15	0.5	0.07	1.05	0.29	10.3	0.09	0.4	0.81	0.48	0.12	0.52	0.29	0.16	0.22	0.17	0.41	0.2	0.19	0.06	0.1	0.18	0.15	0.23	0.41	0.27	0.11	0.16	0.09	0.91	0.41	0.08	0.15	0.59	0.12	0.15	0.39	0.51	0.22	0.17	0.41	0.4	0.37	0.41	0.08	0.22	0.41	0.21	0.1	0.14	0.46	0.09	0.44	0.14	0.09	0.92	0.41	0.28	0.41	0.42	0.11	0.15	0.12	0.5	0.09	0.42	0.17	0.3	0.42	0.27	0.2	0.22	0.34	0.09	0.42	0.19	0.41	0.21	0.62	0.16	0.52	0.18	0.42	0.09	0.42	0.41	0.1	0.34	0.1	0.72	0.42	0.29	1.23
0.45	0.8	0.55	0.01	0.17	0.45	0.4	0.05	0.05	1.26	0.16	0.48	0.07	0.13	0.39	0.48	0.48	0.48	0.41	0.05	0.33	0.18	0.59	0.16	0.18	0.08	0.4	0.22	2.41	0.18	0.4	0.19	0.05	0.61	0.08	0.21	0.41	0.71	0.41	0.4	0.05	0.92	0.04	0.16	0.18	0.15	0.23	0.4	0.44	0.13	0.05	0.93	0.25	0.2	0.43	0.13	0.05	0.43	0.43	0.43	0.07	0.94	0.02	0.23	0.17	0.19	0.04	0.21	0.03	0.46	0.06	0.18	0.17	0.57	0.18	0.97	0.26	0.2	0.48	0.07	0.07	0.17	0.48	0.32	0.29	0.16	0.59	0.49	0.13	0.06	0.16	0.32	0.08	0.75	0.5	0.06	0.01	1	0.4
0.02	0.39	0.48	0.28	0	0.29	0.18	0.13	0.13	1.3	0.02	1.01	0.13	0.11	0.28	0.18	0.49	0.23	0.22	0.14	0.16	0.41	0.15	0.01	0.02	0.12	0.91	0.42	1.95	0.14	0.1	0.45	0.36	0	0.13	0.07	0.15	0.59	0.09	0.11	0.16	0.12	0.47	0.24	0.05	0.03	0.18	0.14	0.59	0.49	0.49	0.11	0.13	0.44	0.13	0.03	0.15	0.15	0.1	0.1	0.12	0.09	0.15	0.13	0.09	0.06	0.15	0.02	0.17	0.16	0.14	0.02	0.44	0.45	0.12	0.1	0.09	0.13	1.07	0.13	0.13	0.09	0.36	0.06	0.15	0.1	0.06	0.48	0.1	0.13	0.01	0.17	0.38	0.22	0.15	0.5	0.44	0.42	0.23
0.3	0.23	0.43	0.22	0.29	0	0.3	0.24	0.48	1.27	0.31	0.85	0.26	0.99	0.81	0.54	0.53	0.12	0.11	0.4	0.3	0.34	0.43	0.3	0.3	0.93	0.2	0.26	0.3	0.27	0.43	0.25	0.24	0.43	0.93	0.43	0.23	1.03	0.64	0.32	0.43	0.31	0.23	0.33	0.43	0.83	0.42	0.24	0.36	0.29	0.43	0.63	0.23	0.44	0.27	0.31	0.43	0.23	0.25	0.32	0.26	0.53	0.21	0.42	0.28	0.45	0.21	0.31	0.22	0.27	0.26	1.01	0.5	0.12	0.24	0.31	0.32	0.46	0.21	0.44	0.25	0.44	0.27	0.54	0.48	0.47	0.23	0.27	0.31	0.95	0.45	0.42	0.64	0.32	0.22	0.51	0.45	0.23	0.77
0	0.43	0.15	0.15	0.02	0.3	0	0.12	0.12	1.55	0.01	5.54	0.12	0.33	0.99	0.17	0.45	0.33	0.23	0.11	0.11	0.03	0.08	0.03	0.03	0.1	0.13	0.17	0.19	0.55	0.02	0.38	0.12	0.02	0.45	0.07	0.11	0.11	0.01	0.1	0.13	0.03	0.11	0.03	0.4	0.35	0.15	0.14	0.22	0.36	0.47	0.08	0.11	0.26	0.12	0.11	0.13	0.49	0.04	0.02	0.47	0.24	0.13	0.15	0.03	0.07	0.48	0	0.14	0.15	0.11	0.03	0.02	0.18	0.11	0.21	0.1	0.06	0.99	0.12	0.13	0.03	0.49	0.41	0.25	0.08	0.08	0.04	0.02	0.12	0.02	0.19	0.42	0.26	0.99	0.11	0.14	0.49	0.22
0.4	0.02	0.45	0.05	0.4	0.24	0.17	0.4	0.02	0	0.15	5.73	0.05	0.03	0.5	0.22	0.05	0.52	0.48	0.03	0.91	0.15	0.5	0.7	0.53	0.03	0.04	0.41	0.33	0.14	0.13	0.19	0.07	0.13	0.42	0.19	0.03	0.43	0.11	0.21	0.07	0.11	0.02	0.16	0.55	0.14	0.46	0.01	0.33	0.37	0.12	0.42	0.02	0.23	0.06	0.11	0.32	0.03	0.17	0.13	0.42	0.27	0.03	0.51	0.4	0.16	0.05	0.12	0.11	0.01	0.04	0.3	0.15	0.28	0.03	0.14	0.43	0.44	0.48	0.27	0.05	0.18	0.36	0.19	0.28	0.15	0.19	0.16	0.14	0.03	0.49	0.3	0.05	0.34	0.05	0.42	0.05	0.04	0.26
0.1	0.31	0.21	0.4	0.13	0.41	0.1	0.02	0	0.92	0.26	2.19	0.5	0.08	0.65	0.19	0.05	0.33	0.4	0.02	0.06	0.41	0.18	0.14	0.41	0.01	0.08	0.05	0.19	0.24	0.09	0.75	0.03	0.13	0.06	0.18	0.02	0.41	0.41	0.21	0.41	0.1	0.03	0.34	0.47	0.42	0.21	0.02	0.62	0.18	0.1	0.42	0.03	2.84	1.95	1.44	0.94	0.44	0.43	0.12	0.02	0.19	0.03	0.21	0.94	0.43	0.05	0.12	0.44	0.06	0.03	0.47	0.11	0.45	0.02	0.12	0.19	0.44	0.95	0.03	0.02	0.2	0.04	0.37	0.46	0.1	0.17	0.14	0.11	0	0.12	0.3	0.03	0.34	0.05	0.02	0.56	0.22	0.6
0.94	0.89	0.98	0.95	0.91	0.97	1.02	0.48	0.94	0	0.86	9.08	0.84	0.82	1.12	1.35	1.02	0.99	1.25	1.07	0.86	0.93	1.82	1.32	0.96	0.75	1.18	0.89	0.88	1.02	0.82	0.93	1.26	0.9	0.94	1.22	1.33	1.47	0.97	1.04	0.85	0.9	1.47	0.97	1.37	1.33	1.04	1.1	1.1	1.03	0.83	0.98	0.97	1	0.96	1.16	0.97	0.97	1.28	1.28	1.48	1.78	0.78	1.01	1.01	1.21	0.96	0.85	0.79	0.85	0.85	0.99	0.94	1.84	0.79	0.95	1.07	1.31	1.9	0.83	0.9	0.97	1.13	1.1	1.04	0.95	0.99	0.9	1.2	0.84	1.02	1.91	1.41	1.07	0.9	1.28	0.78	1.11	1.37
0.01	0.32	0.49	0.35	0.02	0.99	0.01	0.12	0.12	0.97	0	3.84	0.11	0.1	0.62	0.17	0.14	0.42	0.23	0.15	0.31	0.03	0.3	0.03	0.03	0.36	0.14	0.14	1.73	0.12	0.01	0.04	0.14	0.02	0.43	0.08	0.11	0.16	0.37	0.12	0.43	0.02	0.12	0.03	0.04	0.17	0.44	0.13	0.22	0.36	0.44	0.95	0.13	0.05	0.34	0.1	0.43	0.21	0.09	0.02	0.14	0.94	0.44	0.15	0.11	0.54	0.44	0.01	0.14	0.16	0.13	0.03	0.02	0.94	0.54	0.32	0.03	0.75	1.05	0.12	0.12	0.02	0.12	0.08	0.56	0.08	0.46	0.06	0.02	0.12	0.03	0.39	0.12	0.43	0.45	0.35	0.38	0.47	0.23
3.88	0.32	1.73	5.98	3.49	0.47	0.21	0.43	2.06	2.3	7.65	4.89	3.42	7.42	0.56	1.47	7.37	4.32	0.31	0.33	2.2	1.46	2.58	2.08	0.2	0.46	0.88	4.32	1.51	2.08	1.68	0.18	1.61	2.69	6.58	0.51	1.08	1.79	0.4	0.98	0.92	8.79	4.17	1.08	2.01	10.6	0.43	1.64	1.66	0.21	2.02	2.32	7.87	0.51	1.01	0.46	0.9	2.36	7.7	2.27	0.7	1.18	2.03	3.16	4.13	1.78	0.46	0.89	2.09	9.8	1.03	6.04	1.41	1.1	1.3	2.78	7.36	0.26	1	9.46	1.95	0.58	1.15	3.07	0.38	1.55	0.14	0.22	1.09	0.31	0.78	1.4	6.62	1.52	0.45	1.25	7.83	3.58	0.25
0.3	0.04	0.43	0.07	0.13	0.43	0.12	0.05	0.03	0.76	0.34	11.4	0	0.05	0.96	0.46	0.13	0.2	0.33	0.31	0.46	0.15	0.33	0.14	0.18	0.05	0.06	0.46	0.52	0.06	0.11	0.46	0.06	0.12	0.07	0.19	0.05	0.47	0.39	0.15	0.47	0.12	0.24	0.11	0.14	0.45	0.22	0.05	0.32	0.18	0.44	0.67	0.03	0.16	0.01	0.1	0.05	0.04	0.15	0.28	0.04	0.12	0.06	0.22	0.14	0.17	0.07	0.12	0.31	0.06	0.04	0.36	0.12	0.76	0.19	0.48	0.15	0.32	0.78	0.36	0.03	0.49	0.14	0.18	0.38	0.32	0.18	0.5	0.11	0.03	0.13	0.49	0	0.33	0.07	0.49	0.07	0.04	0.55
0.46	0.56	0.46	0.72	0.11	0.24	0.87	0.03	0.01	0.81	0.12	3.4	0.44	0	0.59	0.2	0.12	0.25	0.8	0.5	0.07	0.25	0.49	0.14	0.12	0.01	0.03	0.41	1.58	0.06	0.12	0.49	0.03	0.12	0.04	0.8	0.04	0.04	0.11	0.21	0.4	0.13	0.04	0.15	0.41	0.15	0.23	0.03	0.41	0.1	0.33	0.41	0.03	0.19	0.14	0.12	0.41	0.1	0.41	0.1	30.6	0.39	0.03	0.23	0.42	0.15	0.42	0.12	0.05	0.41	0.23	0.41	0.11	0.27	0.02	0.14	0.19	0.22	0.34	0.41	0.03	0.14	0.06	0.6	0.51	0.14	0.19	0.14	0.12	0.01	0.12	0.44	0.05	0.92	0.42	0.04	0.47	0.52	0.21
0.41	0.69	0.37	0.61	0.28	0.51	0.25	0.39	0.35	1.37	0.25	0.06	0.54	0.69	0	0.16	0.39	0.16	0.56	0.38	0.9	0.4	0.52	0.32	0.5	0.51	0.55	0.41	0.91	0.45	0.22	0.18	0.37	0.27	0.55	0.41	4.01	1.08	0.26	0.27	1.02	0.22	0.37	0.28	0.42	0.53	0.72	0.44	0.06	0.23	0.72	0.18	0.36	0.25	0.35	0.26	0.57	0.93	0.43	0.23	0.64	0.26	0.39	0.74	0.19	0.17	0.61	0.25	0.94	0.44	0.38	0.25	0.45	0.22	0.35	0.95	0.27	0.19	0.04	0.34	0.45	0.19	0.35	0.18	0.43	0.66	0.45	0.22	0.23	0.36	0.24	0.22	0.45	0.32	0.4	1.24	0.8	0.36	0.25
0.41	0.21	0.22	1.52	0.51	0.82	0.35	0.49	0.2	0.96	0.1	0.25	0.2	0.43	0.41	0	0.24	0.41	0.17	0.21	0.2	0.07	0.11	0.41	0.09	0.21	0.42	0.23	0.36	0.21	0.91	0.03	0.23	0.12	0.42	0.41	0.71	0.36	0.09	0.29	0.42	0.42	0.2	0.12	0.42	0.51	0.21	0.42	0.17	0.15	0.42	0.09	0.22	0.43	0.43	0.1	0.56	0.21	0.43	0.08	0.43	0.34	0.24	0.43	0.04	0.01	0.24	0.1	0.23	0.22	0.44	0.09	0.32	0.13	0.2	0.22	0.11	0.04	0.45	0.55	0.45	0.25	0.21	0.02	0.45	0.08	0.76	0.06	0.4	0.46	0.96	0.14	0.52	0.46	0.26	0.46	0.24	0.22	0.17
0.26	0.15	0.12	0.63	0.15	0.39	0.46	0.05	0.28	0.87	0.16	4.51	0.07	0.05	0.39	0.44	0	0.22	0.44	0.54	0.08	0.17	0.29	0.18	0.19	0.44	0.02	0.07	0.27	0.08	0.45	0.56	0.05	0.45	0.06	0.46	8.6	0.34	1.26	0.25	0.05	0.46	0.04	0.46	0.19	0.18	0.56	0.05	0.4	0.47	0.07	0.22	0.04	0.47	0.08	0.15	0.05	0.04	0.47	0.15	0.47	0.24	0.02	0.23	0.56	0.18	0.03	0.15	0.03	0.48	0.06	0.18	0.3	0.32	0.4	0.15	0.26	0.29	0.33	0.4	0.07	0.18	0.08	0.4	0.45	0.15	0.41	0.19	0.31	0.71	0.17	0.34	0.07	0.41	0.15	0.05	0.1	0.06	0.71
0.25	0.19	0.4	0.22	0.23	0.11	0.25	0.55	0.52	1.3	0.36	10.5	0.2	0.21	0.44	0.44	0.22	0	0.08	0.85	0.45	0.41	0.4	0.64	0.25	0.21	0.95	0.22	1.3	0.44	0.26	0.2	0.21	0.32	0.35	0.44	0.18	0.63	0.64	0.32	0.44	0.44	0.19	0.55	0.75	0.61	0.36	0.21	0.44	0.45	0.33	0.57	0.18	0.65	0.21	0.45	0.2	0.19	0.2	0.45	0.24	0.72	0.2	0.37	0.45	0.42	0.21	0.46	0.22	0.21	0.46	0.65	0.74	0.1	0.19	0.27	0.27	0.19	0.5	0.97	0.21	0.22	0.45	0.31	0.42	0.27	0.66	0.46	0.66	0.2	0.28	0.09	0.2	0.24	0.22	0.19	0.22	0.52	0
0.22	0.51	0.29	0.72	0.22	0.11	0.57	0.31	0.34	1.12	0.52	2.55	0.34	0.36	0.51	0.16	0.29	0.24	0	0.22	0.39	0.21	0.19	0.23	0.23	0.41	0.73	0.31	0.4	0.34	0.23	0.22	0.3	0.21	0.35	0.17	9.55	0.48	0.23	0.24	0.26	0.22	0.22	0.25	0.5	0.22	0.35	0.3	0.35	0.23	0.23	0.18	0.25	0.23	0.48	0.24	0.31	0.26	0.2	0.23	3.25	0.47	0.28	0.35	0.21	0.18	0.5	0.23	0.31	0.3	0.24	0.42	0.6	0.05	0.33	0.23	0.23	0.56	0.58	0.61	0.34	0.59	0.63	0.16	0.48	0.24	0.17	0.21	0.22	0.65	0.23	0.05	0.47	0.05	0.29	0.21	0.47	0.22	0.04
0.12	1.19	0.08	0.05	0.49	0.24	0.11	0.47	0.42	1	0.49	5.08	0.03	0.04	0.51	0.21	0.05	0.47	0.32	0	0.06	0.46	0.96	0.46	0.46	0.25	0.03	0.05	0.46	0.04	0.44	0.46	0.04	0.14	0.04	0.18	0.46	0.01	0.09	0.22	0.07	0.11	0.02	0.46	0.16	0.53	0.46	0.04	0.33	0.96	0.01	0.19	0.01	0.18	0.23	0.47	0.03	0.02	0.56	0.1	0.03	0.46	0.03	0.19	0.16	0.15	0.46	0.23	0.37	0.04	0.01	0.95	0.13	0.26	0.02	0.1	0.21	0.73	0.56	0.03	0.04	0.46	0.04	0.18	0.46	0.46	0.46	0.18	0.11	0.03	0.96	0.31	0.04	0.35	0.05	0.02	0.05	0.02	0.18
0.28	0.05	0.47	0.1	0.16	0.47	0.36	0.14	0.06	1.07	0.12	1.66	0.09	0.38	0.39	0.2	0.44	0.36	0.38	0.84	0	0.47	0.43	0.54	0.38	0.05	0.97	0.44	0.13	0.1	0.12	0.33	0.06	0.44	0.01	0.19	0.44	0.06	0.13	0.44	0.06	0.14	0.06	0.44	0.26	0.44	0.54	0.14	0.45	0.45	0.06	0.21	0.31	0.19	0.46	0.13	0.06	0.06	0.15	0.13	0.07	0.13	0.06	0.27	0.17	0.86	0.46	0.11	0.09	0.07	0.46	0.16	0.15	0.32	0.56	0.28	0.18	0.19	0.46	0.13	0.06	0.16	0.09	0.2	0.23	0.46	0.18	0.18	0.14	0.46	0.18	0.32	0.46	0.33	0.1	0.06	0.09	0.13	0.36
0.03	0.43	0.17	0.56	0.09	1.33	0.21	0.15	0.13	1.01	0.03	9.19	0.48	0.14	0.38	0.07	0.18	0.32	0.21	0.33	0.17	0	0.14	0.08	0.2	0.24	0.21	0.17	0.2	0.22	0.04	0.4	0.49	0.09	0.16	0.22	14	0.15	0.92	0.03	0.49	0.07	0.49	0.06	0.05	0.49	0.16	0.17	0.26	0.79	0.24	0.07	0.51	0.05	0.15	0.04	0.18	0.99	0.04	0.18	4.81	0.05	0.17	0.17	0.03	0.06	0.16	0.49	0.17	0.48	0.15	0.05	0.09	0.2	0.51	0.04	0.03	0.06	0.22	0.15	0.99	0.02	0.49	0.44	0.49	0.05	0.08	0.08	0.04	0.16	0.04	0.46	0.15	0.22	0.17	0.49	0.49	0.15	0.39
0.08	0.2	0.45	0.45	0.14	0.45	0.08	0.21	0.19	1.35	0.45	2.97	0.2	0.19	0.56	0.02	0.66	0.66	0.19	0.21	0.2	0.9	0	0.09	0.47	0.18	0.2	0.29	1.88	0.97	0.47	0.05	0.21	0.47	0.17	0.04	0.47	0.67	0.09	0.37	0.47	0.25	0.21	0.15	0.98	0.13	0.6	0.47	0.28	0.48	0.21	0.01	0.59	0.11	0.58	0.09	0.48	0.22	0.63	0.09	26.3	0.7	0.22	0.99	0.17	0.21	0.49	0.08	0.37	0.49	0.23	0.09	0.14	0.14	1	0.09	0.06	0.17	0.2	0.9	0.2	0.4	0.21	0.4	1	0.09	0.04	0.4	0.08	0.91	0.41	0.16	0.91	0.41	0.22	0.44	0.61	0.19	0.19
0.03	0.15	0.2	0.16	0.01	0.42	0.03	0.26	0.14	0.96	0.03	4.88	0.14	0.48	0.48	0.09	0.18	0.39	0.23	0.17	0.15	0.04	0.27	0	0.02	0.56	0.15	0.18	0.49	0.15	0.2	0.05	0.14	0.01	0.14	0.09	0.14	0.26	0.04	0.4	0.14	0.04	0.4	0.61	0.31	0.79	0.28	0.16	0.26	0.35	0.13	0.42	0.15	0.06	0.14	0.42	0.16	0.42	0.31	0.12	0.42	0.32	0.15	0.42	0.04	0.42	0.17	0.03	0.17	0.43	0.43	0.01	0.09	0.19	0.13	0.43	0.43	0.06	0.19	0.19	0.16	0.44	0.38	0.08	0.29	0.54	0.09	0.04	0.04	0.14	0.11	0.18	0.41	0.48	0.48	0.15	0.44	0.95	0.44
0.03	0.15	0.18	0.96	0.02	0.3	0.03	0.96	0.14	0.96	0.03	9.22	0.45	0.12	0.25	0.25	0.16	0.55	0.23	0.53	0.46	0.04	0.09	0.03	0	0.14	0.15	0.16	0.46	0.15	0.04	0.05	0.14	0.01	0.14	0.07	0.13	0.7	0.03	0.19	0.16	0.04	0.15	0.06	0.03	0.01	0.14	0.15	0.47	0.04	0.68	0.09	0.13	0.48	0.58	0.04	0.14	0.15	0.05	0.04	0.26	0.22	0.53	0.14	0.04	0.07	0.49	0.03	0.19	0.15	0.5	0.02	0.4	0.39	1.2	0.05	0.4	0.4	0.26	0.49	0.14	0.4	0.5	0.07	0.2	0.05	0.07	0.4	0.4	0.14	0.02	0.47	0.41	0.23	0.18	1.01	0.41	0.15	0.22
0.48	0	0.06	0.08	0.48	0.48	0.13	0.15	0.01	0.99	0.49	2.41	0.05	0.01	0.36	0.4	0.05	0.21	0.34	0.04	0.05	0.13	0.4	0.26	0.5	0	0.04	0.3	0.16	0.4	0.12	0.5	0.03	0.12	0.41	0.19	35.7	0.17	0.14	0.41	0.41	0.13	0.03	0.13	0.41	0.41	0.3	0.03	0.32	0.41	0.42	0.51	0.2	0.15	0.42	0.47	0.16	0.41	0.17	0.1	27.9	0.28	0.04	0.23	0.42	0.24	0.05	0.11	0.05	0.04	0.05	0.92	0.14	0.28	0.09	0.14	0.47	0.44	0.34	0.05	0.03	0.14	0.05	0.54	0.44	0.13	0.19	0.16	0.12	0.01	0.14	0.3	0.05	0.55	0.08	0.29	0.46	0	0.21
0.13	0.3	0.19	0.4	0.14	0.2	0.15	0.04	0.03	0.83	0.16	8.47	0.06	0.42	0.57	0.52	0.42	0.2	0.28	0.03	0.06	0.15	0.53	0.15	0.53	0.04	0	0.3	0.43	0.07	0.34	0.18	0.4	0.14	0.05	0.21	0.43	0.18	0.13	0.23	0.04	0.46	0.03	0.19	0.17	0.44	0.22	0.04	1.34	0.1	0.44	0.21	0.02	0.17	0.64	0.48	0.03	0.03	0.16	0.13	0.04	0.59	0	0.55	0.48	0.86	0.03	0.14	0.45	0.05	0.04	0.16	0.15	0.3	0.04	0.5	0.22	0.51	1.06	0.06	0.05	0.18	0.06	0.76	0.76	0.14	0.55	0.16	0.26	0.04	0.16	0.32	0.08	0.35	0.02	0.03	0.02	0.03	0.44
0.15	0.04	0.12	0.42	0.49	0.25	0.49	0.47	0.05	0.8	0.16	1.51	0.24	0.4	0.46	0.24	0.06	0.22	0.47	0.05	0.19	0.18	0.23	0.16	0.16	0.05	0.05	0	0.46	0.08	0.36	0.47	0.02	0.35	0.06	0.47	0.05	0.18	0.52	0.24	0.05	0.47	0.05	0.17	1.29	0.24	0.24	0.35	0.49	0.12	0.59	0.49	0.04	0.19	0.08	0.14	0.02	0.05	0.18	0.19	0.05	0.39	0.06	0.4	0.4	0.18	0.07	0.41	0.13	0.02	0.06	0.41	0.24	0.32	0.41	0.36	0.54	0.2	0.41	0.61	0.07	0.19	0.08	0.2	0.3	0.52	0.21	0.24	0.13	0.05	0.17	0.36	0.42	0.38	0.42	0.04	0.35	0.05	0.93
0.5	0.17	0.69	0.14	0.19	2.4	1.89	0.1	0.49	1.03	0.18	6.38	0.41	0.11	0.39	2.33	1.87	1.65	0.66	0.13	0.81	0.19	0.49	1.16	2.32	1.82	1.32	0.42	0	0.32	2.33	1.85	1.33	0.55	0.51	0.25	0.42	0.85	2.02	1.58	0.73	0.3	0.41	0.17	0.22	0.18	2.22	1.72	0.81	0.18	0.11	0.61	2.07	2.22	1.32	1.32	0.41	0.18	0.45	0.53	0.34	0.41	0.39	0.62	0.72	0.92	0.47	0.38	0.27	0.16	0.5	0.19	0.18	0.35	0.11	0.34	0.23	0.24	0.72	0.27	0.13	0.23	0.46	0.27	0.63	0.18	0.25	0.23	0.17	0.28	0.74	0.64	0.13	0.38	0.23	0.11	0.43	0.11	0.44
0.18	0.9	0.1	0.58	0.42	0.61	0.12	0.45	0.2	0.9	0.32	0.32	0.01	0.06	0.36	0.22	0.08	0.21	0.35	0.04	0.24	0.16	0.4	0.72	0.15	0.06	0.07	0.4	0.24	0	0.4	0.17	0.1	0.14	0.08	0.19	17.9	0.19	0.12	0.16	0.42	0.42	0.05	0.12	0.29	0.28	0.42	0.06	0.37	0.18	0.42	0.22	0.04	0.17	0.82	0.43	0.06	0.05	0.33	0.43	7.86	0.26	0.07	0.62	0.16	0.44	0.08	0.13	0.46	0.41	0.16	0.64	0.44	0.43	0.04	0.44	0.16	0.19	0.43	0.01	0.46	0.45	0	0.19	0.29	0.38	0.45	0.56	0.12	0.05	0.14	0.31	0.01	0.55	0.08	0.05	0.08	0.19	0.51
0.02	1.32	0.46	0.14	0.1	0.31	0.02	0.13	0.26	0.96	0.01	3.95	0.11	0.11	0.47	0.07	0.53	0.64	0.48	0.48	0.41	0.04	0.08	0.47	0.03	0.16	0.48	0.13	1.5	0.12	0	0.04	0.12	0.09	0.12	0.08	0.11	1.14	0.01	0.04	0.19	0.03	0.1	0.01	0.1	0.9	0.32	0.49	0.33	0.01	0.99	0.56	0.09	0.07	0.11	0.02	0.32	0.1	0.04	0.04	0.9	0.33	0.14	0.15	0.12	0.4	0.13	0.02	0.43	0.4	0.4	0.04	0.13	0.18	0.09	0.4	0.04	0.07	0.25	0.4	0.4	0.03	0.3	0.08	0.55	0.07	0.08	0.07	0	0.09	0.03	0.19	0.41	0.5	0.13	0.21	0.16	0.41	0.41
0.04	0.16	0.22	0.56	0.1	0.46	0.04	0.18	0.35	0.9	0.98	6.6	0.16	0.14	0.18	0.03	0.48	0.2	0.19	0.15	0.18	0.04	0.15	0.05	0.05	0.43	0.16	0.4	1.35	0.24	0.04	0	0.16	1	0.49	0.03	0.49	0.36	0.49	0.04	0.16	0.08	0.15	0.14	0.34	0.09	0.5	0.91	0.17	0.05	0.16	0.03	0.41	0.07	1.02	0.41	0.17	0.61	0	0.05	0.14	0.42	0.18	0.17	0.91	0.02	0.17	0.05	0.19	0.52	0.16	0.05	0.42	0.13	0.16	0.42	0.42	0.03	0.43	0.21	0.17	0.93	0.16	0.04	0.23	0.84	0.43	0.22	0.12	0.14	0.44	0.14	0.16	0.42	0.18	0.17	0.42	0.16	0.17
0.14	0.02	0.11	0.4	0.15	0.6	0.12	0.21	0.03	0.81	0.32	2.34	0.05	0.03	0.42	0.21	0.42	0.2	0.3	0.03	0.92	0.42	0.21	0.16	0.15	0.42	0.04	0.02	0.54	0.06	0.42	0.27	0	0.27	0.28	0.2	0.43	0.73	0.11	0.21	0.03	0.12	0.19	0.15	0.16	0.16	0.62	0.55	0.45	0.11	0.13	0.19	0.12	0.17	0.45	0.12	0.02	0.03	0.16	0.13	0.46	0.9	0.04	0.4	0.18	0.16	0.05	0.14	0.05	0.01	0.04	0.16	0.5	0.29	0.04	0.47	0.23	0.56	0.35	0.05	0.05	0.16	0.06	0.23	0.28	0.26	0.19	0.47	0.11	0.25	0.15	0.52	0.47	1.13	0.05	0.44	0.05	0.03	0.47
0.02	0.13	0.16	0.15	0.47	0.47	0.02	0.13	0.13	1.06	0.02	7.96	0.17	0.45	0.27	0.13	0.47	0.23	0.22	0.14	0.13	0.09	0.47	0.01	0.14	0.49	0.47	0.16	0.39	0.49	0.47	0.09	0.88	0	0.12	0.35	0.12	0.47	0.48	0.09	0.15	0.44	0.48	0.2	0.01	0.05	0.13	0.98	0.2	0.02	0.17	0.48	0.49	0.08	0.49	0.02	0.15	0.22	0.1	0.07	0.51	0.35	0.14	0.13	0.06	0.06	0.82	0.42	0.27	0.15	1.13	0.01	0	0.42	0.12	0.09	0.09	0.05	0.42	0.13	0.14	0.08	0.42	0.05	0.36	0.12	0.06	0.03	0.09	0.43	0.01	0.17	0.62	0.42	0.15	0.42	0.3	0.27	0.93
0.1	0.04	0.45	0.07	0.13	0.47	0.25	0.05	0.06	0.98	0.11	1.26	0.07	0.04	0.34	0.36	0.06	0.35	0.46	0.29	0.46	0.16	0.18	0.46	0.14	0.04	0.05	0.46	0.56	0.42	0.11	0.45	0.05	0.45	0	0.17	34.4	0.09	0.48	0.27	0.04	0.14	0.04	0.11	0.45	0.45	0.27	0.55	0.45	0.45	0.04	0.2	0.03	0.17	0.45	1.02	0.05	0.04	0.61	0.12	27.2	1.03	0.05	0.24	0.44	0.18	0.07	0.54	0.06	0.06	0.04	0.15	0.47	0.29	0.44	0.18	0.17	0.46	0.3	0.95	0.44	0.15	0.08	0.18	0.22	0.44	0.17	0.44	0.12	0.06	0.15	0.27	0.25	0.32	0.38	0.04	0.42	0.08	0.44
0.33	0.42	0.21	0.22	0.42	0.23	0.42	0.42	0.17	0.93	0.08	6.54	0.19	0.44	0.46	0.03	0.21	0.56	0.46	0.66	0.18	0.08	0.04	0.09	0.41	0.19	0.19	0.22	0.25	0.19	0.48	0.03	0.19	0.06	0.17	0	12.3	0.49	0.44	0.48	0.51	0.48	0.18	0.1	0.09	0.06	0.19	0.21	0.35	0.07	0.88	0.04	0.21	0.09	0.49	0.08	0.19	0.19	0.03	0.09	3.24	0.43	0.55	0.49	0.05	0.01	0.22	0.49	0.24	0.5	0.19	0.49	0.06	0.25	0.19	0.1	0.4	0.23	0.5	0.25	0.2	0.05	0.59	0.4	0.25	0.11	0.01	0.05	0.08	0.21	0.08	0.41	0.5	0.55	0.22	0.18	0.23	0.46	0.16
0.49	0.02	0.08	0.05	0.12	0.24	0.49	0.04	0.49	0.83	0.12	6.04	0.44	0.29	0.37	0.21	0.05	0.43	0.61	0.74	0.28	0.94	1.06	0.13	0.74	0.23	0.04	0.05	0.44	0.04	0.11	0.16	0.23	0.13	0.05	0.45	0.01	0.09	0.11	0.45	0.02	0.45	0.26	0.12	0.13	0.72	35.7	0.04	0.32	0.46	0	0.17	0.01	0.14	0.03	0.1	0.03	0.02	0.45	0.08	0.05	0.08	0.03	0.36	0.15	0.14	0.94	0.1	0.42	0.04	0.02	0.13	0.45	0.29	0.01	0.11	0.55	0.47	0.68	0.02	0.04	0.45	0.03	0.17	0.26	0.13	0.23	0.66	0.08	0.02	0.14	0.58	0.03	0.34	0.05	0.02	0.05	0.02	0.18
0.49	0.02	0.42	0.05	0.44	0.23	0.23	0.91	0.93	0.85	0.47	0.84	0.03	0.04	0.47	0.2	0.04	0.64	0.87	0	0.47	0.47	0.47	0.15	0.49	0.04	0.35	0.05	0.09	0.04	0.49	0.27	0.49	0.15	0.05	0.19	0	0.01	0.08	0.2	0.03	0.7	0.02	0.11	0.54	0.5	0.19	1.11	1	0.08	0.01	0.4	0.01	0.9	0.03	0.41	0.41	0.4	0.2	0.41	0.03	0.49	0.03	0.19	0.17	0.15	0.4	0.4	0.05	0.04	0.05	0.14	0.5	0.49	0.49	0.4	0.59	0.19	0.5	0.57	0.48	0.18	0.04	0.49	0.25	0.5	0.98	0.48	0.1	0.03	0.15	1	0.03	0.4	0.41	0.41	0.41	0.4	0.43
0.01	0.1	0.95	0.45	0.04	0.29	0.01	0.48	0.45	0.81	0.25	0.56	0.11	0.11	0.28	1.23	0.15	0.25	0.37	0.43	0.3	0.26	0.19	0.07	0.43	0.11	0.13	0.14	1.92	0.36	0.01	0.05	0.11	0.02	0.11	0.08	0.08	0.43	0	0.05	0.1	0.03	0.43	0	0.3	0.02	0.44	0.17	0.22	0.01	0.11	0.09	0.09	0.43	0.11	0.18	0.11	0.66	0.05	0	0.42	0.08	0.21	0.46	0.04	0.07	0.15	0.05	0.13	0.47	0.11	0.03	0.02	0.18	0.09	0.04	0.05	0.14	0.24	0.1	0.5	0.04	0.12	0.17	0.17	0.4	0.08	0.41	0.01	0.5	0.03	0.18	0.11	0.9	0.14	0.11	0.52	0.11	2.41
0.1	0.81	0.37	0.26	0.1	0.42	0.13	0.24	0.24	0.98	0.03	4.52	0.15	0.42	0.27	0.42	0.42	0.27	0.23	0.58	0.2	0.03	0.42	0.09	0.09	0.42	0.25	0.23	0.26	0.16	0.43	0.43	0.36	0.44	0.16	0.09	0.21	0.23	0.44	0	0.23	0.26	0.21	0.45	0.41	0.09	0.24	0.61	0.24	0.04	0.36	0.05	0.22	0.07	0.47	0.29	0.21	0.22	0.58	0.05	0.21	0.05	0.32	0.24	0.01	0.05	0.24	0.1	0.54	0.22	0.23	0.09	0.09	0.2	0.21	0.04	0	0.5	0.22	0.42	0.23	0.31	0.55	0.09	0.23	0.04	0.09	0.43	0.43	0.2	0.11	0.21	0.15	0.44	0.25	1.35	0.44	0.21	0.24
1.25	0.02	0.23	0.95	0.44	0.59	0.14	0.41	0.04	1.25	0.48	1.56	0.28	0.04	0.37	0.69	0.05	0.19	0.26	0.02	0.4	0.15	0.2	0.5	0.16	0.04	0.03	0.15	0.1	0.05	0.1	0.41	0.03	0.4	0.04	0.41	0.41	0.03	0.1	0.36	0	0.12	0.01	0.33	2.15	0.32	0.21	0.11	0.5	0.1	0.03	0.19	0.01	0.47	0.05	0.22	0.43	0.02	0.52	0.1	0.04	0.11	0.12	0.21	0.15	0.16	0.19	0.48	0.05	0.04	0.03	0.49	0.15	0.28	0.16	0.13	0.22	0.56	0.37	0.04	0.05	0.15	0.05	0.2	0.27	0.12	0.49	0.19	0.1	0.03	0.15	0.3	0.49	0.38	0.23	0.02	0.5	0.33	0.62
0.03	0.11	0.52	0.84	0.32	0.3	0.03	0.52	0.1	0.94	0.02	9.7	0.12	0.12	0.31	0.06	0.16	1.13	0.22	0.11	0.16	0.02	0.18	0.04	0.04	0.11	0.13	0.14	0.16	0.47	0.03	0.07	0.12	0.43	0.13	0.49	15.2	0.09	0.24	0.03	0.49	0.01	0.51	0.05	0.04	0.08	0.2	0.49	0.27	0.01	0.36	0.08	0.11	0.06	0.13	0.04	0.13	0.11	0.41	0.04	7.73	0.84	0.12	0.17	0.12	0.42	0.13	0.14	0.15	0.13	0.13	0.41	0.92	0.41	0.23	0.01	0.03	0.07	0.41	1.47	0.14	0.04	0.2	0.09	0.2	0.01	0.42	0.08	0.03	0.1	0.04	0.41	0.32	0.52	0.15	0.61	0.15	0.14	0.23
0.12	1.16	0.09	0.04	0.14	0.25	0.12	0.71	0.02	0.82	0.47	1.07	0.04	0.04	0.36	0.56	0.23	0.19	0.22	0.02	0.82	0.47	0.19	0.15	0.78	0.03	0.42	0.04	0.1	0.05	0.88	0.19	0.03	0.14	0.68	0.2	0.02	0.68	0.11	0.24	0.01	0.12	0	0.22	0.34	0.49	0.21	0.03	0.34	0.4	0.03	0.4	0	0.4	0.3	0.1	0.02	0.41	0.15	0.19	0.03	0.46	0.03	0.21	0.14	0.17	0.04	0.12	0.05	0.03	0.03	0.15	0.13	0.65	0.03	0.12	0.49	0.43	0.64	0.04	0.31	0.44	0.05	0.44	0.26	0.13	0.44	0.18	0.1	0.03	0.13	0.44	0.04	0.75	0.39	0.02	0.04	0.28	0.19
0.03	0.24	0.15	0.49	0.04	0.33	0.06	0.17	0.38	1	0.4	0.27	0.11	0.13	0.75	0.71	0.18	0.27	0.25	0.13	0.12	0.32	0.41	0.05	0.05	0.14	0.41	0.41	2.32	0.11	0.92	0.42	0.15	0.04	0.11	0.1	0.11	0.5	0	0.43	0.14	0.05	0.14	0	0.44	0.42	0.29	0.44	0.94	0.04	0.27	0.1	0.44	0.06	0.12	0	0.16	0.26	0.32	0.01	0.14	0.12	0.44	0.17	0.07	0.44	0.37	0.03	0.38	0.45	0.12	0.06	0.12	0.45	0.12	0.04	0.12	0.09	0.61	0.1	0.55	0.05	0.11	0.1	0.23	0.04	0.45	0.07	0.01	0.45	0.44	0.21	0.11	0.45	0.95	0.47	0.15	0.12	0.45
0.4	0.49	0.45	0.48	0.02	0.49	0.49	0.46	0.14	1.29	0.03	2.87	0.14	0.13	0.95	0.28	0.95	1.26	0.43	0.16	0.47	0.44	0.44	0.94	0.03	0.16	0.17	0.43	1.04	0.43	0.43	0.44	0.15	0.02	0.53	0.43	0.43	0.42	0.43	0.43	0.16	0.42	0.42	0.42	0.01	0.41	0.41	0.15	0.71	0.04	0.15	0.91	0.49	0.06	0.15	0.04	0.42	0.16	0.41	0.41	0.71	0.17	0.41	0.41	0.05	0.41	0.18	0.03	0.2	0.51	0.39	0.1	0.41	0.41	0.24	0.91	0.1	0.42	0.23	0.42	0.42	0.42	0.42	0.19	0.43	0.45	0.44	0.44	0.04	0.14	0.01	0.19	0.44	0.26	0.17	0.94	0.16	0.43	0.23
0.02	0.13	0.45	0.45	0.12	0.29	0.02	1.85	0.45	0.94	0.02	3.49	0.12	0.14	0.64	0.28	0.15	0.44	0.22	0.44	0.74	0.09	0.43	0.28	0.33	0.47	0.44	0.16	0.38	0.44	0.1	0.2	0.54	0	0.44	0.06	0.43	0.73	0.02	0.43	0.2	0.08	0.14	0.43	0.43	0	0.44	0.14	0.2	0.03	0.94	0.13	0.17	0.44	0.13	0.02	0.13	0.44	0.14	0.1	0.13	0.94	0.2	0.52	0.1	0.28	0.53	0.44	0.17	0.14	0.15	0.01	0.46	0.43	0.51	0.43	0.43	0.04	0.23	0.43	0.14	0.43	0.13	0.93	0.66	0.1	0.43	0.09	0.09	0.52	0.08	0.93	0.13	0.56	1.04	0.13	0.24	0.16	0.44
0.15	0.21	0.4	0.23	0.15	0.42	0.15	0.39	0.21	1.05	0.5	6.24	0.42	0.43	0.37	0.21	0.23	1.12	0.35	0.52	0.28	0.16	0.42	0.51	0.42	0.52	0.22	0.52	0.37	0.23	0.41	0.45	0.43	0.39	0.27	0.45	0.19	0.19	0.64	0.23	0.38	0.54	0.21	0.17	0.23	0.94	0	0.22	0.44	0.18	0.55	0.2	0.19	0.44	0.22	0.15	0.22	0.2	0.45	0.16	0.21	0.73	0.22	0.37	0.55	0.2	0.23	0.25	0.45	0.26	0.56	0.14	0.17	0.54	0.21	0.21	0.46	0.46	0.31	0.67	0.96	0.48	0.22	0.2	0.13	0.22	0.19	0.17	0.16	0.46	0.15	0.3	0.22	0.66	0.26	0.56	0.42	0.21	0.46
0.13	0.02	0.24	0.45	0.46	0.24	0.14	0.01	0.02	0.76	0.14	3.59	0.4	0.03	0.37	0.6	0.4	0.71	0.3	0.44	0.91	0.15	0.2	0.15	0.51	0.03	0.42	0.52	0.21	0.07	0.13	0.18	0.01	0.14	0.05	0.41	0.04	0.43	0.12	0.24	0.04	0.94	0.03	0.54	0.16	0.14	0.95	0	0.35	0.45	0.46	0.77	0.03	0.17	0.06	0.28	0.87	0.03	0.18	0.46	29.4	0.41	0.04	0.22	0.31	0.47	0.05	0.15	0.06	0.27	0.34	0.32	0.15	0.98	0.04	0.14	0.23	0.35	0.37	0.05	0.05	0.16	0.06	0.19	0.49	0.14	0.59	0.18	0.12	0.03	0.14	0.7	0.6	0.36	0.06	0.41	0.2	0.51	0.61
0.22	0.42	0.36	0.37	0.41	0.41	0.22	0.34	0.54	1.13	0.22	2.08	0.32	0.93	0.42	0.17	0.35	0.72	0.32	0.42	0.37	0.6	0.18	0.21	0.22	0.43	0.35	0.4	0.38	0.37	0.26	0.45	0.54	0.24	0.95	0.45	21.8	0.38	0.62	0.27	0.37	0.55	0.45	0.3	0.32	0.65	0.36	0.37	0	0.22	0.39	0.22	0.36	0.46	0.37	0.26	0.38	0.39	0.2	0.27	13.9	0.61	0.4	0.96	0.29	0.15	0.38	0.8	0.4	0.37	0.36	0.46	0.2	0.33	1.16	0.25	0.23	0.46	0.29	0.47	0.33	0.56	0.46	0.15	0.39	0.24	0.96	0.18	0.56	0.33	0.21	0.26	0.57	0.29	0.38	0.33	0.6	0.75	0.3
0.02	0.44	0.14	0.25	0.04	0.42	0.02	0.11	0.18	0.81	0.02	7.14	0.18	0.09	0.53	0.43	0.12	0.84	0.23	0.35	0.13	0.03	0.44	0.34	0.04	0.09	0.44	0.27	1.5	0.19	0.01	0.94	0.11	0.02	0.13	0.44	0.09	0.27	0.01	0.04	0.44	0.01	0.38	0.03	0.04	0.03	0.55	0.32	0.22	0	0.09	0.45	0.09	0.45	0.19	0.04	0.46	0.09	0.05	0.33	0.46	0.34	0.1	1.04	0.04	0.08	0.12	0.46	0.13	0.18	0.09	0.04	0.23	0.2	0.77	0.28	0.04	0.11	0.47	0.51	0.12	0.1	0.47	0.07	0.24	0.47	0.07	0.08	0	0.18	0.04	0.3	0.57	0.41	0.47	0.18	0.25	0.12	0.27
0.1	0.02	0.08	0.19	0.14	0.43	0.1	0.44	0.41	1.52	1.01	0.4	0.03	0.4	0.69	0.46	0.05	0.18	0.98	0.02	0.06	0.47	0.19	0.47	0.17	0.39	0.04	0.07	0.1	0.04	0.09	0.44	0.44	0.74	0.44	0.47	22.1	0.52	0.12	0.24	0.04	0.12	0.05	0.13	0.44	0.54	0.31	0.46	0.38	0.1	0.47	0.19	0.51	0.21	0.04	0.49	0.05	0.43	0.41	0.1	7.32	0.91	0.42	0.47	0.4	0.51	0.41	0.13	0.43	0.04	0.02	0.9	0.47	0.47	0.02	0.47	0.21	0.46	0.33	0.03	0.05	0.15	0.42	0.49	0.49	0.49	0.2	0.54	0.09	0.02	0.14	0.42	0.44	0.63	0.05	0.49	0.48	0.03	0.18
0.08	0.19	0.22	0.23	0.11	0.25	0.08	0.22	0.52	1.22	0.07	6.61	0.2	0.31	0.48	0.03	0.21	0.45	0.17	0.36	0.48	0.07	0.01	0.09	0.2	0.49	0.89	0.49	1.05	0.22	0.28	0.03	0.19	0.5	0.6	0.04	11.3	0.6	0.09	0.24	0.19	0.08	0.21	0.1	0.36	0.13	0.2	0.52	0.42	0.07	0.31	0	0.42	0.12	0.21	0.08	0.6	0.19	0.15	0.1	2.95	0.95	0.44	0.21	0.05	0.03	0.21	0.09	0.24	0.21	0.85	0.09	0.13	0.14	0.31	0.47	0.05	0.11	0.16	0.19	0.46	0.06	0.47	0.04	0.27	0.23	0.04	0.08	0.08	0.22	0.47	0.15	0.21	0.18	0.21	0.21	0.97	0.47	0.18
0.11	0.65	0.09	0.04	0.14	0.23	0.11	0.1	0.03	0.85	0.38	0.33	0.45	0.25	0.73	0.2	0.04	0.19	0.44	0.4	0.05	0.16	0.19	0.44	0.14	0.03	0.24	0.04	0.29	0.44	0.1	0.15	0.03	0.12	0.31	0.19	34.7	0.39	0.1	0.22	0.01	0.11	0	0.43	0.27	0.22	0.19	0.25	0.44	0.09	0.14	0.52	0	0.17	0.3	0.36	0.04	0.01	0.18	0.11	27.8	0.11	0.19	0.2	0.14	0.33	0.04	0.78	0.04	0.35	0.4	0.38	0.13	0.27	0.02	0.12	0.48	0.18	0.48	0.69	0.22	0.14	0.17	0.21	0.26	0.22	0.18	0.15	0.09	0.02	0.14	0.31	0.04	0.35	0.04	0.01	0.04	0.2	0.51
0.05	0.51	0.21	0.42	0.11	0.48	0.06	0.18	0.54	1.4	0.06	0.4	0.47	0.26	0.59	0.1	0.39	0.29	0.23	0.42	0.55	0.07	0.11	0.14	0.09	0.16	0.18	0.18	0.58	0.19	0.08	0.3	0.49	0.08	0.19	0.12	35.9	0.41	0.29	0.44	0.16	0.13	0.17	0.06	0.06	0.08	0.39	0.18	0.26	0.06	0.49	0.51	0.47	0	0.17	0.07	0.43	0.16	0.06	0.06	30.2	0.06	0.17	0.17	0.34	0.09	0.18	0.12	0.5	0.23	0.18	0.11	0.08	0.22	0.42	0.15	0.07	1.26	0.29	0.16	0.18	0.07	0.47	0.1	0.26	0.08	0.11	0.08	0.14	0.18	0.05	0.22	0.17	0.27	0.18	0.16	0.47	0.19	0.27
0.13	0.05	0.11	0.08	0.13	0.27	0.13	0.06	0.04	0.86	0.12	0.32	0.01	0.06	0.35	0.21	0.08	0.21	1.08	0.04	0.11	0.15	0.36	0.97	0.15	0.05	0.06	0.07	0.47	0.01	0.12	0.17	0.42	0.97	0.47	0.47	0.03	0.17	0.12	0.16	0.05	0.12	0.15	0.48	0.26	0.48	0.31	0.44	1.04	0.18	0.04	0.43	0.04	0.17	0	0.12	0.06	0.44	0.2	0.13	0.44	0.42	0.06	0.22	0.15	0.44	0.44	0.44	0.08	0.07	0.05	0.44	0.43	0.29	0.05	0.3	0.16	0.53	0.34	0.43	0.43	0.15	0	0.19	0.28	0.14	0.27	0.43	0.12	0.43	0.14	0.31	0.01	0.94	0.43	0.05	0.59	0.05	0.34
0.24	0.2	0.4	0.14	0.02	0.45	0.01	0.12	0.1	0.98	0.46	5.36	0.11	0.12	0.26	0.6	0.59	0.59	0.24	0.49	0.13	0.05	0.4	0.4	0.04	0.1	0.43	0.15	0.17	0.11	0.01	0.41	0.11	0.02	0.4	0.26	0.08	0.42	0	0.42	0.46	0.04	0.1	0	0.04	0.42	0.16	0.13	0.22	0.18	0.62	0.09	0.1	0.06	0.42	0	0.13	0.1	0.52	0.01	0.11	0.01	0.42	0.15	0.05	0.31	0.42	0.02	0.13	0.13	1.13	0.04	0.63	0.34	0.09	0.43	0.05	0.3	1.43	0.11	0.43	0.43	0.12	0.08	0.21	0.41	0.08	0.07	0.01	0.53	0.03	0.44	0.11	0.44	0.37	0.25	0.54	0.44	0.33
0.13	0.02	0.45	0.45	0.15	0.24	0.36	0.06	0.47	0.94	0.14	7.56	0.05	1.23	0.39	0.22	0.05	0.2	0.29	0.03	0.05	0.15	0.53	0.48	0.14	0.03	0.03	0.02	0.77	0.06	0.11	0.17	0.01	0.15	0.05	0.36	0.03	0.29	0.1	0.21	0.03	0.4	0.03	0.19	0.49	0.16	0.6	0.09	0.5	0.11	0.04	0.4	0.24	0.24	0.41	0.12	0	0.41	0.15	0.14	0.09	0.23	0.41	0.43	0.16	0.16	0.41	0.4	0.05	0.42	0.39	0.52	0.51	0.28	0.16	0.41	0.3	0.22	0.41	0.43	0.2	0.55	0.34	0.19	0.41	0.41	0.22	0.29	0.13	0.41	0.14	0.61	0.05	0.43	0.41	0.25	0.19	0.18	0.21
0.12	0.02	0.09	0.59	0.13	0.44	0.54	0.22	0.03	0.84	0.13	3.68	0.04	0.04	0.38	0.22	0.04	0.55	0.27	0.02	0.07	0.16	0.19	0.15	0.48	0.04	0.03	0.05	1.68	0.05	0.1	0.48	0.27	0.13	0.04	0.19	0.02	0.09	0.09	0.59	0.03	0.1	0.01	0.28	0.17	0.13	0.2	0.59	0.51	0.37	0.59	0.58	0.01	0.15	0.25	0.11	0.03	0	0.49	0.1	0.03	0.94	0.03	0.51	0.16	0.4	0.04	0.18	0.4	0.6	0.02	0.14	0.14	0.4	0.37	0.11	0.22	0.19	0.65	0.04	0.04	0.14	0.13	0.4	0.26	0.4	0.44	0.17	0.4	0.03	0.14	0.36	0.36	0.45	0.04	0.02	0.41	0.09	0.43
0.04	0.16	0.5	0.48	0.1	0.58	0.04	0.17	0.15	0.97	0.04	12.5	0.15	0.15	0.49	0.03	0.19	0.2	0.19	0.15	0.15	0.41	0.05	0.05	0.05	0.32	0.49	0.18	0.21	0.53	0.44	0	0.18	0.09	0.4	0.03	0.14	0.4	0.05	0.9	0.16	0.29	0.4	0.14	0.06	0.13	0.17	0.16	0.17	0.05	0.16	0.38	0.15	0.06	0.51	0.51	0.16	0.41	0	0.05	0.14	0.42	0.16	0.17	0.62	0.02	0.17	0.04	0.92	0.18	0.42	0.05	0.47	0.13	0.43	0.08	0.04	0.23	0.17	0.43	0.35	0.03	0.43	0.43	0.43	0.08	0.03	0.09	0.43	0.16	0.43	0.14	0.93	0.18	0.19	0.17	0.18	0.43	0.17
0.02	0.17	0.48	0.17	0.1	0.32	0.02	0.11	0.11	1	0.5	0.46	0.11	0.46	0.23	0.46	0.46	0.27	0.24	0.45	0.46	0.04	0.27	0.25	0.2	0.1	0.12	0.5	0.36	0.47	0.01	0.05	0.47	0.06	0.12	0.31	0.08	0.46	0	0.04	0.1	0.04	0.12	0.01	0.48	0.1	0.31	0.12	0.23	0.01	0.1	0.09	0.49	0.12	0.12	0.27	0.14	0.11	0.05	0	0.33	0.08	0.3	0.16	0.04	0.07	0.67	0.36	0.49	0.14	0.09	0.05	0.99	0.19	0.19	0.04	0.04	0.07	0.48	0.12	0.11	0.59	0.12	0.09	0.22	0.04	0.09	0.08	0.69	0.49	0.04	0.54	0.11	0.23	0.13	0.49	0.13	0.49	0.24
0.29	0.02	0.1	0.07	0.14	0.25	0.11	0.03	0.1	0.8	0.12	3.85	0.04	0.33	0.38	0.21	0.25	0.56	0.34	0.03	0.46	0.15	0.18	0.14	0.14	0.17	0.04	0.05	1.93	0.46	0.11	0.16	0.04	0.13	0.05	0.19	0.02	0.09	0.1	0.44	0.04	0.1	0.32	0.12	0.22	0.15	0.57	0.04	0.58	0.47	0.28	0.18	0.03	0.18	0.04	0.94	0.03	0.14	0.14	0.45	0	0.49	0.04	0.21	0.14	0.49	0.37	0.33	0.06	0.04	0.21	0.13	0.4	0.5	0.01	0.11	0.2	0.44	0.53	0.04	0.21	0.13	0.05	0.83	34.3	0.41	0.41	0.18	0.1	0.38	0.13	0.31	0.04	0.42	0.07	0.03	0.07	0.03	0.2
0.56	0.45	0.47	0.13	0.03	0.46	0.02	0.43	0.95	1.03	0.02	10.2	0.97	0.46	1.47	0.96	0.14	0.46	0.46	1.46	0.46	0.05	0.46	0.04	0.04	0.46	0.46	1.46	0.55	0.45	0.01	0.45	0.14	0.02	1.45	0.45	0.45	0.45	0	0.45	0.52	0.44	0.45	0.44	0.94	0.02	0.53	0.94	0.44	0.01	0.1	0.49	0.44	1.45	0.68	0.44	0.44	0.94	0.44	0.02	0.94	0.01	0.44	0.93	0.05	0.42	0.42	0.92	0.16	0.42	0.43	0.42	0.42	0.93	0.42	0.42	0.42	0.93	0.93	0.41	0.41	0.41	0.91	0.08	0.61	0.41	0.91	0.4	0.01	0.5	0.04	0.5	0.49	0.99	0.49	0.49	0.49	0.99	0.98
0.14	0.03	0.45	0.75	0.14	0.2	0.13	0.22	0.03	0.93	0.14	9.09	0.3	0.8	0.37	0.21	0.02	0.2	0.28	0.22	0.06	0.17	0.2	0.16	0.16	0.04	0.35	0.06	0.13	0.07	0.12	0.16	0.42	0.87	0.08	0.19	0.03	0.19	0.13	0.23	0.03	0.48	0.03	0.44	0.72	0.2	0.48	0.04	0.67	0.21	0.04	0.22	0.02	0.18	0.06	0.11	0.34	0.48	0.48	0.68	0.04	0.49	0	0.22	0.62	0.48	0.01	0.48	0.03	0.04	0.04	0.16	0.48	0.39	0.04	0.3	0.99	0.2	0.49	0.06	0.05	0.16	0.19	0.59	0.28	0.14	0.21	0.16	0.12	0.04	0.14	0.31	0.06	0.5	0.15	0.4	0.02	0.15	0.4
0.15	0.21	0.3	0.23	0.13	0.58	0.15	0.48	0.21	1	0.15	9.05	0.41	0.62	0.37	0.21	0.92	0.76	0.35	0.2	0.92	0.42	0.21	0.44	0.45	0.48	0.62	0.41	0.51	0.46	0.15	0.17	0.22	0.13	0.42	0.19	14.6	0.2	0.15	0.21	0.21	0.58	0.21	0.17	0.15	0.12	0.01	0.23	0.42	0.15	0.21	0.42	0.2	0.17	0.22	0.15	0.22	0.2	0.17	0.43	7.17	0.3	0.22	0	0.43	0.2	0.51	0.43	0.23	0.44	0.2	0.14	0.84	0.35	0.21	0.45	0.21	0.44	0.31	0.22	0.38	0.54	0.44	0.64	0.44	0.22	0.19	0.18	0.16	0.21	0.44	0.3	0.22	0.35	0.23	0.21	0.35	0.29	0.34
0.03	0.41	0.19	0.97	0.09	0.52	0.03	0.15	0.42	1.11	0.33	4.23	0.15	0.42	0.52	0.05	0.31	0.42	0.42	0.22	0.17	0.42	0.42	0.04	0.04	0.13	0.15	0.42	0.52	0.16	0.04	0.04	0.42	0.06	0.43	0.37	8.43	0.57	0.99	0.01	0.16	0.02	0.43	0.27	0.05	0.35	0.43	0.36	0.2	0.78	0.39	0.05	0.53	0.06	0.16	0.04	0.53	0.23	0.03	0.04	0.15	0.44	0.16	0.16	0	0.05	0.44	0.06	0.58	0.16	0.54	0.04	0.44	0.46	0.44	0.03	0.01	0.41	0.32	0.15	0.44	0	0.16	0.05	0.18	0.3	0.05	0.44	0.44	0.15	0.04	0.44	0.15	0.54	0.17	0.14	0.44	0.16	0.2
0.07	0.17	0.2	0.31	0.48	0.22	0.07	0.16	0.18	0.92	0.07	0.59	0.18	0.15	0.72	0.01	0.43	0.18	0.17	0.46	0.19	0.06	0.04	0.07	0.07	0.16	0.17	0.54	0.49	0.18	0.07	0.05	0.16	0.06	0.5	0.01	26.9	0.37	0.42	0.05	0.16	0.08	0.4	0.3	0.32	0.06	0.21	0.38	0.15	0.08	0.17	0.03	0.15	0.5	0.18	0.07	0.16	0.16	0.03	0.07	19.1	0.08	0.17	0.18	0.41	0	0.18	0.07	0.19	0.41	0.15	0.07	0.15	0.12	0.16	0.43	0.05	0.02	0.43	0.18	0.43	0.05	0.18	0.01	0.16	0.07	0.06	0.05	0.08	0.18	0.07	0.1	0.18	0.43	0.19	0.43	0.37	0.53	2.44
0.16	0.42	0.48	0.03	0.18	0.21	0.15	0.05	0.42	0.76	0.45	1.74	0.47	0.22	0.4	0.23	0.23	0.21	0.29	0.05	0.72	0.17	0.21	0.19	1.44	0.05	0.02	0.07	0.98	0.08	0.28	0.19	0.06	0.15	0.07	0.21	31.6	0.05	0.14	0.25	0.13	0.13	0.04	0.41	0.24	0.15	0.23	0.05	0.78	0.12	0.08	0.21	0.04	0.19	0.07	0.53	0.04	0.04	0.24	0.13	23.8	0.35	0.05	0.23	0.18	0.18	0	0.15	0.01	0.06	0.05	0.48	0.15	0.3	0.05	0.3	0.23	0.69	0.59	0.07	0.06	0.55	0.35	0.59	0.29	0.15	0.59	0.19	0.49	0.05	0.17	0.99	0.07	0.47	0.04	0.08	0.04	0.19	0.38
0	0.14	0.21	1.09	0.18	0.48	0.35	0.32	0.12	0.92	0.39	5.59	0.11	0.83	0.25	0.33	0.43	0.65	0.22	0.11	0.12	0.43	0.08	0.26	0.03	0.1	0.13	0.16	0.8	0.13	0.02	0.09	0.12	0.02	0.1	0.08	0.1	0.44	0.45	0.1	0.13	0.03	0.11	0.18	0.03	0.65	0.15	0.13	0.52	0.03	0.51	0.45	0.11	0.45	0.55	0.08	0.12	0.11	0.04	0.02	0.11	1.16	0.66	0.15	0.04	0.07	0.15	0	0.46	0.18	0.12	0.03	0.02	0.19	0.37	0.42	0.1	0.38	0.47	0.47	0.15	0.05	0.13	0.07	0.47	0.03	0.08	0.05	0.02	0.11	0.03	0.56	0.12	0.47	0.16	0.12	0.2	0.11	0.23
0.17	0.05	0.97	0.21	0.16	0.48	0.16	0.05	0.58	0.98	0.48	0.91	0.07	0.05	0.4	0.24	0.03	0.56	0.57	0.05	0.1	0.49	0.22	0.41	0.49	0.05	0.2	0.07	0.51	0.22	0.41	0.19	0.05	0.15	0.07	0.21	19.1	0.05	0.13	0.25	0.05	0.15	0.04	0.18	0.52	0.16	0.43	0.06	0.37	0.41	0.62	0.21	0.04	0.18	0.08	0.14	0.37	0.05	0.19	0.15	10.5	0.41	0.03	0.24	0.17	0.19	0.01	0.46	0	0.06	0.06	0.17	0.48	0.3	0.06	0.16	0.26	1.16	0.48	0.08	0.07	0.48	0.08	0.23	0.89	0.49	0.23	0.18	0.13	0.06	0.49	0.34	0.07	0.9	0.4	0.05	0.4	0.05	0.22
0.13	0.41	0.14	0.15	0.16	0.25	0.51	0.01	0.03	0.85	0.23	6.27	0.06	0.45	0.52	0.25	0.45	0.21	0.31	0.05	0.06	0.45	0.22	0.31	0.43	0.04	0.04	0.02	0.11	0.07	0.12	0.17	0.01	0.14	0.46	0.21	11.4	0.04	0.12	0.23	0.05	0.12	0.03	0.15	0.17	0.14	0.22	0.02	0.43	0.46	1.16	0.22	0.03	0.77	0.07	0.46	0.02	0.04	0.24	0.13	3.94	0.25	0.05	0.22	0.17	0.47	0.06	0.13	0.47	0	0.05	0.15	0.22	0.29	0.05	0.15	0.47	0.47	0.62	0.06	0.05	0.18	0.07	0.48	0.48	0.15	0.21	0.18	0.12	0.04	0.16	0.98	0.06	0.35	0.06	0.03	0.06	0.04	0.48
0.23	0.08	0.09	0.39	0.15	0.73	0.43	0.27	0.31	1.33	0.26	5.7	0.04	0.05	0.38	0.9	0.06	0.19	0.24	0.61	0.15	0.45	0.2	0.15	0.15	0.05	0.04	0.06	0.19	0.55	0.45	0.24	0.04	0.13	0.04	0.21	0.02	0.8	0.75	0.25	0.03	0.11	0.03	0.42	0.46	0.13	0.22	0.33	0.35	0.09	0.02	0.21	0.02	0.18	0.05	0.47	0.04	0.02	0.17	0.1	0.04	1.26	0.04	0.2	0.48	0.15	0.17	0.12	0.06	0.05	0	0.17	0.13	0.66	0.18	0.14	0.33	0.25	0.49	0.24	0.05	0.49	0.56	0.19	0.47	0.12	0.22	0.16	0.1	0.04	0.14	0.54	0.04	0.55	0.06	0.07	0.31	0.3	0.28
0.27	0.46	0.17	0.86	0.11	0.3	0.03	0.14	0.46	0.97	0.03	9.51	0.14	0.47	0.47	0.09	0.16	0.73	0.23	0.14	0.16	0.05	0.09	0.01	0.03	0.14	0.54	0.17	0.27	0.24	0.04	0.05	0.19	0.01	0.48	0.09	13.2	0.24	0.03	0.48	0.15	0.04	0.17	0.05	0	0.01	0.14	0.16	0.25	0.06	0.38	0.13	0.49	0.1	0.49	0.04	0.16	0.16	0.05	0.49	4.55	0.75	0.15	0.14	0.05	0.07	0.16	0.4	0.2	0.16	0.17	0	0.4	0.2	0.13	0.05	0.1	0.9	0.2	0.14	0.16	0.6	0.15	0.4	0.19	0.05	0.41	0.04	0.04	0.13	0.41	0.5	0.14	0.24	0.41	0.28	0.19	0.41	0.22
0.42	0.42	0.17	0.67	0	0.29	0.92	0.13	0.42	0.9	0.02	9.05	0.36	0.52	0.48	0.26	0.17	0.32	0.22	0.99	0.89	0.49	0.13	0.01	0.2	0.11	0.48	0.16	0.18	0.14	0.49	0.09	0.13	0	0.14	0.43	0.12	0.49	0.12	0.09	0.69	0.08	0.39	0.05	0.02	0	0.15	0.67	0.2	0.03	0.9	0.4	0.4	0.07	0.41	0.02	0.14	0.41	0.41	0.1	0.12	0.39	0.41	0.15	0.41	0.23	0.3	0.02	0.6	0.4	0.15	0.02	0	0.18	0.41	0.09	0.09	0.05	0.92	0.12	0.13	0.43	0.13	0.42	0.22	0.92	0.06	0.42	0.09	0.12	0.42	0.17	0.92	0.22	0.53	0.13	0.54	0.14	0.47
0.18	0.29	0.3	0.42	0.18	0.11	0.46	0.45	0.26	1.02	0.18	8.94	0.63	1.15	0.43	0.13	0.38	0.09	0.05	0.56	0.32	0.2	0.32	0.19	0.19	0.28	0.28	0.31	0.47	0.54	0.52	0.14	0.29	0.31	0.29	0.1	0.27	0.29	0.45	0.45	0.27	0.18	0.26	0.45	0.57	0.18	0.36	1.45	0.95	0.48	0.31	0.14	0.55	0.24	0.43	0.36	0.3	0.26	0.45	0.19	0.27	0.55	0.45	0.45	0.33	0.16	0.31	0.18	0.7	0.49	0.42	0.85	0.53	0	0.34	0.19	0.2	0.28	0.55	0.28	0.46	0.18	0.51	0.46	0.45	0.3	0.1	0.15	0.46	0.26	0.19	0	0.63	0.14	0.6	0.41	0.46	0.47	0.09
0.1	0.02	0.46	0.06	0.12	0.24	0.1	0.03	0.07	0.86	0.11	6.68	0.03	0.02	0.56	0.46	0.05	0.47	0.34	0.33	0.08	0.14	0.2	0.13	0.14	0.02	0.04	0.06	0.1	0.1	0.36	0.97	0.04	0.48	0.05	0.18	0.01	0.02	0.1	0.48	0.39	0.47	0.03	0.31	0.49	0.13	0.21	0.04	0.35	0.21	0.02	0.53	0.02	0.17	0.04	0.09	0.04	0.03	0.16	0.1	0.01	1.3	0.04	0.21	0.15	0.16	0.05	0.14	0.06	0.04	0.4	0.13	0.12	0.91	0	0.12	0.4	0.32	0.32	0.67	0.09	0.4	0.38	0.41	0.91	0.41	0.18	0.17	0.28	0.11	0.51	0.61	0.41	0.33	0.28	0.03	0.42	0.03	0.19
0.04	0.12	0.22	0.42	0.22	0.71	0.14	0.13	0.12	1.09	0.08	1.91	0.13	0.47	0.23	0.08	0.48	0.45	0.55	0.2	0.3	0.04	0.09	0.34	0.05	0.2	0.15	0.27	0.42	0.52	0.03	0.08	0.48	0.46	0.48	0.48	0.12	0.11	0.04	0.36	0.12	0.01	0.31	0.4	0.05	0.1	0.28	0.2	0.42	0.16	0.1	0.09	0.44	0.07	0.13	0.04	0.15	0.3	0.09	0.03	31.2	0.42	0.13	0.22	0.04	0.17	0.16	0.04	0.27	0.13	0.14	0.05	0.1	0.4	0.11	0	0.42	1.18	0.26	0.13	0.44	0.05	0.21	0.1	0.28	0	0.1	0.46	0.03	0.13	0.14	0.27	0.13	0.26	0.48	0.13	0.39	0.11	1.09
0.32	0.29	0.47	0.25	0.09	0.32	0.4	0.21	0.31	0.95	0.03	4.42	0.43	0.19	0.27	0.11	0.25	0.38	0.44	0.28	0.79	0.03	0.06	0.09	0.3	0.21	0.22	0.43	2	0.16	0.25	0.04	0.24	0.79	0.55	0.49	0.49	0.22	0.05	0	0.36	0.03	0.23	0.13	0.19	0.24	0.23	0.48	0.24	0.04	0.54	0.05	0.22	0.08	0.16	0.44	0.21	0.24	0.23	0.69	33.5	0.38	0.23	0.44	0.01	0.05	0.23	0.11	0.25	0.24	0.23	0.1	0.09	0.2	0.51	0.04	0	0.08	0.25	0.15	0.55	0.03	0.16	0.09	0.23	0.31	0.49	0.07	0.04	0.2	0.09	0.42	0.16	0.41	0.25	0.4	0.44	0.52	0.24
0.06	0.99	0.23	0.2	0.04	0.27	0.06	0.17	0.47	1	0.45	5.16	0.44	0.17	0.18	0.03	0.2	0.19	0.18	0.45	0.19	0.09	0.2	0.44	0.06	0.17	0.4	0.43	0.63	0.2	0.07	0.93	0.43	0.04	0.42	0.01	1.46	0.51	0.41	0.08	0.6	0.07	0.41	0.09	0.4	0.04	0.4	0.18	0.7	0.4	0.9	0.4	0.18	0.08	0.3	0.21	0.54	0.49	0.49	0.07	0.19	0.48	0.2	0.18	0.05	0.02	0.21	0.06	0.57	0.56	0.5	0.46	0.95	0.13	0.55	0.23	0.08	0	0.14	0.17	0.18	0.03	0.44	0.03	0.23	0.08	0.42	0.03	0.42	0.49	0.05	0.51	0.51	0.51	0.51	0.18	0.21	0.41	0.17
0.28	0.32	0.63	0.98	0.48	0.47	0.57	0.32	0.48	1.22	0.2	10.8	0.3	0.29	0.42	0.52	0.32	0.42	0.29	0.35	0.32	0.21	0.42	0.46	0.23	0.63	0.93	0.43	0.39	0.49	0.25	0.2	1.25	0.27	0.32	0.16	14.7	0.45	0.48	0.25	0.37	0.25	0.68	0.26	0.31	0.27	0.48	0.36	0.02	0.48	0.5	0.2	0.35	0.48	0.57	0.24	0.33	0.31	0.17	0.46	5.08	1.06	0.31	0.31	0.54	0.16	0.33	0.2	0.46	0.33	0.38	0.19	0.64	0.21	0.3	0.44	0.23	0.14	0	0.31	0.31	0.21	0.32	0.24	0.37	0.45	0.43	0.16	0.22	0.85	0.55	0.34	0.54	0.3	0.44	0.33	0.44	0.33	1.95
0.11	1.42	0.41	0.26	0.13	0.4	0.12	0.05	0.03	1.18	0.12	2.47	0.92	0.05	0.42	0.4	0.41	0.2	0.33	0.4	0.09	0.14	0.2	0.49	0.14	0.05	0.06	0.48	0.13	0.01	0.48	0.16	0.05	0.12	0.07	0.19	0.02	0.34	0.46	0.15	0.04	0.45	0.13	0.11	0.45	0.45	0.22	0.06	0.68	0.43	0.03	0.2	0.43	0.19	0.38	0.44	0.42	0.04	0.91	0.41	0.04	0.11	0.06	0.4	0.15	0.18	0.07	0.49	0.07	0.06	0.04	0.15	0.12	0.67	0.47	0.13	0.15	0.97	0.7	0	0.03	0.46	0.01	0.18	0.28	0.45	0.19	0.18	0.11	0.94	0.13	0.29	0.43	0.53	0.08	0.04	0.42	0.28	1.02
0.15	0.04	0.3	0.07	0.13	0.43	0.13	0.05	0.02	0.83	0.43	4.23	0.14	0.03	0.73	0.93	0.07	0.21	0.34	0.22	0.36	0.15	0.53	0.15	0.16	0.29	0.05	0.09	0.47	0.86	0.12	0.57	0.05	0.13	0.05	0.19	24	0.04	0.11	0.5	0.05	0.14	0.04	0.37	0.16	0.43	0.23	0.05	0.68	0.21	0.28	0.21	0.04	0.49	0.03	0.11	0.05	0.05	0.16	0.12	17.1	0.79	0.05	0.23	0.14	0.17	0.15	0.18	0.07	0.06	0.05	0.14	0.13	0.38	0.04	0.49	0.45	0.18	0.31	0.37	0	0.15	0.27	0.18	0.29	0.14	0.5	0.4	0.4	0.01	0.15	0.3	0.03	0.4	0.07	0.04	0.79	0.04	0.21
0.03	0.66	0.19	0.19	0.29	0.59	0.38	0.46	0.17	0.91	0.07	0.23	0.14	0.46	0.19	0.04	0.56	0.22	0.2	0.46	0.52	0.12	0.25	0.12	0.05	0.18	0.46	0.17	0.22	0.15	0.03	0.03	0.15	0.46	0.15	0.05	1.39	0.47	0.05	0	0.54	0.02	0.21	0.77	0.08	0.47	0.22	0.16	0.2	0.12	0.18	0.05	0.16	0.05	0.15	0.44	0.57	0.4	0.03	0.04	0.28	0.97	0.47	0.21	0.02	0.11	0.57	0.05	0.48	0.4	0.25	0.06	0.24	0.18	0.35	0.03	0	0.03	0.47	0.15	0.16	0	0.15	0.05	0.21	0.03	0.05	0.08	0.03	0.15	0.04	0.16	0.14	0.24	0.17	0.5	0.18	0.48	0.55
0.15	0.44	0.15	0.14	0.13	0.27	0.12	0.06	0.42	0.83	0.13	4.02	0.01	0.42	0.35	0.52	0.08	0.21	0.62	0.04	0.1	0.43	0.92	0.47	0.14	0.42	0.06	0.08	0.15	0	0.12	0.16	0.93	0.53	0.16	0.19	0.03	0.08	0.43	0.15	0.05	0.44	0.05	0.12	0.15	0.44	0.75	0.38	0.42	0.45	0.23	0.28	0.04	0.18	0	0.59	0.45	0.05	0.16	0.12	24.9	0.3	0.06	0.22	0.46	0.46	0.46	0.51	0.08	0.07	0.45	0.14	0.13	0.28	0.33	0.46	0.16	0.23	0.48	0.19	0.03	0.47	0	0.18	0.28	0.15	0.19	0.18	0.12	0.04	0.47	0.3	0.01	0.67	0.46	0.05	0.48	0.06	0.28
0.32	0.18	0.21	0.4	0.06	0.42	0.07	0.2	0.16	1.33	0.42	0.47	0.4	0.33	0.18	0.02	0.56	0.18	0.17	0.21	0.2	0.07	0.04	0.79	0.07	0.18	0.2	0.29	0.26	0.19	0.08	0.03	0.22	0.41	0.18	0.01	17.8	0.19	0.08	0.09	0.41	0.09	0.52	0.1	0.35	0.41	0.35	0.58	0.18	0.13	0.42	0.04	0.18	0.42	0.91	0.08	0.19	0.19	0.03	0.09	9.11	0.81	0.22	0.2	0.05	0.34	0.47	0.7	0.22	0.21	0.2	0.46	0.76	0.1	0.32	0.1	0.09	0.47	0.51	0.47	0.17	0.06	0.19	0	0.48	0.1	0	0.28	0.08	0.4	0.48	0.12	0.18	0.15	0.22	0.52	0.22	0.21	0.15
0.25	0.5	0.56	0.31	0.55	0.48	0.4	0.28	0.27	1.2	0.21	5.78	0.28	0.48	0.43	0.27	0.49	0.5	1.34	0.26	0.45	0.22	0.4	0.15	0.4	0.33	0.91	0.4	0.3	0.29	0.21	0.58	0.28	0.19	0.22	0.51	22.8	0.45	0.17	0.3	0.36	0.41	0.61	0.23	0.31	0.51	0.5	0.67	0.42	0.14	0.32	0.27	0.62	0.2	0.28	0.21	0.28	0.43	0.23	0.22	15	0.22	0.63	0.07	0.43	0.16	0.29	0.21	0.29	0.84	0.54	0.19	0.15	0.35	0.27	0.28	0.44	0.24	0.37	0.55	0.29	0.22	0.28	0.2	0	0.45	0.25	0.17	0.22	0.27	0.14	0.45	0.29	0.41	0.53	0.46	0.29	0.27	0.6
0.03	0.43	0.16	0.48	0.1	0.31	0.04	0.13	0.1	1.03	0.03	1.62	0.13	0.21	0.22	0.07	0.3	0.5	0.45	0.45	0.16	0.03	0.38	0.05	0.05	0.33	0.14	0.4	0.18	0.14	0.07	0.09	0.14	0.09	0.15	1.13	0.12	0.23	0.03	0.04	0.12	0	0.49	0.69	0.59	0.28	0.22	0.49	0.24	0.01	0.12	0.09	0.41	0.08	0.14	0.03	0.3	0.52	0.38	0.42	33.9	0.5	0.42	0.62	0.21	0.08	0.42	0.03	0.35	0.15	0.42	0.05	0.09	0.51	0.12	0	0.04	0.1	0.25	0.12	0.12	0.03	0.14	0.1	0.48	0	0.44	0.09	0.03	0.12	0.54	0.2	0.22	0.26	0.53	0.54	0.46	0.43	0.65
0.08	0.49	0.21	0.21	0.06	0.49	0.08	0.48	0.49	1.36	0.08	10.4	0.19	0.17	0.66	0.14	0.39	0.18	0.56	0.2	0.18	0.08	0.47	0.09	0.07	0.47	0.44	0.21	0.26	0.47	0.08	0.32	0.19	0.06	0.17	0.1	0.19	1.28	0.36	0.41	0.19	0.43	0.19	0.11	0.43	0.06	0.19	0.21	0.33	0.07	0.62	0.04	0.18	0.09	0.24	0.08	0.19	0.2	0.49	0.26	0.49	0.09	0.21	0.52	0.33	0.01	0.21	0.08	0.4	0.61	0.19	0.09	0.06	0.4	0.4	0.1	0.1	0.32	0.81	0.54	0.19	0.16	0.21	0	0.56	0.1	0	0.05	0.92	0.52	0.08	0.13	0.33	0.52	0.3	0.2	0.21	0.44	0.69
0.04	0.15	0.18	0.27	0.09	0.27	0.08	0.16	0.15	1.03	0.44	0.4	0.38	0.16	0.22	0.5	0.52	0.22	0.4	0.29	0.18	0.08	0.11	0.04	0.04	0.4	0.16	0.43	0.38	0.5	0.07	0.1	0.18	0.03	0.15	0.35	0.5	0.44	0.05	0.06	0.16	0.08	0.17	0.4	0.37	0.29	0.22	0.24	0.47	0.5	0.53	0.08	0.5	0.09	0.4	0.07	0.17	0.17	0.15	0.08	0.9	0.18	0.36	0.4	0.85	0.05	0.19	0.4	0.2	0.17	0.18	0.04	0.4	0.2	0.4	0.16	0.07	0.4	0.16	0.52	0.15	0.06	1.04	0.28	0.18	0.41	0.04	0	0.07	0.15	0.04	0.9	0.18	0.3	0.5	0.17	0.19	0.5	0.4
0.02	0.1	0.16	0.17	0.5	0.31	0.02	0.12	0.11	0.89	0.02	3.02	0.11	0.15	0.41	0.09	0.15	0.45	0.44	0.11	0.14	0.04	0.94	0.44	0.44	0.46	0.13	0.14	0.47	1.34	0.44	0.04	0.12	0.46	0.12	0.08	22.9	0.12	0.01	0.43	0.12	0.12	0.1	0.01	0.04	0.09	0.28	0.23	0.26	0	0.12	0.08	0.12	0.06	0.12	0.01	0.13	0.1	0.44	0.01	16.7	0.76	0.12	0.45	0.04	0.45	0.42	0.02	0.13	0.12	0.46	0.05	0.26	0.19	0.1	0.03	0.04	0.07	0.22	0.11	0.12	0.42	0.46	0.2	0.22	0.12	0.09	0.08	0	0.11	0.69	0.2	0.46	0.24	0.13	0.28	0.46	0.1	0.47
0.12	0.02	0.09	0.05	0.12	0.24	0.13	0.03	0	0.88	0.11	10.3	0.04	0.01	1.03	0.53	0.43	0.37	0.35	0.03	0.43	0.13	0.18	0.34	0.14	0.02	0.43	0.05	0.09	0.05	0.09	0.47	0.03	0.43	0.43	0.19	0.23	0.03	0.12	0.55	0.05	0.11	0.03	0.16	0.15	0.43	0.21	0.03	0.6	0.19	0.19	0.2	0.16	0.53	0.35	0.11	0.43	0.03	0.44	0.1	0.02	0.11	0.04	0.21	0.55	0.17	0.05	0.14	0.43	0.04	0.05	0.16	0.12	0.27	0.02	0.12	0.2	0.18	0.31	0.43	0.01	0.16	0.32	0.43	0.27	0.12	0.4	0.43	0.1	0	0.14	0.3	0.43	0.34	0.19	0.03	0.43	0.03	0.31
0.02	0.45	0.18	0.47	0.01	0.65	0.02	0.14	0.12	0.99	0.03	9.26	0.13	0.12	0.24	0.47	0.17	0.47	0.23	0.16	0.17	0.04	0.09	1.08	0.02	0.14	0.16	0.15	0.48	0.14	0.03	0.05	0.54	0.89	0.21	0.08	0.98	0.13	0.03	0.26	0.29	0.04	0.59	0.05	0.03	0.03	0.15	0.49	0.49	0.05	0.22	0.08	0.16	0.06	0.14	0.03	0.17	0.15	0.05	0.04	0.14	0.13	0.16	0.4	0.92	0.07	0.17	0.13	0.41	0.16	0.17	0.3	0.2	0.31	0.13	0.22	0.13	0.05	0.19	0.14	0.41	0.04	0.14	0.41	0.14	0.04	0.08	0.04	0.41	0.12	0	0.18	0.13	0.41	0.3	0.16	0.65	0.14	0.37
0.41	0.31	0.32	0.98	0.17	0.12	0.49	0.33	0.4	1.51	0.19	3.49	0.3	0.47	0.22	0.24	0.32	0.98	0.05	0.49	0.32	0.19	0.47	0.41	0.18	0.97	0.52	0.32	0.47	0.31	0.98	0.47	0.3	0.17	0.28	0.12	2.08	0.56	0.19	0.21	0.62	0.57	0.3	0.53	0.47	0.48	0.97	0.52	0.5	0.47	0.31	0.47	0.29	0.48	0.48	0.41	0.33	0.48	0.14	0.58	0.57	0.31	0.57	0.67	0.17	0.47	0.32	0.19	0.47	0.33	0.46	0.18	0.47	0	0.32	0.2	0.21	1.17	0.57	0.66	0.32	0.18	0.3	0.12	0.71	0.19	0.57	0.44	0.2	0.47	0.18	0	0.66	0.17	1.07	0.62	0.33	0.87	0.46
0.47	0.04	0.1	0.18	0.13	0.26	0.48	0.05	0.03	0.98	0.48	2.55	0.45	0.65	0.34	0.21	0.07	0.2	0.34	0.04	0.3	0.15	0.46	0.46	0.14	0.05	0.06	0.07	0.23	0.01	0.11	0.75	0.05	0.12	1.27	0.18	36.1	0.33	0.57	0.16	0.19	0.12	0.04	0.11	0.14	0.14	0.22	0.47	0.32	0.18	0.09	0.47	0.04	0.16	0.01	0.11	0.05	0.38	0.48	0.47	26.5	0.6	0.06	0.22	0.47	0.57	0.07	0.12	0.18	0.06	0.04	0.57	0.13	0.28	0.03	0.47	0.15	0.62	0.35	0.48	0.03	0.15	0.01	0.52	0.51	0.13	0.19	0.18	0.5	0.48	0.13	0.3	0	0.34	0.44	0.98	0.07	0.05	0.27
0.47	0.32	0.34	1.48	0.47	0.15	0.23	0.35	0.59	1.13	0.23	1.45	0.95	0.33	0.31	0.44	0.55	0.06	0.05	0.45	0.33	0.45	0.18	0.59	0.23	0.32	0.45	0.36	0.95	0.65	0.23	0.36	0.46	0.49	0.32	0.46	0.77	1.17	0.22	0.47	0.57	0.47	0.47	0.27	0.77	0.47	0.35	0.36	0.29	0.47	0.4	0.18	0.48	0.48	0.48	0.36	0.35	0.48	0.18	0.22	0.48	1.29	0.36	0.35	0.51	0.5	0.37	0.8	0.56	0.71	0.61	0.23	0.41	0.03	0.7	0.61	0.22	0.17	0.92	0.91	0.36	0.25	1.22	0.92	0.49	0.23	0.42	0.22	0.62	0.34	0.93	0.03	0.34	0	0.38	0.43	0.37	0.62	0.98
0.15	0.42	0.1	0	0.42	0.52	0.31	0.05	0.32	0.85	0.25	2.4	0.08	0.08	0.49	0.62	0.04	0.22	0.7	0.22	0.1	0.18	0.22	0.16	0.19	0.08	0.9	0.4	0.14	0.25	0.13	0.71	0.05	0.15	0.07	0.22	27.9	0.21	0.42	0.25	0.05	0.42	0.05	0.17	0.52	0.15	0.46	0.06	0.42	0.13	0.73	0.63	0.04	0.21	0.08	0.93	0.43	0.04	0.18	0.44	18.8	0.13	0.02	0.44	0.29	0.24	0.03	0.44	0.03	0.24	0.06	0.16	0.54	0.31	0.29	0.45	0.55	0.46	0.6	0.07	0.46	0.18	0.08	0.21	0.39	0.47	0.41	0.18	0.13	0.29	0.48	0.97	0.07	0.87	0	0.05	0.13	0.05	1.29
0.5	0.57	0.09	1.07	0.58	0.23	0.11	0.03	0.02	0.83	0.13	1.49	0.04	0.04	0.39	0.22	0.08	0.26	0.22	0.02	0.06	0.49	0.49	0.15	0.14	0	0.7	0.37	0.1	0.49	0.1	0.18	0.27	1.4	0.9	0.4	4.32	0.96	0.13	0.41	0.02	0.12	0.9	0.12	0.31	0.14	0.36	0.41	0.34	0.1	0.15	0.46	0.24	0.42	0.05	0.11	0.02	0.02	0.82	0.42	0.03	0.75	0.03	0.42	0.35	0.16	0.04	0.43	0.06	0.03	0.43	0.31	0.73	0.28	0.03	0.43	0.22	0.54	0.44	0.04	0.04	0.44	0.05	0.2	0.64	0.11	0.45	0.54	0.1	0.03	0.15	0.45	0.04	0.32	0.17	0	0.05	0.05	0.46
0.2	0.04	0.1	0.03	0.16	0.95	0.17	0.45	0.46	0.96	0.45	1.83	0.52	0.42	0.52	0.23	0.42	0.21	0.28	0.44	0.99	0.18	0.24	0.92	0.3	0.43	0.43	0.07	0.42	0.43	0.14	0.2	0.44	0.15	0.44	0.21	36	0.08	0.14	0.55	0.05	0.14	0.04	0.26	0.45	0.53	0.96	0.45	0.48	0.12	0.05	0.22	0.04	0.45	0.07	0.14	0.05	0.04	1.06	0.48	23.2	1.37	0.02	0.23	0.18	0.19	0.04	0.16	0.03	0.14	0.2	0.48	0.48	0.58	0.06	0.16	0.24	0.19	0.32	0.35	0.06	0.18	0.08	0.22	0.59	0.59	0.49	0.18	0.15	0.18	0.17	0.35	0.17	0.66	0.01	0.41	0.01	0.41	0.22
0.11	0.02	0.1	0.05	0.16	0.23	0.47	0.03	0.03	0.9	0.5	1.48	0.04	0.2	0.38	0.21	0.04	0.48	0.47	0.26	0.2	0.16	0.98	0.15	0.41	0	0.03	0.05	1.28	0.36	0.11	0.15	0.03	0.13	0.05	0.21	0.02	0.48	0.48	0.22	0.01	0.12	0.01	0.13	0.16	0.13	1.79	0.37	0.33	0.23	0.49	0.2	0.01	0.49	0.05	0.49	0.03	0.01	0.48	1	0.04	0.4	0.03	0.39	0.2	0.19	0.04	0.12	0.05	0.04	0.03	0.16	0.4	0.28	0.03	0.4	0.4	0.28	1.03	0.61	0.04	0.17	0.4	0.41	0.51	0.24	0.41	0.16	0.32	0.41	0.16	0.71	0.21	0.41	0.32	0.02	0.05	0	0.41
0.23	0.2	0.43	0.22	0.64	0.32	0.54	0.2	0.28	1.37	0.22	0.29	0.27	0.52	0.24	0.47	0.53	0.47	0.04	0.18	0.78	0.48	0.41	0.22	0.47	0.58	0.2	0.22	0.42	0.28	0.48	0.17	0.49	0.49	0.76	1.39	0.58	0.25	0.23	0.24	0.49	0.23	0.19	0.4	1.73	0.23	0.73	1.41	0.3	0.41	0.18	0.2	0.51	0.26	0.42	0.42	0.2	0.2	0.43	0.92	28.6	0.6	0.53	0.43	0.64	0.22	0.54	0.95	0.22	0.55	0.45	0.22	1.05	0.09	0.36	0.24	0.46	0.86	0.96	1.16	0.46	0.2	0.28	0.96	0.4	0.24	0.15	0.46	0.23	0.2	0.47	0.09	0.27	0.66	0.46	0.19	0.97	0.19	0.01
