0	0.11	0.44	0.17	0.02	1.04	0	0.12	0.12	0.49	0.01	1.32	0.12	0.13	0.55	0.48	0.29	0.8	0.23	0.36	1.29	0.04	0.08	0.03	0.06	0.71	0.49	0.17	0.17	0.13	0.03	0.04	0.12	0.02	0.19	0.11	0.29	0.12	0.01	0.49	0.13	0.03	0.49	0.7	2.99	0.05	0.15	0.5	0.28	0.12	0.14	0.08	0.11	0.09	0.52	0.01	0.2	0.12	0.04	0.02	0.1	1.37	0.5	0.5	0.03	0.4	0.4	0.14	0.14	0.14	0.4	0.03	0.02	0.5	0.38	0.4	0.1	0.06	0.2	0.12	0.4	0.05	0.19	0.4	0.21	0.03	0.4	0.4	0.02	0.11	0.02	0.19	0.12	0.23	0.28	0.51	0.14	0.23	0.22
0.12	0	0.49	0.05	0.49	0.59	0.11	0.4	0.22	0.03	0.11	3.82	0.04	0.36	0.38	0.49	0.04	0.7	0.24	0.02	0.05	0.92	1	0.5	0.15	0	0.5	0.4	0.09	0.22	0.4	0.53	0.02	0.4	0.04	0.19	0.02	0.41	0.1	0.2	0.36	0.12	0.01	0.41	2.62	0.41	0.21	0.42	0.42	0.09	0.02	0.54	0.01	0.92	0.05	0.11	0.02	0.02	0.15	0.11	0.03	0.41	0.41	0.21	0.52	0.44	0.04	0.42	0.05	0.13	0.05	0.23	0.14	0.65	0.02	0.52	0.43	0.43	0.82	0.04	0.04	0.43	0.05	0.18	0.27	0.63	0.43	0.18	0.43	0.02	0.18	0.3	0.44	0.32	0.17	0	0.44	0.02	0.19
0.51	0.1	0	0.4	0.16	0.36	0.14	0.11	0.07	0.4	0.4	2.1	0.32	0.08	0.37	0.23	0.11	0.4	0.29	0.14	0.11	0.24	0.22	0.2	0.5	0.06	0.46	0.46	0.15	0.43	0.14	0.22	0.11	0.15	0.09	0.21	0.08	0.17	0.31	0.19	0.38	0.15	0.46	0.41	2	0.4	0.66	0.09	0.36	0.14	0.7	0.22	0.09	0.41	0.1	0.47	0.11	0.09	0.35	0.46	0.09	0.68	0.1	0.28	0.19	0.46	0.46	0.15	0.21	0.26	0.08	0.54	0.25	0.46	0.45	0.26	0.2	0.57	0.43	0.13	0.22	0.46	0.47	0.61	0.63	0.32	0.21	0.18	0.16	0.47	0.17	0.4	0.24	0.34	0.47	0.09	0.3	0.37	0.67
0.46	0.46	0.1	0	0.17	0.46	0.21	0.05	0.05	0.05	0.58	2.91	0.41	0.08	0.4	0.63	0.82	0.22	0.3	0.05	0.92	0.19	0.42	0.51	0.16	0.21	0.02	0.42	0.13	0.08	0.13	0.19	0.05	0.15	0.11	0.21	0.05	0.04	0.13	0.23	0.16	0.44	0.04	0.18	1.34	0.44	0.56	0.45	0.65	0.13	0.13	0.46	0.04	0.56	0.08	0.14	0.91	0.04	0.41	0.13	0.57	0.13	0.4	0.23	0.48	0.48	0.04	0.48	0.04	0.06	0.06	0.17	0.52	0.49	0.36	0.17	0.25	0.49	0.59	0.07	0.07	0.2	0.08	0.3	0.65	0.4	0.25	0.2	0.14	0.33	0.4	0.61	0.07	0.37	0	0.41	0.23	0.05	0.22
0.02	0.14	0.45	0.48	0	0.29	0.45	0.51	0.51	0.33	0.02	7.61	0.13	0.11	0.28	0.13	0.45	0.23	0.22	0.16	0.2	0.22	0.14	0.28	0.02	0.13	0.14	0.15	0.98	0.14	0.37	0.46	0.4	0.04	0.13	0.06	0.15	0.57	0.04	0.09	0.27	0.08	0.13	0.07	3.94	0	0.15	0.14	0.2	0.27	0.32	0.43	0.44	0.44	0.14	0.02	0.48	0.13	0.11	0.1	0.51	0.66	0.14	0.13	0.37	0.06	0.15	0.33	0.47	0.16	0.14	0.21	0	0.99	0.12	0.1	0.09	0.05	0.29	0.12	0.41	0.13	0.13	0.27	0.19	0.1	0.06	0.43	0.1	0.12	0.01	0.18	0.13	0.45	0.16	0.46	0.27	0.58	0.45
0.3	0.48	0.5	0.24	0.32	0	0.3	0.26	0.5	0.58	0.31	3.31	0.28	0.58	0.12	0.25	0.24	0.49	0.69	0.26	0.3	0.46	0.27	0.3	0.91	0.26	0.22	0.31	0.71	0.29	0.53	0.51	0.37	0.29	0.29	0.23	0.26	0.38	0.51	0.34	0.43	0.31	0.25	0.33	6.7	0.93	0.42	0.61	0.93	0.67	0.42	0.25	0.25	0.43	0.42	0.31	0.26	0.25	0.25	0.43	0.26	0.66	0.22	0.53	0.28	0.22	0.23	0.43	0.24	0.27	0.26	0.64	0.29	0.51	0.26	0.31	0.32	0.24	0.33	0.57	0.28	0.44	0.29	0.23	0.48	0.44	0.3	0.27	0.31	0.26	0.3	0.12	0.37	0.37	0.24	0.26	0.23	0.28	0.16
0	0.12	0.15	0.15	0.02	0.41	0	0.13	0.12	0.41	0.91	1.15	0.43	0.1	0.25	0.1	0.44	0.51	0.23	0.11	0.19	0.04	0.08	0.03	0.03	0.12	0.14	0.2	0.94	0.43	0.02	0.05	0.14	0.28	0.11	0.07	0.11	0.44	1.24	0.22	0.14	0.03	0.26	0.06	0.96	0.02	0.15	0.41	0.22	0.02	0.1	0.08	0.12	0.45	0.12	0.01	0.45	0.45	0.04	0.25	0.12	0.02	0.14	0.15	0.03	0.07	0.46	0.27	0.15	0.14	0.45	0.25	0.02	0.18	0.45	0.04	0.11	0.25	0.2	0.12	0.15	0.04	0.56	0.07	0.21	0.04	0.08	0.12	0.02	0.12	0.5	0.37	0.47	0.22	0.15	0.22	0.14	0.4	0.57
0.13	0.79	0.11	0.23	0.48	0.42	0.13	0	0.09	0.01	0.48	2.7	0.05	0.62	0.38	0.21	0.05	0.21	0.49	0.03	0.25	0.4	0.23	0.91	0.41	0.03	0.04	0.02	0.13	0.06	0.41	0.17	0.01	0.42	0.05	0.19	0.03	0.05	0.1	3.45	2.95	2.45	0.02	1.45	0.16	0.14	0.22	0.3	0.45	0.44	0.26	0.67	0.02	0.7	0.27	0.12	0.02	0.03	0.46	0.11	0.04	0.4	0.15	0.48	0.16	0.16	0.49	0.12	0.36	0.02	0.38	0.16	0.41	0.28	0.03	0.31	0.21	0.82	0.62	0.05	0.05	0.16	0.06	0.51	0.28	0.14	0.19	0.52	0.43	0.03	0.14	0.31	0.05	0.51	0.05	0.03	0.05	0.03	0.22
0.1	0.02	0.07	0.05	0.11	0.26	0.1	0.02	0	0.02	0.4	1.36	0.03	0.01	0.77	0.19	0.2	0.54	0.49	0.02	0.22	0.46	0.18	0.12	0.12	0.01	0.03	0.04	0.38	0.04	0.1	0.18	0.03	0.49	0.06	0.18	0.01	0.02	0.28	0.5	0.12	0.12	0.02	0.13	9.15	0.13	0.21	0.11	0.32	0.4	0.66	0.2	0.4	0.25	0.04	0.1	0.41	0.03	0.41	0.11	0.28	0.28	0.32	0.71	0.41	0.17	0.05	0.1	0.12	0.03	0.29	0.16	0.42	0.27	0.02	0.13	0.42	0.17	0.31	0.42	0.02	0.17	0.42	0.17	0.27	0.43	0.17	0.14	0.63	0	0.13	0.28	0.43	0.51	0.05	0.02	0.43	0.03	0.25
0.13	0.4	0.1	0.05	0.13	0.99	0.56	0.02	0.02	0	0.12	3.4	0.05	0.03	0.38	0.58	0.05	0.69	0.78	0.03	0.05	1.22	0.49	0.14	0.14	0.03	0.05	0.26	0.29	0.06	0.52	0.17	0.02	0.5	0.87	0.2	0.03	0.5	0.1	0.21	0.36	0.5	0.03	0.5	7.1	0.68	0.22	0.01	0.33	0.11	0.35	0.4	0.02	0.4	0.4	0.12	0	0.03	0.21	0.14	0.03	0.12	0.03	0.22	0.41	0.19	0.23	0.41	0.05	0.02	0.04	0.16	0.33	0.3	0.07	0.12	0.22	0.19	0.41	0.05	0.51	0.22	0.08	0.21	0.29	0.13	0.76	0.21	0.51	0.12	0.14	0.33	0.05	0.34	0.18	0.06	0.42	0.61	0.2
0.01	0.13	0.15	0.14	0.04	0.53	0.01	0.13	0.1	0.12	0	5.2	0.31	0.34	0.26	0.46	0.16	0.25	0.46	0.53	0.48	0.41	0.13	0.03	0.03	0.5	0.16	0.46	0.19	0.12	0.02	0.56	0.14	0.46	0.11	0.33	0.12	0.45	0.47	0.03	0.46	0.02	0.47	0.03	1.89	0.35	0.47	0.47	0.22	0.02	0.12	0.43	0.47	0.12	0.16	0.01	0.51	0.15	0.04	0.02	0.12	0.02	0.14	0.15	0.03	0.35	0.58	0.34	0.16	0.16	0.48	0.04	0.02	0.18	0.11	0.03	0.03	0.59	0.49	0.11	0.12	0.02	0.49	0.07	0.21	0.03	0.08	0.06	0.16	0.14	0.59	0.19	0.22	0.24	0.17	0.39	0.17	0.53	0.4
4.2	0.46	1.1	4.04	1.44	13.3	0.54	1.63	1.3	1.58	3.79	0	1.29	1.57	1.79	0.16	1.28	2.57	3.5	1.87	0.36	9.93	1.11	11.6	0.56	1.96	8.63	0.47	1.31	13.1	0.23	1.44	1.98	1.48	0.84	2.22	0.34	0.85	13	0.22	0.72	1.45	9.94	0.47	2.18	2.31	5.77	0.36	0.97	2.11	1.23	6.38	0.72	2.07	1.54	1.45	6.12	0.35	1.33	6.28	1.16	3.7	0.55	1.18	0.84	2.07	1.11	13	0.58	1.98	0.64	1.8	1.48	0.89	1.55	0.23	0.87	0.43	0.76	1.17	11.8	0.2	0.68	1.49	5.71	0.24	9.61	1.42	2.32	0.31	2.36	1.25	4.62	1.15	3.85	0.69	0.34	1.2	3.79
0.12	0.13	0.48	0.43	0.13	0.28	0.42	0.05	0.42	0.05	0.12	0.31	0	0.27	0.34	0.2	0.07	0.2	0.33	0.03	0.1	0.17	0.61	0.41	0.14	0.05	0.06	0.07	0.91	0.01	0.11	0.51	0.42	0.12	0.44	0.18	0.02	0.03	0.11	0.15	0.42	0.38	0.26	0.39	2.82	0.42	0.61	0.39	0.33	0.17	0.2	0.92	0.42	0.24	0.01	0.11	0.05	0.04	0.47	0.12	0.04	0.57	0.06	0.47	0.47	0.17	0.61	0.12	0.48	0.06	0.04	0.14	0.12	0.48	0.03	0.48	0.15	0.48	0.3	0.3	0.03	0.15	0.05	0.18	0.99	0.49	0.19	0.18	0.49	0.48	0.13	0.39	0	0.33	0.1	0.48	0.07	0.04	1.04
0.1	0.02	0.08	0.24	0.13	0.26	0.49	0.03	0.01	0.03	0.12	8.5	0.05	0	1.06	0.76	0.05	0.22	0.34	0.04	0.06	0.48	1.04	0.47	0.14	0.01	0.03	0.05	0.09	0.06	0.11	0.47	0.03	0.11	0.38	0.44	0.15	0.04	0.47	0.19	0.04	0.47	0.36	0.19	7.2	0.47	0.47	0.03	0.39	0.35	0.04	0.48	0.03	0.58	0.06	0.12	0.03	0.04	0.41	0.1	0.01	0.11	0.39	0.38	0.59	0.15	0.04	0.49	0.05	0.23	0.05	0.13	0.34	0.27	0.02	0.15	0.58	0.5	0.31	0.05	0.03	0.29	0.06	0.51	0.5	0.12	0.19	0.14	0.34	0.01	0.41	0.33	0.05	0.91	0.41	0.04	0.08	0.23	0.42
0.58	0.58	0.54	0.75	0.28	0.12	0.25	0.38	0.49	0.57	0.25	0.56	0.34	0.46	0	0.16	0.7	0.16	0.32	0.36	0.4	0.22	0.47	0.25	0.25	0.38	0.88	0.46	0.53	0.35	0.22	0.19	0.38	0.27	0.59	0.18	0.35	0.48	0.52	0.35	0.38	0.22	0.38	0.42	0.59	0.28	0.49	0.38	0.38	0.24	0.41	0.99	0.53	0.31	0.35	0.26	0.36	0.49	0.36	0.59	0.37	0.64	0.68	0.37	0.19	0.17	0.4	0.46	0.4	0.4	0.9	0.43	0.37	0.22	1	0.23	0.4	0.37	0.22	0.66	0.36	0.21	0.56	0.51	0.43	0.24	0.18	0.22	0.23	0.37	1.07	0.22	0.35	0.31	0.39	0.54	0.4	0.36	0.25
0.1	0.21	0.22	1.98	0.13	0.47	0.09	0.21	0.19	0.94	0.1	1.96	0.46	0.2	0.16	0	0.47	0.2	0.16	0.46	0.19	0.08	0.07	0.09	0.46	0.21	0.22	0.23	0.47	0.48	0.07	0.19	0.21	0.12	0.48	0.02	0.21	0.2	0.47	0.11	0.45	0.07	0.2	0.12	2.09	0.22	0.21	0.36	0.48	0.09	0.62	0.03	0.51	0.48	0.56	0.1	0.31	0.45	0.48	0.08	0.48	0.25	0.23	0.49	0.21	0.01	0.24	0.1	0.6	0.23	0.27	0.4	0.13	0.13	0.21	0.07	0.4	0.04	0.74	0.2	0.21	0.2	0.41	0.02	0.27	0.07	0.07	0.09	0.92	0.22	0.41	0.41	0.21	0.17	0.24	0.23	0.23	0.21	0.17
0.14	0.05	0.46	0.42	0.15	0.49	0.47	0.44	0.05	0.05	0.16	1.37	0.4	1	0.69	0.52	0	0.56	0.34	0.4	0.14	0.18	0.22	0.17	0.9	0.05	0.02	0.12	0.12	0.08	0.15	0.18	0.05	0.16	0.06	0.59	0.05	0.41	0.41	0.41	0.05	0.15	0.3	0.2	1.72	0.18	0.85	0.05	0.36	0.83	0.44	0.22	0.04	0.54	0.08	0.14	0.41	0.44	0.29	0.3	0.05	0.38	0.02	0.44	0.18	0.29	0.03	0.54	0.03	0.28	0.06	0.16	0.2	0.32	0.21	0.16	0.45	0.45	0.91	0.41	0.07	0.2	0.42	0.21	0.29	0.14	0.22	0.41	0.14	0.39	0.61	0.34	0.37	1.01	0.03	0.05	0.03	0.16	0.6
0.25	0.52	0.4	0.51	0.24	0.11	0.25	0.79	0.19	0.42	0.42	2.16	0.2	0.21	0.45	0.2	0.22	0	0.04	0.18	0.76	0.78	0.46	0.24	0.96	0.46	0.47	1.51	0.97	0.46	0.26	0.2	0.57	0.47	1.55	0.25	0.47	0.18	0.52	0.27	0.19	0.57	0.47	0.45	2.51	0.47	0.42	0.4	0.63	0.57	0.47	0.61	0.18	0.6	0.21	0.25	0.4	0.18	0.2	0.26	0.2	0.47	0.2	0.36	0.23	0.18	0.48	0.48	0.47	0.48	0.19	0.25	0.23	0.48	0.19	0.58	0.27	0.49	0.48	0.44	0.26	0.48	0.21	0.18	0.42	0.27	0.18	0.22	0.26	0.2	0.24	0.09	0.49	0.69	0.5	0.98	0.21	0.19	0.19
0.23	0.23	0.37	0.44	0.22	0.13	0.23	0.32	0.34	0.34	0.22	5.58	0.39	0.34	0.33	0.22	0.31	0.04	0	0.24	0.37	0.21	0.19	0.47	0.25	0.34	0.29	0.32	0.41	0.64	0.23	0.19	0.31	0.21	0.34	0.17	0.24	0.24	0.23	0.5	0.28	0.22	0.23	0.24	0.39	0.47	0.35	0.31	0.56	0.23	0.25	0.17	0.27	0.22	0.34	0.3	0.32	0.28	0.52	0.23	0.35	0.61	0.29	0.35	0.29	0.18	0.3	0.24	0.32	0.65	0.25	0.23	0.56	0.44	0.34	0.45	0.23	0.22	0.26	1.61	0.34	0.2	0.34	0.17	0.58	0.23	0.17	0.21	0.22	0.34	0.27	0.4	0.73	0.06	0.79	0.22	0.3	0.23	0.54
0.15	0.41	0.08	0.1	0.91	0.91	0.41	0.03	0.02	0.03	0.13	0.62	0.03	0.26	0.45	0.22	0.05	0.23	0.24	0	0.32	0.16	0.45	0.29	0.15	0.04	0.03	0.5	0.09	0.55	0.1	0.18	0.03	0.45	0.04	0.18	0.01	0.06	0.1	0.22	0.02	0.11	0.29	0.13	1.86	0.27	0.45	0.29	0.45	0.08	0.01	0.19	0.01	0.38	0.19	0.39	0.03	0.16	0.17	0.1	0.03	0.75	0.03	0.2	0.16	0.15	0.14	0.12	0.05	0.04	0.46	0.45	0.46	0.67	0.02	0.11	0.22	0.2	0.33	0.03	0.47	0.47	0.28	0.21	0.25	0.28	0.19	0.47	0.09	0.03	0.13	0.31	0.48	0.74	0.05	0.02	0.05	0.02	0.46
0.14	0.05	0.11	0.45	0.45	0.3	0.12	0.4	0.06	0.45	0.12	0.86	0.08	0.06	0.6	0.19	0.08	0.36	0.37	0.11	0	0.39	0.2	0.44	0.15	0.49	0.24	0.61	0.31	0.09	0.47	0.17	0.07	0.14	0.01	0.47	0.15	0.06	0.11	0.18	0.06	0.14	0.06	0.2	0.47	0.16	0.28	0.13	0.5	0.42	0.9	0.49	0.05	0.5	0.09	0.32	0.5	0.08	0.16	0.16	0.35	0.4	0.06	0.25	0.42	0.18	0.09	0.4	0.09	0.17	0.06	0.28	0.15	0.32	0.06	0.14	0.18	0.2	0.48	0.09	0.07	0.23	0.09	0.92	0.42	0.14	0.52	0.62	0.13	0.06	0.42	0.49	0.1	0.51	0.1	0.06	0.48	0.45	1.23
0.03	0.81	0.18	0.4	0.1	0.3	0.04	0.15	0.15	0.4	0.03	6.27	0.16	0.5	0.22	0.07	0.27	1.68	0.56	0.16	0.19	0	0.4	0.06	0.09	0.15	0.17	0.18	0.75	0.16	0.1	0.09	0.21	0.09	0.61	0.07	0.52	0.45	1	0.11	0.37	0.03	0.52	0.06	0.4	0.62	0.17	0.41	0.58	0.03	0.17	0.07	0.32	0.46	0.41	0.41	0.16	0.15	0.04	0.06	0.22	0.25	0.51	0.51	0.04	0.38	0.18	0.27	0.19	0.23	0.49	0.05	0.3	0.21	0.18	0.41	0.03	0.38	0.95	0.5	0.15	0.05	0.4	0.08	0.61	0.4	0.08	0.09	0.04	0.34	0.04	0.19	0.55	0.43	0.17	0.25	0.18	0.28	0.23
0.08	0.43	0.36	0.22	0.14	0.27	0.08	0.2	0.18	1.34	0.16	1.83	0.29	0.18	0.53	1.25	0.44	0.46	0.19	0.21	0.46	0.08	0	0.46	0.09	0.2	0.29	0.56	0.28	0.22	0.29	0.09	0.56	0.13	0.17	0.04	0.2	0.34	0.09	0.18	0.47	0.08	0.19	0.47	2.29	0.13	0.21	0.56	0.57	0.05	0.58	0.01	0.2	0.78	0.28	0.47	0.47	0.21	0.05	0.09	0.21	0.55	0.22	0.21	0.05	0.03	0.48	0.34	0.22	0.2	0.48	0.59	0.13	0.49	0.19	0.09	0.06	0.16	0.16	0.2	0.44	0.05	0.21	0.15	0.9	0.4	0.04	0.5	0.08	0.2	0.09	0.15	0.5	0.19	0.5	0.5	0.21	0.21	0.19
0.03	0.16	0.2	0.44	0.4	0.54	0.03	0.42	0.14	0.74	0.03	5.08	0.14	0.96	0.84	0.49	0.18	0.24	0.31	0.17	0.15	0.08	0.47	0	0.7	0.12	0.47	0.18	0.2	0.54	0.34	0.05	0.47	0.01	0.14	0.09	0.13	0.14	0.04	0.09	0.49	0.04	0.18	0.05	2.81	0.19	0.16	0.29	0.29	0.04	0.13	0.15	0.16	0.11	0.47	0.09	0.16	0.14	0.33	0.17	0.15	0.25	0.49	0.99	0.07	0.45	0.17	0.03	0.2	0.15	0.16	0.01	0.01	0.19	0.13	0.05	0.09	0.06	0.5	0.14	0.5	0.16	0.14	0.08	0.14	0.05	0.09	0.04	0.04	0.14	0.01	0.46	0.14	0.41	0.21	0.7	0.2	0.42	0.61
0.07	0.49	0.19	0.17	0.02	0.5	0.03	0.16	0.14	0.4	0.03	0.2	0.6	0.4	0.25	0.09	0.16	0.24	0.42	0.28	0.41	0.04	0.51	0.2	0	0.51	0.15	0.41	0.2	0.15	0.36	0.41	0.52	0.01	0.14	0.07	0.92	0.42	0.05	0.09	0.42	0.04	0.42	0.14	0.42	0.01	0.47	0.15	0.21	0.22	0.42	0.09	0.42	0.43	0.14	0.03	0.14	0.14	0.05	0.04	0.14	0.04	0.25	0.43	0.05	0.43	0.16	0.03	0.18	0.15	0.43	0.03	0.01	0.52	0.13	0.44	0.09	0.06	0.19	0.14	0.14	0.17	0.15	0.44	0.2	0.06	0.09	0.54	0.04	0.13	0.45	0.18	0.14	0.23	0.45	0.24	0.17	0.22	0.46
0.1	0	0.06	0.45	0.14	0.37	0.13	0.08	0.01	0.03	0.14	1.59	0.05	0.01	0.38	0.48	0.05	0.21	0.4	0.04	0.1	0.46	0.7	0.16	0.12	0	0.18	0.05	0.5	0.06	0.11	0.15	0.03	0.36	0.18	0.19	0.27	0.04	0.1	0.61	0.04	0.13	0.03	0.41	0.78	0.11	0.22	0.36	0.32	0.09	0.04	0.43	0.4	0.17	0.9	0.46	0.03	0.03	0.41	0.1	0.02	0.4	0.04	0.22	0.13	0.16	0.4	0.12	0.4	0.04	0.05	0.15	0.41	0.3	0.04	0.51	0.41	0.91	0.41	0.05	0.03	0.16	0.05	0.91	0.29	0.12	0.19	0.16	0.41	0.02	0.13	0.91	0.05	0.61	0.08	0.26	0.41	0	0.36
0.46	0.03	0.1	0.02	0.15	0.46	0.14	0.36	0.03	0.03	0.14	0.32	0.07	0.03	0.39	1.13	0.11	0.55	0.29	0.04	0.06	0.16	0.22	0.15	0.99	0.05	0	0.41	0.11	0.5	0.13	0.19	0.04	0.14	0.05	0.19	0.18	0.03	0.24	0.23	0.03	0.5	0.03	0.19	1.78	0.41	0.22	0.41	0.34	0.2	0.2	0.2	0.02	0.16	0.61	0.11	0.42	0.41	0.17	0.13	0.41	0.61	0	0.22	0.17	0.41	0.03	0.13	0.32	0.27	0.29	0.16	0.14	0.3	0.29	0.15	0.22	0.42	0.32	0.26	0.05	0.52	0.42	0.19	0.28	0.14	0.5	0.16	0.13	0.04	0.16	0.54	0.38	0.91	0.3	0.03	0.42	0.03	0.2
0.45	0.37	0.12	0.46	0.16	0.27	0.14	0.02	0.04	0.02	0.46	0.85	0.07	1.69	0.7	0.23	0.07	0.38	0.34	0.05	0.45	0.4	0.23	0.17	0.49	0.05	0.05	0	0.27	0.09	0.14	0.17	0.69	0.41	0.92	0.23	0.05	0.42	0.23	0.5	0.05	0.16	0.05	0.25	4.32	0.4	0.23	0.03	0.36	0.7	0.43	0.22	1.31	0.41	0.32	0.14	0.02	0.05	0.51	0.5	0.05	0.14	0.05	0.41	0.17	0.3	0.41	0.5	0.14	0.02	0.06	0.16	0.17	0.61	0.06	0.16	0.24	0.56	0.68	0.07	0.07	0.42	0.08	0.36	0.3	0.41	0.22	0.19	0.42	0.05	0.16	0.52	0.42	0.37	0.43	0.05	0.42	0.05	0.42
0.45	0.39	0.15	0.46	0.18	0.56	0.27	0.11	0.09	0.1	0.38	2.85	0.2	0.9	1.14	0.25	0.15	0.4	0.5	0.48	0.38	0.2	0.38	0.4	0.2	0.08	0.11	0.11	0	0.14	0.4	0.21	0.23	0.2	0.39	0.25	0.4	0.09	0.4	0.23	0.1	0.17	0.4	0.16	1.73	0.52	0.33	0.1	0.44	0.16	1.31	0.41	0.09	0.41	0.51	0.22	0.09	0.09	0.41	0.16	0.61	0.88	0.32	0.63	0.18	0.51	0.12	0.17	1.41	0.91	0.11	0.41	0.21	0.35	0.3	0.41	0.91	0.23	0.39	0.13	0.13	0.26	0.31	0.28	0.4	0.59	0.41	0.42	0.42	0.09	0.21	0.36	0.51	0.77	0.13	0.92	0.42	0.11	0.43
0.47	0.05	0.11	0.41	0.14	0.29	0.13	0.06	0.19	0.06	0.13	3.39	0.01	0.17	0.35	0.59	0.48	0.99	0.49	0.04	0.44	0.36	0.49	0.14	0.15	0.06	0.07	0.31	0.49	0	0.12	0.17	0.07	0.49	0.09	0.19	0.03	0.6	0.12	0.4	0.06	0.24	0.4	0.12	0.49	0.14	0.23	0.07	0.33	0.36	0.06	0.21	0.05	0.42	0.01	0.12	0.06	0.05	0.34	0.13	0.43	0.13	0.07	0.23	0.16	0.44	0.44	0.84	0.44	0.07	0.96	0.15	0.14	0.29	0.04	0.14	0.96	0.19	0.56	0.01	0.26	0.16	0	0.23	0.68	0.15	0.28	0.19	0.13	0.14	0.47	0.31	0.01	0.35	0.42	0.05	0.47	0.05	0.31
0.02	0.49	0.14	0.52	0.1	0.46	0.02	0.3	0.12	0.16	0.35	3.59	0.11	0.12	0.58	0.08	0.14	0.34	0.47	0.29	0.12	0.22	0.08	0.04	0.04	0.46	0.13	0.14	0.57	0.18	0	0.04	0.11	0.09	0.38	0.08	0.11	0.58	0.01	0.04	0.33	0.03	0.1	0.48	1.92	0.48	0.39	0.12	0.22	0.48	0.49	0.08	0.1	0.26	0.12	0.01	0.11	0.48	0.17	0.01	0.38	0.9	0.13	0.15	0.04	0.07	0.45	0.49	0.13	0.12	0.1	0.49	0.09	0.18	0.39	0.04	0.04	0.49	0.3	0.11	0.16	0.1	0.49	0.08	0.24	0.03	0.08	0.07	0.4	0.4	0.34	0.19	0.18	0.9	0.4	0.44	0.25	0.51	2.81
0.05	0.42	0.24	0.2	0.11	0.42	0.43	0.18	0.43	0.16	0.43	7.72	0.15	0.51	0.48	0.03	0.18	0.51	0.19	0.17	0.4	0.04	0.05	0.05	0.05	0.19	0.16	0.19	0.24	0.43	0.39	0	0.44	0.94	0.15	0.03	0.16	0.44	0.44	0.04	0.45	0.44	0.15	0.07	0.44	0.1	0.17	0.45	0.44	0.05	0.59	0.03	0.16	0.08	0.45	0.45	0.17	0.15	0	0.06	0.46	0.42	0.16	0.37	0.04	0.03	0.77	0.04	0.21	0.47	0.24	0.1	0.47	0.13	0.16	0.47	0.04	0.5	0.17	0.49	0.97	0.1	0.17	0.22	0.23	0.08	0.04	0.09	0.04	0.48	0.48	0.14	0.16	0.18	0.49	0.17	0.17	0.49	0.64
0.15	0.02	0.11	0.05	0.16	0.26	0.49	0.01	0.03	0.05	0.14	11.8	0.26	0.36	0.38	0.44	0.05	0.2	0.31	0.04	0.17	0.84	0.2	0.39	0.4	0.03	0.04	0.34	0.1	0.23	0.11	0.16	0	0.16	0.05	0.44	0.03	0.03	0.1	0.85	0.03	0.27	0.03	0.21	0.58	0.55	0.45	0.01	0.35	0.11	0.04	0.19	0.02	0.3	0.06	0.38	0.01	0.03	0.53	0.13	0.04	0.26	0.04	0.22	0.37	0.16	0.05	0.15	0.05	0.01	0.04	0.16	0.45	0.55	0.04	0.15	0.24	0.18	0.34	1.06	0.05	0.18	0.06	0.2	0.28	0.14	0.19	0.45	0.11	0.03	0.17	0.32	0.37	0.46	0.05	0.03	0.12	0.03	0.2
0.02	0.48	0.15	0.19	0	0.29	0.06	0.52	0.11	0.15	0.31	6.39	0.12	0.14	0.45	0.12	0.45	0.23	0.21	0.45	0.13	0.11	0.13	0.01	0.01	0.11	0.15	0.18	0.2	0.13	0.09	0.09	0.45	0	0.12	0.06	0.45	0.14	0.02	0.09	0.15	0.45	0.14	0.2	0.29	0	0.53	0.18	0.2	0.02	0.12	0.56	0.12	0.14	0.14	0.02	0.49	0.13	0.09	0.46	0.12	0.03	0.14	0.47	0.06	0.06	0.15	0.02	0.17	0.15	0.26	0.01	0	0.39	0.13	0.38	0.09	0.47	0.23	0.13	0.13	0.19	0.13	0.05	0.19	0.09	0.06	0.47	0.47	0.13	0.37	1.48	0.12	0.48	0.15	0.13	0.57	0.32	0.23
0.14	0.39	0.26	0.08	0.13	0.47	0.1	0.45	0.09	0.98	0.47	4.77	0.07	0.04	0.35	0.19	0.06	0.46	0.34	0.19	0.01	0.56	0.17	0.14	0.42	0.04	0.86	0.05	0.12	0.13	0.11	0.16	0.05	0.12	0	0.17	0.04	0.04	0.46	0.16	0.04	0.13	0.03	0.13	0.45	0.14	0.26	0.45	0.33	0.45	0.04	0.45	0.03	0.52	0.08	0.13	0.05	0.11	0.14	0.26	0.05	0.53	0.45	0.26	0.54	0.19	0.45	0.11	0.06	0.06	0.04	0.46	0.21	0.29	0.05	0.55	0.17	0.18	0.95	0.13	0.45	0.15	0.08	0.18	0.33	0.22	0.17	0.15	0.44	0.06	0.15	0.61	0.07	0.32	0.44	0.44	0.07	0.05	1.04
0.08	0.34	0.61	0.22	0.06	0.23	0.21	0.5	0.17	0.71	0.08	0.46	0.19	0.94	0.18	0.31	0.3	0.45	0.17	0.2	0.18	0.08	0.04	0.09	0.07	0.29	0.19	0.23	0.25	0.19	0.08	0.03	0.55	0.06	0.57	0.01	0.2	0.2	0.09	0.21	0.2	0.1	0.33	0.14	9.07	0.46	0.56	0.22	0.54	0.33	0.36	0.44	0.51	0.09	0.19	0.08	0.19	0.19	0.44	0.09	0.18	1.11	0.19	0.19	0.44	0.01	0.23	0.07	0.24	0.44	0.5	0.44	0.06	0.1	0.39	0.09	0.44	0.01	0.13	0.45	0.22	0.07	0.5	0.38	0.45	0.1	0.12	0.04	0.08	0.19	0.08	0.14	0.19	0.2	0.23	0.2	0.22	0.19	0.96
0.1	0.04	0.08	0.05	0.12	0.6	0.22	0.28	0.01	0.03	0.11	1.49	0.02	1.59	0.68	0.2	0.23	0.18	0.24	0.26	0.06	0.15	0.47	0.13	0.22	0.03	0.42	0.05	0.7	0.03	0.43	0.16	0.03	0.12	0.04	0.19	0	0.01	0.09	0.2	0.02	0.47	0.29	0.13	1.98	0.13	0.47	0.2	0.33	0.49	0.47	0.17	0.01	0.16	0.19	0.47	0.44	0.02	0.55	0.08	0.02	0.15	0.47	0.19	0.5	0.14	0.05	0.1	0.05	0.04	0.02	0.16	0.12	0.47	0.18	0.21	0.2	0.16	0.32	0.38	0.03	0.14	0.19	0.17	0.26	0.39	0.48	0.47	0.08	0.35	0.14	0.3	0.03	0.33	0.51	0.48	0.04	0.02	1.06
0.41	0.41	0.41	0.04	0.15	0.25	0.41	0.03	0.92	0.03	0.42	2.23	0.03	0.41	0.39	0.4	0.04	0.18	0.24	0.4	0.4	0.17	0.37	0.13	0.51	0.91	0.08	0.41	0.25	0.28	0.91	0.15	0.41	0.14	0.04	0.19	0.01	0.01	0.41	0.71	0.41	0.41	0.36	0.41	2.23	0.12	0.35	0.42	0.42	0.44	0.01	0.42	0.28	0.42	0.04	0.92	0.19	0.01	0.18	0.1	0.02	0.43	0.03	0.19	0.44	0.43	0.43	0.44	0.05	0.04	0.01	0.44	0.2	0.29	0.02	0.12	0.45	0.45	0.32	0.03	0.04	0.24	0.04	0.18	0.96	0.47	0.2	0.51	0.96	0.03	0.46	0.31	0.03	1.47	0.04	0.02	0.04	0.41	0.52
0.23	0.11	0.14	0.13	0.04	0.29	0.01	0.19	0.1	0.46	0.02	2.55	0.11	0.42	0.26	0.09	0.42	0.26	0.23	0.09	0.11	0.04	0.49	0.03	0.03	0.24	0.14	0.12	0.17	0.12	0.01	0.06	0.11	0.02	0.51	0.08	0.09	0.48	0	0.05	0.45	0.03	0.49	0.04	3.06	0.02	0.15	0.12	0.22	0.01	0.27	0.09	0.45	0.1	0.11	0	0.11	0.1	0.06	0.27	0.09	1.08	0.14	0.15	0.04	0.07	0.12	0.28	0.42	0.48	0.09	0.27	0.02	0.48	0.37	0.04	0.49	0.08	0.59	0.43	0.12	0.1	0.49	0.45	0.3	0.03	0.08	0.05	0.01	0.49	0.03	1	0.49	0.97	0.49	0.48	0.31	0.47	0.49
0.38	0.29	0.45	0.45	0.09	0.38	0.1	0.23	0.21	0.21	0.03	2.6	0.15	0.65	0.27	0.96	0.25	0.27	0.23	0.21	0.57	0.03	0.06	0.09	0.49	0.21	0.23	0.47	0.59	0.16	0.04	1	0.22	0.09	0.16	0.09	0.36	0.47	0.05	0	0.24	0.03	0.21	0.12	1.91	0.9	0.23	0.24	0.24	0.04	0.41	0.05	0.54	0.16	0.16	0.35	0.21	0.52	0.04	0.2	1.02	0.05	0.49	0.24	0.01	2.38	0.24	0.34	0.93	0.52	0.43	0.09	0.33	0.2	0.44	0.04	0	0.39	0.22	0.15	0.5	0.03	0.16	0.09	0.24	0.03	0.09	0.34	0.04	0.47	0.47	0.51	0.15	0.22	0.25	0.47	0.23	0.21	0.61
0.12	0.28	0.09	0.05	0.5	0.7	0.13	0.03	0.4	0.54	0.12	6.25	0.04	0.04	0.37	0.21	0.05	0.27	3.81	0.49	0.06	0.26	0.2	0.4	0.16	0.04	0.03	0.05	0.33	0.05	0.28	0.47	0.04	0.42	0.04	0.2	0.4	0.2	0.14	0.22	0	0.4	0.01	0.12	0.87	0.42	0.91	0.41	0.33	0.12	0.04	0.49	0.61	0.66	0.34	0.94	0.1	0.41	0.42	0.11	0.04	0.11	0.03	0.21	0.53	0.52	0.04	0.51	0.42	0.04	0.03	0.16	0.13	0.42	0.15	0.12	0.23	0.52	0.33	0.42	0.05	0.36	1.13	0.2	0.27	0.12	0.21	0.17	0.1	0.43	0.17	0.61	0.05	0.37	0.43	0.29	0.43	0.36	0.23
0.41	0.15	0.41	0.33	0.09	0.35	0.4	0.39	0.16	0.12	0.03	4.32	0.5	0.13	0.22	0.06	0.16	0.26	0.5	0.24	0.14	0.4	0.35	0.28	0.11	0.41	0.12	0.14	0.19	0.13	0.44	0.08	0.12	0.09	0.13	0.09	0.11	0.56	0.03	0.03	0.49	0	0.11	0.24	2.14	0.08	0.2	0.12	0.23	0.01	0.54	0.08	0.12	0.5	0.13	0.05	0.43	0.11	0.08	0.04	0.11	0.24	0.12	0.42	0.34	0.08	0.15	0.43	0.15	0.43	0.12	0.04	0.09	0.35	0.84	0.01	0.03	0.08	0.94	0.44	0.14	0.03	0.44	0.09	0.2	0.01	0.44	0.4	0.03	0.1	0.04	0.44	0.76	1.35	0.44	0.44	0.15	0.12	0.38
0.14	0.61	0.41	0.35	0.13	0.51	0.41	0.4	0.02	0.02	0.38	0.89	0.04	0.47	0.38	0.2	0.32	0.19	0.23	0.02	0.47	0.16	0.21	0.47	0.14	0.24	0.11	0.04	0.1	0.05	0.14	0.17	0.03	0.14	0.03	0.86	0.28	0.47	0.11	0.22	0.01	0.47	0	0.16	1.09	0.32	0.54	0.48	0.52	0.1	0.16	0.39	0	0.2	0.05	0.1	0.02	0.01	0.38	0.38	0.03	0.37	0.03	0.21	0.14	0.39	0.04	0.48	0.04	0.37	0.03	0.17	0.13	0.28	0.29	0.12	0.22	0.18	0.32	0.04	0.15	0.16	0.98	0.48	0.58	0.13	0.19	0.17	0.5	0.03	0.15	0.3	0.04	0.33	0.04	0.22	0.06	0.01	0.19
0.03	0.15	0.43	0.44	0.16	0.43	0.03	0.17	0.31	0.33	0.4	11.9	0.46	0.18	0.31	0.16	0.17	0.29	0.27	0.14	0.11	0.52	0.47	0.05	0.05	0.14	0.16	0.57	0.17	0.12	0.01	0.07	0.16	0.57	0.12	0.13	0.47	0.51	0.05	0.46	0.15	0.08	0.13	0	0.11	0.77	0.4	0.47	0.24	0.02	0.23	0.1	0.11	0.06	0.11	0.47	0.41	0.15	0.87	0.06	0.56	0.04	0.47	0.27	0.17	0.25	0.3	0.05	0.25	0.31	0.21	0.13	0.48	0.34	0.11	0.04	0.25	0.79	0.22	1.09	0.59	0.06	0.14	0.48	0.29	0.76	0.12	0.14	0.02	0.49	0.25	0.21	0.11	0.5	0.49	0.13	0.14	0.14	0.29
1.49	0.98	0.49	0.5	1.55	0.48	0.05	0.42	0.6	0.45	1.57	4.84	1.71	2.02	0.51	0.5	1.02	0.59	1.49	0.59	0.48	0.05	2.53	0.53	0.99	0.5	5	2.08	2.33	0.88	3.47	0.08	1.47	0.03	0.14	2.17	0.53	0.99	0.84	0.44	1.96	1.04	46.5	1.43	1	0.53	0.98	2.45	0.48	0.05	1.47	0.45	1.19	0.97	0.16	0.06	0.55	0.18	0.41	0.41	0.48	1.6	0.55	2.45	0.99	1.96	0.5	0.05	0.2	0.5	2.5	0.49	0.47	2.5	0.42	0.43	0.91	1	0.6	4.39	1.99	1.41	0.53	0.4	0.53	0.5	5.08	0.99	0.56	0.42	3.45	1	0.97	0.47	0.52	0.6	1.03	1.52	5.67
0.02	0.23	0.17	0.91	0.4	0.55	0.02	0.16	0.81	0.13	0.41	2.41	0.9	1.24	0.6	0.12	0.29	0.4	0.27	0.13	0.4	0.24	0.34	0.4	0.06	0.11	0.5	0.41	0.17	0.3	0.91	0.41	0.38	0	0.14	0.06	0.15	0.14	0.41	0.09	0.43	0.09	0.44	0.2	1.44	0	0.15	0.15	0.43	0.13	0.53	0.43	0.12	0.13	0.44	0.23	0.45	0.16	0.64	0.44	0.44	0.19	0.44	0.15	0.13	0.45	0.15	0.02	0.33	0.16	0.95	0.87	0	0.18	0.45	0.41	0.95	0.05	0.23	0.45	0.21	0.46	0.19	0.06	0.15	0.1	0.96	0.46	0.09	0.14	0.01	0.96	0.12	0.46	0.18	0.46	0.18	0.14	0.67
0.15	0.47	0.31	0.23	0.15	0.47	0.47	0.22	0.21	0.47	0.15	3.72	0.57	0.23	0.47	0.21	0.47	0.57	0.48	0.44	0.62	0.16	1.08	0.15	0.15	0.22	0.22	0.48	0.49	0.23	0.15	0.58	0.22	0.47	0.5	0.91	0.19	0.19	0.32	0.28	0.2	0.2	0.49	0.27	4.02	0.26	0	0.49	0.33	0.18	0.61	0.21	0.19	0.41	0.22	0.29	0.22	0.2	0.41	0.37	0.91	0.41	0.22	0.41	0.41	0.21	0.23	0.15	0.23	0.23	0.2	0.14	0.15	0.42	0.21	0.72	0.23	0.18	0.62	0.22	0.32	0.52	0.62	0.42	0.07	0.73	0.19	0.43	0.16	0.21	0.15	0.43	0.22	0.35	0.23	0.21	0.43	0.54	0.34
0.13	0.02	0.09	1.03	0.14	0.26	0.13	0.01	0.02	0.11	0.14	1.9	0.05	0.03	0.63	0.6	0.4	0.5	0.31	0.04	0.4	0.51	0.25	0.41	0.48	0.03	0.04	0.14	0.28	0.91	0.11	0.22	0.01	0.42	0.05	0.3	0.28	0.93	0.42	0.63	0.06	0.12	0.07	0.15	1.15	0.14	0.22	0	0.36	0.12	0.04	0.22	0.03	0.17	0.06	0.12	0.27	0.03	0.44	0.12	0.04	0.94	0.04	0.45	0.36	0.16	0.05	0.45	0.06	0.24	0.05	0.35	0.16	0.68	0.05	0.46	0.22	0.18	0.97	0.06	0.15	0.21	1.07	0.19	0.48	0.14	0.78	0.25	0.48	0.04	0.49	0.57	0.48	0.65	0.05	0.03	0.05	0.08	0.21
0.22	0.33	0.4	0.37	0.37	0.36	0.22	0.35	0.4	0.6	0.22	8.79	0.32	0.33	0.43	0.17	0.36	0.69	0.32	0.72	0.38	0.22	0.56	0.84	0.21	0.33	0.48	0.44	0.75	0.51	0.23	0.27	0.45	0.45	0.95	0.15	0.33	0.64	0.22	0.31	0.33	0.46	0.35	0.39	2.69	0.46	0.33	0.36	0	0.22	0.48	0.18	0.32	0.46	0.33	0.22	0.41	0.34	0.18	0.46	0.33	1.62	0.35	0.33	0.46	0.26	0.35	0.23	0.35	0.35	0.46	0.21	0.42	0.38	0.32	0.24	0.24	0.77	0.41	0.47	0.89	0.35	0.34	0.14	0.39	0.57	0.15	0.18	0.23	0.53	0.21	0.55	0.78	0.29	0.37	0.33	0.75	0.47	0.76
0.02	0.09	0.95	0.13	0.04	0.29	0.32	0.3	0.18	0.28	0.19	0.46	0.18	0.09	0.24	1.06	0.12	0.61	0.23	0.08	0.29	0.03	0.46	0.04	0.04	0.09	0.1	0.17	0.16	0.19	0.01	0.05	0.11	0.47	0.67	0.08	0.45	0.86	0.01	0.04	0.27	0.4	0.48	0.07	8.01	0.03	0.48	0.12	0.98	0	0.1	0.26	0.09	0.08	0.48	0.01	0.11	0.12	0.06	0.49	0.49	1.26	0.1	0.15	0.04	0.08	0.49	0.37	1.01	0.14	0.09	0.04	0.03	0.2	0.1	0.03	0.04	0.09	0.5	0.18	1	0.5	0.37	0.07	0.45	0.4	0.4	0.09	0	0.18	0.4	0.4	0.19	0.57	0.13	0.4	0.12	0.12	0.23
0.97	0.32	0.46	0.05	0.22	0.44	0.43	0.4	0.02	0.04	0.52	2.81	0.03	0.91	0.41	0.52	0.05	0.48	0.25	0.01	1.46	0.14	0.47	0.15	0.48	0.54	0.15	0.21	0.91	0.22	0.41	0.16	0.04	0.12	0.12	0.72	0.38	0.41	0.08	0.99	0.03	0.12	0.02	0.13	2.66	0.13	0.44	0.04	0.44	0.42	0.03	0.99	0.02	0.24	0.04	0.43	0.48	0.02	0.5	0.1	0.02	0.49	0.04	0.2	0.51	0.14	0.05	0.51	0.48	0.13	0.45	0.55	0.46	0.45	0.02	0.94	0.31	0.43	0.53	0.92	0.04	0.47	0.03	0.19	0.42	0.1	0.45	0.44	0.41	0.02	0.49	0.29	0.1	0.48	0.05	0.02	0.05	0.13	0.49
0.08	0.19	0.23	0.4	0.11	0.6	0.37	0.21	0.22	0.2	0.31	7.13	0.42	0.18	0.18	0.03	0.21	0.42	0.47	0.18	0.42	0.07	0.64	0.09	0.09	0.28	0.42	0.22	0.23	0.22	0.43	0.03	0.19	0.13	0.49	0.04	0.43	0.33	0.37	0.05	0.24	0.21	0.2	0.1	0.43	0.13	0.59	0.21	0.73	0.07	0.35	0	0.24	0.21	0.43	0.08	0.54	0.18	0.03	0.44	0.18	0.13	0.21	0.44	0.05	0.03	0.22	0.11	0.23	0.31	0.19	0.44	0.93	0.14	0.44	0.09	0.05	0.05	0.25	0.44	0.2	0.04	0.22	0.04	0.27	0.09	0.04	0.08	0.08	0.21	0.08	0.56	0.21	0.18	0.21	0.57	0.57	0.22	0.19
0.11	0.38	0.09	0.08	0.15	0.25	0.55	0.02	0.02	0.02	0.14	2.46	0.03	0.03	0.37	0.2	0.04	0.32	0.27	0.01	0.14	0.16	0.25	0.15	0.15	0.03	0.02	0.04	0.09	0.26	0.44	0.38	0.02	0.12	0.03	0.3	0.01	0.91	0.1	0.2	0.45	0.12	0.05	0.14	1.26	0.12	0.19	0.03	0.34	0.09	1.05	0.55	0	0.52	0.04	0.1	0.32	0	0.18	0.11	1.38	0.11	0.02	0.2	0.15	0.45	0.61	0.5	0.21	0.03	0.02	0.45	0.12	0.62	0.02	0.11	0.46	1.57	0.47	0.2	0.04	0.98	0.04	0.21	0.25	0.11	0.56	0.46	0.09	0.02	0.16	0.29	0.04	0.81	0.04	0.01	0.25	0.01	2.96
0.08	0.4	0.33	0.55	0.11	0.55	0.15	0.2	0.18	0.27	0.15	2.18	0.22	0.65	0.33	1.2	0.25	0.28	0.3	0.2	0.23	0.16	0.12	0.14	0.45	1.01	0.18	0.19	0.59	0.2	0.12	1.29	0.21	0.07	0.17	0.45	0.97	0.47	0.04	0.31	0.26	0.08	0.24	0.15	1.83	0.09	0.21	0.52	0.33	0.12	0.45	0.22	0.21	0	0.25	0.42	0.22	0.48	0.43	0.13	0.19	0.38	0.19	0.32	0.06	0.16	0.2	0.08	0.36	0.38	0.31	0.47	0.14	0.87	0.21	0.13	0.19	0.46	0.29	0.63	0.19	0.21	0.31	0.48	0.34	0.23	0.27	0.13	0.27	0.26	0.29	0.36	0.45	0.34	0.18	0.27	0.25	1.02	1.42
0.12	0.11	0.11	0.08	0.14	0.96	0.12	0.06	0.04	0.06	0.12	0.45	0.36	0.33	0.59	0.79	0.46	0.49	0.34	0.1	0.09	0.41	0.49	0.49	0.15	0.05	0.06	0.14	0.13	0	0.17	0.18	0.06	0.49	0.42	0.2	0.12	0.04	0.11	0.16	0.49	0.13	0.23	0.13	2.2	0.13	1.57	0.24	0.59	0.18	0.37	0.59	0.04	0.18	0	0.49	0.06	0.1	0.16	0.12	0.04	0.6	0.06	0.25	0.15	0.81	0.08	0.9	0.4	0.07	0.4	0.5	0.13	0.28	0.5	0.14	0.16	0.96	0.31	0.01	0.03	0.39	0	0.28	0.4	0.13	0.4	0.18	0.12	0.22	0.14	0.7	0.01	0.41	0.08	0.05	0.46	0.05	0.6
0.02	0.11	0.15	0.48	0.02	0.31	0.01	0.45	0.1	0.49	0.01	10.7	0.11	0.44	0.26	0.1	0.14	0.45	0.44	0.44	0.4	0.05	0.09	0.03	0.4	0.1	0.28	0.14	0.17	0.12	0.01	0.05	0.11	0.02	0.64	0.08	0.08	0.1	0.01	0.05	0.15	0.04	0.96	0	2.77	0.15	0.15	0.2	0.22	0.01	0.96	0.94	0.11	0.06	0.12	0	0.12	0.42	0.05	0.35	0.5	0.65	0.56	0.15	0.04	0.07	0.13	0.34	0.16	0.32	0.46	0.03	0.57	0.18	0.09	0.03	0.05	0.07	0.47	0.11	0.4	0.04	0.12	0.47	0.36	0.03	0.25	0.07	0.05	0.48	0.18	0.19	0.11	0.23	0.48	0.48	0.26	0.33	0.61
0.13	0.09	0.1	0.05	0.52	0.26	0.9	0	0.42	0	0.12	0.41	0.05	0.03	0.39	0.22	0.05	0.6	0.52	0.13	0.11	0.41	0.19	0.14	0.16	0.03	0.04	0.02	0.1	0.45	0.11	0.17	0.01	0.14	0.05	0.37	0.03	0.03	0.1	0.22	0.16	0.37	0.02	0.26	2.18	0.3	0.22	0.48	0.33	0.11	0.05	0.46	0.02	0.48	0.06	0.12	0	0.31	0.17	0.22	0.03	0.37	0.35	0.46	0.56	0.16	0.05	0.12	0.05	0.01	0.04	0.16	0.13	0.28	0.04	0.13	0.21	0.34	0.46	0.05	0.05	0.18	0.06	0.19	0.28	0.46	0.47	0.16	0.14	0.37	0.14	0.57	0.05	0.47	0.05	0.03	0.19	0.03	0.2
0.47	0.02	0.09	0.91	0.14	0.47	0.12	0.03	0.03	0.03	0.48	0.78	0.04	0.24	0.36	0.48	0.04	0.19	0.28	0.02	0.06	0.15	0.22	0.15	0.14	0.29	0.03	0.05	0.34	0.05	0.1	0.49	0.39	0.13	0.04	0.19	0.02	0.49	0.09	0.35	0.02	0.12	0.01	0.13	1.86	0.3	0.59	0.76	0.33	0.49	0.02	0.18	0.01	0.19	0.5	0.12	0.03	0	0.18	0.1	0.32	0.93	0.03	0.2	0.4	0.15	0.04	0.5	0.05	0.04	0.33	0.14	0.13	0.27	0.6	0.4	0.4	0.56	0.33	0.04	0.11	0.33	0.26	0.91	0.4	0.13	0.19	0.17	0.43	0.03	0.14	0.37	0.41	0.44	0.41	0.41	0.09	0.01	0.41
0.04	0.49	0.22	0.47	0.4	0.25	0.16	0.16	0.5	0.17	0.04	0.93	0.15	0.15	0.48	0.43	0.48	0.2	0.19	0.45	0.16	0.04	0.05	0.05	0.05	0.15	0.16	0.54	0.21	0.17	0.04	0	0.17	0.95	0.15	0.03	0.14	0.25	0.45	0.04	0.45	0.34	0.65	0.45	0.48	0.09	0.46	0.45	0.56	0.07	0.55	0.04	0.16	0.06	0.17	0.07	0.17	0.23	0	0.05	0.46	0.85	0.16	0.17	0.04	0.02	0.58	0.04	0.48	0.17	0.17	0.05	0.09	0.48	0.14	0.08	0.04	0.4	0.17	0.16	0.16	0.03	0.16	0.03	0.49	0.08	0.04	0.1	0.06	0.15	0.06	0.15	0.99	0.19	0.2	0.17	0.28	0.89	0.57
0.29	0.11	0.14	0.14	0.1	0.32	0.02	0.12	0.11	0.11	0.02	8.8	0.11	0.11	0.6	0.08	0.15	0.72	0.23	0.09	0.11	0.12	0.42	0.04	0.04	0.11	0.13	0.16	0.17	0.42	0.3	0.05	0.48	0.07	0.12	0.1	0.08	0.24	0.01	0.04	0.34	0.41	0.13	0.04	2.69	0.41	0.16	0.12	0.23	0.01	0.51	0.09	0.1	0.19	0.43	0.01	0.13	0.11	0.1	0	0.41	0.22	0.12	0.41	0.04	0.07	0.14	0.02	0.48	0.51	0.09	0.04	0.1	0.45	0.6	0.04	0.04	0.08	0.23	0.28	0.4	0.07	0.13	0.09	0.4	0.03	0.09	0.08	0.01	0.1	0.4	0.2	0.11	0.24	0.14	0.4	0.13	0.11	0.24
0.12	0.03	0.45	0.38	0.13	0.64	0.11	0.03	0.02	0.03	0.12	9.66	0.36	0.01	0.41	0.42	0.23	0.51	0.34	0.03	0.07	0.16	0.2	0.13	0.61	0.24	0.04	0.05	0.11	0.07	0.11	0.16	0.04	0.13	0.05	0.18	0.02	0.55	0.35	0.2	0.04	0.11	0.03	0.15	2.11	0.13	0.45	0.22	0.33	0.55	0.55	0.29	0.03	0.36	0.05	0.31	0.12	0.38	0.16	0.1	0	0.43	0.04	0.21	0.13	0.16	0.45	0.11	0.36	0.04	0.04	0.29	0.12	0.27	0.1	0.11	0.47	0.57	0.3	0.04	0.03	0.17	0.13	0.37	0.27	0.11	0.31	0.15	0.49	0.4	0.12	0.29	0.04	0.72	0.07	0.03	0.06	0.03	0.4
0.45	0.11	0.45	0.45	0.03	0.55	0.32	0.46	0.31	0.44	0.02	0.52	0.46	0.96	0.66	1.45	0.45	0.96	0.45	0.45	0.44	0.47	0.1	0.44	0.94	0.24	1.44	0.13	0.93	1.44	0.01	0.43	0.43	0.02	0.42	0.43	0.43	0.43	0	0.43	0.93	0.93	0.42	0	1.45	0.13	0.42	0.42	0.42	0.01	0.1	0.92	0.92	0.42	0.42	0	0.42	0.11	0.92	0.41	0.1	0.01	0.91	0.93	0.91	0.91	0.91	0.91	0.91	0.41	0.5	0.5	1	0.5	0.99	0.04	0.05	0.07	0.48	1.99	0.11	0.06	0.26	1.48	0.5	0.04	0.48	0.48	0.01	0.1	0.03	0.98	0.32	0.29	0.55	0.47	1.58	0.41	0.47
0.52	0.03	0.29	0.18	0.14	0.42	0.14	0.04	0.04	0.04	0.14	2.88	0.32	0.23	0.37	0.48	0.02	0.2	0.35	0.03	0.06	0.17	1.05	0.16	0.16	0.31	0	0.48	0.11	0.4	0.98	0.48	0.04	0.16	0.05	0.29	0.03	0.13	0.13	0.22	0.03	0.13	0.03	0.48	2.84	0.48	0.58	0.66	0.99	0.48	0.06	0.53	0.28	0.21	0.06	0.66	0.03	0.03	0.48	0.12	0.04	0.55	0	0.29	0.18	0.16	0.21	0.14	0.13	0.05	0.06	0.16	0.15	0.29	0.99	0.51	0.23	0.2	0.49	0.06	0.05	0.17	0.38	0.6	0.28	0.13	0.46	0.16	0.13	0.04	0.14	0.31	0.49	0.36	0.02	0.28	0.14	0.03	0.27
0.15	0.21	0.3	0.24	0.13	0.42	0.15	0.22	0.21	0.22	0.32	5.15	0.6	0.23	1.27	0.22	0.23	0.36	0.8	0.46	0.28	3.97	0.21	0.42	0.4	0.22	0.22	0.61	0.32	0.23	0.41	0.98	0.22	0.13	0.24	0.19	0.19	0.59	0.15	0.41	0.2	0.61	0.59	0.39	0.71	0.12	0.41	0.22	0.33	0.44	0.32	0.2	0.2	0.41	0.42	0.15	0.54	0.42	0.18	0.16	0.21	0.91	0.22	0	0.18	0.2	0.23	0.15	0.24	0.42	0.2	0.14	0.13	0.52	0.21	0.23	0.21	1.04	0.59	0.22	0.23	0.25	0.22	0.18	0.07	0.22	0.19	0.43	0.16	0.22	0.12	1.43	0.22	0.43	0.54	0.21	0.24	0.21	0.63
0.03	0.47	0.28	0.17	0.09	0.28	0.42	0.15	0.52	0.15	0.03	4.15	0.65	0.32	0.19	0.04	0.55	0.45	0.2	0.49	0.16	0.41	0.45	0.45	0.04	0.14	0.45	0.45	0.18	0.15	0.06	1.76	0.16	0.45	0.15	0.05	0.45	0.42	0.16	0.01	0.18	0.03	0.45	0.45	0.72	0.37	0.45	0.18	0.3	0.11	0.14	0.05	0.17	0.46	0.16	0.04	0.44	0.17	0.04	0.04	0.46	0.05	0.17	0.18	0	0.84	0.46	0.03	0.18	0.16	0.49	0.05	0.46	0.19	0.47	0.03	0.01	0.45	0.19	0.15	0.14	0	0.16	0.05	0.47	0.03	0.16	0.06	0.04	0.32	0.04	0.19	0.15	0.2	0.17	0.47	0.17	0.17	0.2
0.07	0.16	0.47	0.46	0.06	0.22	0.35	0.16	0.48	0.16	0.29	0.42	0.42	0.28	0.18	0.34	0.17	0.48	0.16	0.57	0.18	0.05	0.03	0.07	0.07	0.45	0.32	0.43	0.25	0.19	0.26	0.03	0.93	0.43	0.18	0.52	0.14	0.15	0.43	0.05	0.16	0.08	0.2	0.12	1.93	0.42	0.73	0.16	0.15	0.08	0.41	0.04	0.15	0.17	0.43	0.07	0.25	0.53	0.43	0.07	0.16	0.48	0.42	0.18	0.05	0	0.92	0.29	0.18	0.17	0.15	0.07	0.42	0.12	0.16	0.09	0.05	0.02	0.42	0.18	0.17	0.08	0.18	0.01	0.16	0.08	0.01	0.05	0.08	0.58	0.07	0.42	0.76	0.41	0.22	0.16	0.19	0.92	3.33
0.18	0.17	0.46	0.03	0.49	0.23	0.15	0.05	0.04	0.04	0.14	5.54	0.42	0.19	0.67	0.23	0.42	0.21	0.42	0.27	0.09	0.4	0.23	0.17	0.16	0.42	0.01	0.21	0.12	0.42	0.34	0.45	0.76	0.16	0.06	0.22	0.05	0.09	0.23	0.24	0.43	0.48	0.43	0.26	5.77	0.7	0.25	0.42	0.73	0.11	0.32	0.21	0.04	0.23	0.07	0.43	0.23	0.04	0.17	0.2	0.43	0.59	0.03	0.43	0.31	0.17	0	0.14	0.29	0.06	0.05	0.16	0.16	0.3	0.05	0.16	0.55	0.5	0.33	0.93	0.06	0.16	0.33	0.22	0.29	0.15	0.21	0.19	0.42	0.05	0.45	0.73	0.08	0.49	0.04	0.33	0.03	0.04	0.43
0	0.36	0.45	0.14	0.02	0.52	0	0.17	0.45	0.62	0.01	0.54	0.44	0.18	0.25	0.32	0.45	0.64	0.23	0.11	0.45	0.04	0.08	0.05	0.03	0.46	0.15	1.05	0.44	0.35	0.02	0.04	0.5	0.02	0.11	0.08	0.11	0.39	0.01	0.47	0.14	0.03	0.12	0.07	3.37	0.03	0.15	0.13	0.32	0.14	0.1	0.48	0.48	0.24	0.12	0.02	0.27	0.29	0.04	0.02	0.48	0.02	0.14	0.15	0.48	0.07	0.19	0	0.31	0.52	0.13	0.04	0.69	0.18	0.1	0.04	0.49	0.06	0.2	0.12	0.4	0.03	0.5	0.07	0.5	0.06	0.3	0.39	0.03	0.12	0.02	0.4	0.12	0.23	0.5	0.32	0.14	0.11	0.23
0.16	0.05	0.11	0.09	0.15	0.44	0.14	0.38	0.05	0.05	0.16	0.59	0.07	1.25	0.97	0.47	0.03	0.32	0.58	0.05	0.1	0.19	0.58	0.28	0.17	0.05	0.03	0.07	0.22	0.08	0.13	0.49	0.05	0.26	0.12	0.22	0.05	0.41	0.5	0.23	0.36	0.26	0.05	0.41	0.74	0.17	0.23	0.06	0.37	0.41	0.05	0.42	0.16	0.22	0.42	0.27	0.05	0.43	0.19	0.15	0.06	0.13	0.03	0.63	0.18	0.18	0.01	0.43	0	0.06	0.06	0.44	0.15	1.04	0.26	0.16	0.51	0.54	0.73	0.07	0.07	0.55	0.27	0.24	0.3	0.16	0.56	0.56	0.13	0.47	0.19	0.46	0.07	0.37	0.03	0.05	0.04	0.05	0.55
0.13	0.19	0.11	0.09	0.42	0.64	0.14	0.02	0.11	0.02	0.42	0.54	0.06	0.04	0.39	0.23	0.06	0.74	0.32	0.04	0.54	0.17	0.22	0.43	0.26	0.04	0.73	0.02	0.11	0.07	0.13	0.17	0.01	0.44	0.14	0.2	0.04	0.55	0.11	0.45	0.04	0.45	0.31	0.45	2.86	0.14	0.22	0.45	0.34	0.22	0.76	0.5	0.03	0.29	0.46	0.12	0.02	0.04	0.49	0.13	0.04	1.79	0.04	0.34	0.18	0.17	0.06	0.14	0.27	0	0.05	0.46	0.21	0.3	0.04	0.14	0.57	0.47	0.47	0.06	0.05	0.26	0.07	0.39	0.48	0.38	0.2	0.29	0.12	0.04	0.46	0.32	0.2	0.36	0.15	0.03	0.58	0.04	0.98
0.12	0.22	0.36	0.06	0.15	0.47	0.47	0.04	0.03	0.04	0.13	1.48	0.04	0.05	0.38	0.24	0.41	0.19	0.41	0.01	0.06	0.17	0.2	0.41	0.16	0.05	0.41	0.41	0.1	0.31	0.41	0.3	0.51	0.13	0.27	0.52	0.02	0.01	0.09	0.23	0.42	0.42	0.42	0.45	3.09	0.35	0.2	0.06	0.36	0.42	0.02	0.19	0.25	0.23	0.25	0.1	0.04	0.32	0.51	0.73	0.04	0.61	0.19	0.53	0.93	0.15	0.91	0.11	0.43	0.05	0	0.17	0.24	0.28	0.43	0.12	0.43	0.19	0.33	0.15	0.05	0.21	0.05	0.19	0.26	0.13	0.55	0.54	0.1	0.04	0.14	0.47	0.44	0.34	0.06	0.38	0.05	0.42	0.75
0.1	0.31	0.17	0.18	0.01	0.45	0.03	0.14	0.13	0.14	0.03	1.67	0.14	0.13	0.25	0.09	0.52	0.6	0.6	0.15	0.16	4.23	0.09	0.5	0.03	0.14	0.15	0.49	0.2	0.55	0.04	0.05	0.16	0.41	0.15	0.09	0.14	0.41	0.43	0.09	0.41	0.04	0.37	0.41	3.03	0.1	0.14	0.2	0.62	0.62	0.15	0.92	0.14	0.14	0.14	0.04	0.33	0.15	0.14	0.04	0.43	0.07	0.42	0.14	0.04	0.36	0.16	0.03	0.93	0.16	0.53	0	1.14	0.2	0.15	0.05	0.09	0.44	0.19	0.54	0.16	0.09	0.39	0.08	0.19	0.05	0.09	0.23	0.04	0.14	0.01	0.28	0.44	0.23	0.18	0.14	0.85	0.16	1.05
0.02	0.46	0.16	0.56	0	0.47	0.34	0.44	0.47	0.47	0.02	0.64	0.24	0.58	0.27	0.13	0.15	0.5	0.22	0.96	0.15	0.14	0.13	0.07	0.01	0.33	0.5	0.16	0.49	0.44	0.17	0.1	0.13	0.15	0.14	0.06	0.12	0.6	0.6	0.43	0.13	0.29	0.13	0.6	1.66	0.4	0.15	0.15	0.48	0.41	0.68	0.13	0.41	0.14	0.91	0.02	0.42	0.16	0.14	0.48	0.41	0.03	0.51	0.15	0.09	0.06	0.15	0.02	0.41	0.15	0.41	0.41	0	0.35	0.34	0.41	0.5	0.41	0.91	0.41	0.51	0.91	0.13	0.41	0.51	0.09	0.06	0.41	0.09	0.41	0.01	0.17	0.39	0.22	0.15	0.15	0.41	1	1.41
0.18	0.28	0.29	0.63	0.18	0.11	0.32	0.28	0.27	0.39	0.47	1.48	0.27	0.47	0.57	0.22	0.68	0.09	0.05	0.28	0.32	0.2	0.14	0.2	0.58	1.12	0.28	0.3	0.48	0.28	0.18	0.19	0.29	0.18	0.29	0.48	0.27	0.29	0.49	0.49	0.29	0.18	0.27	0.45	0.78	0.18	0.36	0.28	0.25	0.5	0.27	0.14	0.26	0.27	0.91	0.41	0.3	0.26	0.13	0.19	0.28	0.57	0.28	0.33	0.19	0.12	0.31	0.19	0.4	0.3	0.28	0.42	0.18	0	0.25	0.19	0.2	0.42	0.22	0.28	0.28	0.43	0.58	0.1	0.35	0.43	0.1	0.15	0.19	0.55	0.2	0.43	1.14	0.19	0.6	0.28	0.53	0.28	1.34
0.1	0.02	0.07	0.06	0.98	0.28	0.12	0.03	0.02	0.03	0.15	3.19	0.03	0.02	0.69	0.49	0.09	0.19	0.59	0.02	0.06	0.5	0.21	0.13	0.15	0.42	0.04	0.05	0.4	0.04	0.6	1.23	0.4	0.12	0.05	0.18	0.4	0.41	0.4	0.21	0.41	0.29	0.43	0.41	2.03	0.15	0.49	0.41	0.35	0.1	0.28	0.18	0.41	0.19	0.44	0.42	0.38	0.03	0.42	0.42	0.01	0.09	0.04	0.21	0.16	0.16	0.18	0.43	0.43	0.43	0.03	0.53	0.26	0.25	0	0.25	0.21	0.18	0.83	0.03	0.44	0.39	0.04	0.44	0.94	0.44	0.18	0.16	0.1	0.3	0.19	0.29	0.03	0.55	0.45	0.03	0.21	0.03	0.22
0.04	0.12	0.16	0.17	0.47	0.31	0.03	0.15	0.23	0.17	0.03	0.99	0.49	0.14	0.5	0.08	0.15	0.4	0.22	0.51	0.16	0.41	0.1	0.05	0.37	0.12	0.43	0.14	0.42	0.14	0.03	0.09	0.43	0.1	0.18	0.1	0.49	0.23	0.04	0.04	0.12	0.01	0.77	0.19	0.27	0.1	0.32	0.63	0.25	0.05	0.11	0.1	0.11	0.11	0.6	0.04	0.15	0.11	0.42	0.03	0.11	0.18	0.13	0.21	0.1	0.42	0.16	0.04	0.25	0.14	0.14	0.28	0.1	0.52	0.47	0	0.04	0.48	0.23	0.13	0.13	0.03	0.14	0.1	0.63	0	0.1	0.09	0.03	0.13	0.05	0.21	0.25	0.59	0.15	0.11	0.16	0.13	0.25
0.1	0.59	0.2	0.47	0.09	0.32	0.1	0.21	0.21	0.21	0.03	0.96	0.46	1.37	0.41	0.11	0.25	0.55	0.48	0.34	0.5	0.05	0.06	0.09	0.49	0.69	0.59	0.23	0.23	0.16	0.09	0.17	0.22	0.09	0.17	0.09	0.23	0.22	0.05	0	0.23	0.03	0.46	0.13	2.02	0.09	0.53	0.34	0.23	0.04	0.27	0.05	0.43	0.43	0.42	0.53	0.43	0.24	0.44	0.22	0.2	0.3	0.23	0.23	0.01	0.46	0.23	0.1	0.25	0.24	0.49	0.09	0.31	0.2	0.44	0.04	0	0.08	0.69	0.15	0.21	0.14	0.16	0.09	0.49	0.32	0.09	0.07	0.04	0.52	0.09	0.41	0.41	0.62	0.26	0.56	0.24	0.22	0.24
0.06	1.49	0.25	0.19	0.05	0.24	0.06	0.55	0.47	0.98	0.06	1.24	0.44	0.54	0.19	0.03	0.43	0.19	0.18	0.43	0.22	0.12	0.14	0.42	0.38	0.17	0.41	0.51	0.23	0.19	0.53	0.91	0.19	0.25	0.18	0.01	0.17	0.17	0.4	0.08	0.21	0.4	0.18	1.4	3.22	0.9	0.17	0.51	0.5	0.49	0.18	0.4	0.99	0.08	0.18	0.07	0.48	0.19	0.03	0.11	0.47	0.37	0.2	0.47	0.24	0.02	0.22	0.06	0.19	0.2	0.66	0.46	0.1	0.75	0.96	0.09	0.08	0.01	0.47	0.17	0.19	0.43	0.67	0.03	0.42	0.08	0.02	0.03	0.41	0.16	0.05	0.13	0.9	0.16	0.6	0.53	0.45	0.48	0.16
0.2	1.02	0.73	0.33	0.24	0.21	0.2	0.33	0.53	0.43	0.2	0.01	0.31	0.48	0.04	0.47	0.33	0.26	0.46	0.46	0.32	0.21	0.46	0.19	0.2	0.47	0.31	0.35	1.9	0.77	0.56	0.17	0.33	0.23	0.47	0.37	0.64	0.4	0.25	0.29	0.96	0.22	0.34	0.57	3.24	0.23	0.97	0.34	0.33	0.57	0.67	0.17	0.47	0.48	0.32	0.2	0.35	0.33	0.47	0.26	0.35	0.47	0.32	0.47	0.3	0.16	0.98	0.2	0.48	0.34	0.48	0.19	0.4	0.21	0.31	0.22	0.48	0.14	0	0.5	0.31	0.48	0.52	0.13	0.47	0.22	0.13	0.48	0.48	0.3	0.19	0.22	0.31	0.48	0.33	0.34	0.33	0.91	0.48
0.12	0.92	0.1	0.72	0.42	0.61	0.46	0.05	0.4	0.05	0.21	0.44	0	0.05	0.34	0.93	0.07	0.2	0.42	0.27	0.14	0.55	0.41	0.47	0.13	0.4	0.06	0.9	0.5	0.01	0.11	0.15	0.05	0.49	0.46	0.19	0.02	0.03	0.57	0.15	0.04	0.12	0.04	0.46	7.76	0.13	0.46	0.45	0.33	0.18	0.03	0.19	0.03	0.2	0.01	0.11	0.4	0.43	0.42	0.12	0.04	0.61	0.06	0.22	0.41	0.25	0.07	0.12	0.5	0.54	0.04	0.14	0.51	0.65	0.48	0.13	0.15	0.48	0.3	0	0.03	0.47	0.01	0.18	0.28	0.45	0.45	0.4	0.11	1.44	0.36	0.44	0	0.43	0.07	1.83	0.42	0.43	0.92
0.14	0.04	0.08	0.07	0.14	0.28	0.12	0.43	0.02	0.05	0.12	1.82	0.03	0.03	0.74	0.21	0.4	0.21	0.5	0.17	0.06	0.16	0.2	0.42	0.16	0.03	0.4	0.07	0.12	0.05	0.11	0.16	0.41	0.14	0.05	0.49	0.03	0.41	0.23	0.23	0.05	0.14	0.04	0.27	2.21	0.12	0.41	0.05	0.33	0.41	0.42	0.2	0.19	0.22	0.03	0.12	0.05	0.06	0.16	0.12	0.03	0.14	0.05	0.92	0.5	0.48	0.06	0.13	0.07	0.06	0.05	0.14	0.43	0.28	0.04	0.15	1.14	0.19	0.64	0.06	0	0.44	0.2	0.44	0.29	0.32	0.2	0.15	0.12	0.01	0.15	0.52	0.03	0.34	0.07	0.04	0.06	0.09	0.22
0.44	1.44	0.23	0.44	0.22	0.41	0.07	0.19	0.19	0.19	0.14	0.74	0.18	0.19	0.19	0.04	0.18	0.4	0.44	0.4	0.43	0.06	0.05	0.12	0.04	0.24	0.16	0.4	0.47	0.38	0.16	0.03	0.55	0.41	0.15	0.05	0.13	0.15	0.04	0	0.43	0.19	0.41	0.05	0.2	0.08	0.71	0.33	0.28	0.18	0.64	0.46	0.22	0.57	0.17	0.4	0.19	0.7	0.4	0.22	0.28	0.79	0.25	0.25	0.1	0.91	0.4	0.06	0.2	0.19	0.4	0.15	0.09	0.43	0.41	0.13	0.04	0.08	0.21	0.41	0.19	0	0.15	0.06	0.31	0.17	0.41	0.06	0.39	0.15	0.04	0.22	0.18	0.49	0.23	0.41	0.27	0.28	0.4
0.28	0.05	0.1	0.46	0.13	0.46	0.12	0.06	0.04	0.06	0.12	6.28	0.01	0.13	0.35	0.54	0.46	0.46	0.34	0.04	0.09	0.19	0.21	0.24	0.14	0.17	0.06	0.07	0.13	0	0.12	0.17	0.06	0.13	0.08	0.19	0.03	0.04	0.48	0.16	0.05	0.13	0.29	0.12	1.69	0.13	0.22	0.06	0.33	0.51	0.19	0.48	0.04	0.28	0	0.11	0.06	0.05	0.16	0.12	0.04	0.49	0.06	0.22	0.33	0.18	0.07	0.12	0.5	0.07	0.4	0.14	0.13	0.4	0.04	0.14	0.5	0.26	0.32	0.4	0.03	0.16	0.4	0.19	0.28	0.14	0.4	0.5	0.12	0.04	0.14	0.6	0.29	1.03	0.08	0.05	0.4	0.13	0.68
0.21	0.18	0.21	0.44	0.38	0.23	0.07	0.2	0.16	0.25	0.07	1.18	0.18	0.44	0.28	0.2	0.21	0.18	0.51	0.21	0.2	0.07	0.04	0.08	0.07	0.18	0.19	0.48	0.24	0.4	0.22	0.03	0.2	0.05	0.19	0	0.17	0.98	0.08	0.09	0.59	0.23	0.18	0.15	4.91	0.43	0.49	0.21	0.17	0.07	0.19	0.04	0.18	0.49	0.19	0.08	0.43	0.44	0.03	0.09	0.29	0.23	0.21	0.2	0.05	0.01	0.42	0.07	0.99	0.49	0.19	0.3	0.06	0.1	0.59	0.1	0.09	0.03	0.13	0.18	0.29	0.05	0.49	0	0.5	0.1	0	0.04	0.44	0.18	0.07	0.9	0.39	0.15	0.21	0.6	0.22	0.43	0.5
0.21	0.27	0.26	0.29	0.97	0.48	0.21	0.28	0.27	0.28	0.97	2.63	0.57	0.4	0.43	0.27	0.29	0.48	0.41	0.36	0.78	0.49	0.98	0.15	0.2	0.63	0.28	0.3	0.3	0.29	0.27	0.24	0.48	0.19	0.52	0.99	0.49	0.49	0.25	0.23	0.6	0.2	0.49	0.28	0.21	0.15	0.07	1	0.4	0.14	0.91	0.4	0.26	0.19	0.51	0.21	0.28	0.26	0.4	0.22	0.77	0.3	0.41	0.07	0.18	0.9	0.4	0.3	0.29	0.29	0.46	0.19	0.41	0.35	0.27	0.41	0.23	0.24	0.56	0.37	0.29	0.41	0.29	0.2	0	0.28	0.41	0.17	0.41	0.27	0.14	0.36	0.62	0.6	0.29	0.42	0.29	0.27	0.41
0.03	0.12	0.16	0.93	0.1	0.31	0.04	0.12	0.85	0.3	0.03	0.39	0.13	0.33	0.48	0.33	0.16	0.49	0.24	0.1	0.14	0.13	0.49	0.05	0.59	0.14	0.14	0.55	0.49	0.49	0.03	0.48	0.14	0.49	0.14	0.13	0.13	0.11	0.03	0.4	0.12	0.01	0.13	0.61	3.38	0.09	1.23	0.43	0.26	0.01	0.45	0.09	0.11	0.41	0.51	0.91	0.12	0.13	0.48	0.41	0.12	0.12	0.13	0.22	0.04	0.62	0.14	0.92	0.36	0.15	0.12	0.42	0.42	0.19	0.62	0.43	0.04	0.09	0.31	0.13	0.12	0.04	0.43	0.73	0.94	0	0.11	0.09	0.13	0.44	0.06	0.33	0.13	0.22	0.26	0.44	0.26	0.33	0.49
0.08	0.19	0.21	0.21	0.28	0.23	0.08	0.19	0.19	0.84	0.08	9.18	0.18	0.17	0.18	0.03	0.55	0.5	0.4	0.32	0.55	0.14	0.04	0.41	0.07	0.2	0.4	1.23	0.32	0.71	0.41	0.03	0.21	0.06	0.17	0.01	0.41	0.2	1.01	0.09	0.19	0.1	0.19	0.12	2.42	0.28	0.25	0.21	0.41	0.41	0.59	0.04	0.97	0.19	0.19	0.41	0.19	0.19	0.12	0.09	0.19	0.21	0.21	0.56	0.05	0.01	0.21	0.42	0.21	0.4	0.53	0.09	0.06	0.93	0.19	0.11	0.09	0.02	0.13	0.19	0.43	0.08	0.93	0	0.25	0.1	0	0.05	0.43	0.44	0.08	0.12	0.94	0.52	0.21	0.64	0.21	0.22	0.53
0.04	0.17	0.18	0.18	0.09	0.63	0.14	0.16	0.15	0.22	0.06	5.65	0.18	0.3	0.22	0.06	0.19	0.22	0.43	0.43	0.18	0.11	0.11	0.43	0.04	0.16	0.43	0.43	0.2	0.19	0.43	0.09	0.19	0.03	0.15	0.04	0.17	0.43	0.05	0.43	0.34	0.08	0.43	0.18	3.74	0.14	0.17	0.18	0.63	0.43	0.51	0.08	0.17	0.26	0.54	0.07	0.17	0.17	0.16	0.43	0.43	1.23	0.16	0.43	0.71	0.29	0.2	0.05	0.18	0.19	0.16	0.43	0.22	0.28	0.33	0.09	0.06	0.03	0.16	0.48	0.93	0.07	0.35	0.11	0.43	0.09	0.06	0	0.63	0.15	0.04	0.15	0.18	0.25	0.19	0.15	0.19	0.98	0.43
0.02	0.5	0.16	0.13	0.14	0.55	0.02	0.12	0.12	0.11	0.02	1.4	0.18	0.12	0.28	0.24	0.13	0.26	0.22	0.09	0.13	0.04	0.21	0.4	0.04	0.11	0.14	0.4	0.22	0.12	0.08	0.04	0.5	0.09	0.46	0.42	0.4	0.34	0.19	0.04	0.41	0.04	0.41	0.01	3.18	0.1	0.51	0.13	0.23	0.34	0.49	0.08	0.61	0.08	0.12	0.15	0.36	0.1	0.2	0.01	0.11	0.01	0.12	0.28	0.04	0.42	0.13	0.02	0.14	0.32	0.13	0.04	0.68	0.19	0.1	0.05	0.04	0.07	1.13	0.5	0.14	0.08	0.12	0.08	0.25	0.03	0.08	0.08	0	0.73	0.42	0.56	0.53	0.23	0.14	0.1	0.43	0.1	0.63
0.12	0.02	0.49	0.05	0.16	0.59	1.02	0.03	0	0.61	0.37	6.88	0.72	0.33	0.92	0.21	0.05	0.31	3.88	0.05	0.07	0.44	0.43	0.36	0.18	0.21	0.04	0.05	0.43	0.43	0.39	0.15	0.03	0.44	0.06	0.17	0.02	0.44	0.27	0.21	0.03	0.12	0.03	0.44	0.75	0.74	0.21	0.44	0.32	0.18	0.22	0.21	0.18	0.23	0.04	0.09	0.03	0.03	0.17	0.11	0.02	0.24	0.04	0.21	0.15	0.18	0.05	0.11	0.45	0.04	0.03	0.46	0.12	0.28	0.04	0.12	0.46	0.96	0.3	0.04	0.01	0.26	0.04	0.47	0.27	0.12	0.18	0.14	0.11	0	0.17	0.29	0.48	0.34	0.16	0.03	0.06	0.38	0.49
0.4	0.14	0.18	0.4	0.05	0.3	0.02	0.14	0.41	0.15	0.03	1.43	0.13	0.43	0.24	0.09	0.18	0.27	0.23	0.34	0.44	0.18	0.09	0.14	0.08	0.74	0.44	0.48	0.3	0.44	0.03	0.05	0.14	0.01	0.16	0.39	0.15	0.14	0.19	0.55	0.14	0.04	0.13	0.34	3.82	0.01	0.15	0.18	0.21	0.04	0.44	0.33	0.38	0.29	0.14	0.03	0.15	0.35	0.05	0.14	0.13	0.45	0.16	0.12	0.04	0.45	0.17	0.02	0.38	0.15	0.16	0.12	0.21	0.37	0.13	0.04	0.09	0.05	0.19	0.31	0.15	0.04	0.14	0.07	0.14	0.04	0.08	0.46	0.03	0.12	0	0.18	0.14	0.46	0.3	0.15	0.18	0.44	0.32
0.49	0.47	0.49	0.59	0.18	0.49	0.19	0.49	0.33	0.49	0.19	5.75	0.29	0.28	0.62	0.42	0.34	0.72	0.05	0.61	0.31	0.19	0.16	0.18	0.18	0.31	0.42	0.34	0.36	0.42	0.52	0.42	0.3	0.57	0.46	0.12	0.42	0.37	0.18	0.21	0.43	0.19	0.52	0.42	3.55	0.53	0.43	0.53	0.26	0.17	0.43	0.84	0.44	0.33	0.53	0.19	1.24	0.44	0.14	0.44	0.44	0.27	0.46	0.43	0.44	0.43	0.32	0.94	0.32	0.43	0.32	0.44	0.17	0	0.54	0.26	0.21	0.44	0.56	0.3	0.32	0.2	0.3	0.12	0.44	0.54	0.45	0.15	0.2	0.29	0.44	0	0.49	0.21	0.34	0.31	0.35	0.68	0.09
0.4	0.29	0.25	0.4	0.41	0.61	0.12	0.05	0.11	0.41	0.12	0.45	0.41	0.12	0.48	0.6	0.07	0.2	0.34	0.03	0.41	0.16	0.91	0.22	0.41	0.05	0.06	0.07	0.42	0.01	0.11	0.37	0.42	0.52	0.07	0.18	0.03	0.42	0.11	0.15	0.05	0.17	0.04	0.62	1.66	0.43	0.22	0.06	0.93	0.18	0.63	0.21	0.43	0.15	0.01	0.11	0.05	0.04	0.16	0.11	0.07	0.94	0.44	0.22	0.52	0.18	0.18	0.44	0.07	0.06	0.04	0.5	0.13	0.27	0.03	0.13	0.15	0.17	0.65	0.22	0.03	0.15	0.02	0.18	0.51	0.14	0.31	0.45	0.45	0.04	0.46	0.63	0	0.34	0.16	0.04	0.46	0.05	0.96
0.23	0.45	0.51	0.76	0.22	0.46	0.22	0.35	0.62	0.34	0.92	10.5	0.34	0.92	0.42	0.17	0.52	0.93	0.05	0.35	0.43	0.4	0.93	0.23	0.44	0.94	0.43	1.45	0.44	0.71	0.23	0.95	0.55	0.21	0.32	0.15	0.45	0.34	0.22	0.45	0.76	0.22	0.66	0.25	1.81	0.22	0.46	0.46	0.3	0.22	0.46	0.26	0.46	0.56	0.54	0.46	0.43	0.35	0.68	0.23	0.33	0.53	0.36	0.35	0.53	0.14	0.5	0.23	0.49	0.35	0.49	0.23	0.22	0.03	0.64	0.23	0.49	0.9	0.3	0.5	0.52	0.29	0.6	0.5	0.41	0.4	0.27	0.61	0.23	0.91	0.41	0.03	0.34	0	0.71	0.32	0.91	0.34	1.02
0.14	0.42	0.1	0	0.36	0.24	1.43	0.42	0.05	0.05	0.16	2.72	0.07	0.4	0.41	0.24	0.29	0.53	0.3	0.05	0.1	0.18	0.27	0.49	0.18	0.41	0.18	0.07	0.13	0.41	0.42	0.52	0.42	0.15	0.07	0.62	0.05	0.04	0.63	0.23	0.05	0.43	0.04	0.17	2.34	0.53	0.23	0.43	0.38	0.13	0.34	0.24	0.44	0.74	0.08	0.14	0.05	0.44	0.19	0.13	0.45	1.56	0.02	0.55	0.4	0.19	0.03	0.95	0.03	0.06	0.06	0.37	0.46	0.46	0.08	0.46	0.23	0.98	0.65	0.14	0.47	0.24	0.08	0.21	0.57	0.17	0.23	0.18	0.14	0.05	0.17	0.41	0.87	0.37	0	0.05	0.48	0.05	0.54
0.12	0.44	0.09	0.05	0.14	0.26	0.11	0.41	0.02	0.1	0.13	7.49	0.04	0.04	0.44	0.46	0.05	0.51	0.56	0.68	0.06	0.15	0.21	0.15	0.14	0	0.03	0.05	0.1	0.05	0.49	0.49	0.03	0.13	0.04	0.2	0.02	0.02	0.26	0.41	0.02	0.41	0.02	0.12	4.53	0.14	0.26	0.03	0.33	0.09	0.42	0.19	0.01	0.92	0.05	0.1	0.03	0.02	0.43	0.28	0.03	0.53	0.43	0.43	0.17	0.22	0.05	0.45	0.13	0.04	0.03	0.57	0.18	0.27	0.32	0.13	0.21	0.47	0.34	0.04	0.04	0.22	0.05	0.2	0.68	0.73	0.2	0.49	0.11	0.03	0.15	0.61	0.36	0.32	0.32	0	0.05	0.02	0.4
0.42	0.85	0.42	0.01	0.17	0.74	0.42	0.05	0.93	0.42	0.15	2.34	0.43	0.08	0.38	0.44	0.04	0.54	0.44	0.05	0.44	0.18	0.24	0.44	0.28	0.44	0.02	0.06	0.95	0.08	0.14	0.6	0.05	0.34	0.07	0.45	0.04	0.04	0.75	0.23	0.23	0.14	0.04	0.15	0.81	0.15	0.37	0.09	0.46	0.46	0.13	0.21	0.04	0.46	0.07	0.15	0.43	0.19	0.46	0.14	0.06	0.46	0.02	0.23	0.46	0.19	0.04	0.46	0.04	0.06	0.2	0.49	0.18	0.31	0.06	0.55	0.46	0.56	0.67	0.07	0.46	0.18	0.96	0.77	0.29	0.32	0.24	0.18	0.47	0.28	0.17	0.33	0.07	0.36	0.01	0.04	0.01	0.04	0.48
0.15	0.02	0.1	0.42	0.14	0.25	0.62	0.03	0.22	0.93	0.15	5.58	0.46	0.21	0.36	0.22	0.4	0.46	0.23	0.4	0.06	0.22	0.21	0.17	0.16	0.13	0.03	0.05	1.4	0.05	0.47	0.47	0.03	0.38	0.44	0.2	0.02	0.02	0.1	0.56	0.22	0.47	0.01	0.13	1.57	0.16	0.47	0.03	0.33	0.12	0.03	0.47	0.01	0.47	0.05	0.1	0.03	0.12	0.47	0.47	0.04	0.14	0.03	0.47	0.16	0.18	0.04	0.13	0.05	0.04	0.03	0.16	0.14	0.62	0.03	0.13	0.24	0.4	0.58	0.04	0.04	0.16	0.05	0.48	0.58	0.53	0.48	0.16	0.13	0.03	0.25	0.98	0.04	0.34	0.05	0.02	0.04	0	0.48
0.24	0.19	0.34	0.29	0.44	0.16	0.54	0.37	0.19	0.95	0.23	4.89	0.27	0.21	0.46	0.46	0.22	0.05	0.04	0.24	0.43	0.43	0.56	0.46	0.22	0.21	0.6	0.46	0.42	0.28	0.23	1.17	0.2	0.23	0.52	0.47	0.18	0.58	0.57	0.47	0.19	0.38	0.47	0.27	2.61	0.47	0.48	0.21	0.53	0.47	0.42	0.39	0.48	0.28	0.35	0.79	0.2	0.55	0.18	0.24	0.48	0.23	0.48	0.34	0.2	0.2	0.21	0.26	0.25	0.48	0.19	0.22	0.38	0.09	0.48	0.24	0.48	0.3	0.49	0.27	0.21	0.48	1.18	0.15	0.49	0.59	0.48	0.19	0.23	0.48	0.22	0.09	0.37	0.12	0.48	0.19	0.49	0.49	0.02
