0	0.2	0.15	0.15	0.02	0.67	0	0.13	0.1	0.13	0.01	0.21	0.12	0.12	0.25	0.1	0.15	0.26	0.22	0.11	0.42	0.04	0.62	0.03	0.03	0.42	0.13	0.55	0.17	0.13	0.02	0.04	0.12	0.02	0.19	0.07	0.11	0.43	0.01	0.45	0.13	0.03	0.12	0.43	3.21	0.63	0.15	0.13	0.22	0.03	0.1	0.08	0.11	1.02	0.41	0.02	0.13	0.11	0.43	0.02	0.12	0.53	0.14	0.15	0.19	0.07	0.16	0	0.44	0.44	0.14	0.03	0.46	0.18	0.1	0.04	0.1	0.15	0.44	0.12	0.12	0.03	0.12	0.44	0.21	0.04	0.11	0.44	0.02	0.11	0.07	0.19	0.12	0.44	0.17	0.13	0.28	0.11	0.23
0.12	0	0.15	0.96	0.14	0.25	0.45	0.02	0.02	0.46	0.46	9	0.04	0.47	0.38	0.21	0.04	0.47	0.23	0.36	0.05	0.92	0.47	0.47	0.13	0	0.57	0.92	0.15	0.05	0.26	0.16	0.02	0.48	0.04	0.21	0.02	0.02	0.1	0.21	0.14	0.12	0.01	0.15	0.17	0.14	0.68	0.02	0.49	0.48	0.02	0.18	0.01	0.41	0.05	0.11	0.02	0.02	0.5	0.49	0.02	0.99	0.03	0.49	0.16	0.17	0.04	0.43	0.05	0.03	0.03	0.5	0.54	0.53	0.02	0.13	0.55	0.9	0.5	0.04	0.04	0.26	0.05	0.18	0.27	0.11	0.66	0.18	0.36	0.4	0.51	0.61	0.26	0.66	0.04	0	0.41	0.02	0.21
0.15	0.5	0	0.1	0.16	0.36	0.15	0.11	0.08	0.1	0.38	1.39	0.42	0.08	0.37	0.52	0.42	0.4	0.29	0.08	0.11	0.18	0.59	0.2	0.31	0.44	0.42	0.11	0.82	0.11	0.42	0.22	0.1	0.16	0.09	0.21	0.33	0.48	0.31	0.42	0.09	0.15	0.09	0.15	0.18	0.36	1.13	0.43	0.36	0.32	0.37	0.43	0.09	0.51	0.1	0.49	0.11	0.09	0.22	0.14	0.93	0.17	0.39	0.52	0.19	0.2	0.43	0.63	0.39	0.11	0.08	0.43	0.43	0.3	0.07	0.17	0.2	0.46	0.53	0.09	0.08	0.19	0.11	0.94	0.43	0.17	0.35	0.18	0.55	0.54	0.43	0.43	0.1	0.59	0.1	0.09	0.1	0.44	0.35
0.47	0.04	0.1	0	0.52	0.98	0.48	0.4	0.42	0.05	0.16	3.73	0.07	0.08	0.39	0.26	0.42	0.22	0.3	0.92	0.1	0.19	0.92	0.16	0.16	0.08	0.43	0.07	0.16	0.44	0.45	0.43	0.05	0.17	0.11	0.21	0.64	0.45	0.47	0.24	0.05	0.45	0.04	0.55	5.98	0.66	0.56	29.8	0.36	0.13	1.12	0.47	0.04	0.63	0.13	0.47	0.05	0.04	0.32	0.47	0.07	0.48	0.02	0.23	0.18	0.19	0.04	0.69	0.03	0.06	0.06	0.18	0.17	0.5	0.06	0.16	0.26	0.2	0.33	0.07	0.4	0.18	0.12	0.22	0.29	0.41	0.51	0.18	0.14	0.41	0.17	0.71	0.07	0.91	0	0.05	0.01	0.05	0.52
0.03	0.13	0.16	0.51	0	0.42	0.02	0.15	0.12	0.42	0.02	3.28	0.13	0.41	0.29	0.2	0.51	0.29	0.22	0.42	0.15	0.47	0.14	0.01	0.08	0.44	0.38	0.15	0.19	0.14	0.27	0.1	0.45	0	0.13	0.46	0.14	0.14	0.04	0.09	0.42	0.09	0.3	0.04	0.49	0.98	0.47	0.55	0.2	0.06	0.14	0.48	0.17	0.2	0.14	0.02	0.15	0.98	0.19	0.1	0.12	0.32	0.14	0.13	0.44	1.55	0.16	0.02	0.18	0.15	0.27	0.01	0.03	0.43	0.3	0.1	0.09	0.05	0.54	0.38	0.13	0.47	0.24	0.06	0.22	0.1	0.06	0.47	0.47	0.12	0.01	0.72	0.13	0.3	0.17	0.14	0.49	0.29	0.59
0.31	0.43	0.37	0.24	0.29	0	0.35	0.44	0.26	0.45	0.55	1.62	0.96	0.59	0.12	0.25	0.46	0.36	0.11	0.26	0.96	0.31	0.31	0.58	0.3	0.26	0.46	0.46	0.3	0.62	0.31	0.25	0.47	0.47	0.29	0.57	0.47	0.62	0.29	0.32	0.4	0.31	0.25	0.37	4.28	0.46	0.68	0.26	0.36	0.47	0.32	0.59	0.25	0.69	0.29	0.57	0.26	0.25	0.92	0.49	0.27	0.71	0.22	0.42	0.48	0.22	0.23	0.31	0.48	0.58	0.26	0.3	0.29	0.12	0.26	0.98	0.48	0.24	0.21	0.28	0.28	0.28	0.68	0.23	0.48	0.4	0.24	0.48	0.31	0.26	0.3	0.37	0.58	0.15	0.24	0.5	0.32	0.25	0.94
0	0.4	0.15	0.23	0.22	0.3	0	0.17	0.13	0.14	0.01	5.23	0.12	0.11	0.76	0.45	0.14	0.25	0.96	0.45	0.35	0.04	0.37	0.4	0.46	0.14	0.14	0.17	0.46	0.3	0.02	0.04	0.12	0.02	0.11	0.07	0.11	0.52	0.01	0.1	0.46	0.03	0.11	0.48	1.56	0.46	0.4	0.14	0.22	0.02	0.17	0.46	0.11	0.57	0.12	0.02	0.85	0.11	0.04	0.38	0.46	0.42	0.13	0.15	0.03	0.07	0.66	0.46	0.14	0.14	0.13	0.03	0.46	0.56	0.67	0.04	0.26	0.06	0.2	0.12	0.13	0.03	0.47	0.07	0.47	0.03	0.08	0.16	0.02	0.92	0.02	0.19	0.12	0.61	0.14	0.47	0.39	0.12	1.97
0.41	0.06	0.55	0.06	0.13	0.46	0.13	0	0.02	0.56	0.14	3.63	0.05	0.03	0.38	0.92	0.42	0.2	2.02	0.03	0.33	0.4	0.2	0.18	0.17	0.42	0.04	0.02	0.4	0.06	0.42	0.56	0.01	0.13	0.05	0.42	0.03	0.11	0.1	0.21	0.03	0.11	0.03	0.45	0.16	0.13	0.22	0.01	0.5	0.11	0.56	0.43	0.02	0.18	0.06	0.11	0	0.44	0.18	0.12	0.03	0.24	0.03	0.54	0.44	0.21	0.04	0.61	0.05	0.02	0.04	0.17	0.14	0.28	0.04	0.13	0.21	0.47	0.33	0.26	0.05	0.16	0.06	0.47	0.28	0.13	0.56	0.16	0.48	0.03	0.14	0.58	0.05	0.52	0.05	0.02	0.92	0.03	0.2
0.1	0.02	0.07	0.28	0.13	0.46	0.1	0.02	0	0.02	0.1	0.32	0.03	0.4	0.35	0.2	0.05	0.49	0.35	0.03	0.07	0.2	0.18	0.14	0.41	0.01	0.03	0.04	0.59	0.04	0.09	0.49	0.03	0.5	0.06	0.61	0.01	0.02	0.1	0.4	0.03	0.15	0.02	0.13	3.51	0.13	0.21	0.03	0.35	0.25	0.39	0.21	0.91	0.18	0.18	0.1	0.02	0.03	0.51	0.12	0.02	0.95	0.03	0.41	0.51	0.18	0.15	0.4	0.05	0.41	0.03	0.14	0.61	0.43	0.02	0.12	0.19	0.27	0.58	0.03	0.71	0.41	0.04	0.16	0.49	0.41	0.17	0.15	0.91	0	0.12	0.38	0.04	0.34	0.25	0.02	0.43	0.03	0.41
0.13	0.02	0.16	0.31	0.15	0.5	0.5	1.85	0.03	0	0.13	0.34	0.05	0.06	0.38	0.44	0.06	0.74	0.46	0.08	0.05	1.22	0.22	0.16	0.14	0.03	0.03	0.45	0.18	0.06	0.12	0.17	0.02	0.45	0.87	0.19	0.03	0.34	0.45	0.22	0.13	0.14	0.04	1.77	0.46	0.14	0.21	0.01	0.56	0.11	0.32	2.18	0.02	1.65	0.06	0.46	0.03	0.03	0.77	0.47	0.03	0.16	0.04	0.48	0.16	0.54	0.39	0.12	0.05	0.02	0.04	0.18	0.18	0.3	0.41	0.12	0.48	0.17	0.34	0.33	0.05	0.34	0.06	0.49	0.27	0.13	0.79	0.17	0.42	0.36	0.18	0.61	0.07	0.5	0.05	1.6	0.07	0.03	0.38
0.03	0.11	0.32	0.14	0.02	0.31	0.01	0.27	0.44	0.14	0	1.99	0.11	0.29	0.25	0.1	0.5	0.48	0.23	0.23	0.14	0.41	0.17	0.03	0.03	0.11	0.14	0.14	0.58	0.12	0.48	0.03	0.14	0.45	0.11	0.08	0.48	0.13	0.01	0.03	0.15	0.03	0.13	0.05	4.53	0.59	0.52	0.13	0.49	0.02	0.49	0.37	0.14	0.35	0.45	0.01	0.13	0.13	0.07	0.02	0.12	0.54	0.79	0.15	0.03	0.06	0.23	0.01	0.16	0.15	0.5	0.03	0.3	0.19	0.4	0.03	0.15	0.06	0.38	0.12	0.4	0.02	0.12	0.37	0.21	0.5	0.08	0.06	0.01	0.91	0.41	0.58	0.12	0.55	0.16	0.49	0.33	0.13	0.56
4.18	0.46	2.08	2.04	1.09	2.29	0.21	1.3	9.01	3.78	0.21	0	1.62	4.31	7.59	0.16	12.7	0.82	13.8	0.48	1.77	9.93	2.31	0.2	1.81	6.33	0.58	1.61	2.87	5.17	0.66	1.06	1.98	0.47	0.84	2.84	1.39	2.09	1.72	1.47	0.34	1.95	1.58	7.57	1.11	14.4	0.45	1.5	10	0.21	0.77	1.27	0.33	0.22	4.07	7.85	1.05	12.9	0.18	2.23	2.55	1.8	3.89	0.61	1.48	2.96	7.98	0.58	1.57	10	0.47	2.44	8.77	0.45	1.28	2.37	7.6	0.85	0.01	13.5	13.7	7.45	5.83	0.13	0.5	1.2	2.18	9.11	0.54	1.05	4.22	5.94	1.85	1	12.9	0.41	1.82	10.1	0.5
0.11	0.04	0.1	0.43	0.47	0.28	0.11	0.05	0.03	0.08	0.12	6.31	0	0.41	0.92	0.2	0.41	0.2	0.46	0.07	0.1	0.14	0.46	0.14	0.29	0.37	0.46	0.91	0.12	0.01	0.11	0.15	0.05	0.12	0.44	0.26	0.02	0.46	0.11	0.15	0.05	0.12	0.6	0.41	1.6	0.81	0.5	3.99	0.41	0.17	0.03	0.2	0.03	0.45	0.01	0.11	0.05	0.04	0.5	0.35	0.04	0.33	0.06	0.45	0.46	0.17	0.07	0.12	0.66	0.66	0.3	0.13	0.53	0.43	0.03	0.43	0.46	0.52	0.31	0	0.15	0.17	0.57	0.36	0.38	0.97	0.36	0.17	0.11	0.03	0.13	0.3	0.47	0.33	0.47	0.04	0.33	0.04	0.41
0.12	0.02	0.43	0.08	0.11	0.26	1	0.14	0.01	0.03	0.12	2.36	0.05	0	0.95	0.45	0.05	0.21	0.95	0.45	0.44	0.48	0.54	0.12	0.12	0.09	0.55	0.05	0.09	0.28	0.46	0.15	0.03	0.11	0.38	0.17	0.03	0.11	0.14	0.46	0.46	0.52	0.04	0.47	2.97	0.13	0.57	0.03	0.56	0.97	0.16	0.19	0.03	0.83	0.06	0.12	0.31	0.04	0.14	0.34	0.01	0.49	0.03	0.23	0.14	0.15	0.04	0.48	0.27	0.04	0.05	0.2	0.49	0.27	0.02	0.27	0.21	0.69	0.31	0.29	0.35	0.13	0.06	0.42	0.79	0.49	0.19	0.16	0.12	0.01	0.12	0.62	0.05	0.35	0.5	0.06	0.08	0.2	0.24
0.55	0.54	0.48	0.48	0.28	0.48	0.26	0.46	0.36	0.46	0.47	2.71	0.34	0.36	0	0.41	0.4	0.16	0.7	0.36	1	0.22	0.5	0.25	0.25	0.4	0.39	0.41	0.4	0.52	0.22	0.18	0.37	0.41	0.59	0.18	0.72	0.92	0.42	0.27	0.62	0.22	0.43	0.28	2.19	0.33	0.83	0.39	0.63	0.43	0.76	0.42	0.36	0.63	0.67	0.26	0.36	0.38	0.43	0.23	0.63	1.33	0.43	0.76	0.19	0.17	0.38	0.39	0.79	0.53	0.38	0.25	0.27	0.22	0.35	0.64	0.27	0.18	0.04	0.34	0.44	0.19	0.36	0.19	0.7	0.54	0.18	0.22	0.22	0.36	0.44	0.54	0.35	0.37	0.39	0.45	0.4	0.54	0.25
0.1	0.44	0.22	0.26	0.45	0.25	0.46	0.51	0.36	0.24	0.46	0.27	0.2	0.41	0.16	0	0.23	0.2	0.41	0.2	0.57	0.07	0.02	0.09	0.09	0.42	0.38	1.02	0.24	0.52	0.33	0.03	0.43	0.12	0.48	0.03	0.43	0.2	0.43	0.11	0.44	0.07	0.22	0.12	0.94	0.15	0.21	0.55	0.55	0.1	0.53	0.65	0.46	0.92	0.36	0.36	0.27	0.56	0.03	0.08	0.21	0.37	0.46	0.21	0.57	0.01	0.47	0.1	0.23	0.22	0.24	0.09	0.33	0.48	0.21	0.07	0.98	0.04	0.15	0.2	0.48	0.54	0.59	0.02	0.27	0.07	0.49	0.06	0.07	0.21	0.09	0.8	0.9	0.41	0.9	0.4	0.68	0.21	0.2
0.14	0.04	0.46	0.13	0.15	0.24	0.26	0.05	0.05	0.44	0.15	4.95	0.07	0.33	0.4	0.49	0	0.96	0.5	0.38	0.32	0.46	0.6	0.9	0.18	0.05	0.19	0.07	0.4	0.08	0.26	0.18	0.05	0.15	0.06	0.21	0.05	1.01	0.14	0.91	0.41	0.15	0.04	0.53	2.11	0.41	0.63	0.05	0.48	0.12	0.05	0.22	0.41	0.23	0.08	0.52	0.05	0.04	0.52	0.13	0.05	0.43	0.02	0.23	0.18	0.43	0.03	0.15	0.03	0.06	0.06	0.16	0.2	0.32	0.06	0.15	0.26	0.4	0.51	0.43	0.07	0.41	0.08	0.29	0.29	0.15	0.41	0.18	0.16	0.41	0.16	0.35	0.46	0.91	0.41	0.41	0.03	0.04	0.46
0.49	0.33	0.4	0.46	0.49	0.11	0.59	0.2	0.19	0.59	0.5	3.82	0.38	0.21	0.16	0.2	0.28	0.01	0.04	0.36	0.36	0.78	0.21	0.44	0.25	0.47	0.2	0.44	0.37	0.21	0.26	0.2	0.3	0.23	1.55	0.44	0.39	0.18	0.94	0.45	0.19	0.26	0.44	0.27	1.65	1.15	0.39	5.9	0.32	0.24	0.44	0.61	0.54	0.41	0.44	0.26	0.45	0.19	0.33	0.65	0.2	0.93	0.45	1.24	0.65	0.18	0.45	0.25	0.22	0.21	0.19	0.45	0.23	0.33	0.19	0.3	0.45	0.19	0.26	0.2	0.45	0.23	0.21	0.85	0.47	0.27	0.18	0.22	0.26	0.2	0.24	0.09	0.41	0.21	0.22	0.85	0.59	0.19	0
0.22	0.22	0.29	0.35	0.22	0.11	0.23	0.32	0.34	0.47	0.22	4.52	0.37	0.75	0.33	0.36	0.31	0.12	0	0.24	0.53	0.21	0.65	0.23	0.32	0.68	0.66	0.32	0.39	0.34	0.23	0.19	0.31	0.69	0.34	0.21	0.24	0.24	0.24	0.24	0.5	0.22	0.23	0.33	2.74	0.24	0.36	0.65	0.32	0.23	0.25	0.86	0.54	0.54	0.38	0.24	0.64	0.27	0.2	0.45	0.35	0.63	0.29	0.35	0.2	0.18	0.3	0.63	0.32	0.6	0.57	0.77	0.23	0.05	0.34	0.51	0.23	0.18	0.38	0.34	0.35	0.47	1.11	0.16	0.41	0.23	0.23	0.21	0.22	0.34	0.23	0.15	0.9	0.4	0.33	0.6	0.29	0.23	0.27
0.16	0.5	0.08	0.27	0.14	0.26	0.49	0.43	0.02	0.03	0.13	5.68	0.03	0.04	0.45	0.27	0.05	0.31	0.24	0	0.06	0.17	0.19	0.32	0.15	0.06	0.38	0.05	0.09	0.04	0.33	0.17	0.03	0.45	0.04	0.45	0.01	0.2	0.16	0.23	0.02	0.45	0.02	0.45	2.14	0.19	0.19	12.3	0.37	0.08	0.01	0.75	0.01	0.23	0.04	0.11	0.24	0.02	0.18	0.1	0.03	0.64	0.03	0.19	1.06	0.15	0.05	0.11	0.05	0.04	0.01	0.46	0.13	0.66	0.02	0.96	0.21	0.2	0.97	0.47	0.04	0.19	0.46	0.18	0.26	0.46	0.38	0.15	0.09	0.32	0.35	0.76	0.04	0.36	0.05	0.02	0.05	0.24	0.38
0.14	0.05	0.11	0.48	0.15	0.41	0.15	0.06	0.41	0.05	0.12	2.76	0.18	0.06	0.38	0.2	0.08	0.36	0.37	0.45	0	0.17	0.45	0.32	0.15	0.45	0.45	0.39	0.13	0.23	0.12	0.15	0.45	0.13	0.01	0.18	0.06	0.23	0.38	0.45	0.06	0.14	0.06	0.45	3.68	0.16	0.56	5.33	0.37	0.13	0.46	0.47	0.05	0.21	0.96	0.64	0.43	0.06	0.15	0.42	0.46	1.46	0.96	0.25	0.24	0.56	0.77	0.12	0.08	0.06	0.06	0.16	0.15	0.46	0.06	0.47	0.18	0.32	0.32	0.47	0.06	0.46	0.39	0.24	0.23	0.15	0.54	0.57	0.47	0.06	0.42	0.54	0.09	0.33	0.1	0.06	0.33	0.06	0.98
0.03	0.46	0.18	0.36	0.1	0.3	0.03	0.15	0.15	0.98	0.03	12.7	0.15	0.14	0.22	0.07	0.48	1.68	0.21	0.17	0.18	0	0.4	0.04	0.43	0.15	0.17	0.18	0.19	0.16	0.14	0.04	0.15	0.09	0.61	0.07	0.52	0.28	1	0.03	0.37	0.37	0.4	0.06	17.1	0.62	0.16	0.41	0.58	0.03	0.17	0.41	0.15	0.12	0.16	0.41	1.05	0.15	0.04	0.04	0.42	0.42	0.15	0.17	0.52	0.05	0.52	0.03	0.17	0.23	0.42	0.04	0.1	0.42	0.18	0.03	0.03	0.07	0.21	0.82	0.15	0.02	0.15	0.07	0.42	0.06	0.08	0.08	0.19	0.45	0.04	0.63	0.15	0.43	0.17	0.16	0.18	0.28	0.29
0.08	0.37	0.54	0.22	0.4	0.67	0.08	0.2	0.19	0.19	0.47	1.39	0.2	0.49	0.49	0.49	0.24	0.21	0.19	0.49	0.19	0.08	0	0.09	0.26	0.49	0.2	1	0.5	0.41	0.13	0.39	0.4	0.17	0.17	0.04	0.2	0.21	0.91	0.41	0.41	0.08	0.19	0.41	1.82	0.14	0.51	0.21	0.18	0.61	0.42	0.01	0.2	0.52	0.21	0.09	0.41	0.28	0.06	0.09	0.21	0.42	0.23	0.21	0.42	0.03	0.52	0.19	0.43	0.22	0.43	0.09	0.81	0.47	0.23	0.08	0.43	0.22	0.63	0.53	0.22	0.05	0.58	0.04	0.27	0.09	0.44	0.11	0.08	0.44	0.09	0.44	0.21	0.44	0.22	0.21	0.23	0.54	0.45
0.03	0.14	0.2	0.41	0.01	0.3	0.03	0.17	0.14	0.51	0.03	1.25	0.13	0.45	0.85	0.95	0.45	0.25	0.23	0.15	0.42	0.4	0.09	0	0.02	0.19	0.55	0.45	0.29	0.15	0.03	0.45	0.65	0.21	0.14	0.09	0.14	0.46	0.03	0.09	0.56	0.04	0.96	0.06	5.96	0.07	0.46	0.16	0.21	0.17	0.18	0.46	0.15	0.52	0.14	0.03	0.48	0.14	0.05	0.04	0.46	0.63	0.15	0.13	0.04	0.46	0.17	0.03	0.41	0.22	0.46	0.01	0.01	0.46	0.17	0.05	0.09	0.06	0.47	0.4	0.16	0.37	0.14	0.33	0.14	0.05	0.4	0.04	0.04	0.14	0.16	0.18	0.14	0.23	0.47	0.48	0.16	0.15	0.47
0.03	0.15	0.88	0.18	0.01	0.3	0.03	0.32	0.14	0.14	0.03	5.03	0.14	0.14	0.79	0.09	0.16	0.41	0.23	0.89	0.49	0.04	0.09	1	0	0.14	0.15	0.16	0.6	0.55	0.07	0.2	0.14	0.01	0.14	0.07	0.13	0.15	0.03	0.37	0.17	0.4	0.32	0.07	1.19	0.41	0.14	0.19	0.51	0.41	0.41	0.09	0.15	0.5	0.51	0.03	0.28	0.14	0.91	0.04	0.51	0.08	0.15	0.15	0.04	0.06	0.52	0.03	0.18	0.16	0.41	0.03	0.43	0.2	0.13	0.05	0.09	0.43	0.19	0.38	0.14	0.04	0.5	0.07	0.2	0.43	0.47	0.04	0.04	0.93	0.02	0.44	0.14	0.23	0.19	0.14	0.44	0.15	0.22
0.1	0	0.06	0.5	0.14	0.26	0.5	0.03	0.4	0.05	0.11	12.1	0.44	0.12	0.49	0.21	0.23	0.21	0.34	0.06	0.39	0.66	0.3	0.55	0.14	0	0.04	0.43	0.46	0.45	0.11	0.15	0.03	0.49	0.18	0.2	0.16	0.07	0.1	0.22	0.04	0.13	0.03	0.45	1.03	0.55	0.22	0.27	0.49	0.41	0.17	0.75	0.03	0.38	0.05	0.11	0.38	0.55	0.45	0.1	0.02	0.45	0.04	0.22	0.27	0.48	0.05	0.45	0.06	0.04	0.05	0.14	0.13	0.45	0.02	0.13	0.19	0.45	0.32	0.05	0.03	0.14	0.06	0.18	0.62	0.14	0.19	0.15	0.13	0.02	0.15	0.91	0.05	0.46	0.1	0	0.66	0	0.46
0.43	0.24	0.43	0.35	0.36	0.22	0.53	0.04	0.43	0.08	0.48	5.7	0.06	0.44	0.37	0.84	0.02	0.2	0.31	0.03	0.06	0.56	0.39	0.44	0.16	0.15	0	0.06	0.44	0.07	0.44	0.18	0.04	0.15	0.05	0.2	0.04	0.22	0.39	0.49	0.03	0.46	0.19	0.18	0.2	0.46	0.22	3.37	0.34	0.48	0.43	0.2	0.02	0.21	0.06	0.12	0.03	0.03	0.16	0.15	0.04	0.47	0	0.47	0.77	0.17	0.02	0.13	0.03	0.05	0.04	0.18	0.14	0.29	0.04	0.51	0.22	0.2	0.33	0.06	0.05	0.19	0.28	0.19	0.98	0.47	0.21	0.48	0.12	0.04	0.68	1.17	0.58	0.74	0.1	0.03	0.38	0.03	1.09
0.17	0.04	0.42	0.07	0.16	0.27	0.35	0.37	0.42	0.02	0.14	9.67	0.46	0.05	0.41	0.23	0.07	0.46	0.34	0.66	0.08	0.4	0.23	0.46	0.79	0.05	0.05	0	0.12	0.08	0.13	0.18	0.02	0.27	0.92	0.51	0.05	0.05	0.47	0.23	0.05	0.15	0.05	0.41	1.99	1.48	0.97	0.35	0.55	0.4	0.4	0.29	0.04	0.26	0.47	0.15	0.02	0.04	0.19	0.14	0.05	0.44	0.06	0.47	0.17	0.18	0.06	0.14	0.07	0.25	0.06	0.44	0.15	0.3	0.05	0.47	0.23	0.32	0.36	0.07	0.07	0.26	0.48	0.22	0.49	0.48	0.21	0.18	0.16	0.16	0.43	0.48	0.07	0.38	0.07	0.04	0.07	0.05	0.22
0.24	0.5	0.15	1	0.54	0.5	0.37	0.1	0.09	0.1	0.17	1.79	0.46	0.11	0.38	0.87	0.51	0.97	0.46	0.09	0.13	0.7	0.24	0.56	0.2	0.95	0.11	0.11	0	0.35	0.55	0.46	0.1	0.22	0.39	0.26	0.46	0.09	0.16	0.46	0.1	0.17	0.18	0.16	1.94	0.47	0.68	0.18	0.56	0.46	0.34	0.22	0.09	0.77	0.13	0.17	0.1	0.49	0.46	0.17	0.11	0.97	0.5	0.56	0.56	0.47	0.12	0.17	0.16	0.29	0.11	0.26	0.18	0.56	0.44	0.53	0.23	0.37	0.56	0.13	0.13	0.46	0.47	0.25	0.3	0.17	0.25	0.22	0.17	0.09	0.2	0.96	0.16	0.48	0.13	0.23	0.47	0.11	1.97
0.29	0.4	0.11	0.32	0.3	0.29	0.4	0.06	0.04	0.43	0.41	0.53	0.01	0.92	0.35	0.21	0.08	0.26	0.43	0.04	0.09	0.49	0.22	0.15	0.73	0.06	0.07	0.08	0.29	0	0.38	0.17	0.06	0.43	0.09	0.19	0.03	0.44	0.84	0.44	0.36	0.29	0.44	0.12	4.15	0.42	0.44	0.07	0.44	0.42	0.16	0.21	0.04	0.17	0	0.12	0.06	0.65	0.17	0.45	0.05	0.79	0.07	0.23	0.15	0.55	0.08	0.24	0.08	0.07	0.05	0.14	0.55	0.65	0.04	0.14	0.16	0.3	0.46	0.01	0.04	0.16	0	0.46	0.29	0.15	0.2	0.56	0.96	0.21	0.14	0.31	0.36	0.35	0.08	0.05	0.08	0.05	0.28
0.02	0.65	0.14	0.45	0.1	0.31	0.02	0.4	0.12	0.46	0.02	1.07	0.11	0.41	0.93	0.27	0.43	0.6	1.52	0.1	0.28	0.04	0.39	0.43	0.63	0.11	0.12	0.13	0.53	0.43	0	0.15	0.11	0.43	0.38	0.09	0.34	0.11	0.01	0.04	0.2	0.04	0.44	0.02	0.64	0.33	0.54	0.13	0.22	0.01	0.09	0.08	0.09	0.23	0.11	0.01	0.11	0.38	0.04	0.31	0.09	0.44	0.13	0.15	0.04	0.74	0.44	0.29	0.4	0.12	0.11	0.44	0.44	0.18	0.1	0.04	0.04	0.07	0.22	0.58	0.11	0.03	0.12	0.45	0.45	0.03	0.46	0.07	0	0.45	0.03	0.27	0.11	0.23	0.45	0.48	0.13	0.31	0.23
0.04	0.56	0.63	0.43	0.1	0.25	0.43	0.18	0.57	0.57	0.03	0.57	0.15	0.42	0.18	0.42	0.18	0.2	0.19	0.49	0.53	0.04	0.43	0.05	0.22	0.17	0.51	0.19	0.43	0.34	0.04	0	0.16	0.09	0.15	0.43	0.18	0.97	0.05	0.44	0.44	0.1	0.17	0.44	2.65	0.1	0.53	0.16	0.54	0.05	0.5	0.16	0.16	0.53	0.17	0.46	0.45	0.15	0	0.05	0.15	0.06	0.46	0.17	0.04	0.04	0.46	0.04	0.21	0.49	0.47	0.05	0.11	0.39	0.16	0.96	0.04	0.03	0.56	0.47	0.47	0.25	0.16	0.03	0.24	0.47	0.03	0.09	0.04	0.47	0.05	0.14	0.16	0.18	0.35	0.48	0.58	0.56	0.18
0.15	0.02	0.11	0.18	0.21	0.26	0.12	0.01	0.17	0.06	0.14	0.34	0.05	0.03	0.75	0.87	0.19	0.21	0.95	0.34	0.06	0.84	0.65	0.16	0.14	0.03	0.04	0.02	0.19	0.22	0.45	0.45	0	0.15	0.05	0.37	0.04	0.45	0.11	0.21	0.03	0.13	0.03	0.38	2.56	0.21	0.22	0.22	0.33	0.11	0.04	0.21	0.02	0.32	0.06	0.12	0.01	0.03	0.18	0.12	0.04	0.35	0.04	0.22	0.24	0.16	0.05	0.56	0.06	0.01	0.04	0.15	0.16	0.29	0.04	0.14	0.24	0.18	0.33	0.96	0.05	0.15	0.78	0.86	0.28	0.15	0.57	0.17	0.12	0.13	0.17	0.33	0.13	0.46	0.05	0.03	0.05	0.03	0.21
0.41	0.13	0.16	0.41	0	0.29	0.02	0.13	0.11	0.13	0.02	1.77	0.12	0.14	0.44	0.44	0.16	0.44	0.54	0.14	0.13	0.09	0.33	0.01	0.01	0.45	0.4	0.31	0.24	0.42	0.09	0.37	0.15	0	0.12	0.06	0.12	0.45	0.02	0.45	0.52	0.08	0.95	0.04	2.86	0.29	0.45	0.54	0.2	0.02	0.15	0.13	0.45	0.49	0.13	0.23	0.48	0.13	0.09	0.45	0.12	0.03	0.51	0.13	0.25	0.06	0.16	0.02	0.2	0.16	0.13	0.01	0.25	0.18	0.12	0.09	0.09	0.05	0.23	0.46	0.22	0.11	0.13	0.05	0.46	0.23	0.06	0.03	0.09	0.13	0.01	0.17	0.5	0.22	0.16	0.13	0.4	0.14	0.51
0.14	0.39	0.26	0.08	0.13	0.47	0.1	0.45	0.09	0.98	0.47	4.77	0.07	0.04	0.35	0.19	0.06	0.46	0.34	0.19	0.01	0.56	0.17	0.14	0.42	0.04	0.86	0.05	0.12	0.13	0.11	0.16	0.05	0.12	0	0.17	0.04	0.04	0.46	0.16	0.04	0.13	0.03	0.13	0.45	0.14	0.26	0.45	0.33	0.45	0.04	0.45	0.03	0.52	0.08	0.13	0.05	0.11	0.14	0.26	0.05	0.53	0.45	0.26	0.54	0.19	0.45	0.11	0.06	0.06	0.04	0.46	0.21	0.29	0.05	0.55	0.17	0.18	0.95	0.13	0.45	0.15	0.08	0.18	0.33	0.22	0.17	0.15	0.44	0.06	0.15	0.61	0.07	0.32	0.44	0.44	0.07	0.05	1.04
0.07	0.2	0.21	0.21	0.06	0.23	0.18	1.37	0.17	0.57	0.08	9.74	0.18	0.58	0.36	0.02	0.39	0.47	0.17	0.19	0.18	0.35	0.31	0.39	0.15	0.31	0.21	0.22	0.48	0.19	0.09	0.04	0.98	0.06	0.57	0	0.18	0.5	0.27	0.09	0.2	0.21	0.49	0.1	1.35	0.06	0.48	0.24	0.48	0.37	0.35	0.04	0.23	0.7	0.49	0.08	0.2	0.44	0.03	0.09	0.18	0.3	0.21	0.19	0.05	0.06	0.4	0.07	0.23	0.48	0.59	0.09	0.08	0.1	0.49	0.1	0.09	0.24	0.69	0.59	0.2	0.29	0.22	0	0.35	0.11	0.01	0.04	0.08	0.2	0.08	0.12	0.4	0.15	0.22	0.2	0.58	0.19	0.3
0.11	0.14	0.08	0.05	0.12	0.53	0.1	0.28	0.33	0.03	0.42	3.18	0.02	0.03	0.69	0.2	0.05	0.18	0.24	0.01	0.06	0.15	0.2	0.9	0.16	0.22	0.03	0.29	0.49	0.03	0.4	0.49	0.04	0.15	0.04	0.2	0	0.01	0.09	0.49	0.02	0.09	0.02	0.51	0.2	0.32	0.19	0.04	0.43	0.09	0.31	0.38	0.01	1.3	0.03	0.09	0.04	0.01	0.28	0.08	0.02	0.23	0.03	0.49	0.49	0.14	0.39	0.1	0.05	0.04	0.13	0.49	0.13	0.29	0.49	0.1	0.21	0.99	0.5	0.02	0.16	0.17	0.04	0.49	0.25	0.49	0.33	0.47	0.1	0.02	0.15	0.5	0.03	0.66	0.05	0.09	0.05	0.22	0.49
0.55	0.04	0.08	0.5	0.14	0.65	0.12	0.09	0.02	0.03	0.14	4.34	0.03	0.45	0.45	0.2	0.04	0.39	0.45	0.45	0.45	0.42	0.3	0.45	0.45	0.04	0.03	0.39	0.46	0.04	0.46	0.16	0.03	0.47	0.04	0.97	0.01	0	0.08	0.47	0.11	0.09	0.02	0.46	0.14	0.52	0.19	50.4	0.35	0.46	0.04	0.18	0.68	0.24	0.47	0.47	0.3	0.01	0.47	0.1	0.02	0.47	0.29	0.47	0.47	0.48	0.04	0.12	0.38	0.04	0.01	0.14	0.16	0.48	0.02	0.48	0.99	0.18	0.48	0.03	0.04	0.49	0.04	0.18	0.5	0.11	1	0.18	0.09	0.91	0.14	0.5	0.4	0.41	0.4	0.12	0.04	0.4	0.18
0.01	0.11	0.15	0.46	0.04	0.36	0.01	0.12	0.1	0.29	0.01	2.23	0.11	0.93	0.5	0.09	0.14	0.25	0.23	0.28	0.12	0.04	0.09	0.04	0.34	0.11	0.13	0.14	0.17	0.11	0.01	0.05	0.79	0.02	0.51	0.43	0.08	0.09	0	0.05	0.09	0.03	0.1	0.43	0.35	0.02	0.16	0.11	0.43	0.01	0.09	0.33	0.09	0.31	0.43	0	0.45	0.09	0.05	0	0.38	0.38	0.42	0.53	0.04	0.3	0.12	0.34	0.13	0.11	0.17	0.03	0.02	0.18	0.13	0.04	0.05	0.21	0.2	0.11	0.1	0.44	0.12	0.43	0.17	0.04	0.08	0.05	0.07	0.38	0.15	0.22	0.14	0.48	0.14	0.1	0.12	0.43	0.23
0.1	0.2	0.41	0.26	0.09	0.32	0.1	0.49	0.21	0.22	0.03	1.8	0.87	0.21	0.27	0.8	0.26	0.27	0.24	0.8	0.19	0.03	0.41	0.09	0.09	0.42	0.42	0.23	0.56	0.22	0.35	0.04	0.21	0.09	0.16	0.09	0.2	0.44	0.05	0	0.23	0.03	0.3	0.12	1.67	0.09	0.23	0.59	0.55	0.11	0.55	0.05	0.22	0.07	0.16	0.05	0.21	0.42	0.37	0.4	0.48	0.26	0.23	0.23	0.48	0.05	0.24	0.34	0.23	0.48	0.23	0.09	0.48	0.2	0.23	0.04	0	0.5	0.22	0.15	0.24	0.22	0.25	0.36	0.23	0.53	0.1	0.06	0.04	0.21	0.92	0.21	0.15	0.22	0.25	0.21	0.23	0.22	0.73
0.46	0.02	0.91	0.56	0.15	0.96	0.46	0.09	0.03	0.43	0.23	0.72	0.12	0.04	0.4	0.21	0.05	0.9	0.27	0.02	0.06	0.15	0.2	0.4	0.91	0.41	0.03	0.4	0.1	0.35	0.1	0.17	0.29	0.13	0.04	0.21	0.16	0.41	0.09	0.23	0	0.13	0.01	0.12	1.97	0.14	0.41	0.08	0.33	0.1	0.02	0.18	0.01	0.5	0.08	0.41	0.03	0.02	0.19	0.1	0.04	0.1	0.2	0.21	0.15	0.16	0.04	0.51	0.05	0.04	0.03	0.37	0.22	0.27	0.03	0.42	0.21	0.55	1.52	0.52	0.05	0.16	0.38	0.27	0.26	0.12	0.26	0.17	0.35	0.06	0.15	0.77	0.05	0.47	0.05	0.02	0.43	0.01	0.19
0.24	0.11	0.15	0.14	0.09	0.3	0.03	0.12	0.17	0.48	0.27	7.86	0.38	0.12	0.22	0.06	0.15	0.26	0.46	0.14	0.14	0.02	0.08	0.04	0.04	0.47	0.14	0.14	0.48	0.13	0.03	0.08	0.14	0.09	0.13	0.15	0.12	0.11	0.03	0.03	0.12	0.01	0.36	0.07	0.49	0.09	0.3	0.28	0.28	0.33	0.45	0.08	0.49	0.11	0.13	0.04	0.15	0.11	0.2	0.4	0.12	0.41	0.14	0.5	0.41	0.28	0.15	0.03	0.16	0.41	0.12	0.06	0.79	0.18	0.51	0.01	0.03	0.43	0.41	0.12	0.14	0.03	0.17	0.09	0.6	0.05	0.09	0.93	0.04	0.1	0.04	0.19	0.12	0.43	0.3	0.52	0.5	0.13	0.24
0.12	0.01	0.46	0.05	0.49	0.25	0.13	0.02	0.02	0.05	0.39	3.09	0.45	0.22	0.58	0.2	0.04	0.19	0.23	0.02	0.38	0.16	0.29	0.46	0.32	0.03	0.03	0.04	0.56	0.64	0.36	0.17	0.03	0.49	0.03	0.18	0.02	0.28	0.11	0.56	0.22	0.12	0	0.12	1.88	0.14	0.2	0.26	0.34	0.42	0.34	0.21	0	0.17	0.05	0.11	0.03	0.01	0.15	0.11	0.03	0.11	0.03	0.21	0.48	0.17	0.04	0.12	0.04	0.04	0.04	0.46	0.2	0.42	0.25	0.11	0.23	0.19	0.51	0.04	0.04	0.46	0.56	1.01	0.27	0.12	0.2	0.17	0.11	0.03	0.15	0.96	0.17	0.33	0.04	0.02	0.04	0.01	0.46
0.41	1.07	0.15	0.46	0.05	0.44	0.64	0.84	0.14	0.22	0.03	1.3	0.11	0.14	0.84	0.14	0.17	0.28	0.25	0.44	0.13	0.46	0.11	0.05	0.05	0.47	0.49	0.3	0.18	0.46	0.01	0.07	0.47	0.04	0.12	0.1	0.46	0.29	0.03	0.13	0.15	0.06	0.13	0	0.96	0.09	0.17	0.18	0.24	0.02	0.46	0.17	0.11	0.87	0.47	0.01	0.29	0.14	0.08	0.02	0.41	0.07	0.66	0.34	0.14	0.17	0.26	0.14	0.49	0.46	0.23	0.12	0.05	0.19	0.11	0.47	0.12	0.09	0.37	0.1	0.14	0.05	0.47	0.15	0.24	0.04	0.47	0.07	0.01	0.14	0.3	0.67	0.47	0.63	0.15	0.12	0.68	0.48	0.53
1.01	0.54	0.44	0.43	0.43	0.43	2.01	0.9	2.47	0.99	0.46	11.5	0.43	0.41	0.41	0.41	0.41	0.36	0.23	0.91	0.41	0.05	0.91	0.01	0.41	0.91	0.41	0.18	0.41	0.5	0.4	0.4	0.5	0.02	0.14	0.99	0.48	0.48	0.03	0.48	0.99	0.49	0.99	1.79	0.01	0.08	0.2	0.49	0.22	0.04	0.49	0.47	0.15	0.06	0.49	0.04	0.49	0.99	0.05	0.04	0.13	0.04	0.99	0.48	0.05	0.35	0.49	0.03	0.49	0.18	0.15	0	1.49	0.99	0.53	0.05	0.48	0.06	0.69	0.42	0.47	0.04	0.47	0.47	0.48	0.05	0.09	0.14	6.17	5.65	9.58	6.48	0.42	0.25	1.94	3.33	5.43	2.04	1.48
0.03	0.2	0.26	0.31	0	0.51	0.41	0.19	0.52	0.17	0.41	9.01	0.48	0.14	0.27	0.48	0.52	0.43	0.81	0.53	0.17	0.47	0.63	0.01	0.71	0.38	0.43	0.57	0.41	0.15	0.43	1.13	0.63	0.01	0.14	0.07	0.15	1.44	0.08	0.11	0.44	0.11	0.14	0.29	0.03	0	0.53	27.3	0.2	0.03	0.14	1.35	0.12	0.08	0.48	0.53	0.43	0.51	0.5	0.1	0.43	0.62	0.39	0.43	0.1	0.07	0.44	0.02	0.44	0.37	0.24	0.03	0	0.22	0.44	0.58	0.17	0.65	1.25	0.13	0.15	0.08	0.44	0.62	0.15	0.42	0.4	0.09	0.96	0.13	0.03	0.45	0.13	0.46	0.41	0.46	0.77	0.14	0.96
0.15	0.26	0.5	0.6	0.4	0.42	0.2	0.22	0.4	0.58	0.15	2.44	0.49	0.23	0.49	0.49	0.53	0.36	0.35	1.1	0.28	0.16	0.49	0.15	0.15	0.23	0.4	0.32	0.34	0.45	0.5	0.17	0.91	0.41	0.5	0.19	0.2	0.53	0.15	0.23	0.41	0.2	0.42	0.44	0.4	0.15	0	0.22	0.49	0.18	0.42	0.21	0.19	0.17	0.22	0.43	0.22	0.2	0.43	0.16	0.21	0.99	0.22	0.01	0.39	1.91	0.23	0.24	0.23	0.44	0.4	0.14	0.44	0.64	0.21	0.21	0.45	0.42	0.31	0.22	0.23	0.45	0.22	0.45	0.41	0.22	0.39	0.45	0.16	0.21	0.15	0.3	0.22	1.15	0.23	0.45	0.54	0.24	0.34
0.13	0.91	0.09	0.06	0.14	0.42	0.48	0.01	0.42	1.76	0.29	0.46	0.21	0.1	0.7	0.21	1	0.21	0.32	0.09	0.4	0.51	0.52	0.51	0.41	0.03	0.04	0.03	0.1	0.42	0.43	0.5	0.01	1.12	0.05	0.22	0.05	0.3	0.12	0.4	0.19	0.51	0.41	0.31	0.78	0.16	0.41	0	0.35	0.12	0.91	0.24	0.05	0.38	0.52	0.13	0.01	0.05	0.16	0.12	0.43	0.24	0.43	0.34	0.19	0.16	0.07	0.15	0.11	0.27	0.44	0.27	0.49	0.28	0.34	0.45	0.23	0.47	0.35	0.05	0.05	0.48	0.45	0.58	0.5	0.46	0.56	0.46	0.86	0.03	0.14	0.7	0.06	0.67	0.06	0.03	0.05	0.03	0.49
0.22	0.34	0.47	1.03	0.2	0.37	0.22	0.36	1.13	0.67	0.46	0.72	0.32	0.33	0.96	0.17	0.37	0.32	0.32	0.67	0.36	0.22	0.26	0.21	0.4	0.95	0.5	0.37	0.38	0.34	0.46	0.22	0.33	0.46	0.95	0.45	0.32	0.53	0.96	0.24	0.34	0.23	0.45	0.24	0.52	0.79	0.45	1.96	0	0.46	1.03	0.18	0.34	0.66	0.33	0.55	0.35	0.36	0.35	0.23	0.32	0.23	0.45	0.33	0.23	0.15	0.45	0.49	0.48	0.34	0.41	0.45	0.26	0.25	0.33	0.25	0.23	0.16	0.02	0.33	0.35	0.59	0.38	0.46	0.39	0.24	0.15	0.18	0.23	0.34	0.21	0.46	0.63	0.38	0.37	0.66	0.96	0.64	0.31
0.22	0.24	0.31	0.13	0.04	0.66	0.02	0.11	0.46	0.11	0.46	4.78	0.18	0.47	0.23	0.09	0.12	0.24	0.47	0.08	0.13	0.03	0.05	0.04	0.04	0.09	0.1	0.12	0.48	0.19	0.01	0.05	0.11	0.02	0.67	0.07	0.09	0.08	0.01	0.04	0.29	0.02	0.1	0.03	1.56	0.44	0.5	0.12	0.6	0	0.14	0.29	0.09	0.15	0.19	0.4	0.24	0.09	0.05	0.01	0.11	0.4	0.27	0.25	0.04	0.08	0.12	0.11	0.14	0.4	0.61	0.04	0.03	0.2	0.1	0.02	0.04	0.08	0.81	1.07	0.13	0.39	0.45	0.07	0.14	0.01	0.75	0.09	0	0.18	0.04	0.18	0.61	0.22	0.13	0.42	0.12	0.12	0.52
0.47	0.13	0.4	0.47	0.47	0.26	0.1	0.41	0.02	0.03	0.46	4.74	0.03	0.04	0.37	0.51	0.41	0.51	1.91	0.98	0.06	0.14	0.19	0.98	0.48	1.46	0.04	0.45	0.45	0.04	0.09	0.45	0.38	0.43	0.12	0.43	0.03	0.02	0.43	0.41	0.02	0.91	0.12	0.41	0.99	0.49	0.47	0.04	0.48	0.46	0.04	0.43	0.01	0.83	0.43	0.11	0.16	0.42	0.16	0.42	0.42	0.1	0.4	0.5	0.15	0.51	0.06	0.45	0.05	0.04	0.04	0.55	0.45	0.25	0.02	0.1	0.44	0.44	0.44	0.25	0.44	0.23	0.03	0.48	0.26	0.11	0.44	0.44	0.43	0.02	0.43	0.55	0.03	0.56	0.54	0.02	0.44	0.58	0.57
0.08	0.2	0.22	0.21	0.46	0.25	0.46	0.22	0.22	0.2	0.07	2.86	0.2	0.19	0.46	0.03	0.21	0.22	0.17	0.43	0.2	0.07	0.01	0.89	0.09	0.16	0.57	0.97	0.47	0.47	0.08	0.47	0.19	0.13	0.49	0.04	0.19	0.47	0.09	0.08	0.47	0.98	0.21	0.25	12.3	1.02	0.2	0.22	0.58	0.07	0.38	0	0.17	0.32	0.48	0.08	0.2	0.89	0.22	0.09	0.99	0.42	0.21	0.21	0.05	0.03	0.4	0.08	0.29	0.21	0.21	0.09	0.69	0.14	0.5	0.09	0.05	0.4	0.17	0.19	0.21	0.05	0.33	0.4	1.1	0.09	0.16	0.08	0.08	0.22	0.7	0.15	0.21	0.18	0.41	0.19	0.22	0.22	0.19
0.48	0.01	0.09	0.04	0.14	0.25	0.12	0.42	0.02	0.02	0.37	3.67	0.03	0.43	0.37	0.22	0.04	0.18	1.14	0.01	0.24	0.15	0.46	0.3	0.15	0.1	0.02	0.44	0.09	0.04	0.4	0.15	0.02	0.12	0.03	0.21	0.01	0.54	0.1	0.44	0.01	0.29	0.24	0.27	1.64	0.21	0.19	0.41	0.32	0.09	0.04	0.17	0	0.54	0.04	0.44	0.02	0	0.36	0.18	0.03	0.19	0.02	0.2	0.52	0.15	0.44	0.11	0.04	0.03	0.02	0.44	0.28	0.89	0.41	0.11	0.22	0.2	0.32	0.19	0.42	0.14	0.04	0.19	0.56	0.11	0.85	0.15	0.11	0.02	0.16	0.37	0.21	0.73	0.04	0.36	0.29	0.21	0.26
0.67	0.7	0.94	1.34	0.44	0.57	0.36	0.51	0.9	0.75	0.05	2.3	0.25	0.58	0.32	0.65	0.9	0.4	0.91	0.41	0.44	0.23	0.17	0.5	0.13	0.68	0.29	0.44	0.27	0.41	1	0.55	0.44	0.6	0.17	1.46	0.96	0.46	0.45	1.16	0.72	0.71	0.96	0.46	2.46	0.2	0.42	0.2	0.54	0.27	0.98	0.48	0.14	0	0.17	0.13	0.25	0.52	0.12	0.14	0.53	0.51	0.37	0.39	0.5	0.35	0.5	0.45	0.5	2.04	1.32	0.98	0.98	1.06	0.63	0.44	0.73	0.51	0.41	0.53	0.36	0.4	0.21	0.2	0.37	0.52	0.95	0.55	1.2	0.53	0.36	0.46	0.18	0.39	1.12	1.48	0.98	0.56	0.48
0.12	0.05	0.93	0.08	0.13	0.43	0.45	0.06	0.04	0.06	0.12	2.49	0.01	0.06	0.98	0.48	0.26	0.59	0.34	0.04	0.45	0.15	0.21	0.14	0.15	0.05	0.48	0.07	0.13	0	0.12	0.68	0.06	0.13	0.42	0.48	0.03	0.04	0.12	0.16	0.68	0.43	0.05	0.14	1.29	0.48	0.59	0.06	0.34	0.19	0.03	0.48	0.04	1.45	0	0.12	0.06	0.05	0.16	0.13	0.05	0.49	0.06	0.22	0.31	0.23	0.49	0.49	0.13	0.07	0.23	0.14	0.69	0.28	0.04	0.13	0.33	0.18	0.49	0.01	0.03	0.15	0	0.19	0.28	1	0.19	0.18	0.22	0.04	0.14	0.47	0.01	0.34	0.08	0.05	0.07	0.9	0.67
0.02	0.11	0.46	0.13	0.02	0.31	0.46	0.11	0.41	0.17	0.01	1.36	0.46	0.12	0.26	0.1	0.14	0.47	0.24	0.47	0.13	0.05	0.09	0.03	0.35	0.1	0.11	0.47	0.17	0.12	0.01	0.11	0.16	0.02	0.64	0.08	0.47	0.38	0	0.29	0.1	0.05	0.1	0.15	1.4	0.05	0.15	9.11	0.73	0.07	0.58	0.09	0.48	0.07	0.11	0	0.49	0.1	0.26	0.01	0.12	0.99	0.12	0.15	0.04	0.08	0.12	0.02	0.13	0.14	0.5	0.31	0.02	0.18	0.18	0.03	0.05	0.07	0.2	0.43	0.4	0.12	0.43	0.4	0.21	0.03	0.08	0.41	0.01	0.11	0.03	0.2	0.11	0.52	0.29	0.1	0.41	0.42	0.32
0.15	0.02	0.44	0.05	0.14	0.64	0.44	0	0.02	0.19	0.12	7.35	0.05	0.03	1.07	0.57	0.05	0.2	0.32	0.03	0.05	0.41	0.21	0.47	0.15	0.03	0.03	0.02	0.11	0.36	0.47	0.47	0.01	0.4	0.05	0.19	0.04	0.03	0.11	0.21	0.67	0.16	0.03	0.15	0.47	0.19	0.22	48.5	0.47	0.47	0.31	0.19	0.02	0.98	0.06	0.12	0	0.03	0.17	0.11	0.03	0.46	0.03	0.22	0.48	0.25	0.05	0.33	0.05	0.05	0.04	0.58	0.58	0.28	0.03	0.48	0.21	1.09	0.33	0.4	0.05	0.27	0.84	0.2	0.28	0.13	0.22	0.16	0.13	0.03	0.14	1	0.05	0.35	0.05	0.02	0.05	0.37	0.6
0.63	0.02	0.09	0.61	0.13	0.25	0.43	0.15	0.03	0.03	0.13	0.67	0.04	0.04	0.36	0.22	0.04	1.13	0.27	0.02	0.29	0.16	0.5	0.14	0.14	0.03	0.03	0.05	0.14	0.05	0.47	0.18	0.07	0.13	0.04	0.19	0.02	0.08	0.11	0.24	0.01	0.12	0.01	0.13	0.97	0.47	0.2	0.27	0.34	0.09	0.02	0.17	0.01	0.55	0.05	0.48	0.03	0	0.31	0.1	0.03	0.78	0.03	0.48	0.16	0.15	0.14	0.58	0.05	0.04	0.02	0.14	0.14	0.27	0.05	0.13	0.22	0.59	0.71	0.41	0.04	0.28	0.19	0.21	0.26	0.12	0.19	0.19	0.11	0.03	0.15	0.31	0.07	0.41	0.4	0.23	0.08	0.01	0.49
0.04	0.79	0.22	1.5	0.99	0.25	0.04	0.5	0.49	0.17	0.05	0.18	0.15	0.14	0.18	0.03	0.19	0.2	0.21	0.45	0.15	0.04	0.05	0.05	0.51	0.56	0.41	0.56	0.36	0.46	0.04	0	0.17	0.09	0.15	0.03	0.15	0.16	0.05	0.04	0.17	0.08	0.18	0.07	0.48	0.42	0.44	6.56	0.17	0.05	0.35	0.03	0.15	0.12	0.51	0.05	0.47	0.15	0	0.05	0.43	1.07	0.47	0.17	0.04	0.07	0.47	0.04	0.18	0.17	0.16	0.05	0.48	0.13	0.16	0.48	0.29	0.22	0.48	0.15	0.17	0.48	0.16	0.04	0.23	0.08	0.49	0.35	0.29	0.25	0.05	0.99	0.15	0.42	0.18	0.17	0.23	0.49	0.43
0.02	0.11	0.15	0.4	0.1	0.32	0.02	0.11	0.49	0.31	0.02	5.25	0.11	0.12	0.44	0.08	0.15	0.26	0.44	0.09	0.13	0.04	0.44	0.07	0.33	0.11	0.44	0.15	0.18	0.44	0.01	0.05	0.3	0.06	0.12	0.44	0.16	0.67	0	0.15	0.11	0.04	0.12	0.01	0.44	0.19	0.17	0.13	0.44	0.25	0.09	0.09	0.51	0.49	0.54	0.01	0.47	0.1	0.05	0	0.44	0.29	0.12	0.59	0.04	0.07	0.44	0.02	0.46	0.44	0.09	0.44	0.1	0.45	0.11	0.04	0.04	0.44	0.23	0.19	0.12	0.2	0.13	0.44	0.25	0.04	0.09	0.44	0.01	0.11	0.05	0.32	0.11	0.23	0.14	0.12	0.13	0.26	0.24
0.11	0.18	0.09	0.42	0.12	0.26	0.12	0.03	0.02	0.06	0.14	6.07	0.04	0.02	0.37	0.35	0.05	0.2	0.34	0.03	0.19	0.15	0.54	0.13	0.52	0.74	0.04	0.2	0.11	0.43	0.11	0.16	0.04	0.49	0.05	0.19	0.02	0.69	0.11	0.21	0.04	0.2	0.06	0.39	0.47	1.07	0.57	0.04	0.35	0.11	0.02	0.18	0.03	0.47	0.06	0.09	0.25	0.28	0.14	1.08	0	1.48	0.2	0.22	0.14	0.16	0.05	0.35	0.39	0.04	0.04	0.27	0.95	0.61	0.41	0.11	0.2	0.23	0.3	0.41	0.03	0.13	0.04	0.19	0.91	0.41	0.21	0.16	0.36	0.02	0.13	0.53	0.87	0.6	0.07	1.04	0.06	0.03	0.53
0.02	0.48	1.47	0.48	0.03	0.48	0.02	0.11	0.97	0.47	0.02	2.03	0.11	0.48	0.26	0.47	1.47	0.77	0.48	0.21	0.5	0.47	0.96	0.96	0.04	0.45	0.13	0.46	0.95	0.95	0.12	0.45	0.45	0.45	0.42	0.44	0.45	0.44	0.94	0.44	0.43	0.43	0.43	0.43	0.04	0.43	0.92	90.5	0.23	0.01	0.43	0.41	0.41	0.18	0.51	0.91	0.41	0.41	0.06	0.4	0.41	0.01	1	0.49	0.11	0.08	1.49	0.02	0.52	0.48	0.48	0.98	0.55	0.97	0.48	0.04	0.05	0.58	0.47	0.47	0.11	0.97	0.97	0.47	0.47	0.04	0.47	0.47	0.01	1.46	0.03	0.5	1.46	0.56	0.45	0.45	0.45	1.45	1.36
0.48	0.03	0.1	0.02	0.15	0.22	0.13	0.03	0.03	0.29	0.16	7.72	0.06	0.03	0.39	0.22	0.02	0.5	0.43	0.03	0.06	0.17	0.26	0.51	0.18	0.04	0.15	0.05	0.11	0.07	0.43	0.16	0.04	0.53	0.05	0.19	0.03	0.03	0.13	0.44	0.04	0.12	0.03	0.16	1.18	0.19	0.44	0.34	0.37	1.04	0.04	0.44	0.02	0.36	0.06	0.37	0.04	0.03	0.18	0.17	0.44	0.26	0	0.22	0.44	0.17	0.01	0.15	0.25	0.04	0.44	0.15	0.7	0.29	0.04	0.13	0.44	0.18	0.68	0.06	0.44	0.18	0.06	0.21	0.5	0.46	0.21	0.28	0.12	0.04	0.14	0.31	0.45	0.36	0.02	0.42	0.37	0.03	0.6
0.41	0.21	0.3	0.3	0.13	0.42	0.15	0.48	0.21	0.41	0.15	1.2	0.48	0.23	0.37	1.01	0.23	0.46	0.35	0.2	0.27	0.16	0.46	0.16	0.14	0.22	0.22	0.24	0.66	0.23	0.29	0.17	0.31	0.3	0.24	0.51	0.46	0.33	0.25	0.21	0.21	0.2	0.21	1.26	0.5	0.12	0.01	0.47	0.33	0.15	0.2	0.46	0.2	0.34	0.22	0.48	0.26	0.2	0.17	0.16	0.21	0.67	0.22	0	0.18	0.2	0.47	0.47	0.24	0.23	0.47	0.14	0.13	0.35	0.47	0.22	0.21	0.47	0.31	0.67	0.28	0.61	0.22	0.18	0.07	0.4	0.5	0.18	0.53	0.21	0.36	0.3	0.22	0.35	0.23	0.32	0.55	0.27	0.34
0.41	0.14	0.19	0.42	0.09	0.28	0.32	0.15	0.16	0.44	0.03	0.92	0.15	0.45	0.19	0.44	0.17	0.52	0.21	0.45	0.55	0.03	0.05	0.04	0.25	0.13	0.45	0.17	0.18	0.16	0.04	0.83	0.18	0.06	0.15	0.05	0.13	0.17	0.04	0.01	0.16	0.02	0.17	0.06	3.08	0.53	0.18	0.46	0.2	0.04	0.56	0.05	0.17	0.17	0.16	0.05	0.33	0.15	0.04	0.04	0.15	0.05	0.24	0.16	0	0.05	0.18	0.28	0.2	0.34	0.17	0.05	0.47	0.19	0.15	0.04	0.01	0.27	0.19	0.5	0.31	0.48	0.52	0.41	0.87	0.47	0.05	0.06	0.04	0.15	0.04	0.17	0.29	0.19	0.17	0.14	0.17	0.17	0.2
0.46	0.17	0.2	0.2	0.06	0.46	0.07	0.66	0.18	0.46	0.06	1.98	0.3	0.15	0.17	0.01	0.53	0.18	0.17	0.15	0.19	0.05	0.28	0.07	0.07	0.16	0.17	0.18	0.44	0.19	0.39	0.03	0.28	0.44	0.18	0.01	0.16	0.45	0.07	0.05	0.16	0.08	0.44	0.14	4.53	0.19	0.2	0.44	0.15	0.08	0.16	0.03	0.15	1.04	0.94	0.44	0.16	0.16	0.02	0.44	0.16	0.41	0.41	0.54	0.06	0	0.18	0.36	0.19	0.44	0.15	0.07	0.06	0.12	0.94	0.09	0.05	0.02	0.43	0.18	0.17	0.08	0.18	0.01	0.16	0.07	0.01	0.05	0.08	0.18	0.07	0.48	0.54	0.24	0.19	0.44	0.19	0.18	0.2
0.15	0.19	0.49	0.03	0.18	0.23	0.21	0.05	0.05	0.04	0.49	10.5	0.07	0.04	0.49	0.24	0.03	0.56	0.3	0.08	0.1	0.25	0.23	0.19	0.17	0.05	0.3	0.07	0.49	0.37	0.45	0.19	0.05	0.2	0.06	0.22	0.09	0.07	0.45	0.24	0.04	0.13	0.04	0.17	3.18	0.21	0.23	0.05	0.45	0.12	0.44	0.43	0.03	0.7	0.08	0.14	0.36	0.45	0.19	0.27	0.08	0.15	0.03	0.86	0.45	0.31	0	0.14	0.02	0.06	0.05	0.17	0.56	0.57	0.05	0.15	0.23	0.4	0.33	0.07	0.38	0.16	0.32	0.32	0.46	0.15	0.21	0.19	0.41	0.05	0.17	0.75	0.07	0.7	0.04	0.56	0.36	0.28	0.54
0	0.2	0.4	0.14	0.4	0.71	0.12	0.28	0.41	0.13	0.03	0.21	0.41	0.51	0.25	0.15	0.14	0.27	0.41	0.11	0.12	0.04	0.17	0.03	0.03	0.42	0.13	0.15	0.16	0.29	0.02	0.31	0.42	0.02	0.11	0.08	0.11	0.4	0.03	0.1	0.14	0.03	0.12	0.35	0.23	0.02	0.18	6.32	0.22	0.03	0.11	0.44	0.12	0.13	0.13	0.02	0.12	0.11	0.44	0.02	0.12	1.34	0.84	0.34	0.21	0.07	0.17	0	0.54	0.16	0.44	0.03	0.64	0.18	0.11	0.03	0.48	0.39	0.2	0.21	0.15	0.03	0.15	0.45	0.21	0.03	0.08	0.05	0.02	0.11	0.02	0.31	0.12	0.23	0.14	0.46	0.46	0.76	0.92
0.47	0.36	0.29	0.03	0.48	0.24	0.16	0.1	0.05	0.08	0.2	2.42	0.07	0.41	0.7	0.25	0.03	0.22	2.78	0.05	0.09	0.19	0.46	0.17	0.17	0.05	0.42	0.07	0.13	0.08	0.13	0.18	0.06	0.15	0.12	0.21	0.05	0.44	0.13	0.25	0.05	0.28	0.45	0.18	1.35	0.17	0.46	0.06	0.38	0.46	0.24	0.46	0.32	0.74	0.08	0.13	0.31	0.04	0.19	0.15	0.06	0.38	0.04	0.24	0.18	0.18	0.01	0.16	0	0.11	0.06	0.18	0.18	0.4	0.17	0.16	0.4	0.2	0.35	0.07	0.07	0.41	0.08	0.22	0.3	0.16	0.52	0.35	0.52	0.19	0.17	0.35	0.43	0.5	0.06	0.05	0.43	0.05	0.43
0.13	0.03	0.48	0.06	0.17	0.44	0.16	0.02	0.03	0.02	0.13	6.07	0.06	0.04	0.56	0.23	0.06	0.21	0.33	0.46	0.06	0.52	0.21	0.17	0.16	0.04	0.04	0.02	0.11	0.07	0.12	0.18	0.01	0.14	0.14	0.42	0.04	0.04	0.12	0.23	0.04	0.12	0.03	0.15	0.17	0.67	0.47	0.17	0.41	0.48	0.09	0.21	0.03	0.4	0.07	0.12	0.06	0.41	0.23	0.12	0.04	0.48	0.04	0.23	0.17	0.16	0.06	0.14	0.06	0	0.05	0.17	0.14	0.29	0.04	0.13	0.56	0.43	0.34	0.36	0.05	0.22	0.07	0.21	0.53	0.13	0.49	0.17	0.12	0.03	0.15	0.52	0.06	0.35	0.06	0.14	0.05	0.04	0.9
0.12	0.03	0.08	0.06	0.15	0.26	0.11	0.4	0.03	0.41	0.71	2.36	0.04	0.2	0.45	0.23	0.06	0.2	0.46	0.34	0.66	0.17	0.2	0.15	0.15	0.16	0.04	0.06	0.43	0.05	0.46	0.56	0.04	0.25	0.27	0.21	0.02	0.01	0.1	0.23	0.03	0.12	0.03	0.29	2.73	0.14	0.2	4.24	0.35	0.09	0.42	0.21	0.02	0.46	0.05	0.82	0.46	0.02	0.18	0.09	0.04	0.11	0.04	0.2	0.55	0.15	0.05	0.19	0.06	0.05	0	0.46	0.46	0.28	0.47	0.67	0.42	0.35	0.77	0.04	0.05	0.18	0.08	0.19	0.57	0.47	0.57	0.16	0.47	0.04	0.14	0.35	0.33	0.55	0.05	0.28	0.05	0.34	0.48
0.03	0.23	0.17	0.26	0.02	0.3	0.03	0.44	0.14	0.16	0.03	0.61	0.38	0.42	0.25	0.09	0.41	0.25	0.52	0.14	0.41	0.05	0.41	0.01	0.03	0.42	0.15	0.19	0.42	0.15	0.04	0.06	0.16	0.01	0.15	0.42	0.13	0.24	0.03	0.42	0.15	0.04	0.17	0.42	0.54	0.01	0.14	0.16	0.21	0.43	0.43	0.09	0.14	0.42	0.14	0.43	0.14	0.53	0.05	0.04	0.43	0.04	0.44	0.18	0.05	0.94	0.16	0.03	0.43	0.15	0.15	0	0.19	0.19	0.13	0.05	0.44	0.06	0.2	0.14	0.17	0.44	0.64	0.29	0.22	1.45	0.09	0.04	0.04	0.14	0.01	0.18	0.14	0.46	0.45	0.53	1.36	0.14	0.46
0.41	0.13	0.52	1.42	0.01	0.31	0.64	0.14	0.34	0.41	0.02	2.81	0.66	0.45	0.28	0.81	0.18	0.71	0.48	1.32	0.42	0.47	0.42	0.42	0.05	0.39	0.42	0.52	0.21	0.31	0.43	0.11	0.42	0.11	0.14	0.06	0.42	0.52	0.02	0.09	0.43	0.42	0.13	0.14	0.92	0	0.17	16.2	0.2	0.43	0.93	0.43	0.13	0.73	0.43	0.02	0.16	0.16	0.43	0.12	0.53	0.36	0.73	0.72	0.45	0.43	0.43	0.02	0.18	0.15	0.14	0.01	0	0.45	0.13	0.13	0.55	1.66	0.23	0.12	0.13	0.13	0.13	0.06	1.07	0.09	0.06	0.12	0.46	0.4	0.01	0.46	0.13	0.22	0.46	0.13	0.47	0.47	0.25
0.18	0.45	0.29	0.51	0.41	0.11	0.18	0.28	0.26	0.32	0.4	5.87	0.27	0.27	0.22	0.94	0.32	0.09	0.05	0.54	0.33	0.2	0.25	0.64	0.54	0.28	0.3	0.29	0.35	0.43	0.18	0.13	0.27	0.18	0.29	0.1	0.28	0.28	0.18	0.45	0.45	0.18	0.3	0.19	0.53	0.18	0.45	0.28	0.25	0.2	1.05	0.14	0.61	0.56	0.28	0.19	0.28	0.26	0.27	0.19	0.27	0.47	0.29	0.67	0.19	1.47	0.3	0.47	1.11	0.31	0.59	0.19	0.27	0	0.25	0.19	0.97	0.36	0.57	0.27	0.28	0.18	0.48	0.1	0.35	0.24	0.1	0.15	0.19	0.26	0.19	0	0.67	0.29	0.35	0.28	0.35	0.28	0.09
0.1	0.03	0.88	0.06	0.48	0.26	0.1	0.03	0.02	0.03	0.11	2.44	0.48	0.02	0.39	0.57	0.25	0.59	0.35	0.25	0.06	0.41	0.49	0.13	0.49	0.15	0.18	0.49	0.1	0.31	0.09	0.23	0.04	0.65	0.05	0.18	0.01	0.4	0.26	0.21	0.4	0.41	0.42	0.13	0.26	0.41	0.41	16.7	0.35	0.1	0.02	0.18	0.31	0.16	0.41	0.09	0.03	0.41	0.16	0.1	0.01	0.1	0.04	0.21	0.92	0.16	0.05	0.42	0.06	0.05	0.62	0.42	0.13	0.25	0	0.11	0.23	0.18	1.02	0.03	0.04	0.23	0.42	0.43	0.27	0.3	0.43	0.33	0.09	0.02	0.13	1.13	0.23	0.65	0.44	0.03	0.44	0.03	0.19
0.04	0.42	0.28	0.36	0.09	0.5	0.03	0.14	0.42	0.12	0.03	5.46	0.13	0.14	0.4	0.08	0.18	0.53	0.23	0.42	0.15	0.04	0.09	0.85	0.05	0.26	0.15	0.14	0.45	0.14	0.16	0.09	0.14	0.33	0.18	0.11	0.11	0.18	0.04	0.04	0.39	0.01	0.12	0.04	1.85	0.4	0.22	0.13	0.24	0.31	0.1	0.09	0.42	0.24	0.13	0.43	0.14	0.15	0.44	0.2	0.12	1.27	0.13	0.21	0.04	0.46	0.16	0.72	0.16	0.13	0.12	0.43	0.47	0.2	0.11	0	0.04	0.08	0.22	0.21	0.48	0.06	0.14	0.1	0.34	0	0.44	0.09	0.12	0.45	0.05	0.38	0.32	0.45	0.44	0.18	0.41	0.12	0.43
0.1	0.46	0.2	0.27	0.46	0.32	0.1	0.21	0.21	0.46	0.31	1.74	0.15	0.42	0.27	0.27	0.39	0.35	0.24	0.21	0.45	0.41	0.06	0.11	0.09	0.22	0.53	0.51	0.43	0.58	0.2	0.42	0.44	0.35	0.17	0.09	0.42	0.66	0.05	0	0.62	0.03	0.22	0.12	4.81	0.35	0.24	0.23	0.23	0.27	0.33	0.05	0.55	0.4	0.16	0.31	0.22	0.23	0.04	0.04	0.5	0.92	0.48	0.24	0.27	0.05	0.41	0.1	0.54	0.46	0.21	0.41	0.71	0.25	0.2	0.04	0	0.08	0.22	0.15	0.21	0.06	0.31	0.09	0.46	0.04	0.47	0.07	0.04	0.2	0.09	0.21	0.15	0.51	0.48	0.21	0.26	0.21	0.48
0.06	0.99	0.24	0.21	0.04	0.48	0.09	0.2	0.16	0.47	0.06	2.9	1.01	0.17	0.18	0.59	0.49	0.19	0.18	0.17	0.48	0.16	0.05	1.25	0.06	0.49	0.31	0.46	0.25	0.56	0.07	0.03	0.19	0.05	0.18	0.01	0.17	0.48	0.43	0.43	0.43	0.08	0.43	0.44	1.01	0.05	0.17	0.19	0.41	0.08	0.47	0.8	0.6	0.9	0.4	0.2	0.18	0.19	0.04	0.07	0.19	0.49	0.21	0.18	0.49	0.02	0.21	0.06	0.38	0.51	0.4	0.17	0.04	0.46	0.66	0.08	0.08	0	0.14	0.65	0.18	0.44	0.17	0.54	0.54	0.08	0.01	0.03	0.43	0.93	0.05	0.52	0.57	0.45	0.21	0.51	0.41	0.2	1.01
0.54	0.33	0.34	0.54	0.24	0.21	0.2	0.33	0.94	0.34	0.2	1.28	0.36	0.48	0.33	0.15	0.48	0.26	0.39	0.48	0.58	0.21	0.16	0.19	0.19	0.78	0.58	0.35	0.58	0.42	0.22	0.17	0.48	0.6	0.47	0.13	0.33	0.44	0.61	0.58	0.34	0.54	0.34	0.22	1.48	0.98	0.31	0.58	0.02	0.68	0.34	0.16	0.48	1.08	0.32	0.2	0.73	0.5	0.17	0.23	0.3	0.48	0.32	0.31	0.19	0.23	0.48	0.2	0.89	0.69	0.35	0.19	0.59	0.49	0.3	0.22	0.52	0.14	0	0.31	0.31	0.19	0.32	0.49	0.37	0.22	0.13	0.16	0.22	0.49	0.19	0.22	0.31	0.3	0.33	0.34	1	0.34	0.46
0.39	0.97	0.31	0.57	0.51	1.06	0.12	0.87	0.03	0.55	0.12	0.96	0.45	0.05	0.45	0.45	0.07	1.44	0.94	0.31	0.08	0.15	0.93	0.14	0.15	0.05	0.91	0.07	0.13	0.41	0.29	0.16	0.05	0.4	0.46	0.44	0.02	0.03	0.45	0.15	0.05	0.12	0.04	0.48	0.17	0.13	0.22	0.06	0.33	0.17	0.46	0.46	0.03	0.65	0.01	0.11	0.05	0.04	0.64	0.16	0.05	0.43	0.35	0.22	0.42	0.42	0.07	0.11	0.41	0.41	0.11	0.91	0.23	0.4	0.06	0.5	0.15	0.49	0.31	0	0.03	0.98	0.48	0.18	0.57	0.47	0.47	0.24	0.46	0.04	0.14	0.65	0	0.57	0.78	0.75	0.66	0.04	0.44
0.41	0.41	0.08	0.07	0.14	0.28	0.12	0.47	0.02	0.04	0.41	0.32	0.03	0.13	0.97	0.21	0.07	0.27	0.43	0.04	0.06	0.16	0.25	0.47	0.17	0.03	0.05	0.15	0.12	0.26	0.11	0.17	0.05	0.13	0.05	0.2	0.03	0.17	0.1	0.48	0.05	0.13	0.04	0.16	3.5	0.23	0.23	0.9	0.33	0.16	0.04	0.48	0.04	0.21	0.03	0.11	0.05	0.04	0.48	0.12	0.03	0.4	0.05	0.23	0.14	0.32	0.06	0.15	0.07	0.05	0.05	0.2	0.33	0.28	0.09	0.15	0.21	0.48	0.64	0.38	0	0.15	0.33	0.48	0.29	0.13	0.21	0.17	0.48	0.01	0.14	0.32	0.18	0.48	0.07	0.04	0.06	0.04	0.21
0.03	0.13	0.19	0.17	0.08	0.61	0.03	0.46	0.15	0.14	0.02	6.69	0.16	0.49	0.19	0.04	0.17	0.22	0.2	0.17	0.77	0.06	0.49	0.04	0.39	0.17	0.16	0.16	0.24	0.41	0.4	0.03	0.15	0.2	0.15	0.41	0.16	0.15	0.12	0.01	0.18	0.07	0.15	0.3	0.65	0.57	0.4	0.36	0.8	0.18	0.42	0.2	0.3	0.72	0.33	0.09	0.2	0.2	0.46	0.7	0.15	0.28	0.92	0.42	0.02	0.06	0.19	0.22	0.36	0.42	0.18	0.11	0.46	0.18	0.13	0.04	0	0.09	0.56	0.33	0.16	0	0.15	0.07	0.63	0.06	0.13	0.08	0.34	0.19	0.04	0.16	0.73	0.26	0.29	0.14	0.19	0.43	0.44
0.12	0.05	0.44	0.44	0.13	0.54	0.12	0.06	0.04	0.64	0.52	0.53	0.01	0.06	0.36	0.33	0.08	0.21	1.17	0.11	0.11	0.15	0.21	0.14	0.47	0.05	0.06	0.47	0.13	0.25	0.47	0.16	0.06	0.13	0.08	0.19	0.03	0.37	0.26	0.41	0.06	0.48	0.05	0.48	0.77	0.54	0.48	0.06	0.33	0.19	0.21	0.48	0.04	0.17	0	0.18	0.08	0.04	0.49	0.12	0.04	0.49	0.06	0.59	0.15	0.83	0.07	0.12	0.08	0.07	0.05	0.14	0.18	1.5	0.04	0.13	0.16	0.4	0.34	0.4	0.03	0.18	0	0.58	1.04	0.13	0.19	0.18	0.12	0.41	0.14	0.3	0.06	0.4	0.08	0.05	0.4	0.6	0.28
0.44	0.18	0.21	0.22	0.06	0.45	0.07	0.2	0.45	0.19	0.35	7.85	0.18	0.18	0.46	0.14	0.46	0.18	0.57	0.2	0.21	0.07	0.04	0.48	0.07	0.18	0.21	1.03	0.68	0.48	0.08	0.48	0.2	0.05	0.19	0	0.49	0.49	0.08	0.48	0.2	0.09	0.18	0.1	0.41	0.11	0.64	0.56	0.15	0.49	0.45	0.04	0.19	0.66	0.19	0.08	0.19	0.18	0.03	0.09	0.49	0.17	0.21	0.18	0.05	0.01	0.43	0.11	0.4	0.21	0.4	0.08	0.4	0.1	0.92	0.1	0.09	0.03	0.4	0.18	0.5	0.16	0.19	0	0.2	0.65	0	0.04	0.08	0.18	0.31	0.91	0.4	0.38	0.22	0.4	0.5	0.21	0.38
0.21	0.27	0.51	0.29	0.4	0.48	0.61	0.47	0.27	0.3	0.41	2.41	0.49	0.53	0.43	0.27	0.4	0.62	0.6	0.48	0.23	0.49	0.7	0.16	0.6	0.4	0.4	0.3	0.3	0.29	0.21	0.51	0.28	0.19	0.52	0.41	0.26	0.55	0.17	0.23	0.41	0.2	0.27	0.6	3.32	0.15	0.07	9.17	1.21	0.53	0.42	2.03	0.25	0.62	0.42	0.21	0.28	0.26	0.24	0.22	0.27	0.31	0.43	0.43	0.18	0.43	0.43	0.44	0.29	0.29	0.26	0.94	0.15	0.35	1.15	0.28	0.23	0.28	0.44	0.45	0.29	0.32	0.31	0.2	0	0.45	0.56	0.17	0.56	0.27	0.14	0.39	0.28	0.87	0.67	0.27	0.29	0.27	0.97
0.41	0.41	0.16	0.21	0.1	0.31	0.42	0.12	0.12	0.13	0.03	0.48	0.5	0.13	0.23	1.09	0.15	0.27	0.49	0.79	0.14	0.42	0.09	0.05	0.5	0.13	0.14	0.4	0.17	0.16	0.04	0.09	0.52	0.09	0.14	0.1	0.11	0.41	0.41	0.3	0.11	0.01	0.43	0.41	1.47	0.09	0.22	0.13	0.41	0.01	0.81	0.41	0.12	0.06	0.14	0.42	0.5	0.13	0.13	0.04	0.13	0.38	0.42	0.22	0.42	0.07	0.16	0.03	0.16	0.15	0.22	0.05	0.1	0.19	0.43	0	0.04	0.45	0.23	0.47	0.94	0.03	0.14	0.09	0.28	0	0.11	0.08	0.03	0.45	0.04	0.2	0.13	0.3	0.56	0.46	0.27	0.19	0.25
0.76	0.76	0.56	0.21	0.08	0.23	0.2	0.46	0.17	0.24	0.1	0.14	0.47	0.19	0.47	0.03	0.57	0.18	0.17	0.47	0.18	0.08	0.07	0.47	0.47	0.2	0.2	0.32	0.25	0.97	0.08	0.03	0.19	0.06	0.17	0.15	0.19	0.21	0.44	0.09	0.49	0.09	0.2	0.13	2.13	0.09	0.49	0.59	0.15	0.07	0.49	0.04	0.2	0.27	0.59	0.08	0.19	0.19	0.03	0.09	0.19	0.09	0.33	0.19	0.4	0.03	0.59	0.43	0.54	0.21	0.41	0.09	0.47	0.41	0.18	0.1	0.09	0.12	0.35	0.19	0.19	0.05	0.5	0	0.34	0.1	0	0.04	0.08	0.42	0.08	1.12	0.19	0.15	0.22	0.54	0.21	0.42	0.51
0.04	0.25	0.18	0.18	0.09	0.58	0.04	0.16	0.15	0.22	0.06	1.76	0.56	0.16	0.24	0.06	0.19	0.22	0.21	0.46	0.18	0.1	0.46	0.04	0.05	0.14	0.18	0.18	0.54	0.46	0.07	0.09	0.16	0.76	0.15	0.08	0.16	0.16	0.05	0.46	0.16	0.08	0.18	0.32	2.73	0.46	0.17	0.18	0.18	0.27	0.96	0.08	0.17	2.2	0.46	0.08	0.17	0.49	0.09	0.08	0.15	0.46	0.16	0.15	0.06	0.05	0.19	0.05	0.18	0.46	0.16	0.05	0.43	0.46	0.18	0.08	0.07	0.03	0.46	0.3	0.15	0.46	0.21	0.04	0.18	0.1	0.04	0	0.08	0.15	0.04	0.18	0.76	0.55	0.19	0.15	0.57	0.78	0.54
0.02	0.17	0.16	0.13	0.1	0.31	0.41	0.43	0.09	0.51	0.02	5.86	0.25	0.11	0.23	0.44	0.15	0.26	0.22	0.09	0.14	0.04	0.44	0.04	0.04	0.11	0.14	0.13	0.17	0.12	0.24	0.04	0.14	0.41	0.46	0.08	0.45	0.14	0.01	0.04	0.32	0.04	0.1	0.01	0.36	0.21	0.16	0.16	0.37	0.01	0.1	0.08	0.11	0.46	0.12	0.01	0.13	0.1	0.04	0.01	0.66	0.07	0.12	0.16	0.04	0.46	0.13	0.32	0.13	0.56	0.11	1.36	0.22	0.19	0.13	0.03	0.28	0.46	0.46	0.47	0.14	0.04	0.97	0.47	0.22	0.03	0.38	0.08	0	0.17	0.03	0.2	0.44	0.97	0.28	0.12	0.14	0.12	0.66
0.41	0.47	0.09	0.05	0.12	0.26	0.13	0.03	0.02	0.04	0.12	9.22	0.43	0.01	0.35	0.31	0.91	0.2	0.54	0.03	0.06	0.14	0.4	0.45	0.14	0.02	0.08	0.05	0.09	0.05	0.09	0.46	0.46	0.12	0.06	0.17	0.02	0.63	0.41	0.21	0.04	0.98	0.03	0.49	0.21	0.61	0.21	0.04	0.32	0.19	0.18	0.2	0.02	0.4	0.49	0.11	0.03	0.03	0.49	0.1	0.02	0.33	0.4	0.22	0.55	0.18	0.05	0.2	0.41	0.17	0.04	0.14	0.41	0.27	0.02	0.41	0.2	0.18	0.46	0.04	0.02	0.16	0.04	0.43	0.27	0.12	0.34	0.15	0.43	0	0.14	0.29	0.04	0.94	0.43	0.03	0.05	0.03	1.44
0.02	0.13	0.18	0.19	0.01	0.3	0.3	0.19	0.12	0.48	0.03	0.7	0.13	0.13	0.24	0.1	0.17	0.24	0.23	0.15	0.4	0.12	0.09	0.14	0.02	0.12	0.9	0.44	0.2	0.14	0.18	0.05	0.22	0.29	0.16	0.08	0.16	0.13	0.25	0.09	0.14	0.08	0.15	0.05	0.09	0.02	0.15	0.16	0.21	0.04	0.14	0.42	0.14	0.06	0.51	0.03	0.43	0.14	0.42	0.04	0.13	0.3	0.16	0.12	0.42	1.5	0.17	0.02	0.16	0.42	0.42	0.01	0.01	0.19	0.16	0.05	0.47	0.31	0.42	0.14	0.15	0.04	0.14	0.07	0.14	0.15	0.08	0.04	0.03	0.43	0	0.43	0.14	0.37	0.43	0.22	0.16	0.15	0.22
0.19	1.06	0.46	0.4	0.18	0.12	0.48	0.35	0.6	0.97	0.46	13.2	0.29	0.94	0.22	0.44	0.32	0.43	0.43	0.64	0.32	0.19	0.36	0.53	0.18	0.36	0.39	0.93	0.34	0.43	0.43	0.19	0.43	0.17	0.46	0.13	0.44	0.3	0.17	0.6	0.44	0.44	0.31	0.44	0.55	0.47	0.3	0.91	0.85	0.17	0.65	0.15	0.65	0.32	0.47	0.45	0.64	0.33	0.52	0.45	0.3	0.2	0.45	0.66	0.17	0.86	0.32	0.19	0.34	0.33	0.76	0.45	0.86	0	0.76	0.2	0.31	0.46	0.46	0.52	0.46	0.97	0.3	0.12	0.48	0.2	0.58	0.48	0.48	0.56	0.48	0	0.3	0.48	0.48	0.6	0.7	0.91	0.9
0.12	0.04	0.97	0.07	0.13	0.28	0.12	0.05	0.06	0.05	0.12	4.45	0	0.46	0.34	0.21	0.07	0.2	0.46	0.03	0.39	0.15	0.47	0.13	0.14	0.05	0.06	0.07	0.13	0.67	0.47	0.16	0.05	0.47	0.07	0.18	0.03	0.03	0.78	0.15	0.05	0.12	0.04	0.11	1.49	0.99	0.48	0.46	0.48	0.18	0.05	0.51	0.04	0.59	0.01	0.11	0.05	0.04	0.16	0.12	0.04	0.47	0.06	0.5	0.15	0.18	0.07	1.01	0.07	0.06	0.04	0.4	0.31	0.27	0.03	0.13	0.15	0.4	0.31	0	0.03	0.61	0.01	0.18	0.41	0.13	0.19	0.18	0.12	0.04	0.13	0.3	0	0.92	0.42	0.04	0.07	0.05	0.93
0.23	0.32	0.93	0.74	0.59	0.54	0.23	0.44	0.32	0.49	0.44	1.22	0.41	0.42	0.32	0.91	0.36	0.06	0.05	0.72	0.42	0.23	0.18	0.42	0.44	0.42	0.42	0.46	0.49	0.92	0.61	0.18	0.73	0.43	0.32	0.15	0.35	0.6	0.22	0.44	0.36	0.22	0.46	0.26	0.44	0.22	0.35	2.53	0.44	0.22	0.95	0.44	0.45	0.55	0.95	0.45	0.35	0.95	0.55	0.22	0.39	0.61	0.65	0.35	0.19	0.14	0.37	0.23	0.36	0.35	0.77	0.5	0.24	0.03	0.77	0.23	0.22	0.2	0.47	0.37	0.35	0.2	0.48	0.15	0.67	0.26	0.15	0.22	0.48	0.33	0.48	0.48	0.33	0	0.49	0.34	0.69	1	0.49
0.5	0.49	0.1	0.08	0.15	0.24	0.15	0.05	0.05	0.1	0.16	0.96	0.07	0.08	0.47	0.62	0.03	0.67	0.34	0.05	0.47	0.18	0.22	0.18	0.19	0.08	0.02	0.07	0.13	0.08	0.48	0.18	0.12	0.48	0.07	0.24	0.05	0.04	0.13	0.25	0.59	0.14	0.04	0.49	0.23	0.16	0.49	0.06	0.37	0.13	0.29	0.24	0.04	0.18	0.08	0.15	0.05	0.04	0.18	0.13	0.07	0.39	0.02	0.41	0.19	1.71	0.03	0.14	0.03	0.42	0.05	0.18	0.3	0.42	0.62	0.16	0.25	0.93	0.34	0.07	0.07	0.2	0.22	0.52	0.29	0.83	0.93	0.18	0.14	0.06	0.54	0.32	0.44	0.74	0	0.05	0.13	0.37	0.42
0.12	0	0.48	0.05	0.13	0.26	0.12	0.03	0.02	0.06	0.49	2.19	0.04	0.68	0.69	0.23	0.05	0.19	0.23	0.02	0.06	0.91	0.19	0.15	0.35	0.39	0.03	0.05	0.1	0.05	0.5	0.44	0.2	0.6	0.04	0.21	0.02	0.4	0.11	0.22	0.81	0.14	0.02	0.15	5.33	0.73	0.37	0.03	0.41	0.45	0.03	0.62	0.01	0.41	0.4	0.1	0.02	0.42	0.54	0.11	0.13	0.42	0.42	0.21	0.16	0.16	0.42	0.11	0.05	0.04	0.03	0.15	0.4	0.46	0.03	0.11	0.21	0.43	0.32	0.04	0.04	0.43	0.05	0.18	0.27	0.11	0.29	0.94	0.48	0.03	0.47	0.31	0.04	0.32	0.05	0	0.05	0.02	0.43
0.47	0.05	0.62	0.47	0.18	0.67	0.16	0.05	0.13	0.08	0.34	6.09	0.26	0.08	0.38	0.24	0.04	0.21	0.29	0.05	0.99	0.18	0.49	0.16	0.49	0.07	0.02	0.07	0.81	0.08	0.21	0.4	0.41	0.22	0.07	0.42	1.04	0.16	0.14	0.24	0.18	3.3	2.78	2.25	12	0.83	0.31	22.4	0.38	0.49	0.37	0.53	0.07	0.97	0.56	0.14	0.05	0.04	0.47	0.14	0.06	0.14	0.02	0.59	0.49	0.57	0.09	0.15	0.47	0.97	0.05	0.47	0.43	0.47	0.06	0.14	0.41	0.19	0.97	0.47	0.06	0.97	0.07	0.22	0.47	0.14	0.97	0.19	0.14	0.05	0.17	0.67	0.97	0.37	0.09	0.05	0	0.04	0.21
0.46	0.02	0.25	0.27	0.27	0.25	0.12	0.03	0.03	0.46	0.26	4.77	0.04	0.04	0.36	0.22	0.51	0.48	0.23	0.06	0.39	0.22	0.99	0.49	0.14	0.45	0.03	0.31	0.12	0.05	0.13	0.49	0.03	0.13	0.44	0.49	0.02	0.03	0.1	0.59	0.49	0.12	0.01	0.13	0.9	0.5	0.99	0.04	0.34	0.12	0.5	0.6	0.01	0.86	0.05	0.1	0.41	0.28	0.15	0.5	0.03	1.1	0.4	0.21	0.15	0.57	0.04	0.14	0.4	0.04	0.03	0.17	0.15	0.4	0.4	0.12	0.24	0.19	0.34	0.4	0.04	0.91	0.4	0.41	0.49	0.13	0.41	0.21	0.13	0.41	0.51	0.31	0.41	0.81	0.75	0.39	0.04	0	0.2
0.22	0.44	0.47	0.22	0.23	0.44	0.22	0.6	0.19	0.23	0.55	1.18	0.27	0.59	0.25	0.17	0.22	0.01	0.43	0.5	0.38	0.61	0.41	0.22	0.22	0.21	0.2	0.22	1.03	0.28	0.43	0.17	0.2	0.81	0.52	0.53	0.43	0.28	0.74	0.44	0.64	0.54	0.19	0.44	3.65	0.54	0.84	0.44	0.44	0.44	0.55	0.19	0.18	0.26	0.45	0.23	0.73	0.18	0.46	0.24	0.2	0.46	0.2	0.46	0.2	0.57	0.21	0.56	0.47	0.47	0.45	0.22	0.97	0.09	0.68	0.57	0.48	0.42	0.47	0.27	0.21	0.98	0.35	0.39	0.4	0.25	0.15	0.41	0.51	0.2	0.41	0.09	0.41	0.18	0.22	0.19	0.44	0.19	0.92
