0	0.11	0.15	0.49	0.02	0.59	0	0.42	0.49	0.14	0.01	7.26	0.31	0.88	0.25	0.1	0.15	0.95	0.45	0.12	0.13	0.04	0.08	0.03	0.27	0.14	0.14	0.46	0.27	0.13	0.02	0.04	0.46	0.02	0.19	0.08	0.11	0.11	0.25	0.1	0.12	0.03	0.12	0.05	3.02	0.03	0.46	0.13	0.39	0.02	0.35	0.08	0.38	0.06	0.12	0.02	0.15	0.11	0.05	0.47	0.1	0.02	0.13	0.47	0.03	0.07	0.16	0	0.14	0.47	0.13	0.03	0.02	0.18	0.1	0.03	0.1	0.06	0.2	0.48	0.48	0.03	0.41	0.48	0.25	0.35	0.08	0.18	0.02	0.11	0.02	0.65	0.12	0.49	0.15	0.12	0.14	0.23	0.33
0.12	0	0.43	0.71	0.14	0.44	0.94	0.02	0.02	0.02	0.64	0.96	0.04	0.02	0.37	0.2	0.04	0.46	0.46	0.02	0.05	0.92	0.47	0.14	0.52	0.47	0.03	0.19	0.23	0.05	0.47	0.25	0.02	0.47	0.04	0.19	0.03	0.38	1.18	0.2	0.02	0.12	0.01	0.48	1.02	0.56	0.2	0.58	0.48	0.47	0.02	0.19	0.01	0.66	0.05	0.12	0.02	0.02	0.15	0.99	0.02	0.3	0.03	0.49	0.49	0.49	0.04	0.14	0.04	0.03	0.03	0.13	0.58	0.26	0.02	0.14	0.22	0.18	0.33	0.04	0.09	0.49	0.05	0.18	0.27	1.01	0.21	0.49	0.11	0.02	0.49	0.29	0.04	0.32	0.07	0	0.42	0.02	0.57
0.15	0.1	0	0.46	0.16	0.56	0.21	0.21	0.07	0.1	0.17	12.2	0.46	0.15	0.37	0.56	0.46	0.4	0.29	0.08	0.12	0.24	0.48	0.2	0.56	0.06	0.1	0.11	0.47	0.11	0.14	0.57	0.5	0.16	0.09	0.54	0.08	0.47	0.15	0.36	0.1	0.15	0.09	0.16	0.47	0.29	0.57	0.28	0.54	0.47	0.08	0.22	0.09	0.52	0.1	0.15	0.47	0.09	0.23	0.14	0.09	0.17	0.1	0.48	0.26	0.2	0.11	0.45	0.11	0.11	0.08	0.17	0.21	0.3	0.07	0.48	0.35	0.22	0.68	0.21	0.08	0.2	0.48	0.21	0.26	0.16	0.21	0.18	0.16	0.09	0.49	0.96	0.37	0.34	0.1	0.09	0.1	0.37	0.5
0.45	0.23	0.95	0.01	0.17	0.45	0.16	0.05	0.05	0.09	0.27	1.68	0.07	0.08	1.18	0.58	0.04	0.22	0.48	0.59	0.1	0.19	0.99	0.49	0.18	0.79	0.02	0.07	0.5	0.44	0.4	0.19	0.05	0.15	0.11	0.4	0.05	0.39	0.13	0.42	0.25	0.17	0.41	0.24	1.7	0.42	0.42	0.06	0.35	0.52	0.42	0.63	0.04	1.12	0.08	0.93	0.43	0.25	0.21	0.13	0.27	0.85	0.02	0.55	0.18	0.19	0.04	0.15	0.04	0.06	0.06	0.34	0.96	0.31	0.06	0.46	0.25	0.19	0.47	0.07	0.07	0.24	0.47	0.24	0.58	0.17	0.48	0.2	0.48	0.05	0.22	0.35	0.07	0.99	0	0.05	0.35	0.05	0.5
0.02	0.2	0.16	0.15	0	0.29	0.02	0.15	0.12	0.13	0.02	0.49	0.13	0.11	0.31	0.48	0.56	0.26	0.22	0.14	0.16	0.47	0.14	0.02	0.01	0.12	0.15	0.15	0.26	0.14	0.1	0.43	0.43	0.37	0.13	0.06	0.15	0.43	0.42	0.09	0.29	0.09	0.14	0.44	0.44	0.27	0.4	0.18	0.42	0.04	0.21	0.47	0.13	0.48	0.36	0.02	0.29	0.13	0.1	0.5	0.12	0.89	0.14	0.13	0.51	0.41	0.15	0.02	0.18	0.35	0.14	0.02	0.42	0.18	0.12	0.1	0.09	0.05	0.24	0.45	0.49	0.08	0.13	0.46	0.15	0.19	0.35	0.09	0.1	0.47	0.01	0.76	0.13	0.48	0.28	0.49	0.17	0.58	1.22
0.3	0.26	0.54	0.24	0.29	0	0.52	0.26	0.52	0.26	0.31	2.3	0.41	0.26	0.18	0.71	0.91	0.41	0.15	0.26	0.59	0.46	0.27	0.42	0.91	0.41	0.22	0.28	0.41	0.41	0.31	0.26	0.26	0.61	0.29	0.23	0.26	1.07	0.41	0.32	0.53	0.31	0.91	0.41	3.53	0.29	0.6	0.26	0.36	0.29	0.26	0.25	0.63	0.81	0.29	0.41	0.41	0.25	0.41	0.61	0.41	1.11	0.22	0.43	0.28	0.22	0.59	0.57	0.24	0.27	0.43	0.3	0.61	0.11	0.43	0.36	0.32	0.24	0.2	0.55	0.27	0.48	0.69	0.42	0.48	0.31	0.62	0.27	0.31	0.58	0.33	0.5	0.28	0.36	0.53	0.26	0.98	0.28	0.16
0	0.31	0.46	0.14	0.02	0.4	0	0.15	0.47	0.18	0.01	0.21	0.12	0.1	0.25	0.22	0.14	0.47	0.23	0.31	0.12	0.04	0.08	0.03	0.03	0.1	0.13	0.15	0.17	0.12	0.02	0.04	0.12	0.02	0.11	0.47	0.38	0.77	0.01	0.1	0.28	0.03	0.12	0.03	2.33	0.14	0.15	0.14	0.22	0.27	0.11	0.08	0.11	0.13	0.13	0.02	0.49	0.12	0.04	0.02	0.12	0.15	0.49	0.49	0.03	0.07	0.29	0	0.14	0.49	0.11	0.03	0.02	0.18	0.49	0.04	0.1	1	0.51	0.13	0.15	0.3	0.5	0.07	0.8	0.03	0.45	0.05	0.02	0.24	0.37	0.53	0.12	0.41	0.15	0.32	0.41	0.4	0.5
0.42	0.02	0.11	0.05	0.13	0.26	0.13	0	0.02	0.06	0.13	0.34	0.05	0.03	0.39	0.42	0.46	0.2	0.43	0.03	0.05	0.4	0.37	0.14	0.43	0.03	0.38	0.02	0.1	0.44	0.12	0.44	0.03	0.44	0.05	0.19	0.09	0.84	0.44	0.21	0.06	0.53	0.03	0.2	3.12	0.14	0.4	0.01	0.72	0.12	0.04	0.45	0.31	0.2	0.06	0.11	0	0.3	0.17	0.11	0.03	0.51	0.03	0.22	0.55	0.46	0.05	0.12	0.4	0.42	0.04	0.17	0.46	0.28	0.04	0.82	0.21	0.17	0.33	0.05	0.05	0.18	0.14	0.43	0.64	0.43	0.21	0.47	0.12	0.03	0.41	0.41	0.46	0.34	0.06	0.03	0.05	0.03	0.21
0.1	0.02	0.46	0.05	0.12	0.49	0.1	0.02	0	0.19	0.51	1.92	0.03	0.01	0.35	0.5	0.1	0.57	0.35	0.02	0.17	0.13	0.42	0.38	0.12	0.14	0.03	0.04	0.44	0.35	0.44	0.49	0.19	0.45	0.06	0.18	0.22	0.02	0.1	0.21	0.54	0.11	0.02	0.13	3.88	0.4	0.45	0.92	0.33	0.18	0.3	0.2	0.02	0.2	0.04	0.1	0.02	0.03	0.55	0.45	0.02	0.24	0.03	0.21	0.45	0.18	0.04	0.12	0.05	0.03	0.03	0.46	0.17	0.39	0.15	0.72	0.19	0.57	0.31	0.07	0.02	0.21	0.21	0.45	0.27	0.11	0.18	0.14	0.09	0	0.19	0.54	0.03	0.34	0.38	0.31	0.05	0.03	0.19
0.13	0.75	0.1	0.28	0.13	1.16	0.13	0	0.37	0	0.12	2.3	0.05	0.08	0.36	0.21	0.05	0.22	0.31	0.42	0.05	1.22	0.21	0.14	0.15	0.03	0.03	0.05	0.1	0.06	0.12	0.44	0.43	0.14	0.87	0.43	0.03	0.03	0.51	0.23	0.03	0.13	0.02	0.44	0.84	0.13	0.21	0.01	0.61	0.36	0.44	0.25	0.02	0.53	0.1	0.45	0	0.03	0.21	0.45	0.06	0.39	0.04	0.55	0.16	0.16	0.05	0.13	0.05	0.02	0.04	0.16	0.49	0.35	0.05	0.12	0.22	0.21	0.33	0.07	0.05	0.26	0.06	0.21	0.52	0.46	0.33	0.2	0.12	0.66	0.25	0.56	0.05	0.38	0.06	0.04	0.05	0.61	0.2
0.01	0.11	0.15	0.14	0.02	0.31	0.01	0.44	0.42	0.21	0	5.29	0.11	0.57	0.29	0.1	0.14	0.25	0.23	0.15	0.47	0.41	0.07	0.03	0.03	0.11	0.14	0.14	0.41	0.49	0.01	0.04	0.47	0.02	0.11	0.42	0.11	0.53	0.01	0.03	0.15	0.77	0.12	0.47	0.42	0.09	0.15	0.68	0.53	0.02	0.31	0.07	0.13	0.05	0.48	0.18	0.12	0.13	0.03	0.14	0.12	0.09	0.14	0.15	0.04	0.06	0.48	0.15	0.36	0.27	0.98	0.03	0.02	0.48	0.11	0.03	0.03	0.06	0.48	0.21	0.12	0.02	0.12	0.07	0.21	0.03	0.69	0.06	0.01	0.12	0.03	0.59	0.12	0.61	0.16	0.49	0.17	0.53	0.34
0.6	0.53	1.82	3.38	8.3	0.25	1.57	1.3	0.3	3.83	3.85	8.3	0.58	1.39	1.16	1.97	1.58	0.39	0.31	2.8	7.93	9.93	13.9	0.48	13.4	0.53	1.06	1.82	9.63	0.67	1.09	2.08	1.98	0.62	0.84	0.99	10.8	0.42	1.03	1.81	1.98	1.64	0.35	7.57	10.4	9.84	0.32	1.88	7.25	2.39	0.34	0.28	2.3	1.16	0.53	0.96	1.09	2.33	2.27	0.41	1.28	9.46	0.33	1.66	10.2	0.48	14.6	0.54	1.39	3.45	3.65	0.58	1.99	2.12	0.31	0.87	0.46	1.11	3.99	4.76	3.58	0.27	11.4	1.1	1.03	0.95	3.78	0.17	0.41	0.84	11.9	0.22	1.33	7.94	0.47	1.78	0.34	1.2	2.62
0.35	0.04	0.1	0.07	0.48	0.4	0.5	0.97	0.03	0.4	0.44	9.96	0	0.5	0.34	0.2	0.4	0.2	0.33	0.03	0.08	0.17	0.4	0.17	0.15	0.06	0.41	0.07	0.46	0.01	0.11	0.15	0.05	0.46	0.44	0.49	0.03	0.28	0.44	0.46	0.04	0.12	0.04	0.12	0.34	0.13	0.43	0.2	0.32	0.17	0.25	0.2	0.03	0.54	0.01	0.3	0.44	0.43	0.16	0.12	0.04	0.46	0.4	0.22	0.48	0.17	0.46	0.12	0.07	0.06	0.04	0.66	0.12	0.27	0.07	0.51	0.92	0.42	0.72	0.85	0.03	0.23	0.42	0.18	0.28	0.13	0.18	0.18	0.14	0.03	0.13	0.29	0	0.69	0.07	0.04	0.24	0.04	0.27
0.1	0.22	0.08	0.17	0.11	0.6	0.5	0.03	0.01	0.07	0.12	4.49	0.05	0	0.36	0.19	0.22	0.21	0.51	0.04	0.72	0.48	0.19	0.92	0.42	0.01	0.13	0.05	0.5	0.37	0.42	0.14	0.03	0.42	0.38	0.17	0.52	0.72	0.11	0.21	0.04	0.3	0.04	0.43	0.14	0.29	0.23	0.03	0.93	0.09	0.04	0.19	1.4	0.73	0.94	0.12	0.03	0.04	0.15	0.1	0.02	0.95	0.03	0.23	0.16	0.15	0.04	0.1	0.25	0.04	0.05	0.76	0.29	0.42	0.45	0.13	0.21	0.27	0.96	0.05	0.03	0.13	0.06	0.2	0.29	0.13	0.19	0.46	0.14	0.01	0.46	0.3	0.34	0.35	0.2	0.04	0.08	0.23	0.46
0.25	0.52	0.37	0.78	0.28	0.48	0.25	0.78	0.78	0.48	0.25	0.04	0.34	0.35	0	0.41	0.92	0.42	0.31	0.42	0.37	0.22	0.62	0.25	0.25	0.69	0.74	0.73	0.47	0.35	0.52	0.18	0.37	0.43	0.59	0.52	0.35	0.39	0.26	0.43	0.37	0.22	0.68	0.28	2.27	0.59	0.37	0.39	0.43	0.24	1.08	0.18	1.04	0.54	0.35	0.54	0.53	0.74	0.18	0.23	0.37	0.47	0.37	0.37	0.19	0.17	0.38	0.25	0.54	0.76	0.49	0.25	0.64	0.22	0.48	0.31	0.27	0.44	0.04	0.59	0.36	0.2	0.36	0.44	0.43	0.23	0.18	0.22	0.22	0.38	0.24	0.44	0.71	0.31	0.48	0.45	0.41	0.36	0.46
0.1	0.51	0.41	0.36	0.52	0.25	0.09	0.22	0.19	0.21	0.1	5.81	0.2	0.2	0.42	0	0.23	0.42	0.17	0.21	0.42	0.07	0.42	0.09	0.42	0.38	0.22	0.42	0.43	0.21	0.07	0.03	0.45	0.12	0.48	0.64	0.22	1	0.09	0.11	0.23	0.06	0.55	0.12	1.35	0.44	0.21	0.21	0.44	0.1	0.42	0.26	0.54	0.44	0.65	0.1	0.24	0.21	0.45	0.08	0.2	0.77	0.24	0.21	0.39	0.01	0.45	0.1	0.23	0.22	0.24	0.09	0.16	0.45	0.2	0.45	0.11	0.03	0.15	1.47	0.96	0.04	0.32	0.02	0.56	0.96	0.03	0.06	0.07	1.1	0.09	0.77	0.57	0.42	0.98	0.62	0.54	0.21	0.46
0.46	0.09	0.11	0.04	0.15	0.47	0.48	0.05	0.05	0.05	0.16	3.48	0.07	0.05	0.52	0.26	0	0.56	0.68	0.05	0.34	0.17	0.22	0.48	0.53	0.05	0.02	0.68	0.48	0.48	0.14	0.18	0.05	0.15	0.06	0.21	0.4	0.41	0.41	0.23	0.43	0.21	0.04	0.17	0.85	0.53	0.45	0.06	0.35	0.12	0.06	0.24	0.04	0.29	0.28	0.14	0.05	0.04	0.3	0.15	0.05	0.24	0.02	0.23	0.18	0.47	0.03	0.2	0.03	0.06	0.06	0.16	0.57	0.67	0.06	0.15	0.58	0.2	0.69	0.07	0.07	0.19	0.38	0.5	0.29	0.4	0.6	0.18	0.16	0.4	0.16	0.34	0.07	0.58	0.03	0.41	0.41	0.16	0.62
0.25	1.02	0.79	0.49	0.23	0.11	0.25	0.46	0.41	0.2	0.5	2.71	0.7	0.21	0.41	0.2	0.41	0.41	0.04	0.18	0.71	0.78	0.22	0.61	0.24	0.21	0.2	0.22	0.61	0.48	0.5	0.22	0.2	0.23	1.55	0.18	0.18	0.4	0.25	0.46	0.42	0.43	0.55	0.52	0.94	0.42	0.42	0.21	0.54	0.24	0.52	0.43	0.43	0.58	0.43	0.27	0.2	0.43	0.2	0.26	0.2	0.56	0.43	0.36	0.23	0.54	0.21	0.25	0.25	0.44	0.19	0.25	0.44	0.09	0.19	0.54	0.27	0.44	0.45	0.94	0.21	0.22	0.21	0.18	0.42	0.27	0.64	0.54	0.26	0.2	0.24	0.09	0.44	0.06	0.65	0.55	0.55	0.19	0
0.24	0.23	0.31	0.3	0.22	0.11	0.63	0.32	0.34	0.3	0.22	12.7	0.44	0.34	0.33	0.49	0.3	0.2	0	0.24	0.89	0.21	0.3	0.53	0.23	0.33	0.29	0.32	0.39	0.34	0.23	0.19	0.31	0.21	0.34	0.17	0.24	1.14	0.23	0.24	0.27	0.22	0.23	0.25	1.04	0.54	0.4	0.31	0.32	0.23	0.43	0.41	0.45	0.46	0.34	0.24	0.39	0.27	0.2	0.57	0.36	0.41	0.69	0.35	0.2	0.18	0.3	0.23	0.36	0.41	0.25	0.23	0.28	0.05	0.33	0.4	0.56	0.18	0.41	0.33	0.34	0.44	0.56	0.16	0.41	0.23	0.17	0.63	0.22	0.73	0.23	0.09	0.34	0.56	0.3	0.52	0.29	0.23	0.04
0.47	0.17	0.08	0.05	0.41	0.26	0.11	0.03	0.02	0.03	0.12	11.6	0.31	0.44	0.38	0.94	0.44	0.2	0.37	0	0.06	0.16	0.21	0.15	0.17	0.08	0.04	0.05	0.2	0.04	0.1	0.44	0.04	0.14	0.04	0.18	0.64	0.01	0.09	0.23	0.02	0.13	0.02	1.19	1.35	0.14	0.48	0.04	0.34	0.08	0.45	0.19	0.01	0.85	0.95	0.11	0.03	0.02	0.45	0.48	0.03	0.75	0.03	0.19	0.16	0.46	0.05	0.27	0.05	0.04	0.18	0.25	0.43	0.46	0.03	0.11	0.21	0.25	0.33	0.03	0.04	0.15	0.05	0.18	0.26	0.12	0.19	0.17	0.09	0.03	0.13	0.47	0.57	0.35	0.05	0.02	0.04	0.02	0.18
0.11	0.05	0.5	0.43	0.16	0.94	0.69	0.43	0.06	0.41	0.12	3.67	0.45	0.06	0.86	0.46	0.08	0.36	0.37	0.46	0	0.49	0.46	0.15	0.15	0.05	0.06	0.06	0.13	0.46	0.13	1	0.06	0.13	0.01	0.56	0.06	0.06	0.12	0.56	0.06	0.14	0.06	0.36	3.67	0.34	0.46	0.06	0.42	0.35	0.24	0.2	0.05	0.33	0.09	0.13	0.05	0.06	0.15	0.47	0.98	0.47	0.06	0.48	0.17	0.58	0.27	0.12	0.28	0.06	0.06	0.67	0.32	0.32	0.06	0.48	0.22	0.3	0.31	0.09	0.06	0.16	0.45	0.48	0.23	0.15	0.18	0.68	0.14	0.06	0.18	0.31	0.25	0.33	0.09	0.06	0.09	0.45	0.98
0.04	0.46	0.18	0.36	0.1	0.3	0.03	0.15	0.15	0.98	0.03	12.7	0.15	0.5	0.22	0.07	0.48	1.68	0.21	0.17	0.18	0	0.4	0.41	0.05	0.15	0.17	0.18	0.79	0.16	0.14	0.09	0.15	0.09	0.61	0.07	0.52	0.28	1	0.08	0.37	0.03	0.4	0.06	0.4	0.62	0.16	0.41	0.58	0.03	0.17	0.41	0.15	0.12	0.16	0.41	0.16	0.15	0.04	0.06	0.16	0.25	0.51	0.51	0.52	0.12	0.18	0.04	0.4	0.23	0.94	0.08	0.3	0.42	0.18	0.29	0.03	0.07	0.21	0.82	0.15	0.51	0.15	0.07	0.42	0.42	0.08	0.44	0.19	0.34	0.04	0.63	0.16	0.43	0.17	0.25	0.18	0.28	0.23
0.08	0.2	0.45	0.37	0.14	0.92	0.42	0.2	0.42	0.19	0.42	2.36	0.2	0.18	0.17	0.02	0.62	0.43	0.42	0.83	0.2	0.08	0	0.09	0.32	0.42	0.63	0.54	0.24	0.21	0.08	0.05	0.53	0.13	0.17	0.04	0.2	1.03	0.09	0.43	0.63	0.26	0.43	0.13	0.16	0.13	0.44	0.21	0.18	0.05	0.56	0.75	0.2	1.45	0.95	0.09	0.21	0.45	0.05	0.29	1.06	0.35	0.45	0.45	0.45	0.42	0.23	0.08	0.45	0.2	0.21	0.46	0.16	0.14	0.18	0.09	0.06	0.06	0.16	0.76	0.22	0.05	0.57	0.04	0.27	0.09	0.04	0.47	0.08	0.38	0.09	0.47	0.47	0.18	0.28	0.48	0.48	0.21	0.58
0.03	0.24	1.06	0.56	0.01	0.3	0.03	0.16	0.14	0.15	0.03	1.27	0.13	1.32	0.42	0.09	0.46	0.25	0.23	0.42	0.15	0.41	0.09	0	1.22	0.4	0.38	0.18	0.22	0.51	0.03	0.43	0.47	0.01	0.14	0.09	0.14	0.13	0.03	0.42	0.15	0.04	0.14	0.09	1.93	0.93	0.42	0.52	0.42	0.04	0.46	0.36	0.16	0.87	0.14	0.04	0.83	0.43	0.27	0.04	0.14	0.32	0.43	0.29	0.04	0.53	0.16	0.03	0.18	0.15	0.16	0.43	0.29	0.56	0.13	0.74	0.09	0.42	0.19	0.14	0.16	0.16	0.14	0.74	0.44	0.11	0.09	0.32	0.04	0.14	0.64	0.19	0.14	0.44	0.16	0.15	0.16	0.42	0.22
0.03	0.25	0.46	0.18	0.46	0.3	0.03	0.16	0.29	0.46	0.35	0.57	0.51	0.47	0.57	0.23	0.45	0.24	0.48	0.15	0.48	0.04	0.26	0.42	0	0.58	0.45	0.48	0.41	0.15	0.03	0.06	0.16	0.01	0.14	0.07	0.13	0.48	0.03	0.49	0.17	0.04	0.49	0.05	1.09	0.18	0.49	0.15	0.21	0.04	0.14	0.09	0.49	0.91	0.14	0.05	0.14	0.15	0.26	0.5	0.15	0.81	0.4	0.14	0.04	0.07	0.17	0.35	0.27	0.15	0.17	0.33	0.07	0.19	0.13	0.4	0.1	0.4	0.19	0.14	0.14	0.18	0.15	0.41	0.2	0.05	0.07	0.04	0.41	0.41	0.02	0.18	0.41	0.23	0.18	0.41	0.57	0.22	0.22
0.1	0	0.41	0.08	0.14	0.26	0.13	0.03	0.02	0.03	0.11	4.79	0.05	0.06	0.59	0.56	0.05	0.21	0.49	0.04	0.05	0.13	0.18	0.84	0.32	0	0.04	0.05	0.08	0.42	0.11	0.15	0.03	0.13	0.18	0.26	0.03	0.4	0.1	0.53	0.33	0.13	0.03	0.16	0.15	0.41	0.41	0.09	0.33	0.4	0.26	0.17	0.14	0.34	0.05	0.4	0.03	0.03	0.15	0.1	0.4	0.42	0.04	0.6	0.4	0.16	0.05	0.1	0.05	0.07	0.4	0.14	0.13	0.28	0.02	0.13	0.2	0.16	0.6	0.25	0.03	0.14	0.05	0.2	0.28	0.12	0.9	0.51	0.12	0.01	0.4	0.31	0.05	0.44	0.41	0	0.08	0	0.61
0.14	0.03	0.1	0.03	0.14	0.22	0.14	0.03	0.03	0.03	0.46	8.82	0.06	0.03	0.43	0.24	0.02	0.42	0.29	0.03	0.06	0.56	0.46	0.54	0.16	0.04	0	0.09	0.11	0.07	0.13	0.18	0.07	0.53	0.05	0.53	0.03	0.43	0.43	0.5	0.03	0.15	0.03	0.22	0.56	0.94	0.44	0.04	0.35	0.46	0.04	0.21	0.02	0.2	0.06	0.13	0.03	0.1	0.44	0.15	0.32	0.12	0	0.22	0.17	0.17	0.02	0.35	0.03	0.05	0.04	0.54	0.15	0.44	0.21	0.44	0.23	0.19	0.75	0.51	0.44	0.22	0.06	0.45	0.28	0.14	0.21	0.16	0.45	0.04	0.54	0.5	0.26	0.44	0.02	0.03	0.34	0.03	0.39
0.15	0.48	0.16	0.44	0.16	0.28	0.14	0.02	0.04	0.02	0.14	10.7	0.07	0.42	0.4	0.41	0.52	0.52	0.34	0.05	0.06	0.4	0.23	0.17	0.18	0.05	0.43	0	0.12	0.08	0.63	0.78	0.02	0.63	0.92	0.43	0.43	0.09	0.14	0.24	0.05	0.15	0.05	0.22	0.2	0.43	0.24	0.04	0.61	0.13	0.43	0.22	0.04	0.64	0.08	0.14	0.26	0.05	0.18	0.94	0.08	1.04	0.05	0.47	0.17	0.18	0.07	0.52	0.07	0.02	0.27	0.44	0.16	0.3	0.06	0.44	0.5	0.21	0.54	0.44	0.06	0.19	0.34	0.44	0.65	0.54	0.54	0.4	0.44	1.36	0.16	0.33	0.45	0.58	0.07	0.07	0.3	0.05	0.45
0.17	0.1	0.45	0.14	0.45	0.55	0.17	1.72	0.09	0.45	0.17	7.97	0.47	0.11	0.38	0.47	0.12	0.48	0.38	0.09	0.35	0.7	0.24	0.21	0.19	0.25	0.49	0.49	0.01	0.14	0.49	0.45	0.1	0.2	0.39	0.25	0.09	0.37	0.18	0.57	0.17	0.18	0.1	0.49	0.46	0.19	0.67	0.1	0.38	0.16	0.49	0.23	0.09	0.34	0.25	0.17	0.4	0.4	0.4	0.16	0.13	0.49	0.14	0.32	0.19	0.4	0.12	0.17	0.13	0.11	0.4	0.19	0.44	0.35	0.1	0.2	0.23	0.23	0.39	0.49	0.13	0.51	0.4	0.4	0.32	0.18	0.25	0.21	0.17	0.13	0.71	0.42	0.41	0.66	0.16	0.35	0.41	0.11	0.42
0.44	0.05	0.1	0.08	0.14	0.29	0.13	0.06	0.04	0.08	0.13	2.66	0.01	0.45	0.36	0.22	0.08	0.46	0.46	0.04	0.46	0.49	0.46	0.14	0.15	0.06	0.26	0.08	0.13	0	0.12	0.3	0.46	0.47	0.09	0.31	0.03	0.04	0.12	0.47	0.05	0.12	0.05	0.27	0.43	0.13	0.23	0.06	0.54	0.47	0.21	0.46	0.05	0.44	0	0.12	0.06	0.05	0.46	0.13	0.49	0.12	0.07	0.41	0.49	0.43	0.08	0.25	0.08	0.07	0.22	0.14	0.49	0.28	0.04	0.5	0.16	0.7	0.65	0.01	0.5	0.15	0	0.38	0.29	0.14	0.81	0.19	0.2	0.04	0.4	0.31	0.01	0.51	0.11	0.9	0.45	0.05	0.39
0.02	0.43	0.14	0.15	0.43	0.71	0.02	0.13	0.1	0.2	0.01	11.2	0.44	0.11	0.23	0.61	0.15	0.26	0.45	0.44	0.19	0.04	0.17	0.03	0.03	0.45	0.12	0.39	0.4	0.12	0	0.04	0.27	0.45	0.38	0.65	0.09	0.1	0.01	0.04	0.11	0.03	0.45	0.02	0.58	0.55	0.15	0.11	0.93	0.01	0.16	0.08	0.09	0.65	0.11	0.04	0.43	0.37	0.04	0.01	0.09	0.01	0.14	0.43	0.04	0.18	0.43	0.02	0.21	0.23	0.1	0.04	0.27	0.58	0.1	0.03	0.04	0.07	0.48	0.11	0.12	0.58	0.12	0.48	0.21	0.23	0.08	0.07	0	0.09	0.03	0.2	0.49	0.36	0.44	0.12	0.27	0.51	0.23
0.04	0.16	0.22	0.21	0.1	0.97	0.04	0.17	0.14	0.17	0.04	11.7	0.44	0.38	0.18	0.49	0.49	0.2	0.19	0.15	0.49	0.04	0.05	0.05	0.05	0.3	0.49	0.49	0.21	0.2	0.04	0	0.17	0.49	0.15	0.03	0.16	0.49	0.05	0.04	0.16	0.08	0.49	0.1	0.59	0.5	0.32	0.19	0.5	0.05	0.17	0.03	0.99	0.4	0.16	0.05	0.17	0.5	0	0.05	0.14	0.4	0.5	0.5	0.04	0.05	0.17	0.06	0.22	0.4	0.16	0.06	1.17	0.29	0.41	0.1	0.08	0.11	0.41	0.41	0.41	0.03	0.34	0.41	0.24	0.1	0.37	0.1	0.42	0.42	0.05	0.14	0.46	0.18	0.19	0.17	0.19	0.49	1.43
0.14	0.02	0.11	0.05	0.15	0.31	0.14	0.01	0.39	0.14	0.49	3.15	0.45	0.03	1.25	0.22	0.05	0.2	0.31	0.28	0.5	0.84	0.38	0.16	0.15	0.39	0.04	0.45	0.45	0.45	0.45	0.17	0	0.15	0.05	0.19	0.03	0.45	0.37	0.21	0.03	0.12	0.03	0.16	2.62	0.17	0.48	0.01	0.45	0.11	0.04	0.35	0.02	0.53	0.06	0.12	0.01	0.11	0.16	0.15	0.04	0.69	0.04	0.22	0.55	0.45	0.05	0.14	0.05	0	0.1	0.15	0.6	0.29	0.21	0.12	0.23	0.45	0.34	0.14	0.05	0.15	0.18	0.38	0.28	0.15	0.46	0.17	0.46	0.03	0.53	0.33	0.05	0.96	0.05	0.03	0.05	0.03	0.49
0.02	0.43	0.16	0.15	0	0.29	0.02	0.14	0.11	0.45	0.04	13.6	0.12	0.5	0.43	0.12	0.19	0.83	0.21	0.14	0.63	0.1	0.43	0.01	0.01	0.11	0.16	0.16	0.43	0.14	0.09	0.1	0.15	0	0.12	0.06	0.12	0.49	0.02	0.43	0.13	0.08	0.15	0.04	0.58	0.04	0.13	0.48	0.33	0.03	0.49	0.49	0.16	0.07	0.13	0.03	0.14	0.49	0.19	0.43	0.19	0.1	0.15	0.13	0.08	0.06	0.15	0.02	0.36	0.15	0.13	0.6	0.08	0.45	0.52	0.09	0.4	0.05	0.24	0.12	0.13	0.08	0.4	0.05	0.8	0.1	0.06	0.03	0.42	0.2	0.11	0.4	0.14	0.5	0.15	0.21	0.4	0.32	0.81
0.14	0.39	0.26	0.08	0.13	0.47	0.1	0.45	0.09	0.98	0.47	4.77	0.07	0.04	0.35	0.19	0.06	0.46	0.34	0.19	0.01	0.56	0.17	0.14	0.42	0.04	0.86	0.05	0.12	0.13	0.11	0.16	0.05	0.12	0	0.17	0.04	0.04	0.46	0.16	0.04	0.13	0.03	0.13	0.45	0.14	0.26	0.45	0.33	0.45	0.04	0.45	0.03	0.52	0.08	0.13	0.05	0.11	0.14	0.26	0.05	0.53	0.45	0.26	0.54	0.19	0.45	0.11	0.06	0.06	0.04	0.46	0.21	0.29	0.05	0.55	0.17	0.18	0.95	0.13	0.45	0.15	0.08	0.18	0.33	0.22	0.17	0.15	0.44	0.06	0.15	0.61	0.07	0.32	0.44	0.44	0.07	0.05	1.04
0.07	0.21	0.21	0.57	0.06	0.23	0.07	0.19	0.18	0.2	0.47	2.43	0.34	0.2	0.36	0.02	0.57	0.18	0.17	0.29	0.3	0.08	0.12	0.09	0.07	0.19	0.21	0.49	0.25	0.19	0.08	1.31	0.49	0.06	0.57	0	0.19	0.2	0.42	0.49	0.2	0.09	0.19	0.39	2.11	0.49	0.19	0.28	0.15	0.6	0.49	0.05	0.19	0.68	0.19	0.08	0.19	0.19	0.03	0.09	0.5	0.4	0.19	0.19	0.05	0.01	0.21	0.41	0.38	0.2	0.51	0.43	0.06	0.41	0.18	0.1	0.18	0.75	0.17	0.41	0.2	0.4	0.19	0	0.25	0.1	0.01	0.41	0.08	0.19	0.41	0.31	0.42	0.24	0.22	0.22	0.45	0.19	0.15
0.1	0.03	0.08	0.17	0.12	0.26	0.3	0.28	0.02	0.48	0.11	2.52	0.03	0.04	0.37	0.46	0.48	0.18	0.24	0.28	0.06	0.15	0.48	0.48	0.16	0.03	0.03	0.11	0.09	0.49	0.22	0.16	0.04	0.13	0.04	0.48	0	0.34	0.48	0.2	0.31	0.09	0.68	0.16	0.85	0.13	0.48	0.04	0.33	0.09	0.04	0.18	0.01	0.48	0.03	0.09	0.03	0.02	0.48	0.08	0.02	1.48	0.03	0.48	0.68	0.14	0.05	0.1	0.05	0.04	0.48	0.13	0.5	0.29	0.01	0.09	0.54	0.16	0.89	0.02	0.03	0.14	0.06	0.4	0.38	0.28	0.41	0.14	0.1	0.02	0.14	0.92	0.41	0.62	0.05	0.03	0.04	0.02	0.43
0.5	0.02	0.42	0.05	0.45	0.56	0.46	0.03	1.45	0.03	0.46	4.18	0.48	0.47	0.98	0.5	0.04	0.47	0.24	0.01	0.06	0.4	0.2	0.48	0.15	0.04	0.4	0.05	0.51	0.59	0.1	0.15	0.91	0.51	0.04	0.18	0.91	0.01	0.41	0.92	0.02	0.42	0.41	0.11	2.13	0.42	0.52	0.03	0.63	0.43	1.42	0.18	0.01	0.42	0.42	0.42	0.52	0.01	0.25	0.1	0.62	0.41	0.03	0.19	0.41	0.15	1.43	0.49	0.05	0.04	0.01	0.78	0.48	0.29	0.41	0.98	0.59	0.52	0.51	0.03	0.04	0.48	0.04	0.51	0.5	0.12	0.91	0.41	0.41	0.03	0.9	2.15	0.03	0.56	0.45	0.06	0.04	0.41	0.18
0.01	0.33	0.15	0.14	0.05	0.52	0.39	0.25	0.26	0.32	0.01	8.64	0.11	0.11	0.26	0.48	0.14	0.88	0.24	0.09	0.12	0.04	0.09	0.35	0.03	0.48	0.13	0.13	0.17	0.6	0.01	0.23	0.12	0.02	0.51	0.09	0.08	0.09	0	0.05	0.09	0.41	0.1	0.16	2.09	0.04	0.21	0.51	0.41	0.28	0.57	0.09	0.1	0.1	0.11	0	0.41	0.09	0.05	0.01	0.09	0.89	0.13	0.42	0.42	0.07	0.31	0.01	0.13	0.42	0.1	0.03	0.02	0.19	0.09	0.42	0.05	0.55	0.25	0.1	0.42	0.42	0.12	0.08	0.17	0.19	0.29	0.12	0.01	0.12	0.03	0.43	0.11	0.41	0.13	0.1	0.43	0.47	0.74
0.1	0.21	0.3	0.47	0.09	0.5	0.1	0.49	0.47	0.22	0.32	2.98	0.15	0.58	0.27	0.15	0.25	0.91	0.24	0.21	0.53	0.04	0.06	0.09	0.09	0.21	0.63	0.34	0.44	0.16	0.04	0.43	0.21	0.42	0.16	0.35	0.2	0.37	0.05	0	0.46	0.03	0.22	0.32	1.06	0.09	0.35	0.24	0.24	0.07	0.2	0.05	0.22	0.44	0.37	0.05	0.21	0.35	0.15	0.04	0.21	0.21	0.47	0.21	0.04	0.05	0.24	0.1	0.48	0.22	0.24	0.09	0.09	0.54	0.54	0.04	0.36	0.49	0.84	0.37	0.23	0	0.39	0.48	0.5	0.04	0.09	0.06	0.04	0.21	0.09	0.21	0.15	0.61	0.25	0.21	0.61	0.21	0.45
0.13	0.43	0.09	0.74	0.15	0.93	0.14	0.43	0.03	0.03	0.12	5.56	0.43	0.43	0.37	0.51	0.33	0.19	0.27	0.42	0.43	0.15	0.2	0.16	0.16	0.04	0.43	0.05	0.1	0.05	0.11	0.17	0.03	0.4	0.04	0.6	0.02	0.49	0.4	0.21	0	0.2	0.4	0.24	0.84	0.28	0.2	0.07	0.66	0.38	0.84	0.37	0.01	0.31	0.05	0.41	0.03	0.01	0.41	0.1	0.04	0.2	0.03	0.41	0.3	0.16	0.41	0.14	0.05	0.25	0.41	0.29	0.13	0.28	0.43	0.12	0.41	0.42	0.35	0.42	0.06	0.15	0.05	0.42	0.27	0.3	0.21	0.34	0.1	0.04	0.16	0.55	0.1	0.37	0.31	0.02	0.05	0.36	0.21
0.43	0.11	0.43	1.04	0.09	0.3	0.87	0.12	0.46	0.26	0.03	0.47	0.11	0.27	0.28	0.07	0.36	0.26	0.22	0.11	0.41	0.4	0.08	0.04	0.04	0.13	0.12	0.14	0.4	0.13	0.4	0.08	0.13	0.08	0.13	0.09	0.1	0.62	0.03	0.4	0.12	0	0.4	0.15	3.05	0.87	0.21	0.14	0.62	0.02	0.11	0.08	0.42	0.28	0.43	0.04	0.13	0.37	0.08	0.04	0.43	1.74	0.14	0.2	0.03	0.44	0.16	0.03	0.44	0.12	0.12	0.04	0.15	0.45	0.65	0.01	0.03	0.18	0.45	0.17	0.13	0.11	0.21	0.09	0.2	0.01	0.09	0.08	0.04	0.46	0.18	0.51	0.12	0.22	0.15	0.45	0.83	0.12	0.52
0.26	0.03	0.31	0.05	0.48	0.25	0.2	0.02	0.05	0.02	0.12	0.98	0.07	0.04	0.36	0.48	0.04	0.19	0.23	0.21	0.05	0.16	0.21	0.14	0.14	0.03	0.03	0.04	0.1	0.43	0.68	0.79	0.03	0.48	0.03	0.48	0.02	0.02	0.48	0.22	0.02	0.12	0	0.14	0.17	0.15	0.21	0.03	0.33	0.1	0.3	0.21	0	0.16	0.05	0.11	0.02	0.01	0.15	0.12	0.03	0.23	0.18	0.51	0.16	0.17	0.04	0.12	0.05	0.03	0.03	0.15	0.13	0.28	0.15	0.4	0.41	0.49	0.32	0.15	0.04	0.26	0.3	0.49	0.27	0.33	0.49	0.17	0.49	0.03	0.15	0.41	0.22	0.33	0.04	0.49	0.04	0.01	0.47
0.03	0.15	0.15	0.23	0.05	0.38	0.42	0.41	0.42	0.14	0.42	0.67	0.11	0.14	0.32	0.51	0.41	0.35	0.26	0.41	0.12	0.46	0.11	0.05	0.05	0.15	0.19	0.52	0.38	0.55	0.51	0.1	0.2	0.06	0.12	0.14	0.13	0.14	0.07	0.42	0.15	0.05	0.14	0	0.81	0.38	0.17	0.42	0.51	0.42	0.38	0.52	0.29	0.35	0.12	0.01	0.18	0.17	0.43	0.04	0.29	0.44	0.16	0.17	0.44	0.07	0.16	0.03	0.17	0.17	0.24	0.08	0.06	0.21	0.44	0.07	0.46	0.19	0.22	0.42	0.18	0.13	0.14	0.55	0.23	0.04	0.1	0.07	0.01	0.47	0.05	0.21	0.19	0.38	0.47	0.16	0.2	0.14	1.97
2.48	0.45	0.46	0.74	0.04	0.48	0.05	0.42	0.92	0.5	1.49	1.04	0.95	0.45	3.47	0.96	2.47	0.5	3.57	0.17	2.06	0.05	0.15	2.59	0.04	0.48	0.47	0.46	0.46	0.43	0.69	0.41	1.06	0.08	0.14	0.23	0.61	0.17	0.99	0.43	1.94	0.91	0.46	0.5	0.08	0.49	0.53	2.47	1.56	0.19	0.25	1.42	2	0.95	1.66	0.44	0.97	0.19	0.41	1.46	0.93	0.12	0.44	2.55	0.94	0.43	0.19	0.42	2	1.04	0.44	2	0.47	0.42	0.43	0.69	0.12	0.51	0.22	0.46	0.45	0.08	0.45	0.47	1.59	0.92	0.11	0.43	0.44	1.65	0.44	0.91	0.93	1.01	2.43	0.33	0.95	1.52	0.42
0.23	0.48	0.17	0.67	0.49	0.29	0.02	0.14	0.13	0.17	0.17	4.25	0.42	0.17	0.42	0.13	0.25	0.42	0.3	0.58	0.8	0.47	0.15	0.62	0.42	0.42	0.25	0.82	0.48	0.14	0.42	0.11	0.37	0.02	0.14	0.42	0.42	0.15	0.42	0.09	0.46	0.11	0.14	0.04	1.03	0	0.42	0.41	0.27	0.16	1.12	0.33	0.42	1.42	0.92	0.42	0.14	0.16	0.93	0.42	0.42	0.34	0.2	0.42	0.41	0.42	0.16	0.22	0.19	0.14	0.25	0.93	0.43	0.18	0.12	0.41	0.09	0.65	0.24	0.13	0.14	0.08	0.96	0.06	0.2	0.45	0.06	0.31	0.46	0.32	0.12	0.56	0.45	0.56	0.18	0.13	0.25	0.14	0.46
0.15	0.26	0.47	0.23	0.15	0.47	0.15	0.47	0.21	0.58	0.15	0.67	0.22	0.48	0.4	0.21	0.23	0.51	0.35	0.24	0.65	0.16	0.21	0.16	0.14	0.22	0.41	0.44	0.78	0.23	0.62	0.92	0.22	0.13	0.5	0.42	0.92	0.42	0.33	0.23	0.42	0.2	0.2	0.42	0.16	0.42	0	0.22	0.33	0.18	0.2	0.21	0.92	0.93	0.42	0.15	0.22	0.54	0.17	0.16	0.21	0.45	0.22	0.01	0.18	0.52	0.27	0.15	0.42	0.22	0.42	0.14	0.72	0.42	0.21	0.22	0.31	0.53	0.31	0.22	0.42	0.62	0.49	0.42	0.3	0.92	0.42	0.57	0.16	0.21	0.42	0.82	0.42	0.35	0.23	0.2	0.62	0.54	0.43
0.14	0.02	0.09	0.58	0.15	0.99	0.12	0.01	0.02	0.51	1.03	2.35	0.05	0.03	0.38	0.37	0.05	0.22	0.48	0.09	0.06	0.51	0.2	0.15	0.17	0.03	0.46	0.2	0.34	0.07	0.4	0.17	0.01	0.13	0.05	0.48	0.22	0.47	0.52	0.47	0.43	0.13	0.03	0.48	1.48	0.15	0.48	0	0.68	0.12	0.07	0.22	0.03	0.99	0.06	0.12	0.01	0.03	0.16	0.5	0.04	0.4	0.04	0.22	0.15	0.6	0.05	0.15	0.06	0.91	0.04	0.18	0.17	0.41	0.25	0.13	0.61	0.58	0.33	0.06	0.42	0.22	0.31	0.21	0.52	0.42	0.21	0.18	0.13	0.03	0.16	0.32	0.42	0.49	0.06	0.03	0.22	0.08	0.21
0.69	0.38	0.74	0.73	0.2	0.58	0.49	0.34	0.31	0.33	0.22	1.01	0.33	0.34	0.06	0.94	0.35	0.32	0.32	0.34	0.54	0.22	0.18	0.21	0.21	0.34	0.35	0.44	0.64	0.63	0.22	0.17	0.45	0.2	0.95	0.33	0.33	0.88	0.22	0.24	0.65	0.23	0.95	0.29	0.59	0.37	0.33	0.45	0	0.22	0.39	0.24	0.34	1.06	0.33	0.22	0.66	0.34	0.17	0.23	0.32	0.54	0.35	0.95	0.2	0.15	0.35	0.39	0.36	0.49	0.35	0.85	0.2	0.45	0.33	0.24	0.46	0.45	0.39	0.33	0.45	0.23	0.34	0.14	0.39	0.24	0.15	0.2	0.23	0.35	0.21	0.26	0.45	0.55	0.38	0.34	0.36	0.47	0.94
0.02	1.12	0.14	0.78	0.05	1.33	0.43	0.3	0.42	0.43	0.01	1.13	0.18	0.09	0.44	0.73	0.22	0.24	2.07	0.43	0.44	0.03	0.05	0.44	0.04	0.09	0.22	0.12	0.44	0.19	0.01	0.05	0.11	0.02	0.67	0.08	0.09	0.11	0.01	0.29	0.45	0.32	0.34	0.03	1.45	0.03	0.45	0.12	0.22	0	0.95	0.45	0.09	0.18	0.45	0.28	0.45	0.09	0.26	0.01	0.28	0.18	0.1	0.18	0.04	0.46	0.12	0.02	0.36	0.33	0.09	0.17	0.05	0.46	0.1	0.03	0.04	0.21	0.21	0.68	0.12	0.46	0.46	0.07	0.14	0.01	0.07	0.11	0.01	0.39	0.04	0.47	0.18	0.61	0.2	0.09	0.57	0.12	0.22
0.12	0.02	0.45	0.05	0.28	0.95	0.1	0.04	0.02	0.04	0.94	3.75	0.03	0.04	0.57	0.23	0.05	0.44	0.63	0.02	0.06	0.14	0.42	1.01	0.44	0.03	0.41	0.06	1	0.04	0.09	0.16	0.04	0.13	0.12	0.18	0.01	0.01	0.08	0.46	0.02	0.46	0.46	0.11	0.97	0.19	0.41	0.41	0.43	0.41	0.03	0.58	0.05	0.74	0.65	0.45	0.16	0.42	0.44	0.1	0.03	0.44	0.4	0.2	0.5	0.47	0.05	0.26	0.05	0.04	0.48	0.15	0.12	0.26	0.02	0.47	0.46	0.18	0.45	0.13	0.04	0.17	0.03	0.43	0.27	0.94	0.2	0.43	0.43	0.02	0.43	0.52	0.42	0.93	0.59	0.02	0.1	0.13	0.91
0.08	0.45	0.22	0.45	0.33	0.25	0.1	0.2	0.58	0.19	0.07	3.15	0.2	0.24	0.18	0.03	0.22	0.46	0.17	0.49	0.23	0.07	0.01	0.09	0.09	0.47	0.47	0.24	0.24	0.22	0.57	0.04	0.19	0.13	0.49	0.04	0.19	0.47	0.09	0.05	0.18	0.09	0.21	0.11	0.11	0.68	0.88	0.28	0.18	0.07	0.48	0	0.17	0.24	0.48	0.19	0.51	0.17	0.04	0.48	0.18	0.1	0.21	0.49	0.05	0.03	0.21	0.08	0.24	0.22	0.21	0.49	0.15	0.14	0.49	0.09	0.42	0.05	0.5	0.5	0.19	0.04	0.36	0.4	0.26	0.09	0.14	0.23	0.08	0.4	0.09	0.15	0.21	0.57	0.61	0.31	0.24	0.22	0.19
0.12	0.41	0.09	0.04	0.14	0.25	0.11	0.42	0.18	0.02	0.13	3.99	0.03	0.03	0.37	0.49	0.04	0.18	0.55	0.01	0.05	0.16	0.27	0.45	0.13	0.1	0.02	0.04	0.09	0.04	0.23	0.15	0.03	0.14	0.03	0.19	0.01	0.01	0.1	0.22	0.01	0.11	0	0.13	0.99	0.56	0.6	0.03	0.36	0.09	0.01	0.18	0	0.5	0.04	0.5	0.34	0.01	0.4	0.15	0.03	0.23	0.02	0.2	0.14	0.15	0.04	0.43	0.09	0.37	0.02	0.38	0.14	0.26	0.02	0.51	0.2	0.36	0.32	0.41	0.41	0.41	0.04	0.19	0.36	0.12	0.41	0.48	0.09	0.02	0.38	0.51	0.41	0.33	0.04	0.01	0.04	0.01	0.41
0.05	0.15	0.49	0.63	0.53	0.98	0.06	1.36	0.48	0.2	0.48	13.5	0.5	0.92	0.42	0.54	0.22	0.94	0.79	0.31	0.18	0.25	0.87	0.16	0.75	0.74	0.79	0.32	0.85	0.61	0.11	0.95	0.24	0.56	0.17	0.38	0.3	0.61	0.86	0.5	0.99	0.56	0.3	0.44	0.43	0.13	0.38	0.16	0.85	0.18	0.21	0.57	0.18	0	0.7	0.07	0.16	0.84	0.13	0.09	0.46	0.44	0.52	0.2	0.38	0.7	0.59	0.59	0.53	0.33	0.94	0.44	0.79	0.31	0.54	0.1	0.09	0.43	0.94	0.44	0.46	0.06	0.97	0.5	0.33	1.05	0.61	0.23	0.45	0.32	0.31	0.41	0.72	1.14	0.38	1.09	0.67	1.02	1.49
0.12	0.05	0.42	0.14	0.13	0.42	0.13	0.06	0.42	0.06	0.19	2.5	0.25	0.06	0.35	0.49	0.08	0.45	0.34	0.04	0.09	0.48	0.51	0.14	0.14	0.15	0.06	0.07	0.13	0	0.12	0.16	0.06	0.13	0.42	0.49	0.32	0.08	0.25	0.16	0.95	0.12	0.05	0.3	2	0.13	0.59	0.06	0.33	0.2	0.37	0.22	0.04	0.53	0	0.49	0.06	0.05	0.51	0.33	0.04	0.15	0.06	0.22	0.21	0.18	0.07	0.13	0.08	0.07	0.05	0.14	0.14	0.48	0.35	0.14	0.15	0.67	0.99	0.49	0.03	0.15	0.18	0.19	0.49	0.13	0.49	0.18	0.12	0.36	0.49	0.53	0.01	0.46	0.08	0.49	0.08	0.05	0.27
0.02	0.11	0.14	0.13	0.02	0.31	0.02	0.11	0.1	0.56	0.01	13.8	0.11	0.58	0.39	0.48	0.17	0.25	0.26	0.48	0.13	0.05	0.09	0.03	0.42	0.48	0.11	0.14	0.68	0.19	0.01	0.69	0.11	0.02	0.64	0.08	0.08	0.09	1.81	0.13	0.11	0.04	0.5	0.01	0.38	0.38	0.15	0.13	0.22	0.08	0.7	0.4	0.11	0.72	0.11	0	0.21	0.1	0.41	0.01	0.12	0.19	0.15	0.15	0.17	0.08	0.13	0.01	0.91	0.64	0.27	0.05	0.41	0.19	0.1	0.42	0.41	0.07	0.2	0.15	0.12	0.24	0.33	0.08	0.21	0.04	0.19	0.07	0.01	0.42	0.03	0.2	0.36	0.53	0.14	0.1	0.83	0.33	0.43
0.42	0.02	0.17	0.27	0.26	0.62	0.87	0	0.28	0.37	0.13	1.11	0.05	0.03	0.41	0.28	0.1	0.2	0.3	0.09	0.13	0.41	0.41	0.17	0.14	0.03	0.03	0.29	0.22	0.41	0.41	0.25	0.02	0.14	0.05	1.01	0.03	0.24	0.1	1	0.03	0.14	0.25	0.14	0.94	0.51	0.41	0.2	0.33	0.12	0.14	0.19	0.02	0.23	0.06	0.41	0	0.03	0.38	0.21	0.91	0.41	0.03	0.61	0.41	0.16	0.04	0.12	0.41	0.02	0.04	0.14	0.16	0.91	0.03	0.29	0.29	0.55	0.41	0.45	0.05	0.28	0.06	0.19	0.28	0.41	0.22	0.16	0.12	0.03	0.15	1.41	0.4	0.37	0.41	0.02	0.06	0.03	0.41
0.32	0.5	0.09	0.25	0.4	0.48	0.11	0.22	0.03	0.03	0.5	0.79	0.04	0.41	0.36	0.21	0.39	0.19	0.28	0.41	0.06	0.5	0.41	0.14	0.46	0.03	0.03	0.05	0.09	0.05	0.11	0.58	0.03	0.14	0.04	0.19	0.02	0.82	0.34	0.61	0.01	0.11	0.01	0.91	0.41	0.41	0.2	0.04	0.47	0.09	0.19	0.42	0	0.52	0.05	0.11	0.03	0	0.17	0.1	0.03	0.62	0.42	0.2	0.16	0.32	0.42	0.11	0.05	0.04	0.14	0.62	0.13	0.52	0.03	0.45	0.22	1.32	0.33	0.04	0.04	0.14	0.09	0.42	0.32	0.12	0.19	0.43	0.11	0.43	0.15	0.63	0.11	0.49	0.04	0.02	0.04	0.01	0.51
0.49	0.16	0.23	0.42	0.1	0.49	0.04	0.17	0.69	0.23	0.03	7.7	0.59	0.14	0.18	0.03	0.19	0.24	0.19	0.17	0.4	0.04	0.05	0.41	0.05	0.4	0.5	0.18	0.6	0.4	0.4	0.28	0.18	0.09	0.15	0.03	0.4	0.37	0.05	0.4	0.17	0.19	0.17	0.16	0.14	0.1	0.41	0.18	0.41	0.36	0.95	0.03	0.16	0.91	0.41	0.1	0.41	0.2	0	0.41	0.14	0.05	0.18	0.17	0.04	0.41	0.23	0.04	0.18	0.18	0.39	0.41	0.36	0.13	0.41	0.08	0.42	0.03	0.39	0.92	0.47	0.92	0.17	0.03	0.72	0.09	0.03	0.09	0.42	0.14	0.43	0.14	0.43	0.43	0.18	1.07	0.44	0.89	0.32
0.02	0.15	0.19	0.59	0.1	0.32	0.02	0.13	0.38	0.45	0.02	6.35	0.12	0.12	0.23	0.08	0.15	0.26	0.48	0.09	0.45	0.04	0.09	0.04	0.43	0.11	0.12	0.25	0.27	0.13	0.01	0.06	0.51	0.06	0.12	0.09	0.08	0.56	0	0.04	0.1	0.04	0.46	0.05	1.99	0.1	0.34	0.46	0.23	0.01	0.29	0.09	0.46	0.18	0.12	0.23	0.11	0.12	0.06	0	0.11	0.02	0.48	0.16	0.04	0.49	0.13	0.02	0.39	0.12	0.12	0.04	0.12	0.41	0.41	0.04	0.04	0.67	0.37	0.11	0.43	0.19	0.12	0.09	0.22	0.04	0.09	0.24	0.38	0.11	0.05	1	0.65	0.22	0.45	0.14	0.13	0.11	0.67
0.1	0.02	0.09	0.4	0.43	0.99	0.1	0.03	0.28	0.05	0.12	6.18	0.43	0.01	0.37	0.21	0.14	0.2	0.34	0.03	0.07	0.16	0.18	0.14	0.14	0.02	0.04	0.38	0.42	0.05	0.44	0.14	0.04	0.17	0.05	0.18	0.02	0.42	0.1	0.97	0.3	0.1	0.03	0.14	2.01	0.13	0.21	0.04	0.74	0.16	0.03	0.18	0.03	0.34	0.04	0.11	0.03	0.03	0.49	0.1	0	0.29	0.16	0.49	0.26	0.16	0.31	0.12	0.06	0.07	0.04	0.15	0.47	0.5	0.29	0.23	0.27	0.4	0.32	0.04	0.04	0.15	0.05	0.47	0.48	0.12	0.51	0.17	0.11	0.02	0.14	0.29	0.16	0.72	0.07	0.84	0.07	0.03	0.2
0.02	0.95	1.46	0.87	0.03	0.31	0.02	0.95	0.45	0.45	0.02	2.17	0.11	0.46	0.47	0.46	0.96	0.46	0.45	0.45	1.46	0.47	0.45	0.04	0.04	0.95	0.13	0.45	0.94	0.12	0.01	0.44	0.94	0.02	0.42	0.43	0.09	1.43	0	0.92	0.42	0.42	0.11	0	1.42	0.03	0.52	0.42	0.42	0.01	0.41	0.42	0.12	0.71	0.41	0.5	0.41	0.41	0.71	0.4	0.5	0.01	1.49	0.99	0.05	0.49	0.99	0.02	0.49	0.49	0.49	0.04	0.99	0.48	0.48	0.04	0.48	0.07	1.48	1.47	0.47	0.48	0.14	0.47	0.47	0.04	0.47	0.47	0.96	0.96	1.46	0.45	1.47	0.44	1.05	0.54	0.44	0.41	0.5
0.13	0.2	0.42	0.02	0.15	0.42	0.13	0.03	0.2	0.03	0.42	1.96	0.06	0.03	0.46	0.22	0.02	0.25	0.31	0.03	0.06	0.17	0.2	0.15	0.45	0.04	0	0.45	0.11	0.07	0.12	0.18	0.04	0.54	0.05	0.19	0.03	0.3	0.14	0.46	0.03	0.12	0.03	0.27	0.87	0.46	0.34	0.04	0.37	0.4	0.61	0.21	0.02	0.29	0.21	0.16	0.03	0.03	0.46	0.12	0.04	0.45	0	0.22	0.46	0.17	0.02	0.42	0.02	0.04	0.04	0.16	0.6	0.29	0.15	0.47	0.22	0.18	0.6	0.06	0.05	0.18	0.47	0.47	0.28	0.13	0.21	0.17	0.5	0.04	0.14	0.31	0.06	0.67	0.02	0.2	0.03	0.03	0.88
0.15	0.21	0.3	0.58	0.13	0.82	0.15	0.48	0.21	0.29	0.15	3.96	0.22	0.23	0.37	0.44	0.44	0.36	0.35	0.2	0.27	0.16	0.21	0.16	0.14	0.22	0.22	0.26	0.33	0.23	0.22	0.18	0.22	0.13	0.24	0.19	0.34	0.71	0.15	0.21	0.21	0.2	0.24	0.92	3.5	0.13	0.01	1.06	0.45	0.45	0.43	0.21	0.45	0.8	0.22	0.41	0.45	0.2	0.17	0.16	0.22	0.21	0.22	0	0.18	0.2	0.23	0.47	0.24	0.23	0.46	0.14	0.13	0.35	0.21	0.22	0.21	0.18	0.55	0.46	0.23	0.22	0.44	0.18	0.46	0.21	0.38	0.18	0.27	0.46	0.12	0.56	0.35	0.46	0.31	0.21	0.58	0.21	0.34
0.14	0.15	0.19	0.26	0.09	0.46	0.03	0.48	0.16	0.16	0.03	1.31	0.15	0.13	0.47	0.04	0.18	0.23	0.2	0.46	0.17	0.03	0.48	0.48	0.04	0.15	0.15	0.48	0.19	0.15	0.39	0.04	0.18	0.06	0.15	0.05	0.48	0.15	0.04	0.01	0.18	0.03	0.17	0.06	0.43	0.29	0.18	0.18	0.48	0.04	0.15	0.05	0.51	0.54	0.15	0.08	0.16	0.16	0.04	0.04	0.29	0.4	0.15	0.18	0	0.05	0.4	0.44	0.2	0.24	0.48	0.05	0.11	0.19	0.51	0.03	0.41	0.05	0.19	0.15	0.18	0.04	0.41	0.13	0.18	0.04	0.41	0.06	0.41	0.15	0.04	0.44	0.22	0.19	0.42	0.16	0.34	0.17	0.2
0.45	0.17	0.45	0.19	0.06	0.22	0.07	0.16	0.18	0.2	0.06	2.33	0.46	0.66	0.17	0.3	0.46	0.35	0.17	0.15	0.32	0.05	0.03	0.07	0.46	0.16	0.17	0.18	0.25	0.46	0.07	0.42	0.56	0.06	0.18	0.01	0.49	0.76	0.46	0.05	0.16	0.24	0.49	0.56	1.63	0.61	0.56	0.49	0.46	0.08	0.46	0.03	0.15	0.14	0.46	0.32	0.46	0.16	0.02	0.07	0.16	0.93	0.56	0.51	0.05	0	0.18	0.46	0.19	0.17	0.46	0.16	0.06	0.12	0.16	0.13	0.05	0.66	0.16	0.18	0.16	0.08	0.28	0.01	0.37	0.11	0.01	0.31	0.46	0.18	0.07	0.35	0.46	0.18	0.19	0.16	0.19	0.92	0.54
0.15	0.11	0.5	0.35	0.18	0.23	0.15	0.44	0.04	0.04	0.49	3.67	0.07	0.04	0.41	0.77	0.03	0.35	0.3	0.05	0.09	0.25	0.57	0.17	0.44	0.05	0.01	0.07	0.12	0.44	0.14	0.19	0.05	0.15	0.06	0.22	0.05	0.04	0.14	0.25	0.12	0.74	0.04	0.44	0.5	0.23	0.32	0.31	0.36	0.44	0.05	0.29	0.03	0.2	0.44	0.14	0.05	0.04	0.21	0.13	0.44	0.14	0.03	0.44	0.18	0.18	0	0.15	0.01	0.06	0.05	0.16	0.48	0.55	0.45	0.31	0.32	0.56	0.33	0.36	0.45	0.16	0.29	0.22	0.45	0.23	0.22	0.19	0.45	0.05	0.17	0.42	0.07	0.95	0.45	0.05	0.03	0.04	0.53
0	0.12	0.15	0.16	0.02	0.31	0	0.21	0.1	0.12	0.01	11.9	0.45	0.19	0.25	0.58	0.15	0.25	0.39	0.11	0.56	0.04	0.08	0.03	0.03	0.12	0.13	0.17	0.57	0.47	0.22	0.05	0.24	0.02	0.11	0.47	0.11	0.47	0.01	0.1	1.48	0.03	0.12	0.48	0.51	0.02	0.16	0.14	0.22	0.14	0.17	0.81	0.11	0.42	0.12	0.02	0.12	0.11	0.04	0.02	0.12	0.02	0.13	0.15	0.04	0.07	0.15	0	0.54	0.15	0.16	0.03	0.48	0.6	0.4	0.04	0.18	0.06	0.4	0.28	0.15	0.03	0.91	0.41	0.61	0.24	0.08	0.05	0.02	0.41	0.02	0.19	0.41	0.23	0.14	0.17	0.14	0.11	0.4
0.16	0.7	0.4	0.6	0.49	0.43	0.7	0.29	0.41	0.21	0.15	1.08	0.44	0.05	0.7	1.05	0.03	0.61	0.4	0.05	0.1	0.19	0.22	0.61	0.18	0.41	0.02	0.27	0.2	0.08	0.42	0.18	0.06	0.2	0.12	0.27	0.43	0.3	0.31	0.23	0.05	0.44	0.22	0.5	0.28	0.39	0.49	0.45	0.38	0.13	0.4	0.66	0.04	0.23	0.08	0.13	0.05	0.05	0.21	0.21	0.06	0.47	0.04	0.23	0.25	0.18	0.01	0.48	0	0.07	0.38	0.44	1	0.62	0.06	0.17	0.6	0.2	0.36	0.41	0.41	0.2	0.08	0.22	0.41	0.16	0.23	0.41	0.22	0.05	0.53	0.34	0.07	0.64	0.04	0.05	0.03	0.05	0.43
0.13	0.61	0.11	0.96	0.16	0.3	0.5	0.02	0.42	0.02	0.14	2.97	0.29	0.04	0.45	0.47	0.06	0.21	0.32	0.67	0.08	0.52	0.57	0.15	0.16	0.04	0.04	0.47	0.12	0.07	0.12	0.18	0.01	0.14	0.14	0.42	0.04	0.09	0.12	0.23	0.04	0.47	0.03	0.18	0.19	0.21	0.54	0.02	0.35	0.12	0.04	0.22	0.03	1.48	0.42	0.48	0.02	0.04	0.17	0.12	0.04	1.34	0.05	0.23	0.48	0.84	0.44	0.13	0.06	0	0.05	0.48	0.14	0.28	0.04	0.13	0.23	0.22	0.98	0.48	0.05	0.18	0.41	0.24	0.48	0.13	0.48	0.17	0.41	0.04	0.29	0.98	0.06	0.6	0.08	0.03	0.06	0.04	0.21
0.11	0.03	0.08	0.33	0.16	0.38	0.13	0.04	0.24	0.48	0.13	1.11	0.16	0.05	0.38	0.23	0.05	0.19	0.25	0.31	0.06	0.17	0.41	0.16	0.14	0.05	0.04	0.33	0.18	0.05	0.11	0.19	0.04	0.13	0.27	0.21	0.02	0.17	0.24	0.23	0.41	0.11	0.32	0.18	0.97	0.2	0.2	0.22	0.35	0.41	0.02	0.21	0.02	0.61	0.05	0.42	0.04	0.02	0.17	0.09	0.04	0.42	0.04	0.2	0.15	0.15	0.05	0.13	0.06	0.22	0	0.16	0.44	0.54	0.03	0.14	0.57	0.19	0.34	0.29	0.05	0.44	0.2	0.54	0.26	0.12	0.23	0.16	0.1	0.04	0.4	0.32	0.41	0.34	0.36	0.03	0.45	0.42	1.04
0.03	0.44	0.46	0.38	0.01	0.3	0.46	0.14	0.13	0.16	0.57	12.4	0.14	0.12	0.4	0.4	0.25	0.51	0.61	0.52	0.53	0.28	0.19	0.01	0.11	0.41	0.19	0.17	0.19	0.14	0.29	0.05	0.14	0.42	0.15	0.09	0.14	0.14	0.04	0.1	0.42	0.43	0.54	0.05	1.43	0.43	0.14	0.15	0.25	0.1	0.43	0.09	0.15	0.06	0.14	0.44	0.14	0.15	0.39	0.44	0.94	1.35	0.15	0.14	0.17	0.44	0.16	0.03	0.49	0.17	0.15	0	0.3	0.19	0.13	0.05	0.95	0.06	0.2	0.14	0.45	0.05	0.39	0.19	0.45	0.45	0.09	0.05	0.42	0.13	0.24	0.19	0.18	0.23	0.54	0.46	0.18	0.16	0.57
0.55	0.54	0.54	0.94	0.01	0.96	0.17	0.32	0.15	0.23	0.55	5.38	0.46	1.05	0.55	0.19	0.96	0.46	0.61	0.15	0.46	0.14	0.52	0.11	0.01	0.61	0.14	0.16	0.46	0.13	0.1	0.46	0.15	0.03	0.14	0.16	0.46	0.28	0.52	0.17	0.46	0.08	0.56	0.04	2.47	0	0.15	0.15	0.2	0.04	0.18	0.29	0.12	0.46	0.59	0.3	0.46	0.46	0.46	0.15	0.46	0.4	0.14	0.46	0.59	0.07	0.5	0.15	0.17	0.26	0.2	0.01	0	0.18	0.46	0.1	0.21	0.96	0.23	0.67	0.46	0.46	0.43	0.06	0.15	0.39	0.06	0.11	0.09	0.13	0.49	0.17	0.83	0.26	0.39	0.78	0.16	1	1.89
0.18	0.28	0.29	0.54	0.18	0.11	0.18	0.28	0.44	0.45	0.18	3.92	0.27	0.44	0.22	0.74	0.3	0.45	0.45	0.27	0.32	0.2	0.14	0.43	0.45	0.28	0.29	0.3	0.4	0.29	0.18	0.13	0.45	0.18	0.29	0.1	0.28	0.46	0.18	0.46	0.46	0.19	0.26	0.19	0.9	0.39	0.46	0.28	0.25	0.48	1.03	0.14	0.46	0.32	0.28	0.46	0.42	0.27	0.46	0.19	0.27	0.41	0.28	0.6	0.19	0.12	0.3	0.67	0.43	0.31	1.1	0.19	0.55	0	0.49	0.47	0.2	0.12	0.21	0.27	0.58	0.24	0.28	0.1	0.35	0.2	0.15	0.15	0.19	0.26	0.19	0.21	0.28	0.38	0.49	0.28	0.64	0.28	0.22
0.39	0.02	0.46	0.06	0.18	0.47	0.1	0.03	0.02	0.05	0.11	0.71	0.24	0.02	0.97	0.56	0.05	0.47	0.47	0.18	0.12	0.41	0.2	0.13	0.16	0.47	0.25	0.05	0.22	0.04	0.43	0.17	0.04	0.13	0.05	0.48	0.02	0.38	1.02	0.21	0.12	0.11	0.03	0.12	0.44	0.49	0.21	0.3	0.35	0.1	0.02	0.19	0.02	0.2	0.04	0.1	0.03	0.03	0.14	0.1	0.01	0.5	0.04	0.21	0.15	0.9	0.05	0.1	0.06	0.05	0.4	0.13	0.8	0.34	0	0.42	0.21	0.26	0.4	0.41	0.04	0.51	0.4	0.41	0.61	0.61	0.18	0.16	0.44	0.32	0.14	0.31	0.03	0.46	0.06	0.08	0.53	0.03	0.19
0.04	0.12	0.16	0.17	0.09	0.4	0.03	0.14	0.37	0.62	0.42	1.4	0.13	0.14	0.44	0.07	0.3	0.4	0.39	0.11	0.15	0.04	0.09	0.41	0.41	0.14	0.15	0.42	0.41	0.14	0.03	0.08	0.14	0.09	0.18	0.1	0.11	0.13	0.04	0.04	0.12	0.01	0.12	0.05	0.88	0.1	0.47	0.57	0.24	0.1	0.11	0.09	0.12	0.81	0.13	0.04	0.14	0.12	0.09	0.03	0.11	0.13	0.14	0.21	0.58	0.09	0.16	0.44	0.16	0.14	0.12	0.06	0.44	0.36	0.41	0	0.04	0.08	0.23	0.13	0.14	0.04	0.38	0.31	0.28	0	0.1	0.09	0.03	0.12	0.05	0.59	0.49	0.23	0.5	0.13	0.35	0.13	0.46
0.1	0.22	0.2	0.23	0.09	0.32	0.42	0.21	0.19	0.24	0.03	1.52	0.15	0.19	0.27	0.41	0.6	0.59	0.26	0.41	0.45	0.09	0.06	0.42	0.42	0.21	0.41	0.25	0.24	0.52	0.04	0.04	0.23	0.45	0.17	0.09	0.53	0.86	0.04	0	0.21	0.03	0.22	0.56	0.21	0.46	0.26	0.46	0.24	0.04	0.2	0.48	0.2	0.19	0.16	0.05	0.21	0.5	0.04	0.05	0.54	0.05	0.25	0.23	0.41	0.41	0.34	0.1	0.51	0.25	0.21	0.41	0.1	0.2	0.21	0.04	0	0.13	0.43	0.15	0.23	0.03	0.46	0.37	0.23	0.03	0.09	0.22	0.04	0.25	0.09	1.46	0.25	0.46	0.96	0.46	0.3	0.22	1.55
0.06	0.99	0.22	1.09	0.05	0.48	0.06	0.18	0.49	0.19	0.06	6.99	0.49	0.19	0.5	0.49	0.48	0.19	0.18	0.47	0.19	0.08	0.05	0.06	0.06	0.19	0.96	0.56	0.23	0.19	0.95	0.03	0.54	0.44	0.18	0.01	0.45	0.43	0.08	0.08	0.19	0.42	0.17	0.12	1.35	0.42	0.18	0.18	0.91	0.23	0.17	0.4	0.4	0.92	0.18	0.07	0.25	0.19	0.49	0.07	0.19	0.55	0.48	0.48	0.05	0.12	2.98	0.06	0.4	0.19	0.47	0.06	0.05	0.12	0.55	0.08	0.46	0.01	0.14	0.55	0.45	0.04	0.17	0.03	0.45	0.09	0.54	0.03	0.44	0.16	0.05	0.46	0.49	0.17	0.2	0.44	0.28	0.48	0.94
0.6	0.48	0.42	0.34	0.24	0.21	0.21	0.33	0.31	0.93	0.43	7.54	1.15	0.29	0.04	0.19	0.34	0.97	0.45	0.43	0.65	0.21	0.16	0.54	0.19	0.29	0.58	0.35	0.4	0.32	0.22	0.17	0.45	0.44	0.47	0.45	0.46	0.67	0.2	0.22	0.34	0.45	0.34	0.26	0.21	0.24	0.45	0.33	0.02	0.21	0.66	0.42	0.32	0.96	0.46	0.21	0.34	0.46	0.46	0.23	0.46	0.42	1.47	0.97	0.46	0.16	0.54	0.2	0.46	0.34	0.46	0.54	0.23	0.22	0.96	0.23	0.22	0.14	0	0.31	0.32	0.19	0.32	0.13	0.88	0.23	0.23	0.48	0.57	0.31	0.19	0.48	0.67	0.7	0.68	0.48	0.48	0.91	0.25
0.51	0.91	0.5	0.07	0.4	0.4	0.12	0.87	1	0.32	0.12	6.07	0	0.05	0.43	0.21	0.42	0.42	0.34	0.04	0.41	0.15	0.52	0.4	0.5	0.15	0.06	0.14	0.13	0.01	0.59	0.16	0.05	0.12	0.46	0.36	0.47	0.16	0.11	0.15	0.04	0.45	0.04	0.1	0.16	0.44	0.3	0.06	0.33	0.46	0.03	0.19	0.42	0.52	0.39	0.12	0.91	0.41	0.48	0.41	0.04	1.01	0.06	0.42	0.15	0.17	0.41	0.12	0.51	0.4	0.2	0.14	0.14	0.49	0.03	0.13	0.48	0.17	0.65	0.01	0.03	0.29	0.01	0.18	0.28	0.12	0.45	0.54	0.44	0.44	0.13	0.53	0	1.2	0.09	0.04	0.62	0.43	0.27
0.45	0.04	0.15	0.07	0.13	0.45	0.12	0.47	0.02	0.05	0.45	3.68	0.12	0.03	0.49	0.71	0.36	0.21	0.34	0.08	0.12	0.16	0.2	0.95	0.43	0.03	0.05	0.07	0.41	0.04	0.22	0.17	0.05	0.13	0.05	0.19	0.41	0.05	0.51	0.23	0.05	0.13	0.04	0.91	1.01	0.23	0.23	0.05	0.33	0.12	0.04	0.91	0.41	0.5	0.03	0.11	0.35	0.42	0.16	0.51	0.03	1.11	0.41	0.61	0.15	0.16	0.06	0.13	0.07	0.09	0.05	0.14	0.13	0.28	0.04	0.41	0.23	0.41	0.47	0.03	0	0.51	0.03	0.18	0.29	0.12	0.19	0.17	0.42	0.01	0.38	0.3	0.38	0.34	0.35	0.04	0.06	0.09	0.62
0.03	0.98	0.48	0.27	0.12	0.36	0.06	0.46	0.14	0.42	0.04	2.07	0.52	0.14	0.56	0.23	0.46	0.22	0.2	0.17	0.16	0.06	0.05	0.04	0.21	0.4	0.16	0.16	0.22	0.21	0.03	0.13	0.16	0.43	0.15	0.35	0.42	0.37	0.09	0.02	0.15	0.05	0.6	0.53	4.38	0.39	0.21	0.15	0.19	0.09	0.39	0.43	0.15	0.63	0.15	0.42	0.24	0.53	0.04	0.04	0.26	0.12	0.18	0.43	0.04	0.43	0.19	0.06	0.2	0.19	0.16	0.43	0.11	0.43	0.13	0.03	0	0.03	0.43	0.14	0.16	0	0.16	0.06	0.28	0.09	0.05	0.06	0.18	0.15	0.44	0.21	0.48	0.31	0.33	0.18	1.12	0.28	0.64
0.36	0.05	0.11	0.08	0.34	0.46	0.12	0.06	0.04	0.06	0.13	3.2	0.28	0.06	1.26	0.39	0.08	0.49	0.35	0.04	0.11	0.19	0.22	0.14	0.14	0.05	0.06	0.17	0.4	0	0.13	0.16	0.06	0.6	0.08	0.19	0.03	0.29	0.5	0.16	0.05	0.39	0.05	0.11	5.1	1.02	0.22	0.06	0.42	0.31	0.03	0.23	0.4	0.45	0	0.43	0.49	0.05	0.41	0.12	0.41	0.48	0.41	0.38	0.33	0.18	0.07	0.91	0.08	0.07	0.41	0.14	0.17	0.91	0.38	0.14	0.16	0.41	0.94	0.01	0.52	0.26	0	0.18	0.42	0.42	0.42	0.18	0.12	0.42	0.52	0.48	0.01	0.49	0.42	0.18	0.22	0.13	0.28
0.07	0.43	0.21	0.27	0.06	0.23	0.53	0.56	0.16	0.19	0.08	0.13	0.18	0.18	0.18	0.37	0.21	0.45	0.17	0.21	0.55	0.07	0.2	0.08	0.45	0.18	0.55	0.21	0.45	0.2	0.15	0.03	0.22	0.46	0.19	0.37	0.17	0.31	0.29	0.26	0.7	0.27	0.2	0.1	1.48	0.38	0.2	0.36	0.46	0.07	0.19	0.04	0.18	0.47	0.35	0.08	0.19	0.18	0.97	0.47	0.19	0.88	0.34	0.59	0.05	0.32	0.23	0.07	0.48	0.2	0.19	0.2	0.75	0.1	0.47	0.48	0.09	0.03	0.13	0.18	0.18	0.05	0.19	0	0.41	0.48	0	0.04	0.08	1.08	0.07	0.29	0.18	0.23	0.99	0.49	0.22	0.43	0.49
0.21	0.38	0.4	1.4	0.9	0.48	0.5	0.57	0.91	0.4	0.21	11.1	0.49	0.68	0.43	0.58	0.69	0.42	0.41	0.51	1	0.49	0.27	0.15	0.4	0.8	0.28	0.3	0.6	0.29	0.21	0.56	0.28	0.43	0.52	0.61	0.26	0.46	0.51	0.52	0.42	0.2	0.52	0.67	0.99	0.15	0.42	0.5	0.57	0.49	1.93	0.6	0.53	0.43	0.28	0.21	0.28	0.53	0.23	0.22	0.27	0.22	0.54	0.06	0.44	0.16	0.29	0.21	0.49	0.44	0.32	0.44	0.44	0.35	0.74	0.32	0.45	0.95	0.45	0.52	0.45	0.31	0.39	0.2	0	0.28	0.45	0.17	0.22	0.55	0.14	1.24	0.39	0.41	0.96	0.46	0.29	0.27	1.86
0.03	0.41	0.16	0.16	0.1	0.31	0.41	0.12	0.1	0.13	0.03	3.04	0.12	0.48	0.42	0.07	0.52	0.59	0.24	0.5	0.49	0.42	0.09	0.05	0.05	0.13	0.14	0.49	0.17	0.24	0.04	0.09	0.15	0.09	0.14	0.1	0.11	0.7	0.04	0.04	0.46	0.01	0.12	0.9	2.09	0.28	0.21	0.4	0.24	0.01	0.11	0.09	0.51	0.91	0.41	0.05	0.41	0.41	0.41	0.07	0.13	0.26	0.13	0.41	0.04	0.08	0.14	0.03	0.15	0.28	0.42	0.06	0.42	0.49	0.12	0	0.04	0.3	0.22	0.48	0.93	0.03	0.14	0.09	0.44	0	0.74	0.48	0.03	0.44	0.04	0.2	0.14	0.44	0.15	1.25	0.29	0.33	0.25
0.08	0.18	0.32	0.42	0.11	0.23	0.24	0.19	0.17	0.22	0.29	2.14	0.37	0.19	0.18	0.03	0.51	0.46	0.17	0.2	0.32	0.14	0.43	0.09	0.07	0.19	0.41	0.23	0.43	0.42	0.41	0.03	0.19	0.41	0.17	0.01	0.19	0.41	0.41	0.09	0.19	0.09	0.51	0.1	0.11	0.11	0.24	0.22	0.52	0.07	0.39	0.04	0.41	0.47	0.19	0.09	0.2	0.19	0.41	0.44	0.19	0.12	0.22	0.38	0.05	0.01	0.21	0.39	0.47	0.52	0.2	0.25	0.06	0.43	0.18	0.11	0.25	0.01	0.14	0.54	0.19	0.23	0.56	0.01	0.25	0.1	0	0.1	0.1	0.22	0.46	0.12	0.19	0.15	0.46	0.2	0.27	0.22	0.16
0.04	0.52	0.18	0.44	0.09	0.48	0.04	0.16	0.15	0.22	0.12	11	0.55	0.16	0.22	0.08	0.44	1	0.21	0.26	0.28	0.1	0.14	0.04	0.04	0.44	0.16	0.19	0.39	0.59	0.07	0.09	0.25	0.03	0.15	0.04	0.16	0.16	0.05	0.06	0.55	0.08	0.18	0.12	0.55	0.65	0.17	0.18	0.18	0.45	0.15	0.08	0.17	0.34	0.45	0.07	0.47	0.17	0.55	0.14	0.15	0.09	0.16	0.15	0.45	0.05	0.55	0.05	0.75	0.45	0.16	0.04	0.28	0.15	0.16	0.45	0.07	0.45	0.16	0.28	0.15	0.45	0.18	0.04	0.17	0.45	0.04	0	0.08	0.26	0.04	0.54	0.18	0.22	0.55	0.15	0.34	0.98	0.45
0.02	0.1	0.16	0.34	0.46	0.31	0.06	0.12	0.42	0.12	0.02	11.9	0.2	0.11	0.22	0.17	0.13	0.4	0.23	0.32	0.34	0.04	0.08	0.17	0.4	0.11	0.14	0.43	0.18	0.4	0	0.04	0.12	0.09	0.46	0.08	0.08	0.09	0.41	0.41	0.12	0.04	0.11	0.01	0.06	0.2	0.16	0.41	0.23	0	0.16	0.08	0.11	0.49	0.12	0.01	0.34	0.1	0.04	0.01	0.12	0.34	0.12	0.16	0.04	0.26	0.42	0.02	0.13	0.32	0.25	0.42	0.1	0.52	0.34	0.36	0.04	0.41	0.22	0.42	0.28	0.41	0.12	0.08	0.43	0.35	0.09	0.08	0	0.1	0.03	0.2	0.5	0.58	0.14	0.12	0.3	0.1	0.24
0.19	0.39	0.09	0.35	0.12	0.47	0.12	0.03	0.47	0.03	0.11	0.31	0.03	0.01	0.59	0.48	0.05	0.46	0.36	0.03	0.06	0.14	0.18	0.25	0.16	0.01	0.04	0.05	0.09	0.05	0.09	0.14	0.03	0.12	0.06	0.7	0.02	1.25	0.12	0.6	0.03	0.12	0.03	0.41	0.23	0.52	0.21	0.03	0.41	0.51	0.33	0.42	0.41	0.51	0.91	0.11	0.03	0.03	0.41	0.11	0.02	0.11	0.04	0.21	0.15	0.17	0.41	0.12	0.05	0.04	0.04	0.14	0.51	0.27	0.63	0.12	0.2	0.16	0.41	0.04	0.01	0.16	0.04	0.17	0.42	0.22	0.18	0.15	0.11	0	0.14	0.63	0.1	0.62	0.05	0.03	0.07	0.38	0.42
0.02	0.13	0.17	0.43	0.49	0.3	0.13	0.4	0.5	0.14	0.03	13.2	0.13	0.38	0.24	0.27	0.17	0.24	0.23	0.16	0.35	0.81	0.09	0.01	0.02	0.12	0.41	0.16	0.22	0.14	0.03	0.42	0.31	0.01	0.16	0.08	0.52	0.38	0.42	0.09	0.23	0.04	0.16	0.05	0.68	0.39	0.24	0.16	0.21	0.04	0.38	0.43	0.14	0.07	0.14	0.62	0.15	0.14	0.43	0.43	0.14	0.34	0.16	0.13	0.19	0.07	0.15	0.02	0.16	0.16	0.43	0.01	0.01	0.19	0.13	0.05	0.09	0.06	0.19	0.13	0.44	0.11	0.14	0.91	0.14	0.64	0.44	0.06	0.03	0.14	0	0.44	0.14	0.23	0.17	0.16	0.16	0.44	0.56
0.48	0.68	0.48	0.98	0.48	0.12	0.42	0.7	0.3	0.3	0.5	1.35	0.45	0.3	0.23	0.45	0.55	0.45	0.05	0.45	0.31	0.19	0.15	0.45	0.56	0.45	0.46	0.34	0.4	0.46	0.2	0.33	0.66	0.56	0.46	0.12	0.46	0.57	0.18	0.46	0.56	0.18	0.46	0.24	0.31	0.57	0.46	0.32	0.26	0.22	0.66	0.15	0.46	0.25	1.06	0.19	1.38	0.31	0.14	0.56	1.06	1.37	0.47	0.67	0.57	2.48	0.32	0.47	0.56	0.67	0.33	0.19	0.47	0.2	0.75	0.57	0.47	0.13	0.21	0.97	0.46	0.47	0.3	0.3	0.47	0.19	0.47	0.48	0.4	0.59	0.22	0	0.54	0.03	0.58	0.3	0.35	0.68	0.09
0.12	0.04	0.1	0.48	0.13	0.48	0.51	0.05	0.03	0.05	0.14	11.6	0	0.05	0.34	0.69	0.07	0.49	0.34	0.3	0.08	0.15	1.3	0.14	0.14	0.05	0.4	0.42	0.34	0.01	0.47	0.43	0.39	0.12	0.07	0.4	0.03	0.25	0.61	0.41	0.12	0.12	0.41	0.26	2.42	0.13	0.29	0.42	0.33	0.18	1.02	0.2	0.04	0.25	0.01	0.4	0.05	0.42	0.28	0.12	0.04	0.11	0.06	0.43	0.15	0.73	0.07	0.46	0.08	0.06	0.04	0.14	0.49	0.63	0.03	0.46	0.15	0.17	0.31	0.44	0.33	0.15	0.01	0.53	0.43	0.13	0.18	0.43	0.74	0.04	0.13	0.44	0	0.64	0.44	0.04	0.07	0.05	0.44
0.23	0.32	0.48	0.58	0.58	0.15	0.23	0.53	0.5	0.59	0.49	0.95	0.37	0.5	0.31	0.17	0.36	0.06	0.05	0.91	0.9	0.23	0.18	1.4	0.23	0.32	0.34	0.4	0.42	0.34	0.41	0.18	0.34	0.21	0.32	0.51	0.33	0.72	0.22	0.92	0.42	0.22	0.42	0.36	0.25	0.45	0.46	0.42	0.29	0.42	0.93	0.43	1.83	0.5	0.73	0.23	0.44	0.35	0.18	0.54	0.34	0.44	0.36	0.44	0.19	0.14	0.36	0.23	0.44	0.64	1.05	0.55	0.56	0.03	0.45	0.3	0.45	0.16	0.65	0.36	0.35	0.2	0.46	0.15	0.41	0.46	0.15	0.46	0.46	0.34	0.29	0.03	0.46	0	0.47	0.73	0.38	0.34	0.48
0.42	0.04	0.1	0.05	0.42	0.62	0.51	1.09	0.43	0.05	0.26	4.31	0.4	0.4	0.41	0.34	0.5	0.22	0.4	0.08	0.1	0.18	0.23	0.16	0.41	0.08	0.02	0.41	0.33	0.1	0.13	0.19	0.92	0.39	0.07	0.22	0.29	0.33	0.13	0.23	0.05	0.38	0.04	0.43	0.27	0.51	0.48	0.06	0.65	0.36	0.05	0.22	0.04	0.3	0.44	0.14	0.06	0.04	0.44	0.13	0.07	0.44	0.02	0.23	0.17	0.19	0.03	0.15	0.03	0.06	0.4	0.16	0.29	0.31	0.06	0.56	0.23	0.46	0.33	0.07	0.46	0.86	0.08	0.21	0.46	0.17	0.57	0.18	0.47	0.05	0.19	0.32	0.07	0.47	0	0.05	0.14	0.05	0.22
0.12	0.23	0.09	0.45	0.14	0.46	0.11	0.02	0.02	0.6	0.12	2.21	0.04	0.4	0.39	0.24	0.05	0.41	0.23	0.41	0.05	0.91	0.19	0.15	0.15	0.31	0.08	0.11	0.34	0.23	0.11	0.43	0.03	0.31	0.04	0.2	0.02	0.54	0.11	0.21	0.02	0.44	0.31	0.5	5.62	0.14	0.44	0.03	0.33	0.09	0.03	0.45	0.01	0.29	0.5	0.1	0.02	0.02	0.95	0.11	0.45	0.21	0.03	0.46	0.17	0.16	0.05	0.11	0.05	0.04	0.03	0.15	0.79	0.27	0.61	0.12	0.21	0.18	0.32	0.48	0.04	0.16	0.05	0.49	0.27	0.12	0.48	0.49	0.1	0.03	0.49	0.31	0.25	0.32	0.05	0	0.61	0.02	0.91
0.15	0.04	0.49	0.01	0.17	0.58	0.16	0.05	0.05	0.05	0.17	0.54	0.07	1.25	0.5	0.94	0.04	0.51	0.65	0.04	0.09	0.18	0.46	0.17	0.46	0.46	0.02	0.38	0.13	0.46	0.15	0.46	0.05	0.51	0.07	1.18	0.05	0.46	0.3	0.48	0.05	0.47	0.04	0.17	0.35	0.47	0.23	0.07	0.98	0.48	0.05	0.48	0.98	0.47	0.07	0.14	0.05	0.47	0.44	0.48	0.41	0.49	0.49	0.23	0.18	0.19	0.04	0.49	0.04	0.06	0.05	0.16	0.9	0.51	0.06	0.14	0.23	0.4	0.61	0.07	0.4	0.25	0.2	0.41	0.29	0.14	0.24	0.45	0.14	0.05	0.17	0.33	0.12	1.02	0.01	0.31	0	0.04	0.31
0.15	0.02	0.1	0.42	0.14	0.25	0.62	0.03	0.22	0.93	0.15	5.58	0.46	0.21	0.36	0.22	0.4	0.46	0.23	0.4	0.06	0.22	0.21	0.17	0.16	0.13	0.03	0.05	1.4	0.05	0.47	0.47	0.03	0.38	0.44	0.2	0.02	0.02	0.1	0.56	0.22	0.47	0.01	0.13	1.57	0.16	0.47	0.03	0.33	0.12	0.03	0.47	0.01	0.47	0.05	0.1	0.03	0.12	0.47	0.47	0.04	0.14	0.03	0.47	0.16	0.18	0.04	0.13	0.05	0.04	0.03	0.16	0.14	0.62	0.03	0.13	0.24	0.4	0.58	0.04	0.04	0.16	0.05	0.48	0.58	0.53	0.48	0.16	0.13	0.03	0.25	0.98	0.04	0.34	0.05	0.02	0.04	0	0.48
0.41	0.22	0.71	0.41	0.23	0.16	0.22	0.42	0.19	0.25	0.23	8.16	0.63	0.85	0.45	0.17	0.45	0.55	0.04	0.18	0.42	0.61	0.19	0.22	0.49	0.21	0.48	0.93	0.58	0.3	0.97	0.48	0.48	0.23	0.52	0.49	0.99	0.24	0.8	0.34	0.5	0.24	0.19	0.27	0.24	0.25	0.34	0.41	0.3	0.61	0.51	0.19	0.18	0.93	0.43	0.23	0.2	0.43	0.94	0.44	0.45	1.14	0.21	0.66	0.2	0.19	0.21	0.28	0.22	0.21	0.19	0.22	0.29	0.09	0.37	0.45	0.24	0.16	0.24	0.55	0.21	0.21	0.51	0.96	0.4	0.25	0.46	0.19	0.23	0.58	0.21	0.09	0.29	0.58	0.22	0.19	0.21	0.49	0
