0	0.44	0.49	0.17	0.02	0.59	0.17	0.19	0.12	0.12	0.01	9.78	0.12	0.12	0.38	0.55	0.17	0.25	0.53	0.12	0.32	0.04	0.08	0.03	0.03	0.11	0.22	0.17	0.26	0.45	0.02	0.04	0.14	0.22	0.19	0.07	0.12	0.23	0.01	0.1	0.13	0.03	0.96	0.03	0.34	0.64	0.66	0.14	0.22	0.12	0.11	0.08	0.12	0.05	0.12	0.26	0.15	0.12	0.35	0.02	0.12	0.38	0.13	0.15	0.04	0.47	0.16	0	0.19	0.47	0.13	0.03	0.02	0.4	0.17	0.04	0.1	0.68	0.2	0.12	0.48	0.03	0.12	0.1	0.21	0.38	0.08	0.04	0.33	0.12	0.09	0.58	0.48	0.23	0.15	0.12	0.14	0.49	0.48
0.4	0.4	0.1	0.05	0.15	0.6	0.11	0.02	0.02	0.02	0.19	2.6	0.04	0.3	0.37	0.49	0.04	0.19	0.21	0.02	0.05	0.14	0.2	0.5	0.13	0.4	0.03	0.4	0.1	0.05	0.45	0.17	0.4	0.51	0.04	0.2	0.02	0.04	0.1	0.36	0.4	0.13	0.01	0.41	0.41	0.71	0.2	0.41	0.33	0.09	0.46	0.41	0.41	0.19	0.05	0.11	0.41	0.16	0.14	0.41	0.03	0.51	0.41	0.21	0.52	0.42	0.19	0.22	0.42	0.2	0.03	0.15	0.53	0.43	0.02	0.13	0.21	0.44	0.58	0.04	0.04	0.43	0.05	0.57	0.51	0.18	0.5	0.17	0.1	0.02	0.14	0.31	0.15	0.51	0.45	0	0.04	0.02	0.46
0.91	0.1	0	0.41	0.16	0.36	0.15	0.11	0.42	0.1	0.15	7.16	0.44	0.08	0.37	0.33	0.44	0.45	0.29	0.08	0.45	0.17	0.19	0.45	0.19	0.19	0.1	0.11	0.15	0.1	0.14	0.22	0.11	0.16	0.09	0.45	0.08	0.45	0.48	0.19	0.45	0.15	0.75	0.15	0.55	0.17	0.45	0.09	0.36	0.14	0.08	0.23	0.09	0.24	0.1	0.46	0.11	0.4	0.23	0.14	0.47	0.17	0.46	0.28	1.26	0.2	0.11	0.49	0.46	0.11	0.08	0.33	0.17	0.46	0.07	0.19	0.46	0.56	0.34	0.1	0.08	0.18	0.11	0.57	0.52	0.16	0.21	0.18	0.16	0.09	0.17	0.39	0.1	0.87	0.1	0.15	0.38	0.1	0.35
0.14	0.08	0.1	0	0.52	0.22	0.15	0.05	0.05	0.05	0.16	5.47	0.07	0.12	0.44	0.95	0.03	0.56	0.51	0.05	0.11	0.26	0.22	0.18	0.47	0.08	0.02	0.07	0.47	0.08	0.13	0.58	0.05	0.48	0.11	0.22	0.05	0.04	0.45	0.23	0.14	0.16	0.05	0.59	0.49	0.49	0.23	0.06	0.37	0.13	0.09	0.4	0.04	0.2	0.08	0.13	0.05	0.41	0.19	0.13	0.41	0.61	0.02	0.23	0.42	0.19	0.04	0.43	0.03	0.06	0.43	0.43	0.44	0.94	0.44	0.16	0.44	0.85	0.44	0.45	0.07	0.17	0.08	0.46	0.66	0.26	0.47	0.2	0.13	0.36	0.16	0.32	0.97	0.38	0	0.05	0.01	0.05	0.22
0.02	0.14	0.16	0.17	0	0.67	0.02	0.13	0.12	0.43	0.14	1.19	0.13	0.12	0.45	0.13	0.15	0.65	0.22	0.48	0.16	0.09	0.3	0.01	0.01	0.12	0.99	0.17	0.18	0.32	1	0.21	0.14	0.36	0.13	0.06	0.13	0.29	0.03	0.09	0.14	0.08	0.13	0.42	0.02	0	0.15	0.15	1.03	0.26	0.44	0.44	0.13	0.44	0.14	0.03	0.54	0.96	0.46	0.1	0.99	0.33	0.14	0.13	0.09	0.06	0.4	0.03	0.17	0.14	0.5	0.02	0	0.18	0.12	0.1	0.41	0.36	0.24	0.41	0.47	0.09	0.13	0.06	0.15	0.1	0.06	0.09	0.1	0.44	0.01	0.32	0.13	0.22	0.45	0.16	0.17	0.14	0.24
0.3	0.28	0.36	0.52	0.29	0	0.3	0.24	0.24	0.35	0.31	0.64	0.26	0.47	0.12	0.46	0.22	0.11	0.11	0.24	0.32	0.3	0.47	0.3	0.47	0.24	0.2	0.45	0.47	0.27	0.47	0.25	0.26	0.29	0.29	0.47	0.47	0.57	0.29	0.32	0.34	0.3	0.6	0.33	0.64	0.29	0.43	0.24	0.37	0.67	0.31	0.51	0.47	0.34	0.57	0.47	0.24	0.23	0.25	0.32	0.47	0.57	0.2	0.42	0.47	0.22	0.55	0.31	0.22	0.62	0.24	0.98	0.47	0.11	0.39	0.67	0.32	0.52	0.19	0.26	0.25	0.47	0.57	0.23	0.48	0.31	0.47	0.27	0.48	0.24	0.3	0.48	0.26	0.15	0.22	0.48	0.27	0.48	0.16
0.06	0.53	0.15	0.15	0.02	0.57	0	0.22	0.13	0.49	0.04	12.3	0.12	0.11	0.25	0.45	0.14	0.45	0.23	0.11	0.12	0.04	0.08	0.03	0.03	0.1	0.13	0.16	0.45	0.12	0.02	0.11	0.45	0.08	0.11	0.18	0.11	0.11	0.01	0.1	0.13	0.03	0.11	0.03	0.03	0.02	0.15	0.51	0.46	0.02	0.1	0.08	0.11	0.05	0.13	0.01	0.35	0.46	0.04	0.23	0.12	0.02	0.47	0.15	0.03	0.07	0.47	0.37	0.68	0.13	0.11	0.41	0.02	0.18	0.97	0.04	0.11	0.06	0.39	0.12	1.67	0.04	0.12	0.07	0.67	0.14	0.47	0.04	0.02	0.11	0.02	0.59	0.48	0.23	0.15	0.13	0.48	0.24	0.48
0.27	0.4	0.3	0.05	0.13	0.24	0.14	0	0.02	0	0.49	1.48	0.05	0.03	0.62	0.21	0.05	0.56	0.29	0.62	0.42	0.15	0.21	0.14	0.42	0.03	0.03	0.02	0.43	0.06	0.12	0.45	0.42	0.4	0.05	0.19	0.03	0.16	0.25	0.21	0.43	0.11	0.02	0.42	0.51	0.25	0.22	0.45	0.96	0.45	0.34	0.46	0.02	0.16	0.06	0.11	0	0.03	0.17	0.11	0.04	0.35	0.03	0.22	0.77	0.16	0.05	0.15	0.05	0.01	0.04	0.37	0.14	0.47	0.06	0.49	0.23	0.19	0.68	0.05	0.28	0.17	0.1	0.49	0.28	0.13	0.19	0.17	0.48	0.03	0.14	0.94	0.44	0.48	0.1	0.02	0.32	0.03	0.45
0.1	0.02	0.4	0.05	0.11	0.24	0.1	0.02	0	0.05	0.12	3.71	0.08	0.01	0.35	0.19	0.05	0.19	0.35	0.02	0.06	0.49	0.18	0.12	0.12	0.01	0.03	0.04	0.26	0.05	0.3	0.55	0.03	0.13	0.06	0.17	0.13	0.15	0.1	0.21	0.05	0.1	0.02	0.13	0.41	0.11	0.71	0.33	0.72	0.18	0.02	0.21	0.42	0.46	0.42	0.1	0.02	0.72	0.31	0.16	0.02	0.47	0.03	0.73	0.14	0.17	0.05	0.43	0.05	0.03	0.03	0.14	0.44	0.26	0.02	0.12	0.28	0.47	0.73	0.25	0.02	0.14	0.94	0.17	0.43	0.12	0.44	0.16	0.09	0.44	0.13	0.44	0.03	0.32	0.24	0.18	0.4	0.03	0.22
0.12	0.02	0.11	0.28	0.25	0.24	0.14	1.5	0.05	0	0.12	6.43	0.46	0.03	0.38	0.46	0.32	1.66	1.16	0.66	0.14	0.16	0.21	0.46	0.15	0.25	0.03	0.03	0.13	0.06	0.12	0.63	0.06	0.23	0.87	0.44	0.23	0.13	0.11	0.22	0.03	0.48	0.25	0.14	0.14	0.68	0.21	0.01	0.48	0.11	0.13	0.19	0.02	0.49	0.06	0.13	0.69	0.03	0.17	0.14	0.03	1.1	0.04	0.22	0.49	0.15	0.05	0.12	0.29	0.02	0.04	0.5	0.44	0.3	0.03	0.14	0.53	0.19	0.4	0.05	0.05	0.19	0.07	0.38	0.9	0.13	0.19	0.28	0.27	0.03	0.41	0.34	0.41	0.35	0.07	0.02	0.41	0.23	0.52
0.01	0.13	0.28	0.14	0.02	0.43	0.01	0.12	0.31	0.12	0	9.01	0.12	0.46	0.25	0.1	0.14	0.25	0.56	0.15	0.46	0.24	0.07	0.03	0.03	0.41	0.14	0.16	0.49	0.46	0.02	0.03	0.14	0.02	0.11	0.46	0.11	0.97	0.47	0.03	0.14	0.07	0.47	0.43	0.63	0.02	0.15	0.47	0.22	0.67	0.36	0.07	0.47	0.05	0.12	0.22	0.47	0.15	0.21	0.02	0.12	0.02	0.14	0.15	0.13	0.29	0.48	0.01	0.17	0.15	0.13	0.03	0.68	0.19	0.48	0.35	0.03	0.87	0.2	0.12	0.48	0.02	0.12	0.08	0.21	0.03	0.26	0.06	0.01	0.49	0.49	0.19	0.12	0.22	0.32	0.13	0.17	0.3	0.23
2.96	1.16	0.97	1.07	0.49	1.25	1.85	1.69	3.69	0.33	2	0	5.07	8.5	0.65	3.66	4.1	0.27	2.08	12.5	0.49	2.94	4.54	0.4	5.82	1.94	4.35	0.61	1.9	3.63	1.73	0.44	1.55	0.89	0.84	0.14	2.77	6.55	1.74	0.22	14.1	0.22	0.95	2.96	1.7	1.31	6.31	0.35	1.15	1.56	6.22	1.04	0.32	1.6	11.5	0.21	0.45	11.3	2.22	0.24	14	0.49	1.6	3.35	4.1	0.17	13.8	0.21	0.76	1.57	11.9	1.66	3.89	1.86	4.25	0.48	0.62	0.15	0.03	0.31	0.48	0.24	0.59	1.23	13	0.43	1.11	2.34	7.87	0.43	13.3	0.95	7.69	6.12	0.34	0.6	1.21	6.4	1.49
0.11	0.04	0.1	0.29	0.12	0.26	0.11	0.05	0.03	0.07	0.12	7.42	0	0.05	0.68	0.23	0.07	0.2	0.33	0.03	0.09	0.15	0.2	0.14	0.48	0.24	0.06	0.07	1.03	0.01	0.48	0.15	0.05	0.12	0.44	0.19	0.02	0.49	0.32	0.15	0.04	0.11	0.43	0.11	0.15	0.43	0.43	0.18	0.52	0.43	0.03	0.2	0.03	0.17	0.21	0.1	0.21	0.43	0.15	0.11	0.04	0.12	0.06	0.29	0.15	0.17	0.43	0.43	0.07	0.06	0.04	0.27	0.12	0.27	0.03	0.13	0.31	0.31	0.59	0.07	0.04	0.15	0.01	0.52	0.28	0.48	0.48	0.34	0.35	0.03	0.13	0.37	0.23	0.44	0.28	0.4	0.07	0.04	0.27
0.42	0.12	0.45	0.42	0.4	0.24	0.12	0.03	0.01	0.1	0.12	0.71	0.25	0	0.41	0.33	0.08	0.21	0.34	0.41	0.41	0.14	0.18	0.12	0.41	0.26	0.32	0.42	0.09	0.12	0.11	0.14	0.03	0.11	0.38	0.17	0.04	0.42	0.42	0.19	0.04	0.12	0.04	0.14	0.13	0.75	0.73	0.03	1.43	0.43	0.53	0.19	0.03	0.43	0.06	0.11	0.03	0.28	0.43	0.1	0.43	0.11	0.28	0.23	0.14	1.44	0.04	0.44	0.05	0.04	0.05	0.13	0.44	0.74	0.02	0.14	0.2	1.35	0.49	0.05	0.03	0.13	0.45	0.18	0.29	0.14	0.45	0.14	0.14	0.01	0.12	1.06	0.18	1.05	0.08	0.09	0.73	0.05	0.21
0.35	0.45	0.37	0.39	0.46	0.15	0.25	0.38	0.35	0.41	0.25	0.77	0.34	0.64	0	0.16	0.58	0.32	0.32	0.38	0.37	0.48	0.17	0.48	0.48	0.5	0.39	0.4	0.39	0.99	0.49	0.18	0.37	0.27	0.59	0.18	0.35	0.5	0.49	0.51	0.5	0.22	0.37	0.28	0.63	0.29	0.41	0.45	0.9	0.24	0.5	0.44	0.36	0.25	0.4	0.26	0.5	0.38	0.57	0.23	0.38	0.3	0.39	0.41	0.19	0.42	0.91	0.41	0.39	0.4	0.37	0.25	0.46	0.22	0.7	0.23	0.27	0.19	0.04	0.81	0.41	0.19	0.38	0.18	0.91	0.23	0.18	0.22	0.41	0.41	0.34	0.38	0.42	0.32	0.53	0.38	0.48	0.38	0.25
0.46	0.21	0.22	0.46	0.13	0.46	0.34	0.21	0.19	0.47	0.39	10.2	0.2	0.2	0.26	0	0.48	0.48	2.27	0.48	0.2	0.07	0.02	0.48	0.18	0.19	0.59	0.23	0.29	0.58	0.07	0.12	0.21	0.12	0.48	0.02	0.22	1.3	0.09	0.11	0.4	0.06	0.24	0.4	0.48	0.13	0.4	0.4	0.19	0.13	0.21	0.03	0.22	0.11	0.41	0.1	0.41	0.21	0.4	0.41	0.2	0.2	0.24	0.21	0.4	0.01	0.24	0.32	0.41	0.23	0.62	0.09	0.12	0.13	0.2	0.28	0.11	0.93	0.43	0.21	0.21	0.04	0.21	0.94	0.27	0.08	0.03	0.17	0.07	0.31	0.09	0.14	0.55	0.45	0.55	0.23	0.23	0.45	0.25
0.28	0.3	0.11	0.04	0.15	0.49	0.49	0.07	0.05	0.4	0.16	1.08	0.07	0.05	0.76	0.47	0	0.41	0.31	0.05	0.08	0.72	0.42	0.18	0.18	0.1	0.02	0.07	0.42	0.08	0.14	0.36	0.42	0.15	0.06	0.21	0.05	0.42	0.14	0.37	0.05	0.15	0.04	0.16	0.19	0.39	0.44	0.35	0.84	0.31	0.05	0.22	0.04	0.18	0.44	0.15	0.05	0.04	0.18	0.44	0.2	0.13	0.02	0.24	0.44	0.18	0.03	0.23	0.03	0.06	0.06	0.45	0.15	0.55	0.05	0.15	0.25	0.21	0.46	0.41	0.07	0.2	0.09	0.6	0.29	0.15	0.22	0.18	0.91	0.05	0.16	0.34	0.07	0.52	0.03	0.43	0.42	0.29	0.53
0.49	0.19	0.49	1	0.23	0.49	0.49	0.22	0.19	0.2	0.25	3.11	0.48	0.21	0.16	0.48	0.22	0.01	0.04	0.18	0.58	0.25	0.21	0.46	0.31	0.4	0.51	0.23	0.4	0.21	0.27	0.2	0.21	0.4	1.55	0.6	0.18	0.5	0.25	0.27	0.19	0.7	0.19	0.27	0.25	0.23	0.71	0.21	0.57	0.51	0.38	0.22	0.18	0.55	0.21	0.25	0.2	0.19	0.2	0.26	0.2	0.26	0.41	0.36	0.42	0.18	0.52	0.25	0.43	0.21	0.19	0.25	0.28	0.09	0.43	0.26	0.27	0.19	0.41	0.43	0.3	0.24	0.21	0.18	0.44	0.54	0.44	0.22	0.26	0.51	0.24	0.17	0.37	0.23	0.94	0.44	0.21	0.19	0.26
0.22	0.55	0.35	0.29	0.47	0.11	0.23	0.31	0.43	0.29	0.22	3.44	0.33	0.36	0.32	0.16	0.93	0.43	0	0.23	0.37	0.55	0.33	0.23	0.47	0.73	0.28	0.31	1.44	0.53	0.23	0.53	0.63	0.21	0.34	0.17	0.23	0.53	0.24	0.24	0.61	0.22	0.22	0.25	0.58	0.28	0.35	0.3	0.32	0.53	0.49	0.17	0.25	0.23	0.38	0.41	0.31	0.26	0.2	0.55	0.34	0.61	0.28	0.35	0.2	0.43	0.29	0.44	0.31	0.3	0.24	0.23	0.59	0.05	0.33	0.23	0.23	0.18	0.26	0.34	0.34	0.2	0.45	0.16	0.46	0.25	0.17	0.21	0.28	0.35	0.24	0.25	0.69	0.05	0.29	0.21	0.28	0.49	0.27
0.5	0.15	0.08	0.05	0.13	0.24	0.11	0.33	0.02	0.4	0.23	0.62	0.03	0.35	0.55	0.47	0.05	0.47	0.35	0	0.06	0.16	0.21	0.46	0.47	0.04	0.03	0.05	0.09	0.44	0.12	0.17	0.03	0.5	0.04	0.18	0.01	0.47	0.45	0.22	0.02	0.13	0.02	0.13	0.35	0.47	0.47	0.13	0.47	0.08	0.07	0.46	0.01	0.18	0.3	0.46	0.03	0.1	0.46	0.46	0.03	0.11	0.03	0.35	0.17	0.46	0.13	0.11	0.05	0.04	0.01	0.42	0.46	0.66	0.02	0.46	0.56	1.05	0.73	0.03	0.04	0.16	0.04	0.25	0.25	0.13	0.46	0.15	0.09	0.03	0.44	0.56	0.03	0.36	0.05	0.02	0.44	0.07	0.36
0.11	0.07	0.45	0.1	0.16	0.3	0.45	0.42	0.06	0.05	0.12	2.65	0.08	0.15	0.46	0.46	0.12	0.46	0.37	0.16	0	0.17	0.56	0.22	0.35	0.09	0.46	0.06	0.28	0.1	0.13	0.32	0.38	0.47	0.01	0.18	0.06	0.06	0.12	0.18	0.44	0.47	0.06	0.12	0.47	0.16	0.42	0.42	0.77	0.13	0.39	0.2	0.05	0.47	0.4	0.13	0.75	0.06	0.15	0.13	0.07	0.46	0.06	0.58	0.41	0.48	0.08	0.12	0.39	0.06	0.2	0.15	0.16	0.52	0.06	0.79	0.18	0.19	0.49	0.08	0.06	0.31	0.48	0.59	0.23	0.59	0.18	0.28	0.99	0.16	0.23	0.69	0.49	0.33	0.23	0.06	0.49	0.06	0.75
0.03	0.17	0.47	0.18	0.16	0.3	0.03	0.37	0.48	0.47	0.03	13.8	0.15	0.47	0.97	0.07	0.42	0.25	0.21	0.16	0.42	0	0.47	0.42	0.04	0.42	0.15	0.18	0.39	0.42	0.17	0.2	0.15	0.43	0.61	0.07	0.16	0.52	0.04	0.03	0.16	0.02	0.43	0.07	0.05	0.09	0.16	0.18	0.43	0.03	0.15	0.07	0.17	0.43	0.43	0.68	0.42	0.45	0.43	0.64	0.22	0.05	0.44	0.16	0.03	1.06	0.18	0.27	0.54	0.16	0.17	0.05	0.98	0.2	0.14	0.03	0.03	0.06	0.22	0.43	0.15	0.02	0.21	0.43	0.22	0.04	0.43	0.08	0.44	0.15	0.35	0.74	0.15	0.23	0.4	0.15	0.54	0.15	0.58
0.08	0.59	0.19	0.4	0.14	0.27	0.4	0.2	0.18	0.29	0.4	0.18	0.21	0.19	0.17	0.02	0.5	0.59	2.27	0.99	0.21	0.08	0	0.09	0.09	0.5	0.2	0.5	0.56	0.21	0.08	0.05	0.41	0.13	0.17	0.4	0.21	0.4	0.4	0.06	0.5	0.4	0.19	0.11	1.01	0.32	0.21	0.41	0.52	0.35	0.41	0.01	0.41	0.12	0.62	0.5	0.92	0.42	0.15	0.42	0.52	0.1	0.22	0.42	0.05	0.03	0.43	0.27	0.22	0.21	0.21	0.43	0.53	0.53	0.2	0.08	0.06	0.05	0.94	0.44	0.94	0.44	0.21	0.04	0.54	0.54	0.04	0.31	0.24	0.23	0.75	0.15	0.51	0.18	0.45	0.21	0.21	0.45	0.19
0.03	0.53	0.46	0.16	0.01	0.3	0.03	0.17	0.27	0.2	0.47	9.38	0.34	0.14	0.25	0.09	0.19	0.47	0.3	0.17	0.27	0.04	0.09	0	0.33	0.38	0.15	0.57	0.49	0.51	0.47	0.05	0.47	0.01	0.14	0.09	0.13	0.88	0.03	0.09	0.16	0.04	0.15	0.05	0.01	0.2	0.16	0.16	0.35	0.04	0.99	0.09	0.68	0.16	0.14	0.29	0.17	0.39	0.05	0.04	0.14	0.16	0.5	0.13	0.05	0.36	0.16	0.03	0.4	0.15	0.16	0.01	0.41	0.19	0.13	0.05	0.41	0.06	0.41	0.51	0.51	0.04	0.14	0.14	0.41	0.05	0.09	0.04	0.04	0.5	0.9	0.18	0.14	0.62	0.16	0.15	0.17	0.14	0.52
0.2	0.15	0.48	0.41	0.01	0.3	0.03	0.49	0.49	0.14	0.37	0.9	0.14	0.41	0.25	0.09	0.49	0.24	0.23	0.17	0.3	0.05	0.99	0.02	0	0.14	0.15	0.16	0.21	0.49	0.04	0.05	0.16	0.01	0.14	0.07	0.13	0.49	0.04	0.4	0.31	0.4	0.24	0.05	0.03	0.4	0.14	0.49	0.51	0.4	0.14	0.09	0.41	0.41	0.24	0.03	0.41	0.15	0.06	0.05	0.41	0.75	0.15	0.14	0.41	0.43	0.42	0.03	0.19	0.15	0.16	0.42	0.01	0.19	0.72	0.05	0.1	0.06	0.42	0.14	0.14	0.04	0.43	0.07	0.52	0.43	0.07	0.04	0.04	0.73	0.02	0.27	0.27	0.35	0.3	0.42	0.43	0.17	0.43
0.1	0	0.06	0.08	0.14	0.53	0.12	0.03	0.01	0.03	0.11	10.8	0.44	0.01	0.36	0.21	0.05	0.4	0.34	0.04	0.07	0.44	0.18	0.14	0.13	0	0.04	0.05	0.44	0.06	0.11	0.45	0.03	0.13	0.18	0.2	0.03	0.11	0.45	0.22	0.04	0.14	0.29	0.13	0.13	0.13	0.95	0.03	0.35	0.15	0.29	1.05	0.03	0.15	0.06	0.1	0.03	0.03	0.3	0.1	0.02	0.45	0.04	0.22	0.46	0.16	0.05	0.1	0.17	0.04	0.05	0.14	0.46	0.28	0.02	0.14	0.19	0.41	0.49	0.05	0.03	0.14	0.45	0.47	0.47	0.47	0.19	0.16	0.12	0.02	0.13	0.3	0.05	0.98	0.48	0	0.07	0	0.49
0.16	0.21	0.3	0.02	0.14	0.2	0.38	0.04	0.03	0.41	0.16	1.33	0.06	0.37	0.38	0.36	0.02	0.44	0.28	0.17	0.64	0.15	0.31	0.15	0.16	0.04	0	0.44	0.49	0.07	0.13	0.19	0.04	0.14	0.05	0.23	0.04	0.06	0.52	0.23	0.03	0.45	0.03	0.16	0.45	0.14	0.22	0.04	0.51	0.45	0.05	0.2	0.02	0.46	0.06	0.13	0.03	0.31	0.44	0.46	0.66	0.8	0	0.22	0.15	0.46	0.02	0.53	0.04	0.04	0.32	0.16	0.14	0.55	0.23	0.24	0.22	0.48	0.46	0.06	0.05	0.22	0.06	0.19	0.67	0.14	0.25	0.47	0.14	0.04	0.16	0.31	0.98	0.48	0.02	0.18	0.58	0.03	0.34
0.15	0.49	0.11	0.07	0.15	0.25	0.14	0.02	0.04	0.06	0.15	8.86	0.49	0.05	0.41	0.51	0.07	0.27	0.39	0.33	0.07	0.31	0.23	0.71	0.19	0.05	0.07	0.02	0.45	0.26	0.14	0.2	0.03	0.16	0.92	0.43	0.05	0.05	0.14	0.32	0.05	0.15	0.44	0.16	0.41	0.44	0.23	0.1	0.48	0.94	0.05	0.22	1.18	0.17	0.08	0.49	0.02	0.05	0.17	0.14	0.05	0.96	0.05	0.94	0.19	0.46	0.12	0.54	0.07	0.02	0.44	0.18	0.35	0.32	0.05	0.16	0.23	0.19	0.45	0.14	0.33	0.35	0.44	0.92	0.3	0.14	0.25	0.18	0.42	0.05	0.15	0.45	0.07	0.37	0.07	0.04	0.45	0.05	0.22
0.44	0.48	0.78	0.25	0.44	0.31	0.17	0.1	0.44	0.1	0.26	0.97	0.12	0.38	0.91	0.26	0.12	0.37	0.91	0.47	0.12	0.45	0.29	0.53	0.2	0.42	0.23	0.12	0.01	0.13	0.16	0.21	0.91	0.24	0.39	0.25	0.16	0.61	0.35	0.23	0.1	0.41	0.5	0.23	0.35	0.41	0.34	0.35	0.39	0.41	0.2	0.4	0.09	0.2	0.13	0.32	0.1	0.09	0.22	0.41	0.11	0.5	0.41	0.32	0.18	0.41	0.41	0.17	0.39	0.11	0.11	0.41	0.26	0.35	0.41	0.19	0.23	0.23	0.39	0.13	0.41	0.22	0.13	0.41	0.32	0.44	0.25	0.51	0.17	0.09	0.23	0.61	0.13	0.38	0.13	0.35	0.13	1.41	0.91
0.13	0.05	0.11	0.08	0.14	0.27	0.34	0.06	0.38	1	0.12	2.54	0.01	0.06	0.36	0.21	0.47	0.48	0.35	0.04	0.5	0.15	0.22	0.14	0.48	0.06	0.07	0.08	0.13	0	0.49	0.17	0.06	0.49	0.09	0.98	0.04	0.99	0.12	0.16	0.23	0.13	0.46	0.12	0.19	0.14	0.6	0.22	0.4	0.19	0.76	0.21	0.04	0.5	0.07	0.12	0.06	0.3	0.9	0.13	0.05	0.13	0.07	0.4	0.15	0.19	0.51	0.41	0.21	0.71	0.11	0.41	0.13	0.92	0.04	0.14	0.16	0.57	0.32	0.01	0.04	0.15	0	0.19	0.29	0.53	0.2	0.19	0.12	0.44	0.33	0.31	0.01	0.35	0.64	0.94	0.08	0.05	0.45
0.02	0.24	0.46	0.46	0.21	0.97	0.02	0.12	0.46	0.13	0.01	0.63	0.17	0.85	0.23	0.49	0.15	0.39	0.49	0.39	0.49	0.04	0.08	0.04	0.03	0.11	0.13	0.13	0.4	0.23	0	0.4	0.11	0.09	0.38	0.08	0.4	0.18	0.01	0.04	0.45	0.05	0.33	0.01	0.41	0.37	0.81	0.11	0.49	0.01	0.41	0.28	0.1	0.07	0.51	0.01	0.41	0.1	0.11	0	0.11	0.07	0.13	0.41	0.32	0.41	0.14	0.41	0.42	0.12	0.11	0.04	0.42	0.18	0.18	0.03	0.42	0.18	0.62	0.11	0.11	0.03	0.12	0.08	0.39	0.42	0.35	0.52	0.02	0.11	0.42	0.48	0.11	0.42	0.2	0.11	0.52	0.46	0.93
0.16	0.95	0.58	0.19	0.1	0.25	0.04	0.18	0.23	0.46	0.43	7.28	0.15	0.14	0.18	0.03	0.42	0.21	0.19	0.15	0.17	0.04	0.43	0.27	0.05	0.15	0.43	0.43	0.23	0.94	0.43	0	0.17	0.43	0.15	0.31	0.16	0.64	0.24	0.04	0.16	0.44	0.54	0.07	0.19	0.45	0.17	0.27	0.58	0.05	0.18	0.4	0.44	0.07	0.16	0.16	0.45	0.45	0	0.05	0.45	0.64	0.16	0.56	0.15	0.07	0.19	0.04	0.47	0.56	0.47	0.16	0.1	0.13	1.18	0.08	0.04	0.15	0.17	0.15	0.98	0.05	0.3	0.03	0.48	0.48	0.03	0.09	0.04	0.49	0.05	0.31	0.16	0.18	0.4	0.3	0.17	0.41	1.98
0.32	0.02	0.49	0.05	0.16	0.24	0.35	0.37	0.29	0.06	0.2	5.66	0.24	0.03	0.37	0.22	0.05	0.2	0.3	0.03	0.18	0.15	0.36	0.16	0.53	0.27	0.04	0.02	0.1	0.45	0.12	0.49	0	0.13	0.05	0.19	0.04	0.45	0.35	0.21	0.45	0.12	0.03	0.17	0.21	0.16	0.57	0.09	0.45	0.11	0.25	0.21	0.25	0.19	0.06	0.12	0.01	0.03	0.19	0.13	0.04	0.14	0.04	0.22	0.16	0.45	0.05	0.14	0.05	0.01	0.04	0.15	0.52	0.42	0.04	0.14	0.23	0.2	0.35	0.05	0.05	0.46	0.06	0.22	0.43	0.15	0.21	0.46	0.4	0.03	0.15	0.38	0.05	0.35	0.05	0.03	0.23	0.03	0.78
0.02	0.53	0.16	0.15	0	0.3	0.02	0.43	0.36	0.16	0.02	1	0.12	0.13	0.46	0.13	0.46	0.56	0.22	0.46	0.46	0.09	0.14	0.01	0.13	0.28	0.54	0.18	0.21	0.23	0.43	0.1	0.46	0	0.12	0.07	0.46	0.3	0.02	0.47	0.15	0.35	0.15	0.04	0.47	0	0.13	0.15	0.47	0.67	0.14	0.13	0.14	0.11	0.47	0.02	0.16	0.14	0.21	0.47	0.13	0.03	0.14	0.47	0.06	0.06	0.15	0.02	0.15	0.47	0.47	0.18	0	0.18	0.12	0.09	0.09	0.05	0.48	0.12	0.48	0.1	0.13	0.05	0.19	0.1	0.06	0.03	0.09	0.12	0.01	0.49	0.12	0.21	0.15	0.13	0.53	0.14	0.31
0.14	0.39	0.26	0.08	0.13	0.47	0.1	0.45	0.09	0.98	0.47	4.77	0.07	0.04	0.35	0.19	0.06	0.46	0.34	0.19	0.01	0.56	0.17	0.14	0.42	0.04	0.86	0.05	0.12	0.13	0.11	0.16	0.05	0.12	0	0.17	0.04	0.04	0.46	0.16	0.04	0.13	0.03	0.13	0.45	0.14	0.26	0.45	0.33	0.45	0.04	0.45	0.03	0.52	0.08	0.13	0.05	0.11	0.14	0.26	0.05	0.53	0.45	0.26	0.54	0.19	0.45	0.11	0.06	0.06	0.04	0.46	0.21	0.29	0.05	0.55	0.17	0.18	0.95	0.13	0.45	0.15	0.08	0.18	0.33	0.22	0.17	0.15	0.44	0.06	0.15	0.61	0.07	0.32	0.44	0.44	0.07	0.05	1.04
0.07	0.2	0.21	0.53	0.06	0.23	0.07	0.37	0.17	0.2	0.08	2.51	0.55	0.45	0.18	0.21	0.25	0.18	0.45	0.18	0.52	0.26	0.04	0.65	0.07	0.19	0.38	0.22	0.91	0.19	0.45	0.03	0.54	0.06	0.57	0	0.23	0.23	0.08	0.09	0.22	0.09	0.21	0.46	0.26	0.25	0.19	0.23	0.55	0.07	0.2	0.04	0.21	0.46	0.56	0.46	0.56	0.19	0.03	0.09	0.18	0.45	0.21	0.45	0.05	0.02	0.21	0.07	0.58	0.44	0.19	0.45	0.45	0.1	0.19	0.31	0.1	0.45	0.15	0.18	0.45	0.22	0.19	0.07	0.25	0.11	0.01	0.04	0.08	0.35	0.08	0.45	0.19	0.15	0.24	0.46	0.22	0.19	0.96
0.1	0.02	0.49	0.42	0.12	0.24	0.27	0.28	0.3	0.42	0.11	5.55	0.02	0.03	0.5	0.41	0.05	0.38	0.4	0.01	0.06	0.52	0.55	0.14	0.41	0.17	0.41	0.07	0.09	0.04	0.11	1.33	0.04	0.13	0.04	0.19	0.01	0.43	0.1	0.2	0.02	0.13	0.41	0.14	0.14	0.41	0.53	0.04	0.33	0.42	0.39	0.23	0.01	0.14	0.42	0.1	0.03	0.02	0.35	0.08	0.02	0.43	0.36	0.2	0.27	0.15	0.43	0.22	0.57	0.04	0.02	0.42	0.14	0.28	0.02	0.1	0.2	0.16	0.45	0.37	0.03	0.14	0.54	0.66	0.58	0.95	0.44	0.15	0.09	0.02	0.39	0.29	0.03	0.33	0.05	0.02	0.16	0.03	0.18
0.9	0.4	0.08	0.04	0.5	0.5	0.13	0.04	0.02	0.43	0.43	3.99	0.03	0.04	0.48	0.48	0.99	0.48	0.23	0.01	0.06	0.17	0.5	0.13	0.15	0.49	0.17	0.91	0.09	0.41	0.41	0.15	0.41	0.41	0.04	0.92	0.1	0.41	0.5	0.41	0.35	0.4	0.41	0.41	0.14	0.92	0.42	0.42	0.92	0.42	0.01	0.92	0.01	0.14	0.92	0.42	0.03	0.01	0.62	0.1	0.03	0.92	0.42	0.19	0.16	0.42	0.43	0.1	0.05	0.42	0.42	0.43	0.14	0.42	0.07	0.93	0.43	0.18	0.43	0.09	0.93	0.17	0.43	0.44	0.94	0.1	0.5	1.04	0.09	0.02	0.45	0.55	0.03	0.36	0.45	0.02	0.04	0.02	0.18
0.01	0.32	0.14	0.14	0.44	0.3	0.01	0.11	0.15	0.5	0.01	0.42	0.11	0.1	0.26	0.53	0.14	0.25	0.93	0.09	0.12	0.2	0.09	0.4	0.03	0.11	0.14	0.25	0.18	0.12	0.09	0.05	0.12	0.07	0.51	0.45	0.45	0.1	0	0.05	0.09	0.14	0.44	0	0.41	0.64	0.44	0.11	0.22	0.01	0.45	0.09	0.09	0.06	0.12	0.46	0.46	0.09	0.05	0	0.09	0.01	0.13	0.14	0.04	0.07	0.47	0.06	0.22	0.67	0.1	0.46	0.02	0.41	0.15	0.04	0.05	0.47	0.59	0.11	0.1	0.04	0.11	0.15	0.59	0.04	0.08	0.05	0.01	0.1	0.03	0.18	0.49	0.22	0.5	0.11	0.52	0.5	0.23
0.1	0.2	0.2	0.26	0.09	0.49	0.1	0.42	0.21	0.23	0.4	0.52	0.48	0.21	0.27	0.45	0.48	0.27	0.24	0.58	0.23	0.03	0.38	0.16	0.19	0.34	0.23	0.49	0.23	0.16	0.04	0.04	0.5	0.42	0.16	0.09	0.2	0.8	0.05	0	0.58	0.03	0.21	0.12	0.46	0.13	0.24	0.26	0.42	0.04	0.21	0.27	0.22	0.43	0.18	0.44	0.21	0.24	0.04	0.04	0.44	0.18	0.22	0.21	0.01	0.44	0.23	0.1	0.23	0.55	0.23	0.23	0.16	0.42	0.46	0.03	0	1.37	0.47	0.16	0.24	0.01	0.16	0.17	0.23	0.12	0.09	0.06	0.04	0.58	0.09	0.39	0.15	0.22	0.25	0.49	0.23	0.4	0.63
0.33	0.02	0.09	0.05	0.16	0.24	0.35	0.27	0.38	0.03	0.49	0.44	0.04	1.34	0.78	0.21	0.05	0.52	0.26	0.03	0.06	0.44	0.2	0.16	0.16	0.04	0.03	0.44	0.1	0.64	0.31	0.44	0.03	0.14	0.04	0.22	0.02	0.29	0.17	0.22	0	0.45	0.01	0.12	0.16	0.16	0.2	0.04	0.35	0.1	0.02	0.39	0.01	0.17	0.05	0.1	0.03	0.01	0.18	0.1	0.04	0.18	0.03	0.21	0.46	0.66	0.16	0.46	0.05	0.04	0.24	0.16	0.22	0.35	0.03	0.13	0.67	0.3	0.32	0.04	0.18	0.47	0.05	0.21	0.47	0.13	0.21	0.47	0.12	0.05	0.47	0.3	0.05	0.37	0.05	0.02	0.35	0.29	0.48
0.26	0.26	0.15	0.15	0.09	0.3	0.03	0.12	0.11	0.11	0.4	4.1	0.11	0.35	0.46	0.06	0.15	0.25	0.46	0.17	0.16	0.03	0.08	0.05	0.06	0.52	0.56	0.56	0.23	0.76	0.03	0.07	0.13	0.08	0.13	0.09	0.12	0.2	0.04	0.33	0.11	0	0.11	0.08	0.08	0.1	0.36	0.13	0.39	0.01	0.19	0.41	0.45	0.06	0.12	0.04	0.13	0.45	0.07	0.04	0.45	0.4	0.12	0.52	0.13	0.08	0.15	0.03	0.16	0.45	0.12	0.04	0.36	0.45	0.12	0	0.03	0.17	0.33	0.46	0.12	0.02	0.39	0.09	0.2	0.01	0.26	0.08	0.03	0.1	0.16	0.46	0.46	0.22	0.14	0.12	0.16	0.46	0.24
0.12	0.01	0.09	0.91	0.14	0.47	0.13	0.03	0.02	0.43	0.12	1.31	0.37	0.23	0.36	0.22	0.08	0.53	0.43	0.02	0.06	0.14	0.43	0.5	0.43	0.03	0.03	0.04	0.31	0.05	0.43	0.17	0.31	0.14	0.03	0.21	0.02	0.02	0.11	0.35	0.01	0.12	0	0.44	0.15	0.14	0.2	0.03	0.33	0.1	0.03	0.2	0	0.17	0.44	0.1	0.31	0.01	0.15	0.44	0.04	0.43	0.03	0.59	0.2	0.17	0.04	0.12	0.19	0.03	0.03	0.14	0.14	0.44	0.35	0.12	0.37	0.53	0.31	3.5	0.04	0.44	0.05	0.21	0.26	0.12	0.19	0.18	0.44	0.15	0.13	0.3	0.04	0.33	0.51	0.34	0.05	0.23	0.2
0.03	0.15	0.43	0.87	0.05	0.33	0.03	0.99	0.3	0.16	0.2	0.56	0.11	0.14	0.58	0.12	0.16	0.27	0.25	0.49	0.38	0.06	0.11	0.05	0.05	0.14	0.18	0.18	0.16	0.43	0.09	0.07	0.2	0.49	0.12	0.4	0.46	0.48	0.01	0.49	0.14	0.05	0.14	0	0.06	0.07	0.17	0.24	0.27	0.03	0.4	0.1	0.5	0.07	0.11	0	0.14	0.14	0.32	0.02	0.14	0.08	0.41	0.17	0.41	0.97	0.18	0.41	0.17	0.17	0.12	0.06	0.41	0.32	0.12	0.04	0.12	0.5	1.42	0.92	0.17	0.07	0.12	0.42	0.57	0.04	0.13	0.07	0.1	0.42	0.42	0.6	0.28	0.25	0.42	0.12	0.14	1.43	0.93
0.03	1.77	0.17	0.57	0.02	1.18	0.03	0.15	0.47	0.2	0.47	3.27	0.48	0.47	0.47	0.09	0.47	0.44	0.47	0.16	0.46	0.05	0.1	0.01	0.33	0.98	0.47	0.47	0.2	0.49	0.04	0.22	0.16	0.02	0.14	1.35	0.13	0.14	0.04	0.49	0.16	0.04	0.16	0.4	0.02	0.07	0.14	0.48	0.49	0.68	0.68	0.48	0.48	0.06	0.54	0.42	0.98	0.49	0.06	0.04	0.15	0.68	0.49	0.49	0.99	0.07	0.16	0.03	0.48	0.48	0.93	0.08	0.59	0.32	0.15	0.05	0.1	0.06	0.59	0.49	0.5	0.06	0.49	0.08	0.98	0.05	0.1	0.04	0.59	0.49	0.01	0.19	0.99	0.49	0.17	0.25	0.21	0.32	0.49
0.04	0.13	0.46	0.15	0	0.46	0.02	0.17	0.2	0.16	0.4	8.99	0.12	0.15	0.27	0.46	0.25	0.23	0.22	0.55	0.16	0.45	0.13	0.01	0.01	0.13	0.14	0.16	0.2	0.14	0.1	0.45	0.15	0	0.14	0.46	0.15	0.35	0.02	0.09	0.45	0.45	0.14	0.05	0.55	0	0.75	0.46	0.55	0.03	0.55	0.45	0.14	0.45	0.13	0.02	0.27	0.14	0.34	0.1	0.45	0.17	0.55	0.13	0.09	0.06	0.15	0.02	0.17	0.14	0.15	0.02	0.04	0.18	0.12	0.45	0.27	0.05	0.45	0.13	0.45	0.08	0.45	0.06	0.45	0.09	0.06	0.96	0.09	0.45	0.01	0.95	0.45	0.65	0.17	0.45	0.75	0.65	0.63
0.45	0.47	0.31	0.57	0.47	0.42	0.16	0.57	0.21	0.47	0.15	3.25	0.49	0.23	0.5	0.57	0.23	0.6	0.35	0.5	1	0.5	0.21	0.15	0.14	0.4	0.22	0.4	0.41	0.26	0.4	0.17	0.22	0.13	0.5	0.19	0.19	0.19	0.4	0.4	0.41	0.2	0.2	0.17	0.4	0.17	0	0.22	0.33	0.18	0.6	0.2	0.19	0.21	0.5	0.15	0.21	0.4	0.17	0.16	0.21	0.41	0.23	0.41	0.18	0.29	0.91	0.41	0.47	0.22	0.6	0.14	0.41	0.42	0.21	0.22	0.37	0.38	0.41	0.22	0.23	0.22	0.47	0.2	0.07	0.42	0.19	0.17	0.16	0.42	0.52	0.3	0.92	0.42	0.41	0.42	0.62	0.21	0.34
0.13	0.02	0.09	0.06	0.14	0.24	0.12	0.03	0.42	0.18	0.47	2.22	0.05	0.04	0.42	0.52	0.06	1.45	0.31	0.53	0.45	0.18	0.52	0.43	0.43	0.94	0.43	0.03	0.1	0.06	0.44	0.18	0.01	0.94	0.05	0.21	0.04	0.09	0.45	0.23	0.08	0.48	0.65	0.45	0.17	0.52	0.22	0	0.46	0.12	0.04	0.46	0.03	0.18	0.06	0.14	0.01	0.03	0.47	0.4	0.04	0.24	0.04	0.22	0.17	0.16	0.05	0.15	0.06	0.07	0.05	0.5	0.16	0.49	0.04	0.14	0.46	0.2	1	0.06	0.05	0.16	0.06	0.24	0.4	0.13	0.2	0.16	0.4	0.03	0.71	0.43	0.06	0.5	0.41	0.16	0.41	0.42	0.5
0.22	0.84	0.4	0.35	0.54	0.36	0.22	0.34	0.69	0.73	0.22	6.21	0.35	0.35	0.06	0.56	0.49	0.35	0.34	0.99	0.6	0.24	0.21	0.49	0.24	0.49	0.39	0.73	0.9	1	0.5	0.19	0.36	0.5	0.95	0.4	0.34	0.49	0.25	0.49	0.74	0.23	0.48	0.25	0.22	0.2	0.4	0.34	0	0.5	0.49	0.5	0.32	0.5	0.33	0.5	0.74	0.36	0.17	0.23	0.9	0.96	0.7	0.91	0.4	0.15	0.35	0.22	0.51	0.34	1.15	0.21	0.35	0.4	0.32	0.25	0.23	0.16	1	0.33	0.43	0.19	0.4	0.38	0.6	0.6	0.15	0.18	0.4	0.9	0.4	0.64	0.33	0.41	0.38	0.33	0.68	0.9	0.79
0.47	0.09	0.14	0.25	0.05	0.29	0.02	0.48	0.18	0.36	0.02	1.68	0.18	0.09	0.48	0.26	0.43	0.24	0.32	0.08	0.13	0.03	0.05	0.04	0.04	0.39	0.1	0.49	0.16	0.19	0.01	1.6	0.5	0.02	0.67	0.07	0.27	0.08	0.41	0.39	0.41	0.01	0.1	0.05	0.39	0.06	0.47	0.12	0.51	0	0.41	0.07	0.09	0.04	0.19	0.01	0.37	0.09	0.05	0.01	0.47	0.3	0.1	0.18	0.04	0.08	0.11	0.02	0.13	0.12	0.29	0.42	0.1	0.56	0.1	0.43	0.04	0.08	0.21	0.53	0.12	0.43	0.19	0.07	0.43	0.01	0.08	0.09	0	0.39	0.04	0.19	1.14	0.53	0.13	0.37	0.19	0.44	2.01
0.1	0.05	0.12	0.05	0.46	0.67	0.56	0.04	0.02	0.03	0.11	5.04	0.42	0.14	0.41	0.23	0.43	0.21	0.82	0.01	0.3	0.16	0.41	0.92	0.42	0.51	0.11	0.51	0.1	0.04	0.48	0.25	0.04	0.14	0.12	0.22	0.01	0.02	0.45	0.29	0.94	0.14	0.06	0.64	0.42	0.84	0.43	0.43	0.63	0.94	0.43	0.42	0.18	0.18	0.03	0.1	0.16	0.02	0.21	0.48	0.02	0.97	0.04	0.47	0.14	0.45	0.45	0.12	0.05	0.45	0.22	0.92	0.13	0.63	0.02	0.41	0.2	0.61	0.41	0.91	0.04	0.4	0.91	0.5	0.26	0.48	0.19	0.97	0.09	0.46	0.46	0.47	0.04	0.49	0.43	0.02	0.05	0.42	0.18
0.08	0.19	0.22	0.41	0.51	0.25	0.08	0.2	0.2	0.19	0.07	4.31	0.2	0.19	0.18	0.03	0.44	0.85	0.43	0.2	0.2	0.07	0.01	0.14	0.43	0.17	0.2	0.22	0.43	0.38	0.08	0.03	0.44	0.24	0.49	0.04	0.17	0.33	0.09	0.44	0.57	0.16	0.2	0.1	0.96	0.29	0.95	0.22	0.33	0.07	0.2	0	0.17	0.11	0.55	0.08	0.19	0.62	0.03	0.45	0.18	0.31	0.21	0.21	0.42	0.03	0.21	0.08	0.23	0.25	0.19	0.09	0.13	0.46	0.46	0.42	0.05	1.17	0.21	0.19	0.43	0.04	0.46	0.04	0.26	0.09	0.04	0.08	0.08	0.21	0.08	0.17	0.21	0.26	0.35	0.19	0.57	0.2	0.19
0.14	0.17	0.09	0.04	0.14	0.58	0.12	0.02	0.02	0.02	0.14	12.7	0.03	0.43	0.37	0.2	0.04	0.18	0.25	0.21	0.05	0.15	0.36	0.22	0.43	0.03	0.02	0.04	0.09	0.04	0.47	0.16	0.02	0.14	0.03	0.19	0.01	0.61	0.1	0.22	0.01	0.11	0	0.13	0.34	0.45	0.19	0.03	0.36	0.09	0.01	0.38	0	0.19	0.04	0.1	0.02	0	0.16	0.11	0.26	0.45	0.02	0.2	0.32	0.25	0.03	0.11	0.38	0.22	0.02	0.14	0.12	0.45	0.02	0.12	0.6	0.18	0.35	0.03	0.04	0.14	0.04	0.19	0.25	0.35	0.46	0.15	0.09	0.07	0.46	0.3	0.04	0.4	0.33	0.01	0.03	0.01	0.32
0.05	0.15	0.29	0.2	0.09	0.37	0.44	0.29	0.26	0.48	0.05	2.2	0.4	0.15	0.31	0.1	0.57	0.52	0.23	0.18	0.18	0.35	0.11	0.06	0.37	0.15	0.16	0.37	0.48	0.49	0.06	0.06	0.17	0.13	0.17	0.39	0.14	0.14	0.05	0.06	0.41	0.1	0.21	0.11	0.08	0.07	0.22	0.17	0.27	0.06	0.32	0.48	0.48	0	0.18	0.07	0.44	0.18	0.06	0.06	0.15	0.06	0.16	0.16	0.44	0.33	0.47	0.05	0.2	0.21	0.27	0.46	0.09	0.23	0.48	0.06	0.38	0.08	0.25	0.18	0.2	0.06	0.19	0.1	0.19	0.07	0.43	0.44	0.16	0.45	0.05	1.56	0.19	0.25	0.2	0.52	0.48	0.19	0.32
0.52	0.05	0.11	0.33	0.47	0.48	0.48	0.06	0.04	0.05	0.12	10.2	0.01	0.06	0.35	0.21	0.08	0.61	0.34	0.33	0.21	0.52	0.37	0.52	0.24	0.05	0.42	0.08	0.13	0	0.12	0.16	0.63	0.13	0.42	0.19	0.03	0.04	0.11	0.16	0.05	0.12	0.2	0.12	0.44	0.15	0.29	0.13	0.46	0.44	0.29	0.7	0.04	0.16	0	0.12	0.44	0.05	0.16	0.12	0.04	0.44	0.06	0.64	1.04	0.18	0.08	0.44	0.08	0.42	0.44	0.44	0.13	0.44	0.04	0.13	0.15	0.18	0.44	0.01	0.03	0.44	0	0.18	0.28	0.44	0.31	0.48	0.12	0.44	0.14	0.71	0.38	0.34	0.44	0.05	0.08	0.05	0.84
0.02	0.33	0.47	0.14	0.02	0.47	0.01	0.12	0.09	0.16	0.01	0.66	0.11	0.45	0.26	0.46	0.14	0.25	0.24	0.1	0.19	0.04	0.09	0.03	0.47	0.28	0.13	0.15	0.47	0.32	0.01	0.3	0.48	0.02	0.64	0.09	0.08	0.99	0.06	0.05	0.11	0.04	0.49	0	0.04	0.02	0.51	0.49	0.22	0.01	0.11	0.1	0.1	0.06	0.12	0	0.12	0.1	0.05	0.01	0.11	0	0.11	0.15	0.04	0.4	0.3	0.02	0.13	0.13	0.41	0.31	0.03	0.18	0.09	0.41	0.05	0.07	0.22	0.27	0.51	0.04	0.41	0.08	0.27	0.04	0.08	0.29	0.42	0.09	0.03	0.52	0.11	0.42	0.14	0.1	0.12	0.92	0.62
0.15	0.02	0.42	0.05	0.45	0.31	0.13	0	0.02	0	0.45	4.29	0.05	0.03	0.58	0.22	0.05	0.2	0.48	0.48	0.16	0.15	0.2	0.14	0.14	0.03	0.03	0.03	0.48	0.06	0.11	0.17	0.24	0.14	0.05	0.35	0.04	0.25	0.1	0.49	0.03	0.13	0.03	0.15	0.16	0.46	0.22	0.01	0.33	0.35	0.04	0.4	0.02	0.18	0.06	0.4	0.4	0.03	0.17	0.11	0.4	0.11	0.4	0.22	0.19	0.4	0.4	0.15	0.05	0.4	0.04	0.14	0.51	0.3	0.03	0.14	0.22	1.25	0.61	0.14	0.05	0.14	0.06	0.61	0.51	0.12	0.51	0.17	0.18	0.03	0.21	0.31	0.41	0.35	0.05	0.02	0.05	0.03	0.55
0.4	0.27	0.34	0.13	0.14	0.41	0.11	0.03	0.03	0.35	0.49	1.68	0.27	0.04	0.38	0.21	0.04	0.49	0.26	0.43	0.49	0.44	0.46	0.15	0.14	0.03	0.45	0.05	0.09	0.34	0.47	0.17	0.03	0.13	0.04	0.36	0.13	0.82	0.16	0.42	0.01	0.11	0.02	0.13	0.16	0.96	0.42	0.03	0.52	0.27	0.02	0.17	2.02	0.16	0.05	1.02	0.03	0	0.17	0.1	0.42	0.45	0.03	0.5	0.33	0.16	0.57	0.11	0.05	0.04	0.02	0.43	0.43	0.4	0.77	0.11	0.73	0.25	0.71	0.04	0.04	0.14	0.44	0.37	0.26	0.13	0.2	0.17	0.46	0.03	0.14	0.53	0.4	0.74	0.04	0.25	0.04	0.25	1.44
0.4	0.53	0.23	1.81	0.9	0.25	0.04	0.16	0.81	0.15	0.03	0.7	0.15	0.15	0.41	0.03	0.41	0.21	0.59	0.17	0.15	0.04	0.05	0.05	0.42	0.52	0.16	0.18	0.42	0.17	0.04	0.32	0.42	0.48	0.15	0.03	0.43	0.16	0.05	0.04	0.43	0.25	0.37	0.43	0.06	0.1	0.17	0.16	0.17	0.05	0.25	0.03	0.16	0.08	0.17	0.05	0.44	0.98	0	0.05	0.4	0.45	0.16	0.17	0.03	0.02	0.17	0.75	0.95	0.45	0.16	0.05	0.09	0.45	0.15	0.09	0.04	0.76	0.25	0.15	0.45	0.03	0.56	0.03	0.46	0.08	0.03	0.09	0.04	0.51	0.05	0.14	0.16	0.46	0.56	0.97	0.47	0.15	1.09
0.02	0.11	0.48	0.41	0.1	0.32	0.02	0.13	0.1	0.12	0.4	0.24	0.11	0.45	0.23	0.08	0.15	0.26	0.23	0.09	0.48	0.04	0.1	0.04	0.04	0.11	0.14	0.16	0.49	0.12	0.4	0.05	0.13	0.07	0.12	0.09	0.08	0.09	0	0.04	0.41	0.04	0.12	0.01	0.04	0.1	0.42	0.43	0.43	0.02	0.47	0.44	0.19	0.09	0.12	0.01	0.11	0.5	0.05	0	0.09	0.27	0.12	0.16	0.23	0.07	0.13	0.02	0.14	0.13	0.11	0.04	0.13	0.19	0.41	0.17	0.05	0.33	0.42	0.12	0.11	0.04	0.48	0.1	0.22	0.14	0.09	0.07	0.01	0.94	0.34	0.38	0.11	0.22	0.13	0.47	0.28	0.11	0.55
0.51	0.02	0.09	0.21	0.12	0.24	0.1	0.03	0.02	0.03	0.12	10.6	0.04	0.01	0.46	0.21	0.06	0.2	0.34	0.03	0.35	0.15	0.53	0.13	0.13	0.02	0.18	0.05	0.11	0.67	0.12	0.16	0.21	0.24	0.05	0.18	0.02	0.02	0.1	0.2	0.22	0.1	0.03	0.37	0.51	0.5	0.21	0.04	0.4	0.1	0.15	0.18	0.03	0.15	0.04	0.4	0.03	0.03	0.4	0.1	0	0.4	0.04	0.21	0.14	0.16	0.05	0.11	0.06	0.04	0.24	0.17	0.24	0.66	0.01	0.43	0.52	0.16	0.3	0.04	0.43	0.15	0.04	0.19	0.27	0.11	0.19	0.53	0.1	0.34	0.12	0.29	0.27	0.47	0.4	0.03	0.35	0.03	0.44
0.02	0.96	0.47	0.97	0.03	0.46	0.95	0.11	0.95	0.11	0.02	5.24	0.5	0.98	0.46	0.51	0.96	0.66	0.45	0.46	0.13	0.45	0.45	0.04	0.06	0.97	0.45	0.95	0.95	0.45	0.96	0.94	0.46	0.02	0.42	0.44	0.44	0.84	0	0.54	0.49	0.43	0.43	0	0.25	0.46	0.39	0.43	0.42	0.61	0.93	0.21	0.12	0.45	0.42	0	0.42	0.49	0.42	0.42	0.1	0.92	0.41	0.41	0.41	0.08	0.5	0.41	0.15	0.5	1.49	0.04	0.03	0.49	0.99	0.04	0.05	0.07	0.97	0.97	0.47	0.04	0.47	0.97	0.39	0.04	0.46	0.46	0.01	0.96	0.03	1.36	0.45	0.45	0.37	0.45	0.45	0.45	1.03
0.13	0.03	0.1	0.02	0.15	0.55	0.13	0.07	0.03	0.03	0.14	9.41	0.06	0.03	0.39	0.22	0.49	0.2	2.94	0.37	0.23	0.17	0.2	0.16	0.16	0.04	0	0.05	0.5	0.07	0.13	0.49	0.04	0.15	0.05	0.21	0.03	0.36	0.13	0.22	0.03	0.12	0.03	0.16	0.49	0.4	0.22	0.04	0.5	0.1	0.94	0.21	0.02	0.16	0.06	0.84	0.03	0.03	0.5	0.12	0.04	1.1	0	0.22	0.4	0.17	0.02	0.14	0.81	0.05	0.4	0.27	0.15	0.5	0.4	0.13	0.46	0.51	0.31	0.15	1.93	0.18	0.06	0.22	0.67	0.29	0.41	0.41	0.13	0.31	0.14	0.32	0.41	0.41	0.34	0.39	0.59	0.31	0.42
0.15	0.7	0.3	0.23	0.13	0.43	0.15	0.48	0.44	0.22	0.15	2.27	0.47	0.47	0.37	0.21	0.23	0.36	0.35	0.19	0.28	0.49	0.21	0.16	0.14	0.22	0.22	0.5	0.48	0.23	0.15	0.37	0.22	0.13	0.24	0.19	0.19	0.33	0.15	0.51	0.2	0.2	0.21	0.48	0.15	0.49	0.34	0.22	0.33	0.16	0.51	0.21	0.49	0.18	0.22	0.49	0.22	0.52	0.17	0.16	0.99	0.44	0.22	0	0.18	0.2	0.23	0.25	0.49	0.23	0.2	0.27	0.2	0.35	0.32	0.22	0.21	0.65	0.34	0.41	0.49	0.59	0.42	0.32	0.39	0.4	0.19	0.18	0.16	0.21	0.5	0.9	0.4	0.35	0.23	0.21	0.5	0.21	0.34
0.04	0.15	0.42	0.17	0.52	0.28	0.03	0.15	0.16	0.16	0.43	9.82	0.15	0.14	0.54	0.04	0.17	0.31	0.42	0.16	0.16	0.04	0.05	0.04	0.41	0.15	0.31	0.18	0.53	0.3	0.04	0.04	0.43	0.06	0.15	0.05	0.46	0.43	0.04	0.28	0.18	0.02	0.16	0.43	0.05	0.09	0.18	0.17	0.43	0.04	0.14	0.44	0.17	0.29	0.15	0.44	0.64	0.15	0.15	0.44	0.14	0.64	0.37	0.18	0	0.05	0.19	0.03	0.2	0.2	0.17	0.37	0.45	0.45	0.45	0.21	0.01	0.05	0.45	0.15	0.14	0	0.16	0.05	0.48	0.04	0.06	0.06	0.56	0.48	0.04	0.53	0.15	0.19	0.19	0.14	0.17	0.16	0.59
0.07	0.17	0.38	0.19	0.07	0.22	0.07	0.62	0.18	0.47	0.06	4.87	0.18	0.15	0.16	0.03	0.18	0.18	0.17	0.15	0.19	0.43	0.37	0.38	0.07	0.15	0.43	0.53	0.4	0.43	0.53	0.06	0.16	0.06	0.18	0.01	0.14	0.3	0.07	0.05	0.16	0.44	0.17	0.17	0.23	0.44	0.2	0.16	0.84	0.36	0.14	0.1	0.15	0.4	0.44	0.07	0.49	0.16	0.03	0.44	0.54	0.45	0.17	0.48	0.07	0	0.44	0.08	0.19	0.54	0.44	0.46	0.14	0.12	0.52	0.09	0.18	0.02	0.29	0.17	0.19	0.44	0.4	0.16	0.16	0.07	0.2	0.44	0.08	0.43	0.07	0.12	0.18	0.18	0.19	0.4	0.54	0.51	0.29
0.48	0.04	0.12	0.04	0.16	0.21	0.16	0.05	0.04	0.33	0.14	5.05	0.12	0.04	0.51	0.45	0.03	0.54	0.31	0.05	0.08	0.55	0.29	0.17	0.17	0.05	0.02	0.07	0.12	0.44	0.15	0.45	0.44	0.15	0.06	0.21	0.15	0.56	0.54	0.26	0.04	0.44	0.04	0.2	0.18	0.39	0.23	0.33	0.77	0.11	0.05	0.21	0.03	0.21	0.07	0.15	0.44	0.04	0.44	0.13	0.05	0.14	0.02	0.23	0.19	0.18	0	0.44	0.01	0.22	0.05	0.54	0.44	0.3	0.05	0.15	0.3	0.41	0.32	0.08	0.44	0.32	0.28	0.2	0.29	0.54	0.22	0.2	0.13	0.05	0.44	0.56	0.13	0.74	0.03	0.05	0.29	0.04	0.45
0	0.14	0.15	0.15	0.02	0.3	0	0.14	0.12	0.43	0.01	2.35	0.11	0.24	0.25	0.13	0.14	0.64	0.22	0.12	0.38	0.04	0.45	0.03	0.04	0.45	0.55	0.15	0.45	0.13	0.02	0.43	0.38	0.02	0.11	0.46	0.1	0.33	0.01	0.42	0.13	0.03	0.11	0.13	0.03	0.02	0.21	0.34	0.25	0.03	0.5	1.77	0.11	0.07	0.12	0.02	0.36	0.47	0.04	0.02	0.12	0.77	0.47	0.15	0.04	0.07	0.15	0	0.48	0.48	0.13	0.03	0.06	0.52	0.12	0.04	0.1	0.19	0.5	0.5	0.14	0.03	0.4	0.26	0.6	0.03	0.08	0.05	0.02	0.4	0.61	0.19	0.29	0.41	0.14	0.14	0.46	0.14	0.41
0.16	0.05	0.12	0.04	0.45	0.22	0.14	0.05	0.05	0.42	0.15	8.09	0.07	0.05	0.42	0.96	0.03	0.39	0.97	0.05	0.09	0.18	0.47	0.18	0.57	0.05	0.03	0.13	0.35	0.08	0.48	0.48	0.06	0.15	0.12	0.22	0.05	0.21	0.14	0.49	1	0.14	0.04	0.17	0.17	0.17	0.4	0.06	0.54	0.15	0.07	0.4	0.04	0.51	0.41	0.14	0.05	0.05	0.19	0.15	0.25	1.42	0.92	0.23	0.17	0.22	0.01	0.14	0	0.43	0.06	0.4	0.15	0.29	0.46	0.18	0.43	0.47	0.33	0.07	1.44	0.37	0.08	0.22	0.7	0.16	0.23	0.2	0.13	0.34	0.17	0.56	0.17	0.96	0.04	0.56	0.03	0.05	1.47
0.14	0.46	0.11	0.86	0.17	0.46	0.14	0.02	0.03	0.02	0.46	4.98	0.18	0.04	0.39	0.23	0.06	0.21	0.3	0.59	0.06	0.17	0.21	0.65	0.26	0.04	0.04	0.02	0.12	0.07	0.13	0.18	0.06	0.15	0.14	0.21	0.04	0.45	2	0.25	0.05	0.14	0.04	0.15	0.49	0.15	0.22	0.03	0.5	0.2	0.05	0.21	0.03	0.17	0.1	0.13	0.02	0.04	0.54	0.12	0.3	0.14	0.04	0.41	0.18	0.17	0.41	0.32	0.22	0	0.12	0.46	0.14	0.51	0.12	0.13	0.24	0.55	0.33	0.06	0.05	0.42	0.06	0.22	0.29	0.14	0.42	0.32	0.12	0.03	0.52	0.42	0.13	0.44	0.06	0.08	0.3	0.03	0.42
0.41	0.41	0.71	0.06	0.15	0.24	0.11	0.04	0.03	0.41	0.41	2.81	0.04	0.05	0.5	0.23	0.05	0.19	0.24	0.01	0.06	0.45	0.45	0.75	0.16	0.05	0.12	0.06	0.26	0.05	0.45	0.17	0.04	0.13	0.27	0.45	0.02	0.01	0.1	0.45	0.03	0.11	0.03	0.51	0.16	0.46	0.2	0.05	0.36	0.09	0.02	0.46	0.02	0.46	0.05	0.1	0.04	0.02	0.17	0.46	0.04	0.12	0.04	0.2	0.46	0.34	0.05	0.11	0.06	0.05	0	0.47	0.53	0.26	0.03	0.14	0.47	0.7	0.73	0.04	0.05	0.18	0.05	0.47	0.43	0.43	0.21	0.16	0.19	0.23	0.47	0.32	0.04	0.67	0.06	0.03	0.05	0.03	1.07
0.03	0.13	0.17	0.19	0.02	0.3	0.03	0.14	0.13	0.16	0.03	5.26	0.96	0.14	0.46	0.09	0.16	0.25	0.23	0.25	0.47	0.05	0.48	0.41	0.04	0.14	0.15	0.56	0.19	0.25	0.04	0.05	0.17	0.38	0.15	0.09	0.48	0.14	0.98	0.48	0.16	0.04	0.49	0.59	0.49	0.05	0.14	0.49	0.24	0.41	0.15	0.5	0.26	0.06	0.14	0.4	0.46	0.16	0.05	0.4	0.13	0.39	0.15	0.14	0.04	0.36	0.16	0.1	0.21	0.16	0.15	0	0.01	0.19	0.41	0.29	0.09	0.41	0.51	0.14	0.16	0.04	0.17	0.28	0.41	0.05	0.09	0.04	0.42	0.13	0.01	1.22	0.14	0.43	0.16	0.43	0.19	0.14	0.93
0.02	0.13	0.59	1.19	0.01	0.29	0.41	0.46	0.49	0.49	0.02	6.51	0.42	0.29	0.3	0.12	0.16	0.23	0.42	0.53	0.18	0.09	0.13	0.02	0.43	0.14	0.17	0.16	0.43	0.22	0.09	0.38	0.21	0	0.14	0.43	0.13	0.75	0.02	0.09	0.73	0.09	0.13	0.43	0.52	0.25	0.23	0.42	0.22	0.03	0.41	0.13	0.92	0.1	0.72	0.02	0.14	0.16	0.09	0.43	0.46	1.34	0.14	0.43	0.43	0.06	0.15	0.44	0.43	0.15	0.44	0.01	0	0.44	0.28	0.09	0.44	0.04	0.23	0.44	0.13	0.09	0.13	0.44	0.28	0.15	0.44	0.09	0.09	0.44	0.01	0.26	0.12	0.37	0.15	0.44	0.43	0.44	1.84
0.36	0.3	0.45	0.55	0.18	0.45	0.18	0.39	0.43	0.3	0.45	0.83	0.27	0.4	0.22	0.51	0.32	0.09	0.36	0.46	0.34	0.2	0.45	0.19	0.19	0.46	0.29	0.46	0.58	0.58	0.18	0.33	0.28	0.18	0.29	0.35	0.29	0.57	0.18	0.23	0.67	0.18	0.26	0.47	0.5	0.19	0.67	0.55	0.28	0.47	0.37	0.14	0.26	0.88	0.78	0.48	0.68	0.26	0.13	0.19	0.51	0.33	0.68	0.38	0.27	0.12	0.58	0.18	0.48	0.31	0.32	0.19	0.18	0	0.25	0.19	0.49	0.39	0.22	0.51	0.28	0.18	0.9	0.1	0.65	0.19	0.1	0.15	0.4	0.6	0.19	0	0.28	0.86	0.31	0.28	0.32	0.28	0.47
0.12	0.02	0.07	0.4	0.12	0.24	0.48	0.03	0.02	0.03	0.11	0.31	0.03	0.02	0.69	0.21	0.25	0.34	0.34	0.02	0.06	0.14	0.2	0.13	0.15	0.02	0.49	0.99	0.1	0.04	0.09	0.16	0.04	0.5	0.05	0.18	0.01	0.4	0.1	0.23	0.4	0.4	0.03	0.12	0.14	0.39	0.21	0.04	0.35	0.1	0.11	0.18	0.41	0.16	0.41	0.51	0.21	0.41	0.14	0.1	0.91	0.09	0.04	0.41	0.14	0.16	0.05	0.15	0.42	0.04	0.03	0.13	0.42	0.58	0	0.12	0.23	0.51	0.52	0.03	0.04	0.19	0.22	0.18	0.43	0.11	0.18	0.17	0.36	0.02	0.13	0.37	0.03	0.65	0.06	0.03	0.06	0.03	0.19
0.04	0.13	0.17	0.53	0.09	0.32	0.41	0.5	0.12	0.13	0.03	6.82	0.45	0.13	0.23	0.07	0.15	0.33	1.14	0.27	0.23	0.04	0.42	0.05	0.05	0.68	0.48	0.79	0.21	0.15	0.03	0.49	0.15	0.1	0.18	0.1	0.11	0.4	0.04	0.04	0.14	0.01	0.42	0.04	0.05	0.09	0.43	0.13	0.27	0.04	0.11	0.09	0.47	0.06	0.13	0.04	0.38	0.48	0.09	0.29	0.11	0.5	0.14	0.72	0.04	0.09	0.51	0.04	0.41	0.14	0.14	0.05	0.22	0.19	0.94	0	0.03	0.08	0.22	0.13	0.46	0.03	0.48	0.1	0.28	0.35	0.1	0.11	0.03	0.12	0.05	0.22	0.52	0.23	0.53	0.13	0.39	0.18	0.59
0.45	0.22	0.2	0.25	0.09	0.32	0.1	0.21	0.43	0.22	0.03	1.5	0.2	0.19	0.27	0.11	0.47	0.58	0.24	0.58	0.18	0.03	0.06	0.41	0.09	0.21	0.22	0.71	0.41	0.51	0.31	0.04	0.21	0.09	0.17	0.09	0.48	0.5	0.05	0	0.23	0.03	0.22	0.12	0.1	0.09	0.23	0.23	0.43	0.46	0.66	0.05	0.22	0.24	0.16	0.05	0.21	0.3	0.04	0.47	0.57	0.89	0.41	0.24	0.01	0.43	0.24	0.1	0.25	0.24	0.22	0.41	0.4	0.2	0.2	0.04	0	0.26	0.5	0.15	0.47	0	0.16	0.46	0.41	0.03	0.42	0.44	0.04	0.2	0.09	0.21	0.16	0.22	0.45	0.22	0.55	0.45	0.24
0.06	1	0.22	0.2	0.05	0.48	0.06	0.18	0.48	0.57	0.06	2.51	0.45	0.17	0.63	0.43	0.27	0.35	0.43	0.42	0.35	0.21	0.22	0.41	0.06	0.47	0.21	0.41	0.61	0.19	0.9	0.1	0.4	0.93	0.18	0.01	0.16	0.5	0.08	0.08	0.31	0.07	0.17	0.1	0.49	0.04	0.35	0.58	0.48	0.34	0.17	0.05	0.47	0.09	0.18	0.07	0.46	0.19	0.03	0.45	0.18	0.62	0.21	0.45	0.05	0.02	0.41	0.44	0.19	0.2	0.43	0.43	0.06	0.12	0.42	0.09	0.08	0	0.42	0.17	0.18	0.41	0.91	0.03	0.24	0.4	0.01	0.03	0.31	0.4	0.05	0.48	0.5	0.5	0.21	0.2	0.49	0.44	0.8
0.48	0.32	0.34	0.32	0.24	0.21	0.2	0.32	0.31	0.37	0.21	2.35	0.47	0.57	0.24	0.28	0.32	0.47	0.26	0.57	0.32	0.78	0.45	0.19	0.48	0.98	0.48	0.68	0.39	0.32	0.22	0.17	0.49	0.23	0.47	0.13	0.49	0.71	0.2	0.5	0.36	0.21	0.6	0.23	0.2	0.41	0.51	0.32	0.02	0.41	0.6	0.16	0.9	0.4	0.31	0.41	0.33	0.6	0.17	0.61	0.3	0.21	0.31	0.36	0.42	0.16	0.4	0.49	0.41	0.44	0.52	0.61	0.72	0.92	0.42	0.25	0.24	0.42	0	0.43	0.42	0.53	0.48	0.15	0.67	0.24	0.17	0.19	0.25	0.44	0.21	0.44	0.33	0.46	0.35	0.35	0.44	0.35	1.34
0.11	0.04	0.1	0.12	0.12	0.47	0.12	0.05	0.03	0.09	0.37	1.82	0	0.15	0.34	0.2	0.44	0.2	0.33	0.43	0.1	0.48	0.28	0.42	0.33	0.08	0.06	0.41	0.41	0.3	0.4	0.16	0.18	0.12	0.46	0.19	0.59	0.59	0.49	0.15	0.12	0.48	0.04	0.11	0.3	0.47	0.46	0.05	0.33	0.46	0.08	0.2	0.03	0.57	0.13	0.17	0.44	0.04	0.16	0.11	0.43	0.43	0.37	0.42	0.15	0.83	0.07	0.41	0.07	0.06	0.4	0.14	0.13	0.27	0.4	0.14	0.15	0.17	0.49	0	0.03	0.49	0.31	0.18	0.28	0.5	0.18	0.18	0.44	0.04	0.13	0.3	0	0.93	0.17	0.04	0.44	0.04	0.34
0.15	0.16	0.08	0.07	0.3	0.49	0.13	0.05	0.02	0.05	0.14	4.32	0.03	0.03	1.17	0.21	0.07	0.55	0.34	0.04	0.06	0.16	0.45	0.16	0.42	0.03	0.05	0.23	0.13	0.62	0.11	0.29	0.05	0.45	0.05	0.2	0.04	0.2	0.1	0.23	0.05	0.45	0.15	0.45	0.45	0.13	0.23	0.21	0.35	0.12	0.07	0.21	0.04	0.46	0.03	0.11	0.05	0.04	0.17	0.12	0.03	0.47	0.05	0.46	0.14	0.17	0.06	0.27	0.07	0.12	0.05	0.47	0.86	0.28	0.04	0.14	0.23	0.18	0.63	0.03	0	0.15	0.03	0.28	0.29	0.12	0.47	0.15	0.14	0.01	0.14	0.6	0.03	0.34	0.07	0.24	0.06	0.04	0.21
0.03	0.77	0.43	0.33	0.11	0.38	0.04	0.46	0.15	0.48	0.04	1.77	0.46	0.45	0.19	0.04	0.19	0.23	0.21	0.17	0.46	0.16	0.05	0.33	0.04	0.47	0.34	0.18	0.37	1.06	0.3	0.03	0.16	0.08	0.15	0.05	0.44	0.47	0.04	0.03	0.18	0.04	0.22	0.33	0.05	0.29	0.24	0.17	0.47	0.09	0.85	0.17	0.17	0.47	0.15	0.04	0.16	0.14	0.03	0.04	0.29	0.9	0.51	0.19	0.03	0.06	0.47	0.13	0.17	0.17	0.79	0.33	0.12	0.18	0.39	0.03	0.04	0.97	0.47	0.15	0.17	0	0.27	0.07	0.21	0.03	0.05	0.06	0.04	0.3	0.05	0.47	0.22	0.4	0.17	0.14	0.97	0.14	0.97
0.47	0.06	0.37	0.43	0.38	0.47	0.12	0.06	0.04	0.09	0.13	2.49	0.01	0.06	0.57	0.21	0.08	0.48	0.35	0.04	0.09	0.39	0.35	0.49	0.14	0.05	0.06	0.07	0.13	0.01	0.49	0.16	0.06	0.13	0.08	0.19	0.03	0.06	0.9	0.16	0.05	0.13	0.7	0.14	0.15	0.3	0.36	0.06	0.33	0.19	0.16	0.6	0.04	0.19	0.4	0.12	0.33	0.04	0.16	0.12	0.04	0.4	0.06	0.22	0.41	0.18	0.07	0.41	0.08	0.07	0.05	0.41	0.13	0.28	0.04	0.13	0.51	2.12	0.61	0.01	0.41	0.15	0	0.72	0.62	0.32	0.19	0.18	0.12	0.04	0.42	0.57	0.01	0.92	0.9	0.41	0.07	0.35	1.42
0.18	0.36	0.4	0.62	0.06	0.23	0.43	0.21	0.16	0.44	0.46	4.96	0.18	0.85	0.18	0.16	0.31	0.23	0.17	0.45	0.21	0.21	0.11	0.12	0.07	0.45	0.19	0.21	0.52	0.19	0.08	0.29	0.75	0.06	0.19	0.31	0.17	0.75	0.46	0.09	0.22	0.09	0.43	0.46	0.08	0.06	0.66	0.46	0.41	0.08	0.46	0.04	0.18	0.22	0.19	0.46	0.34	0.2	0.14	0.14	0.45	0.47	0.47	0.2	0.4	0.01	0.47	0.07	0.24	0.19	0.48	0.14	0.06	0.1	0.52	0.1	0.09	0.41	0.13	0.18	0.17	0.05	0.48	0	0.31	0.78	0.02	0.58	0.08	0.25	0.07	0.49	0.27	0.15	0.21	0.61	0.22	0.59	0.18
0.21	0.27	0.26	0.29	0.36	0.48	0.21	0.28	0.27	0.28	0.21	10.2	0.47	0.56	0.54	0.47	0.32	0.42	0.41	0.25	0.47	0.22	0.48	0.15	0.2	0.28	0.48	0.3	0.68	0.29	0.21	0.23	0.28	0.19	0.52	0.42	0.25	0.73	0.28	0.23	0.26	0.49	0.49	0.23	0.2	0.47	0.07	0.28	0.5	0.49	0.29	0.26	0.25	0.19	0.28	0.21	0.28	0.26	0.23	0.49	0.59	0.42	0.28	0.06	0.25	0.49	0.51	0.49	0.5	0.29	0.41	0.19	0.29	0.35	0.27	0.5	0.23	0.28	0.6	0.28	0.4	0.21	0.5	0.2	0	0.4	0.25	0.33	0.22	0.27	0.14	0.36	0.28	0.41	0.29	0.41	0.29	0.27	0.4
0.35	0.13	0.6	0.25	0.1	0.61	0.04	0.47	0.32	0.13	0.41	6.19	0.48	0.13	0.22	0.12	0.15	0.27	0.48	0.1	0.16	0.03	0.08	0.58	0.05	0.14	0.49	0.15	0.18	0.97	0.11	0.09	0.14	0.09	0.14	0.1	0.11	0.1	0.03	0.17	0.46	0.01	0.11	0.05	0.07	0.3	0.42	0.14	0.26	0.91	0.31	0.09	0.89	0.07	0.14	0.92	0.42	0.29	0.43	0.04	0.12	0.4	0.41	0.22	0.04	0.07	0.14	0.03	0.15	0.43	0.12	0.05	0.09	0.43	0.13	0	0.17	0.38	0.26	0.12	0.12	0.03	0.14	0.2	0.28	0	0.1	0.45	0.03	0.13	0.05	0.2	0.32	0.45	0.14	0.14	0.46	0.13	0.29
0.08	0.18	0.42	0.56	0.06	0.23	0.08	0.25	0.17	0.43	0.08	1.22	0.19	0.48	0.19	0.03	0.21	0.45	0.17	0.5	0.66	0.16	0.04	0.09	0.45	0.19	0.2	0.21	0.27	0.2	0.08	0.03	0.19	0.1	0.17	0.01	0.47	0.26	0.08	0.09	0.21	0.09	0.32	0.1	0.47	0.16	0.23	0.22	0.48	0.11	0.98	0.04	0.18	0.45	0.19	0.08	0.58	0.2	0.48	0.09	0.2	0.41	0.21	0.39	0.05	0.01	0.22	0.08	0.4	0.22	0.54	0.09	0.06	0.1	0.32	0.49	0.1	0.01	0.15	0.18	0.19	0.06	0.5	0.23	0.25	0.1	0	0.04	0.08	0.18	0.08	0.27	0.43	0.15	0.21	0.2	0.21	0.51	0.72
0.32	0.33	0.47	0.21	0.09	0.27	0.22	0.52	0.15	0.21	0.06	3.86	0.17	0.17	0.22	0.44	0.21	0.22	0.21	0.15	0.44	0.08	0.99	0.04	0.04	0.29	0.44	0.18	0.22	0.19	0.21	0.09	0.17	0.37	0.15	0.04	0.16	0.44	0.05	0.06	0.17	0.35	0.44	0.07	0.2	0.17	0.17	0.44	0.18	0.09	0.35	0.54	0.44	0.09	0.19	0.44	0.17	0.19	0.21	0.08	0.15	0.18	0.16	0.44	0.06	0.35	0.21	0.95	0.18	0.19	0.22	0.45	0.51	0.15	0.18	0.37	0.07	0.03	0.54	0.17	0.15	0.44	0.29	0.04	0.17	0.34	0.19	0	0.07	0.31	0.11	0.15	0.44	0.22	0.39	0.15	0.18	0.44	0.29
0.34	0.12	0.16	0.14	0.1	0.31	0.02	0.11	0.33	0.14	0.01	2.3	0.77	0.47	0.23	0.47	0.13	0.26	0.23	0.14	0.14	0.04	0.08	0.04	0.16	0.12	0.13	0.13	0.17	0.12	0	0.05	0.12	0.09	0.46	0.08	0.34	0.37	0.01	0.04	0.15	0.03	0.68	0.01	0.2	0.09	0.16	0.13	0.23	0.01	0.75	0.11	0.11	0.08	0.17	0.01	0.12	0.49	0.13	0.01	0.49	0.41	0.41	0.16	0.04	0.08	0.37	0.04	0.13	0.12	0.99	0.49	0.09	0.19	0.49	0.03	0.04	0.4	0.22	0.49	0.14	0.1	0.18	0.08	0.49	0.39	0.09	0.08	0	0.11	0.03	0.49	0.12	0.23	0.13	0.18	0.13	0.1	1
0.12	0.03	0.09	0.05	0.12	0.24	0.47	0.03	0	0.4	0.12	2.06	0.03	0.01	0.65	0.21	0.05	0.31	0.45	0.03	0.06	0.42	0.45	0.13	0.26	0.02	0.04	0.05	0.09	0.43	0.46	0.41	0.03	0.12	0.06	0.18	0.02	0.02	0.11	0.21	0.43	0.22	0.03	0.16	0.42	0.47	0.21	0.41	0.44	0.18	0.07	0.48	0.02	0.18	0.04	0.1	0.04	0.03	0.17	0.78	0.02	0.45	0.04	0.21	0.15	0.7	0.05	0.17	0.34	0.04	0.04	0.4	0.34	0.42	0.02	0.12	0.41	0.49	0.32	0.04	0.41	0.14	0.04	0.18	0.91	0.91	0.52	0.37	0.41	0	0.14	0.3	0.41	0.47	0.19	0.2	0.23	0.25	1.43
0.02	0.45	0.45	0.21	0.01	0.45	0.02	0.14	0.27	0.19	0.3	1.68	0.13	0.13	0.48	0.09	0.17	0.75	0.23	0.15	0.18	0.04	0.09	0.01	0.48	0.12	0.17	0.56	0.59	0.23	0.03	0.05	0.15	0.28	0.16	0.48	0.48	0.13	0.03	0.09	0.14	0.34	0.49	0.05	0.4	0.12	0.15	0.17	0.21	0.04	0.5	0.28	0.27	0.4	0.14	0.31	0.15	0.14	0.5	0.04	0.14	0.37	0.41	0.12	0.04	1.57	0.15	0.38	0.46	0.15	0.91	0.01	0.01	0.23	0.41	0.05	0.09	0.2	0.61	0.39	0.15	0.41	0.17	0.07	0.14	0.05	0.41	0.08	0.22	0.12	0	0.37	0.14	0.23	0.17	0.51	0.16	0.48	0.22
0.19	0.29	0.52	0.51	0.46	0.12	0.46	0.5	0.46	0.32	0.96	10	0.3	0.52	0.62	0.14	0.42	0.19	0.05	0.52	0.56	0.52	0.41	0.38	0.18	0.3	0.61	0.51	0.52	0.41	0.19	0.42	0.41	0.17	0.46	0.41	0.71	0.37	0.41	0.21	0.3	0.91	0.54	0.22	0.38	0.17	0.41	0.48	0.41	0.81	0.51	0.91	0.3	0.22	0.41	0.19	0.31	0.41	0.41	0.51	0.41	0.3	0.31	0.3	0.17	0.11	0.61	0.52	0.41	0.43	0.91	0.19	0.45	0	0.79	0.42	0.21	0.42	0.21	0.4	0.51	0.2	0.4	0.12	0.36	0.51	0.12	0.41	0.51	0.41	0.71	0	0.48	0.39	0.41	0.31	0.35	0.41	0.72
0.12	0.04	0.1	0.12	0.5	0.26	0.22	0.44	0.03	0.4	0.12	4.68	0	0.05	1.12	0.44	0.44	0.2	0.34	0.55	0.45	0.45	0.5	0.45	0.14	0.21	0.06	0.07	0.17	0.01	0.51	0.34	0.1	0.45	0.07	0.19	0.03	0.96	0.11	0.66	0.05	0.46	0.04	0.11	0.46	0.16	0.61	0.06	0.35	0.18	0.03	0.2	0.04	0.16	0.01	0.47	0.05	0.04	0.47	0.23	0.04	0.98	0.06	0.22	0.15	0.18	0.07	0.12	0.41	0.06	0.04	0.48	0.13	0.28	0.03	0.13	0.49	0.35	1.49	0	0.03	0.22	0.01	0.18	0.59	0.13	0.49	0.18	0.41	0.04	0.49	0.41	0	0.5	0.5	0.04	0.07	0.04	0.5
0.82	0.32	0.66	0.59	0.22	0.46	0.32	0.47	0.67	0.34	0.47	6.91	0.53	0.32	0.53	0.73	0.36	0.93	0.05	0.35	0.43	0.22	0.18	0.54	0.44	0.32	0.94	0.37	0.39	0.64	0.23	0.18	0.45	0.21	0.32	0.15	0.65	0.34	0.62	0.22	0.36	0.46	0.66	0.66	0.51	0.49	0.35	0.56	0.46	0.47	0.57	0.27	0.47	0.24	0.97	0.23	0.67	0.35	0.22	0.22	0.34	0.53	0.35	0.35	1.48	0.48	0.69	0.23	0.58	0.48	0.49	0.49	0.3	0.03	0.99	1.19	0.22	0.49	0.49	0.34	0.35	0.6	0.34	0.4	0.65	0.23	0.6	0.41	0.23	0.51	0.23	0.03	0.34	0	0.41	0.41	0.69	0.35	0.92
0.47	0.04	0.48	0	0.49	0.47	0.14	0.05	0.05	0.09	0.49	1.56	0.07	0.11	0.4	0.46	0.04	0.26	0.29	0.05	0.24	0.17	0.22	0.16	0.5	0.97	0.02	0.07	0.13	0.08	0.13	0.47	0.12	0.15	0.07	0.22	0.29	0.05	0.48	0.54	0.05	0.14	0.05	0.27	0.19	0.22	0.49	0.06	0.4	0.13	0.05	0.49	0.1	0.69	0.08	0.5	0.05	0.23	0.18	0.13	0.4	0.43	0.7	0.39	0.4	0.19	0.32	0.91	0.04	0.06	0.34	0.41	0.15	0.48	0.24	0.16	0.42	0.2	0.32	0.42	0.07	0.52	0.42	0.21	0.29	0.41	0.43	0.18	0.14	0.05	0.5	0.33	0.43	0.63	0	0.43	0.3	0.05	0.28
0.12	0.13	0.46	0.05	0.13	0.46	0.12	0.03	0.02	0.02	0.12	1.33	0.18	0.37	0.39	0.35	0.05	0.42	0.21	0.16	0.06	0.14	0.43	0.17	0.14	0	0.43	0.17	0.1	0.58	0.1	0.53	0.03	0.42	0.04	0.2	0.02	0.02	0.11	0.54	0.04	0.12	0.02	0.56	0.15	0.15	0.6	0.03	0.35	0.49	0.02	0.19	0.02	0.15	0.05	0.11	0.02	0.05	0.15	0.11	0.03	0.45	0.03	0.21	0.48	0.16	0.04	0.48	0.47	0.04	0.03	0.4	0.49	0.27	0.03	0.12	0.49	0.32	0.31	0.04	0.4	0.15	0.35	0.2	0.5	0.11	0.4	0.18	0.1	0.03	0.41	0.91	0.38	0.66	0.05	0	0.45	0.41	0.19
0.49	0.99	0.6	0.5	0.18	0.22	0.23	0.1	0.05	0.05	0.17	7.73	0.41	0.31	0.38	0.6	0.4	0.21	0.4	0.9	0.41	0.19	0.41	0.16	0.17	0.08	0.02	0.06	0.13	0.08	0.15	0.19	0.41	0.16	0.07	0.41	0.05	0.04	0.91	0.41	0.05	0.45	0.04	0.17	0.5	0.15	0.23	0.05	0.92	0.42	0.05	0.71	0.16	0.42	0.42	0.14	0.42	0.04	0.19	0.41	0.06	0.39	0.42	0.23	0.47	0.56	0.04	0.42	0.04	0.42	0.05	0.43	0.29	0.31	0.93	0.43	0.23	0.19	0.43	0.07	0.06	0.19	0.08	0.44	0.54	0.14	0.31	0.18	0.14	0.05	0.44	0.33	0.07	0.36	0.01	0.44	0.01	0.06	0.95
0.11	0.02	0.29	0.43	0.16	0.53	0.12	0.03	0.03	0.03	0.13	3.41	0.04	0.4	0.38	0.28	0.45	0.36	0.56	0.02	0.25	0.17	0.22	0.17	0.14	0.46	0.03	0.05	0.11	0.05	0.66	0.17	0.03	0.13	0.44	0.46	0.02	0.02	0.1	0.21	0.38	0.11	0.01	0.12	0.52	0.21	0.21	0.03	0.37	0.11	0.03	0.34	0.01	0.48	0.22	0.1	0.03	0.01	0.98	0.48	0.03	0.48	0.23	0.21	0.15	0.18	0.04	0.48	1.38	0.03	0.03	0.48	0.48	0.29	0.13	0.48	0.48	0.35	0.31	0.48	0.04	0.17	0.49	0.19	0.58	0.99	0.19	0.16	0.12	0.03	0.49	0.59	0.05	0.49	0.05	0.02	0.04	0	0.59
0.23	0.5	0.34	0.22	0.5	0.51	0.22	0.21	0.91	0.92	0.23	2.19	0.27	0.41	0.92	0.92	0.42	0	0.04	0.18	1.42	0.53	0.43	0.45	0.22	0.21	0.64	0.43	0.64	0.28	0.23	0.18	0.45	0.23	0.52	0.15	0.18	0.18	0.24	0.24	0.46	0.23	0.19	0.47	0.59	0.23	0.59	0.21	0.3	0.48	0.2	0.19	0.18	0.26	0.28	0.23	0.2	0.18	0.26	0.48	0.25	0.48	0.2	0.34	0.39	1.23	0.21	0.57	0.28	0.5	0.19	0.22	0.4	0.09	0.19	0.24	0.6	0.91	0.58	0.27	0.21	0.41	0.27	0.31	0.52	0.46	0.16	0.19	0.43	0.53	0.21	0.24	0.94	0.12	0.22	0.19	0.39	0.19	0.01
