0	0.12	0.15	0.17	0.02	0.3	0.04	0.12	0.11	0.14	0.08	1.96	0.12	0.12	0.46	0.46	0.17	0.37	0.23	0.81	0.12	0.03	0.08	0.46	0.03	0.46	0.14	0.48	0.46	0.13	0.02	0.04	0.12	0.02	0.47	0.07	0.43	0.91	0.01	0.1	0.12	0.06	0.14	0.03	0.47	0.02	0.47	0.13	0.47	0.02	0.1	0.08	0.11	0.36	0.12	0.02	0.13	0.48	0.04	0.2	0.12	0.02	0.14	0.48	0.03	0.07	0.15	0.5	0.48	0.13	0.13	0.26	0.02	0.39	0.1	0.03	0.1	0.08	0.2	0.79	0.12	0.19	0.45	0.07	0.22	0.03	0.08	0.04	0.02	0.11	0.02	0.19	0.12	0.5	0.43	0.12	0.15	0.17	0.23
0.12	0	0.14	0.05	0.14	0.47	0.11	0.02	0.02	0.02	0.13	2.33	0.04	0.02	0.49	0.2	0.04	0.49	0.21	0.35	0.05	0.14	0.19	0.13	0.13	0	0.26	0.03	0.3	1.19	0.11	0.49	0.02	0.13	0.49	0.2	0.02	0.21	0.5	0.2	0.02	0.5	0.04	0.15	0.14	0.4	0.23	0.02	0.33	0.2	0.27	0.19	0.41	0.21	0.05	0.41	0.02	0.02	0.41	0.12	0.02	0.23	0.41	0.61	0.41	0.16	0.04	0.11	0.05	0.02	0.62	0.13	0.41	0.41	0.02	0.14	0.23	0.51	0.41	0.41	0.04	0.13	0.05	0.18	0.27	0.42	0.21	0.16	0.1	0.02	0.14	0.82	0.92	0.36	0.04	1.73	0.38	0.02	0.92
0.49	0.1	0	0.78	0.17	0.75	0.15	0.12	0.08	1.12	0.26	0.51	0.09	0.09	0.52	0.42	0.12	0.4	0.62	0.08	0.42	0.54	0.22	0.39	0.42	0.19	0.37	0.12	0.21	0.42	0.14	0.22	0.11	0.16	0.43	0.34	0.08	0.08	0.15	0.19	0.09	0.15	0.43	0.46	0.17	0.17	0.57	0.3	0.43	0.15	0.97	0.42	0.09	0.43	0.1	0.15	0.11	0.43	0.23	0.14	0.09	0.36	0.43	0.54	0.19	0.2	0.43	0.15	0.12	0.12	0.08	0.17	0.21	0.43	0.07	0.24	0.2	1.74	0.33	0.84	0.08	0.2	0.12	0.21	0.44	0.17	0.21	0.44	0.54	0.44	0.74	0.39	0.1	0.5	0.24	0.09	0.4	0.1	0.35
0.14	0.24	0.1	0	0.98	0.22	0.15	0.05	0.05	0.35	0.16	1.69	0.34	0.48	0.39	0.49	0.04	0.57	0.54	0.23	0.09	0.6	0.23	0.46	0.91	0.08	0.71	0.07	0.5	0.92	0.13	0.42	0.05	0.18	0.43	0.21	0.05	0.43	0.13	0.23	0.05	0.44	0.25	0.95	0.45	0.17	0.23	0.06	0.35	0.32	0.11	0.23	0.04	0.2	0.08	0.31	0.05	0.04	0.21	0.13	0.07	0.26	0.02	0.23	0.48	0.19	0.3	0.48	0.03	0.06	0.06	0.18	0.49	0.49	0.06	0.17	0.5	1.2	0.7	0.07	0.07	0.49	0.08	0.4	1	0.4	0.23	0.18	0.4	0.05	0.5	0.91	0.38	0.56	0.13	0.05	0.09	0.41	0.62
0.02	0.46	0.16	0.34	0	0.29	0.02	0.13	0.12	0.45	0.02	12.1	0.13	0.43	0.28	0.43	0.31	0.5	0.22	0.16	0.16	0.44	0.14	0.02	0.02	0.13	0.14	0.44	0.18	0.14	0.1	0.12	0.44	0	0.13	0.09	0.48	0.14	0.04	0.09	0.14	0.08	0.14	0.04	0.11	0	0.15	0.96	0.2	0.32	0.23	0.11	0.14	0.26	0.48	0.03	0.19	0.13	0.21	0.1	0.13	0.73	0.15	0.15	0.09	0.06	0.16	0.41	0.17	0.14	0.17	0.02	0.03	0.18	0.14	0.1	0.09	0.05	0.24	0.72	0.13	0.08	0.95	0.06	0.15	0.1	0.07	0.09	0.1	0.13	0.01	0.36	0.45	0.98	0.23	0.16	0.15	0.13	0.24
0.3	0.24	0.36	0.22	0.49	0	0.3	0.73	0.5	0.64	0.48	4	0.26	0.49	0.59	0.3	0.22	0.11	0.11	0.24	0.3	0.3	0.27	0.3	0.3	0.47	0.32	0.26	0.3	0.48	0.31	0.48	0.24	0.29	0.48	0.23	0.24	0.23	0.48	0.32	0.78	0.3	0.23	0.33	0.3	0.29	0.48	0.59	0.37	0.48	0.24	0.48	0.39	0.34	0.27	0.32	0.24	0.26	0.25	0.32	0.24	0.62	0.2	0.69	0.29	0.29	0.89	0.3	0.49	0.44	0.41	0.3	0.49	0.11	0.42	0.49	0.32	3.09	0.2	0.26	0.49	0.3	0.26	0.23	0.48	0.49	0.54	0.27	0.31	0.24	0.49	0.12	0.26	0.49	0.49	0.24	0.21	0.23	0.15
0	0.14	0.15	0.14	0.02	0.48	0	0.33	0.48	0.55	0.01	1.84	0.12	0.44	0.49	0.54	0.35	0.54	0.44	0.58	0.11	0.04	0.27	0.03	0.03	0.44	0.13	0.15	0.18	0.12	0.02	0.23	0.12	0.29	0.11	0.14	0.45	0.11	0.01	0.1	0.46	0.03	0.12	0.45	0.03	0.02	0.15	0.32	0.22	0.02	0.1	0.08	0.11	0.05	0.12	0.02	0.32	0.46	0.04	0.02	0.13	0.16	0.66	0.15	0.03	0.08	0.15	0	0.14	0.13	0.11	0.03	0.02	0.86	0.96	0.03	0.1	0.32	0.46	0.12	0.13	0.03	0.46	0.09	0.21	0.04	0.08	0.04	0.02	0.47	0.02	0.47	0.12	0.47	0.14	0.11	0.15	0.41	0.47
0.12	0.04	0.11	0.05	0.16	0.45	0.13	0	0.22	0.04	0.35	1.37	0.05	0.03	0.38	0.67	0.57	0.47	0.47	0.03	0.47	0.5	0.19	0.16	0.15	0.03	0.04	0.02	0.1	0.45	0.12	0.5	0.01	0.44	0.05	0.19	0.03	0.03	0.23	0.21	0.27	0.48	0.02	0.16	0.62	0.14	0.22	0.01	0.48	0.12	0.57	0.48	0.02	0.16	0.06	0.12	0	0.03	0.43	0.11	0.03	0.23	0.42	0.22	0.49	0.19	0.05	0.49	0.19	0.02	0.04	0.43	0.16	0.28	0.24	0.14	0.27	0.17	0.55	0.05	0.05	0.44	0.46	0.5	0.28	0.14	0.19	0.45	0.19	0.07	0.41	0.32	0.1	0.57	0.05	0.02	0.05	0.03	0.51
0.23	0.02	0.07	0.12	0.12	0.24	0.1	0.31	0	0.02	0.49	0.99	0.04	0.01	0.35	0.49	0.05	0.34	0.35	0.09	0.06	0.14	0.18	0.31	0.14	0.41	0.03	0.06	0.4	0.4	0.09	0.5	0.02	0.13	0.06	0.4	0.04	0.26	0.1	0.22	0.03	0.4	0.28	0.14	0.14	0.91	0.41	0.41	0.49	0.41	0.03	0.19	0.02	0.41	0.04	0.1	0.26	0.42	0.17	0.51	0.02	0.79	0.03	0.33	0.28	0.22	0.33	0.11	0.45	0.42	0.42	0.16	0.13	0.26	0.02	0.12	0.21	0.42	0.31	0.39	0.02	0.42	0.25	0.53	1.43	0.1	0.43	0.15	0.1	0	0.12	0.3	0.04	0.32	0.05	0.02	0.05	0.03	0.43
0.31	0.31	0.15	0.09	0.45	0.24	0.33	0	0.02	0	0.13	5.39	0.05	0.04	0.38	0.21	0.1	0.98	0.58	0.03	0.05	0.17	0.66	0.15	0.14	0.23	0.26	0.02	0.1	0.06	0.49	0.17	0.21	0.18	0.06	0.2	0.03	0.14	0.34	0.4	0.03	0.14	0.4	0.18	0.45	0.4	0.21	0.01	0.67	0.11	0.05	0.41	0.03	1.27	0.82	0.39	0	0.41	0.63	0.22	0.62	1.18	0.68	0.42	1.32	0.92	0.82	0.33	0.05	1.43	0.93	0.43	1.57	1.53	1.03	0.53	0.24	0.19	0.43	0.05	0.05	0.94	0.44	0.81	0.28	0.44	0.19	0.17	0.12	0.19	0.15	0.42	0.64	0.35	0.45	0.38	0.05	0.03	0.21
0.2	0.13	0.43	0.43	0.02	0.44	0.44	0.14	0.39	0.16	0	4.54	0.47	0.42	0.47	0.31	0.16	0.25	1.47	0.97	0.14	0.22	0.36	0.31	0.41	0.47	0.16	0.14	0.4	0.12	0.01	0.48	0.14	0.02	0.29	0.08	0.11	0.36	0.01	0.03	0.14	0.02	0.12	0.48	0.06	0.02	0.15	0.13	0.22	0.02	0.11	0.07	0.48	0.07	0.12	0.02	0.14	0.13	0.03	0.03	0.12	0.36	0.14	0.58	0.03	0.49	0.15	0.01	0.15	0.15	0.49	0.03	0.02	0.18	0.33	1.09	0.04	0.1	0.21	0.12	0.5	0.16	0.12	0.08	0.21	1.18	0.08	0.06	0.01	0.14	0.03	0.43	0.5	0.54	0.16	0.13	0.17	0.44	0.6
1.84	1.01	1.45	7.62	5.4	1.49	3.35	0.43	0.31	1.19	9.91	9.19	7.81	1.57	0.04	0.41	7.86	1.83	1.96	0.33	4.54	9.27	0.23	0.49	0.88	12.3	0.41	4.52	3.14	0.33	1.19	3.82	0.68	3.98	5.87	0.14	1.74	2.22	3.88	2.27	0.33	0.44	0.88	4.38	6.01	1.72	0.32	3.09	4.73	5.73	0.86	1.15	3.02	6.27	2.34	1.45	1.08	1.48	0.18	1.57	8.37	2.94	0.31	3.27	8.33	0.58	1.61	1.05	4.96	6.18	0.33	1.83	1.49	2.14	7.17	1.14	0.64	1.22	8.21	0.32	0.32	1.26	2.13	4.03	1.37	0.24	0.49	13.2	0.47	1.15	1.84	4.66	1.82	0.28	3.9	5.97	0.43	11.3	0.25
0.11	0.04	0.41	0.07	0.43	0.26	0.45	0.05	0.03	0.05	0.12	1.17	0	0.05	0.34	0.2	0.4	0.56	0.46	0.11	0.1	0.15	0.23	0.91	0.14	0.36	0.06	0.07	0.38	0.01	0.46	0.15	0.05	0.12	0.07	1.06	0.02	0.17	0.11	0.15	0.2	0.46	0.04	0.12	0.57	0.13	0.47	0.05	0.42	0.24	0.03	0.47	0.03	0.22	0.01	0.11	0.05	0.04	0.15	0.12	0.04	0.48	0.23	0.22	0.15	0.17	0.07	0.26	0.07	0.06	0.04	0.48	0.48	0.59	0.03	0.49	0.15	0.23	0.43	0	0.03	0.15	0.35	0.18	0.38	0.4	0.18	1.21	0.11	0.24	0.13	0.95	0	0.33	0.07	0.41	0.07	0.04	0.27
0.65	0.02	0.08	0.08	0.11	0.44	0.11	0.03	0.01	0.03	0.12	1.87	0.11	0	0.53	0.19	0.05	0.57	0.34	0.06	0.06	0.14	0.18	0.12	0.47	0.05	0.03	0.05	0.1	0.06	0.48	0.16	0.03	0.48	0.04	0.48	0.04	0.04	0.48	0.19	0.04	0.35	0.04	0.48	0.13	0.11	0.24	0.03	0.42	0.69	0.4	0.29	0.03	0.18	0.06	0.28	0.25	0.04	0.49	0.1	0.08	0.5	0.32	0.23	0.14	0.15	0.4	0.5	0.13	0.04	0.05	0.4	0.34	0.62	0.02	0.15	0.4	0.4	0.4	0.4	0.03	0.14	0.06	0.41	0.61	0.13	0.19	0.44	0.12	0.05	0.51	0.62	0.05	0.35	0.08	0.41	0.08	0.3	0.62
0.47	0.35	0.58	0.4	0.56	0.41	0.25	0.41	0.48	0.41	0.25	2.63	0.92	0.42	0	0.16	0.5	0.52	0.32	0.42	1.02	0.52	0.52	0.25	0.25	0.36	0.77	0.64	0.42	0.35	0.22	0.18	0.37	0.27	0.93	0.43	0.35	0.38	0.51	0.43	0.65	0.22	0.38	0.64	0.51	0.44	0.37	0.62	0.37	0.23	1.04	0.54	0.37	0.26	0.58	0.52	0.45	0.39	0.18	0.23	0.37	0.26	0.39	0.37	0.75	0.45	0.4	0.25	0.39	0.4	0.64	0.5	0.27	0.56	0.37	0.23	0.27	0.19	0.04	0.56	0.66	0.19	0.66	0.18	1.15	0.46	0.18	0.55	0.46	0.38	0.24	0.23	0.45	0.55	0.65	2.67	0.4	0.62	0.42
0.1	0.43	0.22	0.25	0.13	0.25	0.1	0.22	0.63	0.22	0.1	3.19	0.52	0.22	0.16	0	0.23	0.41	0.17	0.41	0.21	0.41	0.49	0.1	0.09	0.19	0.22	0.52	0.26	0.42	0.07	0.72	0.21	0.42	0.19	0.02	0.42	0.63	0.09	0.11	0.46	0.06	0.56	0.13	0.43	0.12	0.21	0.31	0.17	0.1	0.43	0.03	0.23	0.1	0.21	0.1	0.46	0.21	0.03	0.54	0.32	0.54	0.56	0.5	0.44	0.01	0.5	0.1	0.24	0.46	0.61	0.09	0.46	0.27	1.03	0.11	0.47	0.04	0.2	0.47	0.47	0.04	0.21	0.02	0.27	0.08	0.68	0.23	0.21	0.37	0.48	0.23	0.21	0.35	0.24	0.46	0.49	0.49	0.17
0.14	0.04	0.5	0.49	0.17	0.6	0.3	0.57	0.06	0.09	0.16	5.53	0.11	0.05	0.4	0.4	0	0.46	0.31	0.36	0.08	0.17	0.46	0.18	0.19	0.05	0.02	0.07	0.13	0.08	0.38	0.46	0.05	0.47	0.06	0.21	0.05	0.05	0.14	0.23	0.05	0.15	0.04	0.18	0.57	0.16	0.23	0.05	0.35	0.12	0.44	0.22	0.41	0.17	0.08	0.5	0.05	0.41	0.18	0.41	0.05	0.72	0.2	0.24	0.32	0.18	0.03	0.14	0.03	0.06	0.27	0.42	0.45	0.32	0.05	0.52	0.26	0.21	0.32	0.44	0.07	0.18	0.08	0.43	0.63	0.14	0.73	0.18	0.14	0.15	0.16	1.1	0.07	0.37	0.43	0.05	0.04	0.04	0.98
0.63	0.58	0.4	0.58	0.48	0.11	0.25	0.43	0.33	0.49	0.69	11.3	0.2	0.58	0.22	0.48	0.22	0	0.04	0.5	0.36	1.01	0.5	0.24	0.32	0.73	0.71	0.22	0.71	0.41	0.41	0.2	0.65	0.31	0.42	0.18	0.44	0.43	0.25	0.43	0.19	0.44	0.47	0.44	0.94	0.6	0.54	0.21	0.44	0.44	0.74	0.44	0.18	0.68	0.44	0.25	0.2	0.18	0.44	0.26	0.2	0.26	0.2	1.14	0.54	0.18	0.22	0.94	0.54	0.21	0.44	0.25	0.23	0.09	0.37	0.58	0.27	0.65	0.26	2.91	0.21	0.22	0.21	0.18	0.42	0.31	0.55	0.45	0.26	0.2	0.24	0.48	0.45	0.27	0.22	0.19	0.21	0.47	0.09
0.47	0.21	0.29	0.29	0.47	0.34	0.23	0.31	0.34	0.29	0.23	3.08	0.34	0.68	0.32	0.23	0.44	0.29	0	0.6	0.42	0.21	0.25	0.57	0.23	0.33	0.28	0.44	0.39	0.46	0.23	0.19	0.3	0.21	0.53	0.17	0.23	0.23	0.23	0.24	0.37	0.22	0.84	0.31	0.52	0.22	0.44	0.3	0.32	0.4	0.24	0.17	0.36	0.23	0.34	0.46	0.31	0.37	0.2	0.23	0.58	0.68	0.28	0.44	0.2	0.18	0.29	0.23	0.31	0.3	0.24	0.23	0.22	0.41	0.33	0.23	0.24	0.22	0.59	0.48	0.34	0.56	0.66	0.16	0.41	0.23	0.17	0.29	0.22	0.34	0.23	0.05	0.34	0.49	0.7	0.22	0.52	0.23	0.05
0.37	0.18	0.4	0.38	0.13	0.24	0.4	0.03	0.07	0.03	0.12	6.59	0.24	0.04	0.36	0.2	0.21	0.42	0.46	0	0.06	0.16	0.87	0.15	0.41	0.04	0.03	0.05	0.09	0.47	0.49	0.17	0.12	0.14	0.04	0.2	0.01	0.23	0.47	0.22	0.02	0.47	0.02	0.13	0.47	0.14	0.85	0.41	0.46	0.08	0.4	0.19	0.01	0.18	0.04	0.46	0.03	0.02	0.17	0.1	0.03	0.24	0.03	0.66	0.25	0.46	0.04	0.21	0.05	0.04	0.66	0.56	0.13	0.27	0.21	0.35	0.21	0.66	0.47	0.18	0.04	0.46	0.04	0.46	0.25	0.13	0.45	0.15	0.09	0.17	0.15	0.46	0.03	0.42	0.05	0.02	0.04	0.02	0.49
0.12	0.22	0.46	0.09	0.46	0.35	0.13	0.05	0.19	0.46	0.47	8.4	0.08	0.23	0.61	0.51	0.48	0.36	0.37	0.06	0	0.44	0.18	0.15	0.49	0.05	0.06	0.07	0.13	0.49	0.89	0.15	0.06	0.49	0.11	0.18	0.06	0.07	0.12	0.18	0.06	0.14	0.06	0.5	0.55	0.16	0.6	0.09	0.5	0.6	0.24	0.26	0.05	0.17	0.4	0.4	0.05	0.06	0.35	0.14	0.87	0.51	0.41	0.25	0.17	0.19	0.09	0.12	0.09	0.41	0.41	0.16	0.15	0.32	0.06	0.2	0.19	0.41	0.31	0.08	0.06	0.51	0.09	0.29	0.23	0.42	0.18	0.18	0.42	0.21	0.26	0.31	0.92	0.33	0.09	0.42	0.14	0.14	0.73
0.04	0.15	0.56	0.32	0.46	0.3	0.08	0.15	0.46	0.17	0.03	2.24	0.15	0.16	0.22	0.07	0.22	0.97	1.68	0.14	0.47	0	0.08	0.57	0.38	0.15	0.15	0.18	0.19	0.16	0.04	0.04	0.15	0.09	0.16	0.4	0.14	0.55	0.04	0.03	0.46	0.02	0.38	0.06	0.14	0.18	0.16	0.17	0.22	0.03	0.15	0.07	0.15	0.07	0.47	0.05	0.31	0.47	0.08	0.26	0.15	0.57	0.47	0.16	0.47	0.05	0.16	0.04	0.57	0.47	0.36	0.17	0.09	0.29	0.46	0.03	0.03	0.15	0.21	0.46	0.16	0.02	0.15	0.07	0.46	0.04	0.41	0.08	0.04	0.47	0.04	0.96	0.32	0.23	0.47	0.16	0.17	0.2	0.62
0.48	0.19	0.48	0.22	0.14	0.27	0.08	0.59	0.99	0.19	0.07	6.48	0.98	0.19	0.48	0.02	0.24	0.21	0.19	0.49	0.58	0.08	0	0.3	0.8	0.99	0.22	0.49	0.24	0.41	0.08	0.05	0.49	0.13	0.49	0.04	0.2	0.49	0.47	0.06	0.5	0.08	0.21	0.46	0.8	0.13	0.21	0.43	0.18	0.4	0.81	0.01	0.51	0.11	0.21	0.09	0.61	0.51	0.05	0.09	0.62	0.42	0.22	0.42	0.42	0.03	0.62	0.08	0.23	0.21	0.21	0.43	0.14	0.14	0.73	0.09	0.06	0.43	0.17	0.3	0.43	0.09	0.22	0.43	0.51	0.29	0.04	0.11	0.14	0.33	0.09	0.44	0.21	0.42	0.44	0.19	0.74	0.44	0.47
0.05	0.46	0.43	0.54	0.01	0.3	0.03	0.53	0.14	0.15	0.03	4.3	0.13	0.12	0.44	0.09	0.19	0.45	0.36	0.36	0.36	0.05	0.13	0	0.16	0.45	0.54	0.42	0.21	0.14	0.07	0.45	0.16	0.01	0.15	0.09	0.45	0.21	0.33	0.09	0.45	0.13	0.51	0.07	0.1	0.01	0.16	0.3	0.52	0.04	0.33	0.09	0.16	0.08	0.45	0.03	0.54	0.14	0.05	0.05	0.28	0.47	0.47	0.16	0.04	0.07	0.16	0.03	0.51	0.15	0.49	0.25	0.01	0.19	0.41	0.34	0.48	0.06	0.19	0.26	0.16	0.04	0.14	0.48	0.15	0.63	0.09	0.42	0.28	0.49	0.01	0.27	0.22	0.23	0.23	0.5	0.48	0.5	1.4
0.03	0.43	0.18	0.59	0.01	0.57	0.36	0.16	0.14	0.4	0.17	3.28	0.24	0.21	0.25	0.21	0.18	0.24	0.23	0.39	0.4	0.05	0.09	0.02	0	0.14	0.4	0.16	0.2	0.15	0.41	0.05	0.5	0.38	0.14	0.07	0.13	0.4	0.03	0.09	0.16	0.04	0.18	0.44	0.03	0.41	0.91	0.16	1.41	0.04	0.45	0.24	0.51	0.17	0.14	0.03	0.41	0.5	0.05	0.04	0.14	0.92	0.49	0.14	0.04	0.07	0.42	0.03	0.19	0.52	0.16	0.03	0.02	0.19	0.36	0.42	0.09	0.32	0.19	0.14	0.14	0.05	0.43	0.07	0.2	0.05	0.07	0.04	0.04	0.43	0.14	0.18	0.14	0.24	0.44	0.44	0.17	0.15	0.22
0.1	0	0.06	0.26	0.23	0.24	0.39	0.41	0.01	0.46	0.11	4.77	0.05	0.01	0.49	0.49	0.24	0.42	0.34	0.59	0.05	0.15	0.18	0.15	0.14	0	0.04	0.05	0.08	0.59	0.12	0.49	0.03	0.12	0.04	0.19	0.03	0.04	0.5	0.22	0.04	0.13	0.43	0.13	0.13	0.4	0.4	0.03	1.19	0.09	0.11	0.4	0.03	0.15	0.05	0.11	0.04	0.41	0.4	0.1	0.4	0.97	0.04	0.43	0.13	0.49	0.05	0.4	0.06	0.04	0.05	0.15	0.13	0.4	0.05	0.15	0.2	0.17	0.31	0.05	0.03	0.15	0.13	0.4	0.28	0.12	0.19	0.17	0.41	0.01	0.15	0.31	0.05	1.03	0.08	0	0.08	0	0.61
0.13	0.07	0.11	0.86	0.14	0.79	0.14	0.04	0.03	0.03	0.47	5.04	0.37	0.03	0.63	0.24	0.01	0.47	0.67	0.03	0.06	0.15	0.67	0.15	0.15	0.04	0	0.06	0.11	0.07	0.13	0.19	0.04	0.14	0.4	0.58	0.04	0.39	0.11	0.22	0.03	0.13	0.34	0.18	0.49	0.54	0.49	0.04	0.35	0.1	0.8	0.28	0.02	0.18	0.13	0.13	0.03	0.49	0.18	0.33	0.04	0.4	0	0.4	1	0.17	0.4	0.14	0.03	0.05	0.5	0.16	0.38	0.29	0.37	0.5	0.23	0.54	0.31	0.06	0.29	0.29	0.41	0.55	0.3	0.16	0.62	0.16	0.13	0.41	0.41	0.31	0.06	0.68	0.02	0.42	0.02	0.07	0.21
0.15	0.04	0.33	0.27	0.46	0.25	0.14	0.02	0.36	0.02	0.16	3.45	0.15	0.12	0.69	0.61	0.07	0.22	0.32	0.41	0.41	0.2	0.23	0.71	0.16	0.1	0.41	0	0.61	0.08	0.5	0.41	0.02	0.39	0.05	0.22	0.05	0.41	0.53	0.38	0.05	0.51	0.05	0.2	0.36	0.41	0.36	0.03	0.36	0.91	0.41	0.22	0.04	0.41	0.08	0.15	0.02	0.91	0.51	0.14	0.41	0.87	0.05	0.5	0.17	0.42	0.07	0.14	0.52	0.02	0.12	1.02	0.15	0.31	0.42	0.16	0.5	0.19	0.34	0.42	0.07	0.25	0.08	0.42	0.3	0.42	0.38	0.19	0.13	0.43	0.16	0.33	0.43	0.38	0.07	0.36	1.13	0.05	0.22
0.17	0.1	0.49	0.49	0.18	0.59	0.24	0.1	0.09	0.16	0.17	4.63	0.12	0.46	0.51	0.45	0.45	0.37	0.38	0.09	0.12	0.19	0.46	0.21	0.19	0.08	0.22	0.45	0	0.4	0.94	0.47	0.14	0.45	0.23	0.25	0.1	0.09	0.17	0.23	0.1	0.17	0.1	0.18	0.19	0.18	0.66	0.17	0.49	0.17	0.1	0.25	0.46	0.46	0.13	0.34	0.28	0.45	0.21	0.16	0.49	0.2	0.48	0.32	0.19	0.23	0.45	0.2	0.13	0.46	0.1	0.36	0.25	0.35	0.1	0.25	0.23	0.46	0.39	0.13	0.13	0.45	0.36	0.25	0.6	0.33	0.25	0.4	0.17	0.09	0.2	0.35	0.13	0.46	0.56	0.37	0.31	0.11	0.42
0.13	0.05	0.44	0.08	0.14	0.27	0.13	0.42	0.04	0.06	0.41	0.86	0.01	0.46	0.35	0.21	0.22	0.53	0.46	0.08	0.12	0.47	0.22	0.51	0.2	0.06	0.28	0.55	0.47	0	0.48	0.38	0.06	0.49	0.08	0.19	0.03	0.44	0.12	0.16	0.09	0.12	0.05	0.12	0.5	0.36	0.49	0.11	0.34	0.19	1	0.21	0.4	0.4	0	0.12	0.09	0.05	0.17	0.5	0.05	0.91	0.41	0.47	0.25	0.18	0.08	0.13	0.44	0.07	0.39	0.45	0.57	0.55	0.31	0.45	0.16	0.65	0.32	0.35	0.04	0.15	0	0.19	0.56	0.46	0.2	0.19	0.46	0.18	0.21	0.3	0.93	0.72	0.08	0.08	0.47	0.05	0.57
0.42	0.48	0.14	0.3	0.48	0.47	0.02	0.4	0.1	0.48	0.01	3.18	0.15	0.11	0.22	0.21	0.15	0.48	0.22	0.17	0.48	0.04	0.08	0.04	0.04	0.49	0.49	0.13	0.17	0.12	0	0.04	0.11	0.13	0.11	0.09	0.49	0.39	0.01	0.04	0.1	0.03	0.11	0.01	0.91	0.4	0.15	0.5	0.22	0.33	0.3	0.08	0.4	0.05	0.12	0.01	0.12	0.48	0.33	0.01	0.11	0.07	0.41	0.15	0.04	0.29	0.41	0.02	0.13	0.12	0.1	0.04	0.41	0.18	0.33	0.62	0.42	0.07	0.22	0.45	0.42	0.03	0.12	0.08	0.52	0.03	0.09	0.07	0.43	0.11	0.03	0.2	0.92	0.64	0.13	0.11	0.13	0.1	0.37
0.04	0.15	0.22	0.23	0.91	0.25	0.04	0.49	0.42	0.16	0.03	2.23	0.15	0.45	0.18	0.03	0.45	0.46	0.2	0.17	0.22	0.04	0.06	0.47	0.05	0.14	0.41	0.47	0.22	0.46	0.04	0	0.16	0.9	0.41	1.42	0.41	0.16	0.12	0.41	0.41	0.07	0.15	0.07	0.18	0.42	0.52	0.16	0.42	0.05	0.48	0.03	0.59	0.06	0.42	0.05	0.17	0.18	0	0.41	0.14	0.49	0.16	0.17	0.04	0.03	0.62	0.42	0.19	0.17	0.52	0.42	0.09	0.13	0.17	0.08	0.04	0.52	0.17	0.42	0.16	0.03	0.43	0.53	0.23	0.43	0.43	0.09	0.23	0.16	0.44	0.14	0.16	0.19	0.18	0.54	0.45	0.15	0.35
0.48	0.37	0.11	0.05	0.15	0.24	0.43	0.02	0.03	0.82	0.15	2.31	0.05	0.03	0.38	0.21	0.1	0.2	0.47	0.03	0.06	0.16	0.2	0.16	0.78	0.03	0.13	0.02	0.1	0.07	0.11	0.16	0	0.48	0.19	0.19	0.11	0.38	0.11	0.37	0.03	0.12	0.03	0.15	0.18	0.15	0.31	0.01	0.33	0.11	0.15	0.21	0.02	0.49	0.06	0.12	0.01	0.06	0.49	0.12	0.04	0.42	0.04	0.22	0.16	1	0.05	0.14	0.05	0.4	0.04	0.15	0.16	0.3	0.04	0.27	0.23	0.25	0.32	0.05	0.05	0.15	0.4	0.44	0.28	0.31	0.21	0.17	0.11	0.03	0.16	0.32	0.4	0.36	0.05	0.03	0.05	0.03	0.21
0.19	0.13	0.16	0.17	0.47	0.39	0.02	0.36	0.13	0.33	0.02	1.52	0.12	0.14	0.45	0.12	0.24	0.85	2.53	0.17	0.15	0.36	0.46	0.01	0.01	0.12	0.45	0.45	0.42	0.29	0.09	0.16	0.34	0	0.12	0.46	0.13	0.31	0.02	0.09	0.13	0.46	0.46	0.09	0.36	0	0.13	0.52	0.45	0.56	0.13	0.13	0.12	0.08	0.18	0.02	0.14	0.13	0.09	0.56	0.13	0.02	0.27	0.13	0.06	0.46	0.15	0.02	0.37	0.15	0.13	0.01	0	0.47	0.34	0.09	0.09	0.47	0.54	0.13	0.52	0.17	0.13	0.27	0.77	0.1	0.06	0.03	0.47	0.12	0.1	0.47	0.13	0.57	0.16	0.47	0.16	0.13	0.32
0.41	0.04	0.09	0.31	0.15	0.34	0.1	0.05	0.06	0.05	0.4	3.5	0.07	0.42	0.35	0.49	0.06	0.35	0.35	0.04	0.01	0.59	0.79	0.52	0.31	0.04	0.05	0.06	0.22	0.12	0.49	0.14	0.05	0.12	0	0.17	0.04	0.16	0.48	0.47	0.04	0.13	0.15	0.11	0.48	0.14	0.26	0.99	0.48	0.48	0.04	0.48	0.03	0.15	0.4	0.13	0.05	0.29	0.33	0.12	0.05	0.36	0.05	0.24	0.15	0.18	0.1	0.48	0.25	0.06	0.04	0.48	0.14	0.48	0.15	0.48	0.17	0.18	0.48	0.07	0.05	0.17	0.08	0.18	0.58	0.16	0.17	0.27	0.12	0.06	0.15	0.26	0.07	0.48	0.07	0.04	0.08	0.05	0.47
0.07	0.2	0.21	0.43	0.06	0.23	0.08	0.44	0.48	0.19	0.08	3.15	0.18	0.2	0.49	0.02	0.48	0.18	0.46	0.18	0.18	0.07	0.04	0.77	0.07	0.46	0.21	0.22	0.25	0.27	0.46	0.03	0.56	0.06	0.17	0	0.46	0.2	0.08	0.26	0.2	0.09	0.46	0.47	0.09	0.06	0.19	0.38	0.15	0.47	0.36	0.04	0.21	0.1	0.47	0.77	0.5	0.19	0.14	0.09	0.97	0.31	0.2	0.19	0.05	0.01	0.48	0.16	0.22	0.2	0.48	0.09	0.59	0.1	0.19	0.1	0.49	0.01	0.36	0.18	0.22	0.11	0.19	0	0.4	0.29	0.6	0.04	0.08	0.2	0.27	0.89	0.18	0.15	0.3	0.18	0.22	0.2	1.92
0.11	0.4	0.08	0.05	0.12	0.23	0.1	0.03	0.41	0.28	0.11	7.62	0.02	0.09	0.35	0.21	0.05	0.57	0.23	0.01	0.06	0.15	0.18	0.13	0.14	0.03	0.03	0.05	0.09	0.07	0.09	0.56	0.04	0.47	0.04	0.47	0	0.21	0.09	0.48	0.02	0.09	0.02	0.12	0.16	0.13	0.23	0.19	0.43	0.47	0	0.17	0.01	0.15	0.03	0.11	0.03	0.02	0.14	0.08	0.02	0.81	0.03	0.19	0.34	0.47	0.05	0.11	0.44	0.34	0.02	0.47	0.12	0.67	0.3	0.11	0.2	0.16	0.45	0.26	0.03	0.23	0.47	0.19	0.25	0.12	0.18	0.14	0.97	0.02	0.14	0.29	0.03	0.33	0.05	0.02	0.05	0.02	0.47
0.9	0.4	0.08	0.41	0.48	0.53	0.12	0.41	0.02	0.61	0.14	2.07	0.12	0.04	0.57	0.2	0.04	0.97	0.23	0.47	0.28	0.17	0.47	0.13	0.47	0.04	0.03	0.05	0.48	0.04	0.1	0.15	0.03	0.48	0.04	0.48	0.01	0.48	0.9	0.2	0.4	0.11	0.4	0.4	0.37	0.5	0.5	0.03	0.4	0.4	0.4	0.36	0.9	36.4	0.41	0.41	0.41	0.41	0.16	0.41	0.03	0.5	0.41	0.41	0.15	0.15	0.41	0.39	0.39	0.92	0.62	0.42	0.21	0.92	0.42	0.44	0.22	0.42	0.42	0.42	0.43	0.3	0.04	0.43	0.25	0.44	0.43	0.16	0.43	0.03	0.94	0.31	0.03	0.36	0.44	0.02	0.12	0.02	0.94
0.01	0.15	0.38	0.22	0.08	0.72	0.01	0.11	0.1	0.12	0.01	4.8	0.12	0.49	0.26	0.09	0.14	0.25	0.49	0.16	0.49	0.04	0.18	0.03	0.4	0.11	0.37	0.5	0.17	0.12	0.01	0.28	0.11	0.02	0.51	0.42	0.08	0.43	0	0.41	0.11	0.03	0.1	0.02	0.32	0.02	0.42	0.29	0.22	0.01	0.08	0.09	0.1	0.05	0.11	0.94	0.43	0.1	0.4	0	0.1	0.44	0.13	0.14	0.04	0.07	0.14	0.09	0.38	0.12	0.1	0.03	0.02	0.18	0.44	0.04	0.05	0.38	0.54	0.5	0.1	0.08	0.12	0.08	0.46	0.03	0.23	0.34	0.57	0.46	0.03	0.18	0.29	0.28	0.46	0.1	0.18	0.1	0.32
0.1	0.2	0.19	0.4	0.09	0.6	0.48	0.24	0.21	0.47	0.03	0.47	0.49	0.19	0.27	0.11	0.24	0.48	0.24	0.58	0.2	0.03	0.06	0.09	0.49	0.99	0.49	0.5	0.24	0.9	0.4	0.04	0.23	0.41	0.16	0.09	0.21	0.43	0.05	0	0.24	0.03	0.22	0.28	0.51	0.09	0.44	0.23	0.45	0.04	0.85	0.05	0.22	0.06	0.16	0.05	0.21	0.46	0.04	0.04	0.23	0.47	0.23	0.47	0.01	0.05	0.47	0.49	0.23	0.22	0.24	0.48	0.09	0.2	0.21	0.04	0	0.5	0.22	0.15	0.24	0.09	0.49	0.09	0.23	0.04	0.09	0.06	0.4	0.2	0.18	0.21	0.41	0.23	0.25	0.21	0.57	0.22	0.68
0.49	0.02	0.09	0.05	0.46	0.24	0.46	0.03	0.32	0.46	0.14	5.1	0.23	0.04	0.37	0.5	0.05	0.19	0.72	0.02	0.06	0.17	0.41	0.16	0.71	0.28	0.03	0.05	0.1	0.05	0.24	0.62	0.04	0.15	0.04	0.2	0.02	0.02	0.11	0.42	0	0.12	0.01	0.32	0.17	0.42	0.24	0.21	0.63	0.11	0.08	0.43	0.01	0.17	0.18	0.4	0.05	0.02	0.46	0.2	0.93	0.16	0.03	0.46	0.54	0.16	0.05	0.13	0.05	0.04	0.03	0.17	0.13	0.43	0.53	0.47	0.23	0.19	0.39	0.05	0.05	0.25	0.05	0.47	0.67	0.47	0.21	0.18	0.47	0.03	0.15	0.62	0.05	0.47	0.05	0.02	0.05	0.01	0.48
0.03	0.11	0.26	0.23	0.08	0.3	0.37	0.12	0.1	0.13	0.02	1.83	0.14	0.13	0.22	0.44	0.15	0.25	0.22	0.43	0.15	0.02	0.08	0.44	0.04	0.19	0.12	0.44	0.16	0.13	0.03	0.07	0.45	0.08	0.16	0.3	0.1	0.45	0.03	0.03	0.11	0	0.11	0.06	0.11	0.46	0.2	0.41	0.23	0.02	0.13	0.42	0.46	0.06	0.13	0.04	0.14	0.12	0.45	0.04	0.37	0.93	0.12	0.2	0.02	0.45	0.43	0.03	0.44	0.47	0.12	0.37	0.08	0.18	0.47	0.01	0.03	0.42	0.48	0.12	0.12	0.19	0.12	0.09	0.2	0.01	0.09	0.08	0.03	0.1	0.03	0.49	0.12	0.27	0.21	0.12	0.16	0.26	0.23
0.14	0.41	0.45	0.05	0.13	0.23	0.12	0.07	0.46	0.06	0.12	4.76	0.04	0.04	0.38	0.21	0.04	0.25	0.22	0.02	0.18	0.14	0.21	0.14	0.15	0.03	0.05	0.04	0.1	0.05	0.49	0.18	0.03	0.37	0.03	0.18	0.02	0.49	0.28	0.22	0.01	0.13	0	0.45	0.48	0.14	0.2	0.03	0.49	0.1	0.35	0.2	0	0.35	0.05	0.1	0.02	0.01	0.48	0.11	0.03	0.48	0.22	0.21	0.14	0.37	0.04	0.58	0.38	0.03	0.08	0.14	0.13	0.28	0.03	0.12	0.22	0.19	0.31	0.33	0.04	0.49	0.05	0.69	0.35	0.13	0.19	0.35	0.49	0.03	0.22	0.31	0.06	0.36	0.05	0.02	0.33	0.01	0.21
0.03	0.16	0.14	0.36	0.04	0.47	0.47	0.17	0.15	0.15	0.03	10.8	0.49	0.14	0.47	0.4	0.16	0.27	0.59	0.15	0.4	1.42	0.11	0.05	0.05	0.27	0.16	0.4	0.17	0.12	0.02	0.41	0.17	0.05	0.16	0.1	0.41	0.11	0.04	0.12	0.14	0.06	0.41	0	0.06	0.41	0.17	0.15	0.61	0.32	0.53	0.23	0.11	0.41	0.13	0.3	0.41	0.13	0.07	0.01	0.25	0.08	0.42	0.17	0.15	0.07	0.16	0.42	0.37	0.25	0.12	0.42	0.04	0.19	0.42	0.1	0.14	0.26	0.23	0.45	0.16	0.06	0.38	1.38	0.53	0.15	0.36	0.07	0.01	0.13	0.41	0.51	0.11	0.62	0.53	0.12	0.43	0.29	1.43
0.03	0.49	0.18	0.59	0.02	0.98	0.03	0.47	0.48	0.5	0.03	4.08	0.14	0.44	0.44	0.39	0.42	0.45	0.42	0.35	0.43	0.05	0.42	0.25	0.03	0.94	0.17	0.16	0.42	0.15	0.42	0.06	0.31	0.91	0.42	0.91	0.42	0.4	0.03	0.4	0.7	0.04	0.15	0.07	0	0.01	0.14	1.11	0.5	0.04	0.59	0.5	0.5	0.07	0.15	0.05	0.49	0.16	0.1	0.05	0.13	0.99	0.36	0.49	0.05	0.49	0.69	0.03	0.49	0.5	0.47	0	0.01	1	0.49	0.06	0.48	0.19	0.48	0.46	0.18	0.05	0.15	0.47	0.47	0.05	0.45	0.04	0.04	0.46	0.01	0.19	0.14	0.88	0.46	0.19	0.46	0.14	0.47
0.02	0.13	0.17	0.5	0.01	0.29	0.02	0.16	0.13	0.5	0.49	1.26	0.46	0.45	0.27	0.12	0.46	0.23	0.3	0.96	0.16	0.34	0.46	0.01	0.01	1.36	0.46	0.16	0.77	0.46	0.47	0.09	0.13	0	0.14	0.06	0.14	0.39	0.02	0.09	0.15	0.46	0.14	0.13	0.46	0	0.46	0.15	0.2	0.03	0.23	0.13	0.12	0.08	0.13	0.03	0.13	0.14	0.09	0.1	0.97	0.18	0.57	0.46	0.09	0.06	0.15	0.02	0.16	0.15	0.47	0.22	0	0.47	0.13	0.09	0.47	0.45	0.24	0.47	0.21	0.21	0.47	0.06	0.15	0.09	0.06	0.78	0.1	0.48	0.02	0.48	0.12	0.48	0.24	0.13	0.48	0.48	0.25
0.49	0.21	0.49	0.48	0.58	0.42	0.15	0.47	0.22	0.56	0.15	8.22	0.48	0.23	0.49	0.57	0.49	0.69	0.49	0.19	0.28	0.38	0.23	0.15	0.14	0.22	0.59	0.49	0.34	0.35	0.15	0.5	0.22	0.5	0.27	0.19	0.19	0.9	0.45	0.41	0.2	0.2	0.37	0.17	0.51	0.15	0	0.22	0.33	0.71	0.2	0.2	0.21	0.41	0.22	0.15	0.41	0.41	0.39	0.16	0.21	0.41	0.41	0.01	0.52	0.52	0.42	0.15	0.92	0.42	0.2	0.14	0.42	0.73	0.21	0.42	0.23	0.42	0.31	2.13	0.23	0.21	0.62	0.25	0.51	0.22	0.19	0.43	0.38	0.21	0.28	0.68	0.22	0.73	0.63	0.21	0.47	0.21	0.44
0.23	0.02	0.09	0.49	0.14	0.25	0.27	0.21	0.3	0.01	0.14	0.46	0.05	0.03	0.37	0.21	0.47	0.21	0.56	0.04	0.06	0.15	0.68	1.28	0.33	0.21	0.08	0.03	0.1	0.42	0.49	0.56	0.24	0.4	0.06	0.57	0.06	0.61	0.12	0.53	0.07	0.13	0.03	0.41	0.43	0.41	0.22	0	0.35	0.12	0.2	0.42	0.03	0.17	0.06	0.12	0.01	0.93	0.16	0.13	0.43	0.12	0.04	0.22	0.15	0.44	0.05	0.74	0.06	0.02	0.44	0.16	1.05	0.28	0.04	0.55	0.27	0.18	0.32	0.06	0.37	0.46	0.06	0.52	0.46	0.13	0.97	0.18	0.12	0.03	0.14	0.31	0.06	1.08	0.05	0.12	0.05	0.18	0.56
0.33	0.98	0.36	0.37	0.61	0.36	0.41	0.34	0.31	0.33	0.42	1.11	0.47	0.33	0.06	0.47	0.67	0.32	0.55	0.51	0.47	0.22	0.47	0.21	0.47	0.47	0.35	0.36	0.47	0.48	0.22	0.17	0.33	0.47	0.33	0.15	0.32	0.62	0.22	0.24	0.35	0.45	0.58	0.24	0.48	0.43	0.52	0.35	0	0.48	0.88	0.18	0.58	0.24	0.33	0.22	0.49	0.36	0.32	0.47	0.33	0.47	0.36	0.51	0.2	0.48	0.36	0.5	0.65	0.49	0.36	0.21	0.49	0.25	0.49	0.25	0.49	0.16	0.02	0.33	0.49	0.45	0.63	0.14	0.69	0.24	0.15	0.49	0.25	0.63	0.21	0.26	0.33	0.62	0.38	0.33	0.49	0.34	0.45
0.05	0.35	0.46	0.24	0.04	0.29	0.02	0.48	0.18	0.11	0.02	0.79	0.27	0.46	0.46	0.26	0.12	0.24	0.46	0.08	0.15	0.03	0.05	0.04	0.04	0.44	0.47	0.39	0.47	0.19	0.16	0.05	0.11	0.55	0.13	0.07	0.09	0.37	0.01	0.04	0.1	0.02	0.48	0.48	0.04	0.73	0.18	0.12	0.48	0	0.09	0.07	0.48	0.04	0.49	0.01	0.49	0.49	0.05	0.01	0.1	1.4	0.49	0.19	0.04	0.08	0.11	0.02	0.5	0.12	0.09	0.04	0.4	0.2	0.19	0.1	0.41	0.08	0.2	0.18	0.12	0.11	0.41	0.41	0.14	0.01	0.41	0.09	0.9	0.18	0.21	0.48	0.41	0.22	0.13	0.62	0.47	0.38	0.56
0.12	0.43	0.08	0.43	0.45	0.43	0.42	0.04	0.44	0.07	0.11	5.36	0.06	0.04	0.75	0.45	0.1	0.45	0.24	0.01	0.43	0.15	0.42	0.42	0.75	0.03	0.62	0.05	0.38	0.44	0.42	0.23	0.42	0.41	0.04	0.41	2.76	0.41	0.23	0.91	0.07	0.26	0.5	0.11	0.33	0.48	0.2	0.04	0.45	0.44	0.05	0.41	0.03	0.49	0.64	0.51	0.04	0.34	0.48	0.13	0.02	0.35	0.92	0.51	0.14	0.18	0.05	0.12	0.06	0.05	0.47	0.15	0.12	0.64	0.02	0.96	0.2	0.49	0.43	0.03	0.42	0.15	0.42	0.42	0.42	0.11	0.54	0.15	0.09	0.77	0.48	0.45	0.44	0.47	0.43	0.02	0.05	0.32	0.49
0.08	0.19	0.6	0.21	0.11	0.25	0.4	0.27	0.33	1.6	0.07	0.59	0.21	0.18	0.18	0.03	0.22	0.22	0.17	0.18	0.21	0.1	0.27	0.09	0.09	0.6	0.2	0.22	0.7	0.48	0.9	0.03	0.53	0.13	0.31	0.04	0.41	0.18	1.21	0.71	0.18	0.41	0.22	0.36	0.46	0.13	0.91	0.61	0.18	0.07	0.41	0	0.17	0.11	0.42	0.08	0.42	0.41	0.15	0.17	0.19	0.61	0.21	0.41	0.05	0.03	0.52	0.42	0.52	0.35	0.32	0.1	0.21	0.47	0.31	0.43	0.05	3.84	0.17	0.19	0.19	1.43	0.22	0.04	0.27	0.09	0.43	0.08	0.08	0.22	0.08	0.15	0.21	0.42	0.21	0.19	0.22	0.2	0.19
0.11	0.01	0.09	0.94	0.14	0.23	0.18	0.02	0.02	0.02	0.14	0.8	0.03	0.03	0.37	0.51	0.04	0.79	0.25	0.01	0.4	0.16	0.28	0.13	0.51	0.03	0.02	0.04	0.09	0.31	0.9	0.15	0.03	0.14	0.04	0.19	0.01	0.01	0.1	0.22	0.01	0.11	0	0.14	0.25	0.12	0.57	0.23	0.5	0.19	0.94	0.17	0	0.4	0.04	0.1	0.02	0	0.18	0.11	0.03	0.49	0.02	0.2	0.15	0.15	0.32	0.49	0.25	0.03	0.02	0.14	0.12	0.61	0.02	0.11	0.2	0.2	0.31	0.37	0.43	0.51	0.04	0.19	0.25	0.1	0.2	0.15	0.17	0.02	0.16	0.31	0.19	0.41	0.04	0.3	0.45	0.01	0.18
0.43	0.14	0.21	0.52	0.07	0.57	0.05	0.52	0.2	0.18	0.07	3.29	0.15	0.15	0.24	0.1	0.46	0.27	0.34	0.18	0.17	0.06	0.36	0.06	0.42	0.15	0.49	0.18	0.23	0.5	0.07	0.44	0.65	0.19	0.16	0.11	0.51	0.16	0.04	0.06	0.16	0.06	0.16	0.23	0.41	0.07	0.19	0.18	0.29	0.06	0.95	0.45	0.25	0	0.46	0.29	0.17	0.26	0.07	0.07	0.17	1.44	0.17	0.51	0.06	0.08	0.18	0.05	0.44	0.18	0.18	0.26	0.08	0.22	0.16	0.45	0.2	0.09	0.24	0.16	0.17	0.1	0.17	0.1	0.31	0.4	0.4	0.11	0.07	0.18	0.06	0.22	0.17	0.93	0.43	0.15	0.2	0.18	0.27
0.13	0.05	0.11	0.47	0.14	0.54	0.47	0.06	0.04	0.38	0.48	7.01	0.01	0.18	0.4	0.21	0.08	0.4	0.6	0.35	0.09	0.4	0.21	0.14	0.15	0.9	0.06	0.08	0.13	0.04	0.12	0.4	0.06	0.13	0.08	0.19	0.07	0.04	0.41	0.16	0.05	0.12	0.05	0.12	0.28	0.13	0.92	0.42	0.82	0.18	0.04	0.42	0.04	0.18	0	0.12	0.06	0.42	0.16	0.12	0.19	0.12	0.06	0.42	0.42	0.24	0.42	0.3	0.08	0.07	0.05	0.38	0.13	0.28	0.43	0.53	0.15	0.18	0.63	0.01	0.33	0.43	0.25	0.18	0.28	0.13	0.19	0.18	0.12	0.43	0.14	0.54	0.01	0.35	0.08	0.05	0.08	0.05	0.94
0.4	0.12	0.44	0.14	0.02	0.37	0.41	0.14	0.1	0.12	0.01	1.21	0.11	0.14	1.19	0.25	0.49	0.26	0.49	0.11	0.13	0.05	0.49	0.03	0.49	0.41	0.41	0.14	0.4	0.12	0.01	0.05	0.11	0.02	0.13	0.08	0.34	0.09	0	0.05	1.23	0.43	0.1	0.16	1.26	0.02	0.15	0.14	0.69	0.16	1.44	0.94	0.33	0.06	0.11	0	0.37	0.1	0.36	0.01	0.45	0.01	0.11	0.24	0.17	0.21	0.14	0.04	0.13	0.44	0.1	0.04	0.02	0.56	0.84	0.03	0.05	0.07	0.2	0.65	0.12	0.04	0.45	0.08	0.45	0.04	0.08	0.08	0.05	0.1	0.03	0.19	0.11	0.24	0.45	0.39	0.12	0.11	0.28
0.13	0.65	0.11	0.45	0.13	0.24	0.13	0	0.45	0	0.12	9.27	0.05	0.03	0.67	0.22	0.05	0.2	0.29	0.42	0.08	0.16	0.54	0.39	0.14	0.03	0.35	0.02	0.1	0.06	0.37	0.18	0.01	0.37	0.05	0.45	0.76	0.03	0.1	0.21	0.03	0.14	0.02	0.48	0.16	0.16	0.22	0.01	0.48	0.11	0.04	0.48	0.02	0.49	0.37	0.11	0	0.03	0.16	0.11	0.03	0.12	0.04	0.6	0.18	0.16	0.05	0.12	0.28	0.01	0.41	0.41	0.13	0.41	0.03	0.13	0.21	1.12	0.67	0.42	0.05	0.34	0.1	0.19	0.28	0.13	0.62	0.17	0.14	0.03	0.22	0.3	0.07	0.36	0.05	0.02	0.43	0.03	0.2
0.31	0.02	0.09	0.32	0.13	0.42	0.11	0.03	0.53	0.04	0.12	2.96	0.04	0.04	0.56	0.21	0.04	0.66	2.84	0.02	0.46	0.33	0.28	0.14	0.14	0.56	0.28	0.05	0.09	0.34	0.1	0.17	0.03	0.46	0.04	0.19	0.02	0.27	0.09	0.22	0.46	0.12	0.01	0.13	0.36	0.13	1.47	0.03	0.33	0.09	0.97	0.46	0	0.17	0.05	0.11	0.03	0	0.57	0.12	0.04	0.56	0.26	0.2	0.16	0.16	0.04	0.13	0.29	0.04	0.02	0.53	0.2	0.48	0.35	0.11	0.44	0.37	0.58	2.39	0.04	0.19	0.13	0.2	0.26	0.48	0.2	0.4	0.12	0.03	0.15	0.33	0.04	0.69	0.04	0.02	0.04	0.01	0.33
0.04	0.17	0.26	0.46	0.1	0.44	0.04	0.16	0.2	0.52	0.04	2.04	0.15	0.14	0.18	0.03	0.4	0.51	0.19	0.42	0.15	0.04	0.05	0.41	0.06	0.14	0.16	0.92	0.2	0.36	0.04	0	0.42	0.82	0.14	0.03	0.16	0.38	0.05	0.04	0.16	0.42	0.43	0.07	0.06	0.11	0.17	0.43	0.43	0.05	0.18	0.13	0.15	0.43	0.45	0.43	0.43	0.17	0	0.05	0.14	0.06	0.53	0.43	0.38	0.31	0.17	0.04	0.18	0.33	0.16	0.44	0.44	0.13	0.15	0.09	0.04	0.03	0.17	0.95	0.45	0.55	0.16	0.03	0.23	0.32	0.03	0.45	0.09	0.45	0.05	0.14	0.6	0.19	0.19	0.17	0.85	0.15	0.45
0.42	0.23	0.14	0.13	0.1	0.69	0.02	0.14	0.11	0.44	0.02	0.24	0.42	0.28	0.23	0.08	0.44	0.26	0.23	0.09	0.45	0.04	0.09	0.04	0.04	0.1	0.12	0.17	0.18	0.12	0.01	0.05	0.12	0.07	0.12	0.1	0.09	0.1	0	0.04	0.1	0.92	0.32	0.01	1.01	0.27	0.94	0.44	0.44	0.01	1.56	0.1	0.11	0.07	0.46	0.01	0.31	0.1	0.47	0	0.48	0.02	0.12	0.16	0.04	0.07	0.13	0.29	0.14	0.46	0.11	0.68	0.35	0.47	0.1	0.04	0.22	0.08	0.25	0.12	0.5	0.05	0.12	0.08	0.92	0.04	0.42	0.08	0.4	0.11	0.04	0.45	0.12	0.22	0.88	0.11	0.13	0.11	0.24
0.12	0.02	0.09	0.1	0.14	0.24	0.32	0.03	0.02	0.03	0.14	2.93	0.31	0.37	0.94	0.21	0.05	0.4	0.34	0.03	0.39	0.16	0.35	0.13	0.13	0.02	0.05	0.06	0.1	0.05	0.11	0.26	0.04	0.13	0.05	0.19	0.02	0.02	0.1	0.2	0.04	0.41	0.03	0.11	0.15	0.14	0.22	0.04	1.05	0.11	0.31	0.18	0.03	0.91	0.4	0.19	0.91	0.03	0.16	0.1	0	0.11	0.04	0.41	0.14	0.16	0.05	0.42	0.06	0.25	0.04	0.8	0.45	0.53	0.32	0.12	0.21	0.51	0.39	0.14	0.03	0.17	0.04	0.51	0.64	0.11	0.19	0.15	0.1	0.02	0.14	0.31	0.36	0.33	0.92	0.42	0.42	0.04	0.2
0.02	0.43	0.54	0.53	0.42	0.92	0.92	0.42	0.91	0.41	0.91	2.96	0.41	0.42	0.41	0.91	0.13	0.91	1.94	0.12	0.91	0.4	0.1	0.04	0.04	0.49	0.99	0.13	0.62	0.48	0.01	0.8	0.48	1.28	0.48	0.68	1.98	0.96	0.01	0.47	1.97	0.06	0.47	0	0.47	0.07	0.47	0.57	0.96	0.01	1.96	0.45	0.45	0.08	0.12	0.01	0.45	0.95	0.45	0.02	1.45	0.01	0.94	0.44	0.44	0.08	0.93	0.02	1.15	0.43	0.43	0.93	0.43	0.42	0.42	0.42	0.43	0.92	0.42	0.62	0.44	0.04	0.91	0.41	0.42	1.91	0.41	0.41	0.01	0.1	0.03	0.41	0.9	1.95	1	0.99	0.49	0.48	0.98
0.34	0.03	0.1	0.58	0.41	0.39	0.14	0.04	0.04	0.03	0.48	0.49	0.06	0.42	0.37	0.46	0.02	0.34	0.28	0.09	0.07	0.46	0.2	0.16	0.23	0.04	0.37	0.06	0.33	0.33	0.12	0.18	0.04	0.15	0.05	0.21	0.03	0.03	0.53	0.47	0.07	0.12	0.03	0.16	0.15	0.14	0.22	0.44	0.67	0.1	0.04	0.57	0.02	0.18	0.72	0.47	0.03	0.03	0.16	0.12	0.04	0.13	0	0.53	0.17	0.17	0.02	0.14	0.02	0.05	0.06	0.15	0.47	0.47	0.04	0.19	0.26	0.18	0.51	0.06	0.48	0.33	0.26	0.21	0.48	0.13	0.9	0.41	0.16	0.04	0.14	0.58	0.06	0.76	0.15	0.03	0.02	0.34	0.48
0.41	0.59	0.3	0.27	0.13	0.91	0.43	0.22	0.21	0.59	0.15	3.67	0.59	0.23	1.16	0.21	0.27	0.37	0.74	0.53	0.67	0.17	0.55	0.16	0.46	0.22	0.22	0.24	0.46	0.23	0.15	0.17	0.5	0.46	0.24	0.46	0.19	0.19	0.15	0.56	0.21	0.21	0.32	0.17	1.03	0.12	0.04	0.39	0.33	0.15	1.07	0.21	0.47	0.17	0.22	0.32	0.22	0.25	1.37	0.16	0.21	1.07	0.22	0	0.55	0.47	0.23	0.23	0.23	0.34	0.2	0.14	0.47	0.35	0.21	0.22	0.59	0.18	0.31	0.22	0.47	0.49	0.22	0.38	0.07	0.22	0.48	0.57	0.16	0.21	0.12	0.31	0.54	0.35	0.23	0.21	0.69	0.21	0.46
0.03	0.14	0.46	0.39	0.09	0.6	0.04	0.16	0.14	0.18	0.03	2.93	0.48	0.13	0.52	0.19	0.17	0.5	0.48	0.17	0.17	0.03	0.48	0.04	0.05	0.15	0.48	0.17	0.18	0.48	0.04	0.39	0.16	0.06	0.15	0.05	0.13	0.35	0.04	0.01	0.18	0.02	0.16	0.06	0.45	0.09	0.18	0.17	0.3	0.04	0.36	0.05	0.33	0.06	0.16	0.04	0.18	0.4	0.04	0.18	0.4	0.75	0.16	0.16	0	0.05	0.19	0.03	0.29	0.43	0.17	0.04	0.22	0.19	0.61	0.04	0.01	0.05	0.19	0.15	0.41	0	0.15	0.05	0.18	0.04	0.41	0.06	0.04	0.13	0.04	0.42	0.24	0.2	0.18	0.16	0.41	0.16	0.92
0.07	0.46	0.51	0.19	0.12	0.22	0.07	0.16	0.57	0.22	0.07	1.31	0.41	0.51	0.42	0.35	0.18	0.41	1.4	0.17	0.5	0.05	0.32	0.21	0.31	0.16	0.17	0.19	0.24	0.43	0.31	0.02	0.16	0.06	0.18	0.06	0.14	0.91	0.07	0.05	0.41	0.08	0.17	0.21	0.45	0.41	0.21	0.16	0.15	0.08	0.92	0.42	0.26	0.08	0.42	0.07	0.51	0.42	0.1	0.07	0.21	0.08	0.17	0.2	0.44	0	0.56	0.42	0.28	0.17	0.29	0.07	0.06	0.12	0.16	0.14	0.52	0.02	0.32	0.18	0.42	0.05	0.18	0.24	0.16	0.07	0.01	0.05	0.42	0.38	0.07	0.42	0.36	0.14	0.82	0.16	0.19	0.19	0.46
0.24	0.04	0.4	0.04	0.9	0.21	0.15	0.05	0.05	0.04	0.15	0.81	0.07	0.04	0.4	0.53	0.31	0.21	1.86	0.04	0.22	0.45	0.27	0.45	0.34	0.05	0.01	0.07	0.12	0.35	0.14	0.45	0.05	0.15	0.06	1.25	0.05	0.17	0.14	0.45	0.04	0.42	0.04	0.17	0.2	0.15	0.23	0.05	0.45	0.11	0.78	0.46	1.89	0.19	0.07	0.14	0.05	0.04	0.55	0.13	0.05	0.79	0.02	0.23	0.46	0.18	0	0.14	0.07	0.06	0.05	0.46	0.15	0.76	0.26	0.16	0.23	0.19	0.62	2.71	0.06	0.21	0.96	0.46	0.29	0.16	0.22	0.2	0.13	0.05	0.18	0.56	0.07	0.36	0.04	0.04	0.25	0.04	0.22
0.17	0.57	0.47	0.15	0.02	0.47	0.31	0.49	0.11	0.16	0.01	4.34	0.11	0.56	0.65	0.1	0.17	0.26	0.22	0.96	0.12	0.04	0.08	0.03	0.03	0.47	0.13	0.17	0.47	0.47	0.02	0.04	0.14	0.02	0.47	0.08	0.11	1.02	0.48	0.1	0.13	0.03	0.12	0.03	0.03	0.13	0.15	0.58	0.22	0.03	0.38	0.08	0.11	0.05	0.12	0.19	0.49	0.58	0.31	0.02	0.11	0.02	0.13	0.15	0.49	0.59	0.5	0	0.16	0.15	0.41	0.79	0.02	0.18	0.49	0.04	0.1	0.31	1.1	0.14	0.14	0.03	0.13	0.07	0.4	0.04	0.08	0.05	0.02	0.12	0.02	1.21	0.12	0.23	0.23	0.44	0.59	0.12	0.22
0.16	0.05	0.13	0.05	0.48	0.22	0.29	0.05	0.05	0.05	0.14	3.87	0.07	0.66	0.46	0.26	0.03	0.36	0.47	0.05	0.24	0.57	0.22	0.18	0.34	0.05	0.09	0.07	0.48	0.08	0.14	0.41	0.05	0.17	0.12	0.21	0.4	0.28	0.4	0.4	0.05	0.15	0.07	0.2	0.41	0.15	0.89	0.35	0.7	0.16	0.52	0.21	0.11	0.18	0.08	0.13	0.05	0.05	0.21	0.15	0.42	0.13	0.03	0.63	0.17	0.43	0.01	0.14	0	0.45	0.14	0.17	0.15	0.3	0.95	0.16	0.56	0.2	0.32	0.44	0.07	0.3	0.08	0.47	0.3	0.39	0.24	0.48	0.14	0.05	0.19	0.35	0.08	0.66	0.04	0.48	0.12	0.05	0.99
0.13	0.03	0.11	0.43	0.16	0.25	0.14	0.01	0.03	0.8	0.14	6.18	0.06	0.04	0.37	0.23	0.07	0.84	0.31	0.04	0.46	0.47	0.52	0.15	0.15	0.04	0.04	0.02	0.11	0.07	0.12	0.16	0.47	0.52	0.38	0.2	0.04	0.07	0.48	0.23	0.29	0.14	0.03	0.17	0.98	0.5	0.49	0.02	0.34	0.11	0.48	0.57	0.03	0.44	0.07	0.11	0.02	0.24	0.48	0.17	0.04	0.29	0.04	0.59	0.4	0.49	0.06	0.17	0.06	0	0.05	0.15	0.14	0.59	0.04	0.49	0.22	0.54	0.73	0.06	0.37	0.17	0.07	0.7	0.29	0.15	0.32	0.45	0.9	0.04	0.29	0.6	0.06	0.37	0.06	0.03	0.17	0.03	0.21
0.48	0.03	0.48	0.06	0.15	0.58	0.13	0.36	0.26	0.38	0.48	12.1	0.43	0.17	0.38	0.23	0.05	0.19	0.24	0.01	0.06	0.17	0.2	0.43	0.15	0.05	0.04	0.06	0.44	0.26	0.11	0.43	0.04	0.15	0.04	0.21	0.02	0.39	0.1	0.54	0.03	0.11	0.03	0.15	0.16	0.43	0.2	0.07	0.72	0.09	0.02	0.19	0.02	0.64	0.05	0.46	0.44	0.02	0.19	0.09	0.04	0.39	0.04	0.2	0.44	0.15	0.05	0.54	0.06	0.05	0	0.16	0.74	0.64	0.29	0.13	0.21	0.53	0.34	0.04	0.05	0.16	0.05	1.55	0.64	0.11	0.44	0.18	0.44	0.03	0.14	0.32	0.22	0.35	0.12	0.04	0.38	0.03	0.19
0.03	0.15	0.48	0.18	0.01	0.3	0.58	0.15	0.13	0.14	0.48	2.89	0.13	0.49	0.28	0.49	0.16	0.51	0.99	0.14	0.17	0.05	0.09	0.49	0.43	0.13	0.2	0.7	0.19	0.15	0.04	0.05	0.14	0.2	0.16	0.09	0.13	0.4	0.03	0.09	0.51	0.04	0.41	0.08	0.15	0.29	0.41	0.25	0.41	0.27	0.16	0.09	0.41	0.41	0.2	0.03	0.16	0.15	0.05	0.16	0.13	0.04	0.16	0.42	0.09	0.07	0.17	0.06	0.28	0.92	0.15	0	0.01	0.29	0.42	0.05	0.1	0.06	0.21	0.43	0.16	0.07	0.43	0.08	0.43	0.2	0.1	0.04	0.04	0.52	0.64	0.19	0.14	0.23	0.54	0.14	0.18	0.14	0.51
0.02	0.13	0.17	0.17	0	0.29	0.02	0.58	0.47	0.14	0.48	1.26	0.47	0.57	0.47	0.12	0.47	0.49	0.68	0.41	0.15	0.09	0.58	0.2	0.01	0.11	0.5	0.48	0.18	2.2	0.09	0.38	0.15	0.49	0.14	0.06	0.49	0.12	0.02	0.09	0.13	0.08	0.49	0.04	0.5	0.24	0.18	0.38	0.2	0.4	0.4	0.13	0.12	0.09	0.13	0.02	0.9	0.14	0.1	0.1	0.12	0.03	0.14	0.9	0.17	0.06	0.16	0.4	0.16	0.4	0.4	0.02	0.4	0.18	0.4	0.4	0.27	1.4	0.45	0.13	0.13	0.08	0.13	0.06	0.41	0.41	0.41	0.41	0.09	0.36	0.41	0.17	0.12	0.23	0.15	0.41	0.51	0.5	0.92
0.36	0.28	0.3	0.34	0.18	0.47	0.18	0.45	0.27	0.32	0.18	2.24	0.41	0.29	0.25	0.29	0.41	0.92	0.41	0.27	0.46	0.2	0.14	0.19	0.19	0.28	0.28	0.52	0.35	0.64	0.18	0.42	0.28	0.18	0.29	0.1	0.27	0.27	0.42	0.27	0.28	0.92	0.42	0.19	0.48	0.18	0.42	0.29	0.25	0.52	0.27	0.23	0.27	0.42	0.28	0.42	0.59	0.26	0.13	0.19	0.27	1.33	0.29	0.33	0.19	0.12	0.3	0.47	0.3	0.31	0.28	0.19	0.43	0	0.4	0.19	0.2	0.12	0.22	0.53	0.28	0.41	0.43	0.1	0.35	0.53	0.1	0.15	0.19	0.65	0.19	0.5	0.28	0.03	0.31	0.43	0.32	1.14	0.09
0.1	0.42	0.07	0.42	0.12	0.24	0.1	0.42	0.02	0.03	0.11	2.54	0.36	0.41	0.92	0.44	0.05	0.19	0.34	0.02	0.07	0.52	0.21	0.35	0.44	0.02	0.04	0.43	0.22	0.04	0.93	0.44	0.04	0.51	0.05	0.63	0.23	0.18	0.1	0.43	0.2	0.12	0.03	0.43	0.13	0.43	0.21	0.94	0.35	0.1	0.44	0.18	0.02	0.17	0.31	0.44	0.03	0.03	0.16	0.1	0.01	0.18	0.44	0.44	0.14	0.44	0.45	0.12	0.06	0.04	0.03	0.13	0.33	0.65	0	0.45	0.21	0.16	0.33	0.38	0.04	0.15	0.04	0.45	0.56	0.2	0.53	0.16	0.44	0.02	0.13	0.66	0.21	0.46	0.06	0.03	0.06	0.27	0.55
0.26	0.12	0.2	0.25	0.1	0.32	0.03	0.13	0.12	0.12	0.11	1.06	0.13	0.43	0.23	0.47	0.15	0.27	0.22	0.47	0.21	0.04	0.09	0.05	0.05	0.12	0.28	0.4	0.33	0.41	0.03	0.08	0.52	0.1	0.2	0.11	0.43	0.63	0.04	0.04	0.18	0.01	0.34	0.04	0.36	0.1	0.31	0.48	0.24	0.1	0.3	0.09	0.1	0.08	0.13	0.04	0.36	0.45	0.09	0.4	0.11	0.15	0.4	0.22	0.04	0.67	0.16	0.04	0.22	0.13	0.12	0.05	0.28	0.42	0.11	0	0.03	0.08	0.23	0.43	0.15	0.05	0.39	0.43	0.28	0	0.1	0.09	0.04	0.11	0.05	0.48	0.13	0.23	0.16	0.24	0.47	0.11	0.44
0.1	0.2	0.45	0.4	0.09	0.64	0.1	0.3	0.21	0.3	0.03	3.43	0.15	0.19	0.27	0.11	0.24	0.52	0.24	0.53	0.43	0.03	0.06	0.1	0.1	0.21	0.24	0.25	0.46	0.16	0.51	0.06	0.21	0.09	0.47	0.09	0.21	0.77	0.05	0	0.47	0.39	0.33	0.17	0.36	0.09	0.23	0.49	0.24	0.15	0.6	0.05	0.22	0.11	0.16	0.05	0.22	0.24	0.42	0.04	0.2	0.38	0.83	0.43	0.01	0.05	0.24	0.1	0.43	0.4	0.22	0.1	0.09	0.2	0.2	0.04	0	0.45	0.22	0.15	0.21	0.36	0.16	0.09	0.47	0.23	0.09	0.07	0.04	0.2	0.46	0.6	0.15	0.22	0.23	0.49	0.26	0.22	0.35
0.06	0.99	0.22	0.24	0.05	0.47	0.29	0.21	0.47	0.17	0.06	5.05	0.44	0.19	0.43	0.43	0.26	0.19	0.42	0.42	0.24	0.85	0.05	0.41	0.06	0.41	0.5	0.21	0.23	0.99	0.07	0.08	0.48	0.05	0.18	0.01	0.47	0.18	0.08	0.46	0.19	0.45	0.17	0.46	0.23	0.05	0.44	0.18	0.16	0.08	0.56	0.05	0.18	0.07	0.93	0.07	0.17	0.42	0.03	0.07	0.91	0.41	0.21	0.39	0.41	0.41	0.21	0.06	0.49	0.6	0.5	0.06	0.04	0.12	0.17	0.08	0.79	0	0.14	0.17	0.48	0.04	0.17	0.03	0.24	0.1	0.01	0.03	0.07	0.16	0.05	0.96	0.55	1.05	0.45	0.45	0.54	0.19	0.53
0.2	0.33	0.48	0.64	0.23	0.48	0.58	0.55	0.31	0.49	0.29	1.13	0.56	0.31	0.03	0.15	0.32	0.43	0.26	0.5	0.33	0.59	0.17	0.19	0.49	0.31	0.3	0.34	0.7	0.7	0.27	0.5	0.32	0.5	0.6	0.13	0.31	0.81	0.41	0.31	0.71	0.42	0.33	0.24	0.58	0.23	0.31	0.62	0.41	0.62	0.58	0.16	0.31	0.25	0.31	0.2	0.92	0.42	0.17	0.23	0.48	0.72	0.59	0.31	0.19	0.16	0.92	0.37	0.33	0.33	0.42	0.42	0.23	0.21	0.72	0.43	0.21	0.43	0	0.65	0.31	0.19	0.32	0.43	0.37	0.22	0.13	0.16	0.43	0.53	0.19	0.38	0.5	0.3	0.4	0.33	0.44	0.94	0.44
0.11	0.98	0.1	0.07	0.12	0.47	0.12	0.23	0.03	0.41	0.12	2.58	0	0.06	0.34	0.45	0.07	0.2	0.33	0.47	0.16	0.15	0.76	0.46	0.44	0.05	0.06	0.45	0.12	0.01	0.44	0.16	0.06	0.13	0.43	0.19	0.02	0.42	0.52	0.15	0.04	0.41	0.04	0.1	0.14	0.4	0.22	1	0.5	0.32	0.03	0.26	0.03	0.16	0.01	0.24	0.05	0.04	0.15	0.47	0.04	0.26	0.66	0.46	0.15	0.17	0.07	0.45	0.42	0.06	0.44	0.43	0.13	0.28	0.03	0.13	0.16	0.23	0.42	0	0.03	0.46	0.01	0.18	0.37	0.4	0.19	0.18	0.5	0.04	0.14	0.49	0	0.44	0.07	0.04	0.07	0.04	0.5
0.37	0.04	0.22	0.26	0.13	0.25	0.48	0.05	0.02	0.09	0.14	0.48	0.03	0.05	0.36	0.37	0.07	0.44	0.34	0.44	0.36	0.15	0.2	0.15	0.16	0.03	0.05	0.44	0.12	0.04	0.12	0.16	0.2	0.15	0.54	0.19	0.03	0.55	0.16	0.21	0.05	0.13	0.04	0.16	0.55	0.14	0.51	0.05	0.33	0.13	0.45	0.21	0.38	0.19	0.03	0.12	0.05	0.04	0.29	0.12	0.03	0.14	0.05	0.28	0.15	0.45	0.08	0.15	0.07	0.75	0.05	0.16	0.32	0.28	0.04	0.45	0.95	0.45	0.31	0.03	0	0.21	0.03	0.17	0.71	0.13	0.54	0.17	0.12	0.05	0.14	0.3	0.32	0.37	0.07	0.44	0.06	0.05	0.21
0.03	0.21	0.18	0.28	0.1	0.42	0.05	0.18	0.14	0.14	0.03	1.7	0.14	0.14	0.19	0.35	0.52	0.22	0.2	0.27	0.17	0.04	0.07	0.05	0.05	0.52	0.19	0.2	0.27	0.18	0.07	0.07	0.42	0.13	0.17	0.08	0.42	0.43	0.1	0.01	0.16	0.02	0.16	0.05	0.21	0.08	0.92	0.42	0.42	0.13	1.04	0.05	0.42	0.18	0.42	0.06	0.55	0.25	0.07	0.06	0.18	1.25	0.16	0.21	0	0.05	0.18	0.03	0.43	0.17	0.17	0.05	0.09	0.2	0.53	0.43	0.08	0.38	0.43	0.43	0.53	0	0.15	0.05	0.21	0.03	0.34	0.06	0.03	0.43	0.12	0.16	0.15	0.24	0.19	0.16	0.43	0.15	0.23
0.5	0.05	0.1	0.08	0.13	0.27	0.12	0.07	0.07	0.55	0.12	1.55	0.01	0.06	0.35	0.21	0.22	0.77	0.34	0.04	0.1	0.15	0.47	0.14	0.14	0.05	0.06	0.47	0.52	0.47	0.45	0.47	0.06	0.13	0.08	0.48	0.03	0.28	0.48	0.42	0.05	0.13	0.06	0.12	0.27	0.41	0.52	0.06	0.33	0.49	0.56	0.23	2.04	0.16	0	0.11	0.23	0.49	0.16	0.12	0.05	0.12	0.06	0.22	0.25	0.18	0.07	0.32	0.08	0.07	0.05	0.14	0.5	0.28	0.04	0.5	0.16	0.21	0.57	0.01	0.4	0.17	0	0.18	0.4	0.4	0.19	0.18	0.12	0.04	0.4	0.7	0.01	0.61	0.08	0.4	0.5	0.05	0.28
0.27	0.18	0.45	0.26	0.06	0.23	0.45	0.21	0.16	0.19	0.46	3.38	0.18	0.47	0.18	0.03	0.47	0.5	0.17	0.44	0.19	0.08	0.04	0.08	0.07	0.65	0.19	0.36	0.31	0.19	0.08	0.03	0.47	0.05	0.32	0	0.17	0.21	0.08	0.47	0.2	0.09	0.18	0.47	0.08	0.06	0.48	0.22	0.15	0.07	0.43	0.04	0.48	0.09	0.47	0.12	0.47	0.79	0.03	0.09	0.19	0.36	0.22	0.2	0.05	0.01	0.22	0.07	0.22	0.21	0.2	0.09	0.06	0.1	0.2	0.1	0.09	0.4	0.4	0.2	0.17	0.05	0.4	0	0.2	0.44	0.9	0.22	0.4	0.18	0.07	0.12	0.18	0.4	0.9	0.4	0.6	0.6	0.15
0.21	0.57	0.63	0.87	0.15	0.48	0.21	0.28	0.27	0.28	0.21	1.98	0.28	0.29	0.47	0.67	0.29	0.42	0.47	0.77	0.23	0.22	0.57	0.15	0.2	0.28	0.48	0.58	0.48	0.29	0.45	0.23	0.28	0.19	0.22	0.58	0.48	0.25	0.67	0.23	1.49	0.98	0.27	0.23	0.59	0.15	0.07	0.28	0.39	0.16	0.26	0.49	0.51	0.2	0.29	0.21	0.5	0.6	0.23	0.42	0.27	0.21	0.28	0.41	0.2	0.16	0.29	0.21	0.29	0.42	0.26	0.34	0.22	0.35	0.27	0.27	0.23	0.42	0.37	0.42	0.31	0.21	0.42	0.52	0	0.34	0.25	0.2	0.22	0.27	0.14	0.36	0.28	0.43	0.29	0.53	0.29	0.44	0.4
0.03	0.12	0.16	0.45	0.1	0.45	0.04	0.12	0.42	0.13	0.03	1.4	0.5	0.47	0.5	0.07	0.15	0.9	0.4	0.4	0.4	0.04	0.09	0.05	0.41	0.13	0.35	0.15	0.58	0.14	0.41	0.32	0.14	0.48	0.16	0.1	0.42	0.1	0.38	0.26	0.43	0.01	0.12	0.43	0.3	0.35	0.22	0.48	0.24	0.01	0.43	0.09	0.11	0.07	0.16	0.03	0.13	0.11	0.47	0.04	0.12	0.47	0.14	0.22	0.04	0.98	0.14	0.03	0.15	0.16	0.48	0.05	0.59	0.19	0.12	0	0.04	0.35	0.56	0.99	0.49	0.14	0.19	0.1	0.59	0	0.1	0.09	0.03	0.5	0.04	0.2	0.42	0.24	0.14	0.13	0.77	0.13	0.83
0.14	0.45	0.5	0.22	0.06	0.23	0.48	0.4	0.31	0.24	0.08	3.5	0.49	0.19	0.35	0.09	0.46	0.18	0.35	0.49	0.53	0.08	0.04	0.09	0.07	0.19	0.4	0.21	0.35	0.2	0.4	0.03	0.5	0.9	0.35	0.01	0.48	0.9	0.4	0.7	0.4	0.09	0.2	0.1	0.09	0.4	0.41	0.47	0.15	0.41	0.41	0.13	0.42	0.09	1.02	0.52	0.19	0.2	0.03	0.09	0.19	0.53	0.21	0.19	0.93	0.27	0.22	0.27	0.43	0.21	0.43	0.09	0.06	0.1	0.19	0.44	0.44	0.02	0.13	0.57	0.54	0.05	0.19	0	0.25	0.1	0	0.29	0.18	0.19	0.08	0.55	0.45	0.15	0.61	0.2	0.21	0.2	0.45
0.04	0.74	0.44	0.2	0.44	0.6	0.04	0.37	0.15	0.95	0.45	2.72	0.18	0.49	0.23	0.4	0.19	0.22	0.49	0.15	0.49	0.08	0.14	0.04	0.49	0.21	0.16	0.18	0.49	0.19	0.07	0.49	0.17	0.26	0.49	0.04	0.38	0.49	0.05	0.06	0.17	0.08	0.5	0.13	0.14	0.09	0.17	0.18	0.18	0.08	0.53	0.08	0.54	0.09	0.19	0.07	0.59	0.19	0.22	0.41	0.16	0.49	0.18	0.49	0.49	0.05	0.59	0.05	0.18	0.17	0.18	0.04	0.09	0.15	0.49	0.09	0.07	0.03	0.16	0.49	0.15	0.06	0.2	0.15	0.3	0.79	0.22	0	0.07	0.15	0.4	0.15	0.49	0.23	0.21	0.19	0.18	0.19	0.49
0.02	0.12	0.16	0.26	0.1	0.4	0.02	0.11	0.11	0.12	0.4	7.33	0.44	0.46	0.22	0.08	0.13	0.58	0.22	0.09	0.14	0.08	0.08	0.04	0.36	0.12	0.14	0.13	0.44	0.12	0	0.04	0.44	0.09	0.21	0.44	0.13	0.09	0.24	0.04	0.44	0.03	0.11	0.18	0.44	0.1	0.16	0.45	0.23	0	0.09	0.08	0.12	0.05	0.45	0.29	0.12	0.31	0.04	0.31	0.12	0.01	0.13	0.45	0.04	0.08	0.13	0.02	0.26	0.12	0.11	0.04	0.09	0.19	0.38	0.04	0.27	0.07	0.23	0.46	0.12	0.03	0.12	0.46	0.22	0.03	0.08	0.46	0	0.1	0.03	0.2	0.22	0.3	0.14	0.1	0.46	0.1	0.23
0.55	0.02	0.37	0.05	0.12	0.64	0.12	0.03	0	0.07	0.11	1.08	0.03	0.26	0.35	0.21	0.05	0.2	0.36	0.03	0.06	0.15	0.59	0.45	0.14	0.02	0.04	0.49	0.09	0.05	0.09	0.36	0.03	0.49	0.06	0.36	0.02	0.49	0.12	0.21	0.03	0.1	0.03	0.16	0.5	0.12	0.21	0.15	0.69	0.19	0.02	0.5	0.02	0.16	0.04	0.09	0.25	0.03	0.16	0.1	0.02	1.6	0.04	0.6	0.16	0.18	0.05	0.11	0.06	0.4	0.04	0.16	0.12	0.27	0.02	0.14	0.2	0.16	0.4	0.04	0.01	0.14	0.04	0.17	0.27	0.12	0.18	0.4	0.1	0	0.47	0.29	0.04	0.36	0.41	0.03	0.05	0.03	0.54
0.03	0.3	0.17	0.2	0.41	0.3	0.02	0.16	0.17	0.32	0.45	1.09	0.65	0.12	0.24	0.09	0.41	0.24	0.23	0.15	0.89	0.04	0.45	0.01	0.02	0.12	0.46	0.15	0.21	0.15	0.18	0.27	0.14	0.46	0.15	0.08	0.14	0.76	0.03	0.09	0.15	0.03	0.15	0.06	0.41	0.01	0.26	0.47	0.21	0.04	0.13	0.47	0.16	0.08	0.14	0.03	0.47	0.48	0.05	0.04	0.13	0.03	0.48	0.15	0.04	0.07	0.15	0.02	0.16	0.16	0.17	0.28	0.01	0.48	0.22	0.05	0.09	0.05	0.48	2.89	0.48	0.06	0.49	0.18	0.9	0.05	0.15	0.04	0.03	0.38	0	0.49	0.14	0.23	0.49	0.15	0.52	0.14	0.22
0.19	0.78	0.65	0.33	0.17	0.48	0.99	0.32	0.58	0.46	0.48	3.69	0.29	0.28	0.49	0.14	1	0.09	0.05	0.49	0.31	0.19	0.15	0.18	0.18	0.3	0.49	0.34	0.33	0.49	0.19	0.99	0.32	0.17	0.49	0.12	0.3	0.59	0.49	0.37	0.59	0.18	0.49	0.59	1.5	0.99	1.19	0.71	0.26	0.17	0.29	0.15	0.29	0.24	0.5	0.19	0.5	0.49	0.36	0.49	0.49	0.23	0.31	0.3	0.49	0.11	0.49	0.19	0.69	0.33	0.32	0.19	0.49	0.23	0.41	0.49	0.42	0.36	0.49	0.3	0.49	0.38	0.59	0.49	0.52	0.49	0.12	0.15	0.59	0.3	0.18	0.01	0.49	0.03	0.32	0.31	0.42	0.42	0.37
0.12	0.04	0.33	0.47	0.13	0.46	0.31	0.05	0.03	0.1	0.12	4.76	0	0.05	0.75	0.45	0.07	0.2	0.34	0.03	0.09	0.46	0.46	0.86	0.48	0.27	0.35	0.22	0.13	0.46	0.11	0.16	0.05	0.47	0.07	0.18	0.03	0.03	0.57	0.35	0.05	0.12	0.48	0.11	0.14	0.13	1.03	0.11	0.33	0.18	0.14	0.21	0.04	0.18	0.01	0.11	0.05	0.04	0.2	0.12	0.04	0.53	0.06	0.49	0.15	0.36	0.26	0.5	0.6	0.06	0.04	0.5	0.13	0.28	0.03	0.4	0.15	0.17	0.31	0.51	0.41	0.15	0.51	0.18	0.71	0.14	0.18	0.18	0.41	0.04	0.14	0.5	0	0.33	0.44	0.04	0.91	0.11	0.27
0.99	0.5	0.34	0.38	0.5	0.15	0.5	0.55	0.34	0.4	0.4	4.96	0.34	0.54	0.32	0.18	0.38	0.23	0.05	0.52	1.47	0.47	0.19	0.47	0.47	0.34	0.47	0.47	0.38	0.35	0.24	0.18	0.36	0.48	0.48	0.15	6.3	0.49	0.22	0.23	0.49	0.42	0.34	0.65	0.42	0.49	0.9	0.38	1	0.5	0.64	0.42	0.4	0.24	0.9	0.25	0.41	0.35	0.18	0.23	0.41	0.61	0.34	0.51	0.91	0.39	0.37	0.49	0.38	0.82	1.43	0.23	0.22	0.03	0.36	0.42	0.52	0.46	0.42	0.35	0.53	0.43	0.35	0.15	0.43	0.23	0.15	0.43	0.43	0.33	0.23	0.03	0.44	0	0.36	0.51	0.76	0.48	0.44
0.46	0.04	0.46	0.04	0.48	0.46	0.14	0.05	0.05	0.05	0.16	6.02	0.07	0.44	0.66	0.23	0.37	0.45	0.65	0.65	0.48	0.17	0.94	0.18	0.18	0.08	0.13	0.45	0.13	0.19	0.14	0.56	0.05	0.15	0.07	0.22	0.05	0.04	0.13	0.23	0.05	0.47	0.04	0.17	0.47	0.15	0.23	0.47	0.38	0.13	0.47	0.64	0.04	0.2	0.18	0.15	0.47	0.04	0.18	0.13	0.48	0.44	0.32	0.23	0.17	0.48	0.03	0.14	0.03	0.06	0.1	0.16	0.15	0.31	0.06	0.15	0.23	0.27	0.32	0.6	0.4	0.19	0.08	0.5	0.29	0.41	0.21	0.18	0.51	0.91	0.41	0.72	0.16	0.39	0	0.42	0.17	0.05	0.62
0.12	0	0.09	0.05	0.13	0.45	0.49	0.02	0.03	0.15	0.12	2.18	0.04	0.04	0.48	0.22	0.05	0.44	0.21	0.02	0.06	0.14	0.19	0.15	0.59	0	0.03	0.05	0.34	0.06	0.21	0.19	0.03	0.3	0.35	0.39	0.02	0.4	0.11	0.22	0.02	0.41	0.28	0.12	0.24	0.14	0.2	0.33	0.62	0.09	0.32	0.42	0.42	0.16	0.05	0.11	0.02	0.02	0.46	0.11	0.43	0.13	0.03	0.43	0.16	0.2	0.12	0.43	0.05	0.07	0.03	0.17	0.14	0.54	0.03	0.17	0.21	0.18	0.31	0.39	0.04	0.44	0.44	0.2	0.26	0.12	0.45	0.39	0.14	0.1	0.55	0.42	0.04	0.33	0.05	0	0.05	0.75	2.95
0.52	0.04	0.38	0.43	0.43	0.22	0.15	0.05	0.43	0.53	0.44	1.96	0.07	0.35	0.46	0.24	0.04	0.28	1.57	0.4	0.09	0.46	0.23	0.46	0.17	0.07	0.02	0.06	0.96	0.46	0.14	0.45	0.05	0.15	0.45	0.46	0.05	0.04	0.46	0.23	0.05	0.96	0.13	0.36	0.76	0.15	0.23	0.05	0.36	0.12	0.05	0.21	0.04	0.46	0.46	0.15	0.05	0.04	0.66	0.14	0.45	0.13	0.02	0.23	0.19	0.46	0.13	0.47	0.04	0.05	0.46	0.16	0.57	0.47	0.06	0.15	0.47	0.47	0.32	0.47	0.44	0.18	0.47	0.47	0.29	0.15	0.24	0.18	0.17	0.05	0.17	0.47	0.07	0.71	0.01	0.98	0.01	0.04	0.38
0.48	0.03	0.78	0.05	0.14	0.48	0.12	0.03	0.03	0.03	0.15	0.6	0.04	0.04	0.4	0.21	0.04	0.19	0.4	0.4	0.06	0.5	0.21	0.54	0.14	0.4	0.03	0.05	0.5	0.05	0.11	0.15	0.4	0.13	0.27	0.41	0.41	0.77	0.1	0.41	0.01	0.12	0.01	0.13	0.45	0.14	0.21	0.03	0.62	0.41	0.04	0.46	0.01	0.18	0.41	0.1	0.03	0.01	0.15	0.12	0.03	0.4	0.03	0.52	0.52	0.18	0.04	0.12	0.42	0.04	0.03	0.42	0.14	0.28	0.03	0.42	0.22	0.17	0.33	0.42	0.04	0.22	0.42	0.19	0.42	0.43	0.2	0.16	0.12	0.03	0.53	1.16	0.05	0.36	0.05	0.02	0.04	0	1.43
0.22	0.19	0.34	0.22	0.23	0.4	0.22	1.51	0.51	0.2	0.91	0.25	0.27	0.49	1.47	0.21	0.22	0	0.04	0.18	0.36	0.22	0.34	0.47	0.48	0.48	0.4	0.22	0.47	0.28	0.23	0.18	0.21	0.49	0.38	0.49	0.18	0.27	0.49	0.24	0.99	0.49	0.19	0.5	0.23	0.29	0.82	0.2	0.3	0.22	0.51	0.19	0.41	8.65	0.91	0.23	0.2	0.42	0.17	0.42	0.42	0.23	0.93	0.43	0.43	0.55	0.44	0.54	0.29	0.21	0.44	0.22	0.45	0.09	0.45	0.46	0.57	1.05	0.42	0.27	0.46	0.47	0.57	1.02	0.49	0.97	0.97	0.2	0.23	0.2	0.21	0.09	0.27	0.17	0.22	0.19	0.21	0.19	0.01
