0	0.11	0.15	0.55	0.02	0.3	0	0.44	0.44	0.52	0.1	3.28	0.57	0.47	0.25	0.47	0.34	0.4	0.24	0.11	0.12	0.03	0.08	0.03	0.03	0.48	0.13	0.17	0.98	0.48	0.39	0.04	0.14	0.02	0.69	0.43	0.11	0.43	0.01	0.1	0.48	0.46	0.48	0.03	0.22	0.16	0.59	0.14	0.62	0.25	0.95	0.08	0.11	0.41	0.2	0.02	0.13	0.12	0.49	0.02	0.12	0.07	0.5	0.15	0.03	0.07	0.4	0	0.14	0.13	0.14	0.03	0.02	0.4	0.1	0.04	0.12	0.06	0.2	0.4	0.12	0.03	0.4	0.07	0.21	0.03	0.08	0.04	0.02	0.5	0.34	0.2	0.12	0.3	0.4	0.12	0.15	0.23	0.24
0.12	0	0.34	0.4	0.43	0.23	0.11	0.02	0.02	0.02	0.12	6.23	0.04	0.02	0.37	0.2	0.04	0.19	0.93	0.02	0.38	0.15	0.2	0.44	0.13	0	0.03	0.03	0.44	0.05	0.1	0.31	0.02	0.51	0.44	0.23	0.02	0.02	0.1	0.21	0.02	0.12	0.01	0.16	0.42	0.2	0.44	0.02	0.33	0.94	0.09	0.95	0.01	0.19	0.05	0.45	0.02	0.36	0.45	0.12	0.12	0.11	0.03	0.21	0.15	0.45	0.04	0.51	0.05	0.02	0.03	0.46	0.22	0.26	0.02	0.12	0.46	0.86	0.31	0.23	0.04	0.16	0.05	0.41	0.47	0.47	0.19	0.38	0.48	0.02	0.14	0.33	0.04	0.32	0.04	0	0.04	0.02	0.21
0.5	0.1	0	0.1	0.46	0.36	0.15	0.11	0.46	0.11	0.15	2.18	0.48	0.24	0.6	0.22	0.28	0.75	0.31	0.08	0.11	0.18	0.22	0.98	0.55	0.06	0.1	0.12	0.15	0.1	0.41	0.42	0.11	0.16	0.09	0.98	0.08	0.08	0.48	0.19	0.34	0.48	0.09	0.15	0.17	0.49	0.31	0.09	0.36	0.14	0.49	0.49	0.09	0.23	0.15	0.14	0.11	0.33	0.31	0.14	0.44	0.49	0.3	0.3	0.59	0.37	0.11	0.15	0.5	0.45	0.09	0.17	0.32	0.3	0.99	0.21	0.23	0.42	0.68	0.23	0.08	0.27	0.29	0.9	0.4	0.46	0.5	0.54	0.16	0.09	0.17	0.44	0.1	0.54	0.1	0.09	0.1	0.4	1.17
0.15	0.04	0.1	0	0.34	0.22	0.16	0.4	0.6	0.05	0.5	0.48	0.07	0.08	0.68	0.48	0.03	0.32	0.48	0.15	0.49	0.49	0.6	0.16	0.9	0.4	0.02	0.4	0.13	0.08	0.13	0.61	0.41	0.15	0.41	0.22	0.05	0.04	0.41	0.33	0.05	0.42	0.04	0.17	0.18	0.15	0.23	0.43	0.35	0.13	0.43	0.54	0.04	0.2	0.94	0.44	0.05	0.04	0.96	0.45	0.07	0.28	0.02	0.23	0.4	0.19	0.04	0.15	0.04	0.06	0.06	0.17	0.46	0.51	0.06	0.47	0.57	0.58	0.57	0.1	0.07	0.18	0.08	0.99	0.29	0.17	0.23	0.18	0.53	0.05	0.16	0.46	0.07	0.5	0	0.05	0.21	0.15	1.4
0.02	0.28	0.56	1.43	0	0.29	0.02	0.13	0.13	0.16	0.2	0.61	0.43	0.12	0.63	0.18	0.17	0.44	0.22	0.14	0.43	0.09	0.14	0.02	0.15	0.12	0.45	0.15	0.22	0.14	0.27	0.1	0.14	0	0.13	0.07	0.14	0.14	0.04	0.09	0.14	0.43	0.47	0.04	0.02	0.03	0.48	0.16	0.2	0.04	0.47	0.11	0.49	0.14	0.25	0.02	0.15	0.13	0.41	0.11	0.12	0.03	0.15	0.15	0.09	0.07	1.02	0.18	0.41	0.14	0.14	0.39	0	0.43	0.13	0.1	0.09	0.05	0.24	0.43	0.13	0.09	0.13	0.45	0.22	0.1	0.07	0.09	0.1	0.13	0.01	0.26	0.14	0.45	0.46	0.14	0.15	0.33	1.05
0.46	0.51	0.36	0.25	0.29	0	0.36	0.26	0.46	0.46	0.31	0.36	0.43	0.93	0.43	0.25	0.43	0.51	0.11	0.24	0.59	0.3	0.27	0.94	0.81	0.53	0.2	0.43	0.3	0.27	0.7	0.63	0.24	0.29	0.43	0.23	0.24	0.23	0.43	0.43	0.24	0.3	0.41	0.33	0.3	0.29	1.24	0.37	0.73	0.29	0.25	0.25	0.32	0.43	0.27	0.31	0.24	0.23	0.26	0.56	0.24	0.31	0.2	0.42	0.43	0.22	0.21	0.31	0.53	0.25	0.24	0.3	0.43	0.11	0.24	0.7	0.63	0.24	0.53	0.31	0.43	0.28	0.27	0.23	0.48	0.31	0.23	0.27	0.31	0.42	0.3	0.22	0.82	0.15	0.22	0.33	0.21	0.23	0.54
0	0.14	0.15	0.23	0.02	0.61	0	0.41	0.12	0.21	0.01	6.67	0.5	0.1	0.4	0.53	0.14	0.41	0.41	0.17	0.12	0.04	0.08	0.03	0.03	0.1	0.42	0.15	0.17	0.13	0.02	0.04	0.42	0.16	0.1	0.33	0.12	0.1	0.01	0.1	0.13	0.43	0.11	0.03	0.03	0.02	0.44	0.15	0.37	0.02	0.1	0.21	0.11	0.06	0.13	0.08	0.12	0.11	0.04	0.02	0.49	0.16	0.44	0.45	0.03	0.13	0.15	0	0.14	0.15	0.11	0.07	0.46	0.18	0.86	0.14	0.1	0.06	0.46	0.12	0.13	0.35	0.12	0.46	0.21	0.03	0.21	0.04	0.02	0.47	0.03	0.19	0.13	0.48	0.14	0.49	0.15	0.11	0.48
0.12	0.04	0.11	0.05	0.16	0.45	0.13	0	0.22	0.04	0.35	1.37	0.05	0.03	0.38	0.67	0.57	0.47	0.47	0.03	0.47	0.5	0.19	0.16	0.15	0.03	0.04	0.02	0.1	0.45	0.12	0.5	0.01	0.44	0.05	0.19	0.03	0.03	0.23	0.21	0.27	0.48	0.02	0.16	0.62	0.14	0.22	0.01	0.48	0.12	0.57	0.48	0.02	0.16	0.06	0.12	0	0.03	0.43	0.11	0.03	0.23	0.42	0.22	0.49	0.19	0.05	0.49	0.19	0.02	0.04	0.43	0.16	0.28	0.24	0.14	0.27	0.17	0.55	0.05	0.05	0.44	0.46	0.5	0.28	0.14	0.19	0.45	0.19	0.07	0.41	0.32	0.1	0.57	0.05	0.02	0.05	0.03	0.51
0.1	0.23	0.08	0.05	0.46	0.24	0.1	0.31	0	0.2	0.23	0.69	0.03	0.49	0.49	0.57	0.05	0.22	0.35	0.02	0.4	0.13	0.18	0.12	0.35	0.01	0.03	0.04	0.09	0.05	0.4	0.15	0.03	0.14	0.06	0.5	0.41	0.02	0.27	0.21	0.18	0.41	0.03	0.43	0.5	0.11	0.21	0.18	0.31	0.18	0.03	0.61	0.13	0.19	0.04	0.42	0.02	0.13	0.15	0.11	0.02	0.42	0.03	0.21	0.14	0.42	0.31	0.11	0.39	0.42	0.52	0.14	0.11	0.26	0.02	0.12	0.19	0.23	0.31	0.03	0.35	0.15	0.19	0.42	0.27	0.1	0.19	0.25	0.09	0	0.12	0.39	0.03	0.33	0.05	0.02	0.05	0.03	0.53
0.16	0.02	0.11	0.05	0.13	0.5	0.12	0	0.02	0	0.14	8.28	0.05	1.6	0.5	0.25	0.4	0.53	0.29	0.34	0.05	0.16	0.71	0.14	0.41	0.03	0.41	0.02	0.2	0.06	0.38	0.17	0.02	0.42	0.52	0.19	0.03	0.03	0.1	0.21	0.03	0.44	0.13	0.32	0.16	0.19	0.43	0.23	0.43	0.33	0.03	0.19	0.02	0.43	0.43	0.13	0	0.03	0.25	0.44	0.03	0.34	0.03	0.22	0.44	0.15	0.4	0.13	0.44	0.01	0.44	0.16	0.14	0.3	0.41	0.14	0.44	0.17	0.64	0.05	0.04	0.44	0.08	0.2	0.44	0.13	0.21	0.45	0.13	0.02	0.15	0.6	0.39	0.34	0.44	0.88	0.05	0.22	0.57
0.01	0.11	0.15	0.15	0.02	0.35	0.3	0.14	0.12	0.12	0	0.51	0.12	0.18	0.25	0.1	0.16	0.49	0.59	0.13	0.12	0.03	0.08	0.03	0.09	0.12	0.16	0.6	0.17	0.12	0.01	0.6	0.22	0.4	0.11	0.08	0.11	0.11	0.01	0.4	0.26	0.02	0.39	0.36	0.03	0.73	0.15	0.13	0.61	0.4	0.33	0.47	0.14	0.07	0.12	0.01	0.33	0.13	0.03	0.41	0.41	0.02	0.13	0.15	0.28	0.41	0.88	0.01	0.15	0.14	0.14	0.42	0.62	0.18	0.48	0.03	0.03	0.11	0.51	0.12	0.42	0.42	0.24	0.33	0.21	0.09	0.1	0.06	0.01	0.14	0.03	0.45	0.14	0.47	0.42	0.15	0.76	0.73	0.22
4.75	0.92	0.42	1.42	1.89	0.5	0.91	0.43	0.3	0.47	1.27	7.61	1.96	3.57	5.29	0.16	1.34	1.37	3.65	1.37	0.37	9.27	0.23	1.45	0.2	1.98	0.31	0.99	1.68	1.44	0.5	2.04	1.92	0.24	2.97	10	0.33	2.31	1.35	4.09	3.03	0.22	1.48	2.62	2.11	0.68	1.11	1.2	7.51	2.14	0.5	2.28	11.4	22.2	1.25	9.46	0.53	1.99	2.06	3.07	3.45	1.34	3.39	9.85	0.2	1.05	3.52	1.11	3.47	0.34	3.47	2.7	7.59	0.52	12	1.53	0.27	1.16	7.91	0.6	2.31	1.7	3.14	3.36	0.38	13.6	0.14	0.81	1.87	1.55	2.14	0.22	3.65	5.92	4.08	0.32	1.42	11	1.18
0.11	0.31	0.45	0.07	0.45	0.26	0.45	0.45	0.03	0.05	0.11	2.64	0	0.05	0.56	0.24	0.07	0.45	0.33	0.03	0.46	0.14	0.2	0.14	1.02	0.05	0.06	0.1	0.47	0.01	0.49	0.28	0.05	0.17	0.07	0.19	0.02	0.41	0.21	0.15	0.04	0.13	0.41	0.11	0.23	0.13	0.43	0.07	0.32	0.18	0.38	0.46	0.03	0.46	0.1	0.11	0.41	0.4	0.36	0.11	0.04	0.97	0.06	0.22	0.14	0.2	0.2	0.4	0.26	0.06	0.04	0.5	0.5	0.27	0.4	0.13	0.31	0.46	0.31	0.28	0.4	0.41	0.01	0.18	0.4	0.22	0.54	0.21	0.41	0.03	0.41	0.32	0	0.72	0.38	0.04	0.07	0.91	1.01
0.46	0.39	0.08	0.37	0.11	0.24	0.49	0.23	0.01	0.12	0.19	4.94	0.05	0	0.59	0.21	0.05	0.77	0.72	0.04	0.14	0.14	0.18	0.42	0.33	0.01	0.03	0.42	0.09	0.06	0.52	0.42	0.03	0.11	0.04	0.82	0.09	0.04	0.11	0.21	0.04	0.53	0.25	0.53	0.13	0.11	0.43	0.04	0.33	0.1	0.36	0.19	0.03	0.18	0.06	0.11	0.03	0.43	0.14	0.1	0.19	0.97	0.03	0.43	0.43	0.44	0.44	0.12	0.05	0.04	0.05	0.43	0.74	0.64	0.02	0.13	0.21	0.44	0.46	0.05	0.03	0.15	0.06	0.18	0.64	0.14	0.19	0.44	0.14	0.01	0.45	0.48	0.18	0.34	0.08	0.04	0.41	0.04	0.23
0.25	0.45	0.37	0.57	0.28	0.12	0.45	0.41	0.35	0.41	0.45	4.84	0.68	0.35	0	0.46	0.39	0.47	0.33	0.47	0.38	0.22	0.77	0.25	0.25	0.47	0.47	0.41	0.41	0.7	0.22	0.2	0.38	0.27	0.38	0.18	0.35	0.77	0.26	0.27	0.47	0.31	0.57	0.47	0.65	0.29	0.37	0.68	0.48	0.23	0.48	0.55	0.48	0.26	0.48	0.26	0.37	0.38	0.41	0.23	0.38	0.98	0.37	0.37	0.48	0.17	0.49	0.29	0.4	0.49	0.59	0.62	0.63	0.22	0.4	0.59	0.27	0.19	0.06	0.34	0.37	0.9	0.41	0.72	0.43	0.23	0.91	0.41	0.51	0.36	0.24	0.25	0.5	0.55	0.39	0.61	0.4	0.36	0.51
0.1	0.21	0.47	0.25	0.13	0.57	0.1	0.22	0.19	0.25	0.47	2.53	0.4	0.44	0.23	0	0.23	0.77	0.17	0.22	0.97	0.07	0.02	0.47	0.09	0.47	0.33	0.55	0.25	0.23	0.07	0.48	0.58	0.41	0.58	0.15	0.58	1.08	0.09	0.11	0.49	0.06	0.49	0.69	0.5	0.79	0.21	0.23	0.17	0.1	0.21	0.03	0.23	0.11	0.21	0.1	1.4	0.9	0.03	0.08	0.2	0.5	0.61	0.6	0.51	0.01	0.41	0.61	0.24	0.54	0.51	0.41	0.4	0.13	0.61	0.07	0.11	0.31	0.15	0.2	0.62	0.04	0.21	0.03	0.27	0.42	0.03	0.42	0.45	0.42	0.09	0.63	0.5	0.43	0.4	0.22	0.24	0.43	0.63
0.15	0.35	0.46	0.29	1.06	0.22	0.14	0.47	0.05	0.05	0.47	1.36	0.47	0.05	0.39	0.6	0	0.47	0.31	0.05	0.47	0.19	0.58	0.17	0.19	0.05	0.02	0.07	0.37	0.48	0.14	0.19	0.05	0.15	0.06	0.22	0.05	0.48	0.14	0.39	0.05	0.48	0.04	0.16	0.19	0.59	0.49	0.05	0.35	0.29	0.49	0.22	0.04	0.17	0.08	0.15	0.05	0.04	0.18	0.13	0.05	0.8	0.01	0.23	0.4	0.18	0.4	0.15	0.03	0.4	0.06	0.16	0.43	0.4	0.27	0.16	0.25	0.36	0.33	0.4	0.07	0.41	0.08	0.71	0.29	0.15	0.22	0.18	0.41	0.21	0.17	0.46	0.07	1.16	0.03	0.36	0.41	0.04	0.53
0.25	0.19	0.4	0.22	0.58	0.11	0.53	0.48	0.47	0.44	0.54	0.87	0.2	0.49	0.16	0.99	0.22	0.01	0.05	0.19	0.49	0.56	0.24	0.26	0.26	0.36	0.5	0.32	0.47	0.42	0.33	0.59	0.45	0.25	0.35	0.2	0.2	0.47	0.4	0.28	0.21	0.27	0.2	0.4	0.56	1	0.38	0.29	0.33	0.24	1.5	0.6	0.19	0.29	0.23	0.41	0.41	0.32	0.41	0.27	0.45	1.11	0.23	0.38	0.4	0.18	0.71	0.27	0.23	0.41	0.51	0.26	0.91	0.09	0.21	0.41	0.29	0.31	0.5	0.41	0.48	0.24	0.29	0.18	0.68	0.28	0.6	0.51	0.65	0.4	0.57	0.09	0.53	0.1	0.61	0.27	0.51	0.47	0
0.39	0.47	0.49	0.31	0.22	0.11	0.23	0.31	0.34	0.4	0.44	0.46	0.34	0.34	0.32	0.17	0.3	0.04	0	0.44	0.39	0.34	0.19	0.49	0.23	0.33	0.28	0.51	0.45	0.62	0.63	0.19	0.3	0.21	0.35	0.87	0.25	0.52	0.23	0.24	0.37	0.22	0.57	0.25	0.23	0.88	0.38	0.58	0.37	0.27	0.32	0.17	0.36	0.26	0.38	0.24	0.31	0.37	0.2	0.23	0.72	0.42	0.28	0.65	0.2	0.18	0.58	0.23	0.31	0.67	0.34	0.23	0.28	0.06	0.33	0.28	0.23	0.18	0.26	0.34	0.35	0.21	0.35	0.17	0.41	0.24	0.24	0.21	0.26	0.34	0.23	0.05	0.34	0.74	0.29	0.26	0.34	0.22	0.25
0.4	0.02	0.46	0.56	0.13	0.52	0.46	0.03	0.02	0.03	0.12	0.56	0.03	0.07	0.49	0.37	0.05	0.18	0.23	0	0.06	0.16	0.19	0.15	0.16	0.04	0.03	0.05	0.24	0.04	0.1	0.49	0.04	0.69	0.04	0.8	0.01	0.06	0.22	0.36	0.02	1	0.34	0.14	0.14	0.14	0.19	0.28	0.5	0.08	0.68	0.33	0.01	0.27	0.04	0.3	0.07	0.02	0.4	0.1	0.03	0.5	0.41	0.41	0.17	0.15	0.05	0.41	0.41	0.41	0.41	0.15	0.41	0.61	0.03	0.41	0.22	0.41	0.32	0.41	0.04	0.41	0.38	0.2	0.41	0.13	0.26	0.44	0.09	0.03	0.41	0.31	0.71	0.64	0.05	0.15	0.05	0.61	0.41
0.12	0.05	0.43	0.36	0.53	0.3	0.44	0.05	0.06	0.05	0.12	1.88	0.47	0.06	0.97	0.47	0.08	0.47	0.37	0.06	0	0.17	0.18	0.15	0.77	0.47	0.26	0.06	0.18	0.3	0.47	0.43	0.06	0.47	0.01	0.58	0.06	0.06	0.47	0.18	0.06	0.15	0.06	0.12	0.25	0.47	0.28	0.06	0.37	0.42	0.48	0.3	0.05	0.17	0.1	0.26	0.14	0.06	0.98	0.15	0.07	0.36	0.06	0.27	0.48	0.19	0.08	0.12	0.4	0.06	0.06	0.48	0.15	0.99	0.06	0.15	0.18	0.2	0.99	0.08	0.06	0.17	0.28	0.44	0.59	0.2	0.18	0.41	0.49	0.06	0.49	0.5	0.09	0.39	0.17	0.06	0.5	0.4	0.73
0.07	0.29	0.48	0.17	0.09	0.63	0.03	0.48	0.14	0.17	0.03	0.37	0.51	0.14	0.43	0.07	0.53	0.25	0.21	0.43	0.45	0	0.47	0.04	0.43	0.16	0.19	0.17	0.19	0.43	1.22	0.07	0.63	0.09	0.17	0.63	0.14	0.43	0.43	0.03	0.15	0.06	0.16	0.06	0.05	0.1	0.46	0.43	0.23	0.03	0.17	0.32	0.53	0.43	0.32	0.05	0.25	0.15	0.94	0.04	0.16	0.29	0.15	0.16	0.03	0.05	0.43	0.31	0.56	0.47	0.17	0.05	0.43	0.2	0.15	0.43	0.43	0.06	0.48	0.15	0.16	0.02	0.16	0.08	0.54	0.04	0.31	0.11	0.12	0.54	0.04	0.19	0.15	0.23	0.28	0.44	0.41	0.53	0.52
0.4	0.61	0.19	0.4	0.14	0.51	0.08	0.59	0.18	1.35	0.07	2.96	0.21	0.4	0.17	0.41	0.4	0.24	0.41	0.19	0.2	0.41	0	0.09	0.09	0.18	0.41	0.21	0.26	0.27	0.08	0.42	0.2	0.13	0.17	0.42	0.2	0.42	0.11	0.42	0.2	0.42	0.21	0.11	0.43	0.42	0.53	0.22	0.18	0.05	0.93	0.15	0.22	0.12	0.43	0.09	0.42	0.21	0.05	0.14	0.44	0.1	0.74	0.44	0.05	0.74	0.21	0.94	0.22	0.2	0.21	0.39	0.44	0.44	0.19	0.08	0.06	0.05	0.42	0.2	0.45	0.08	0.22	0.04	0.95	0.75	0.04	0.11	0.46	0.18	0.09	0.96	0.21	0.46	0.22	0.21	0.21	0.47	0.21
0.41	0.15	0.2	0.16	0.01	0.62	0.42	0.53	0.14	0.41	0.03	1.43	0.13	0.42	0.57	0.2	0.24	0.25	0.5	0.46	0.15	0.04	0.09	0	0.41	0.42	0.15	0.18	0.21	0.43	0.04	0.14	0.16	0.01	0.14	0.09	0.53	0.15	0.03	0.09	0.43	0.04	0.14	0.43	0.03	0.43	0.15	0.74	0.21	0.04	0.15	0.09	0.15	0.08	0.45	0.03	0.17	0.14	0.12	0.04	0.45	0.34	0.15	0.16	0.04	0.45	0.18	0.03	0.18	0.39	0.54	0.01	0.01	0.46	0.29	0.05	0.46	0.13	0.46	0.14	0.16	0.66	0.14	0.08	0.38	0.05	0.46	0.4	0.12	0.46	0.2	0.18	0.46	0.37	0.16	0.15	0.36	0.57	0.4
0.03	0.15	0.18	0.16	0.02	0.49	0.03	0.16	0.49	0.14	0.03	9.79	0.14	0.32	0.25	0.09	0.51	0.24	0.23	0.41	0.15	0.04	0.09	0.41	0	0.14	0.51	0.71	0.2	0.29	0.03	0.91	0.16	0.01	0.16	0.07	0.13	0.14	0.03	0.42	0.16	0.25	0.45	0.05	0.05	0.24	0.14	0.92	0.21	0.06	0.51	0.09	0.15	0.42	0.24	0.03	0.14	0.34	0.05	0.43	0.43	0.17	0.15	0.14	0.04	0.07	0.31	0.18	0.43	0.15	0.17	0.03	0.26	0.19	0.14	0.05	0.09	0.06	0.94	0.52	0.14	0.44	0.15	0.16	0.37	0.05	0.07	0.44	0.04	0.26	0.14	0.67	0.14	0.23	0.45	0.39	0.17	0.64	0.44
0.1	0.45	0.06	0.08	0.13	0.24	0.47	0.41	0.01	0.03	0.11	0.29	0.05	0.01	0.36	0.21	0.05	0.43	0.34	0.04	0.05	0.13	0.63	0.14	0.43	0	0.04	0.05	0.21	0.06	0.11	0.16	0.43	0.12	0.04	0.2	0.39	0.43	0.11	0.22	0.04	0.13	0.03	0.43	0.51	0.3	0.22	0.03	0.32	0.38	0.04	0.17	0.03	0.15	0.05	0.1	0.03	0.44	0.48	0.44	0.02	1.01	0.04	0.22	0.15	0.15	0.54	0.1	0.05	0.11	0.44	0.14	0.14	0.64	0.02	0.14	0.44	0.17	0.39	0.05	0.03	0.14	0.05	0.18	0.54	0.12	0.2	0.55	0.55	0.17	0.29	0.45	0.05	0.45	0.08	0	0.45	0	0.21
0.44	1.04	0.12	0.02	0.14	0.2	0.5	0.04	0.03	0.36	0.16	0.89	0.06	0.35	0.87	1.27	0.02	0.58	0.62	0.03	0.06	0.47	0.55	0.51	0.15	0.04	0	0.48	0.21	0.43	0.13	0.18	0.04	0.15	0.05	0.58	0.03	0.19	0.37	0.22	0.03	0.15	0.03	0.18	0.16	0.31	0.48	0.04	0.53	0.1	0.04	0.48	0.02	0.16	0.06	0.12	0.13	0.03	0.4	0.47	0.04	0.12	0	0.52	0.45	0.17	0.03	0.13	0.03	0.05	0.04	0.16	0.15	0.3	0.25	0.15	0.4	0.31	0.33	0.06	0.4	0.4	0.06	0.21	0.28	0.14	0.4	0.18	0.13	0.04	0.4	0.36	0.06	0.35	0.6	0.51	0.13	0.17	0.24
0.56	0.04	0.36	0.07	0.15	0.41	0.15	0.02	0.4	0.02	0.14	2.89	0.07	0.05	0.43	0.25	0.07	0.23	0.33	0.05	0.11	0.18	0.54	0.44	0.16	0.05	0.05	0	0.12	0.08	0.94	0.18	0.02	0.54	0.05	0.44	0.05	0.42	0.14	0.45	0.05	0.16	0.04	0.45	0.16	0.49	0.24	0.03	0.45	0.22	0.06	0.21	0.04	0.19	0.08	0.45	0.02	0.05	0.53	0.45	0.06	0.15	0.05	0.45	0.17	0.45	0.38	0.19	0.45	0.02	0.06	0.16	0.17	0.3	0.1	0.38	0.46	0.36	0.34	0.46	0.35	0.26	0.08	0.56	0.43	0.15	0.4	0.17	0.56	0.05	0.17	0.44	0.07	0.37	0.07	0.04	0.07	0.05	0.47
0.48	0.1	0.48	0.49	0.58	0.58	0.48	0.1	0.09	0.1	0.17	4.25	0.22	0.43	0.69	0.63	0.24	0.5	0.93	0.46	0.23	0.19	0.23	0.58	0.53	0.08	0.11	0.12	0	0.14	0.2	0.21	0.33	0.21	0.12	0.25	0.09	0.09	0.17	0.23	0.1	0.47	0.43	0.43	0.27	0.73	0.39	0.1	0.4	0.43	0.1	0.27	0.09	0.22	0.13	0.43	0.23	0.09	0.46	0.43	0.11	0.3	0.48	0.32	0.44	0.24	0.74	0.19	0.13	0.11	0.1	0.44	0.18	0.62	0.1	0.54	0.32	0.23	0.39	0.44	0.13	0.55	0.48	0.25	0.94	0.18	0.64	0.53	0.34	0.09	0.27	0.62	0.13	0.39	0.13	0.45	0.13	0.16	0.42
0.44	0.44	0.19	0.08	0.14	0.27	0.13	0.15	0.04	0.13	0.13	13.5	0.02	0.45	0.37	0.22	0.45	0.65	0.34	0.04	0.45	0.16	0.32	0.14	0.15	0.45	0.07	0.08	0.36	0	0.45	0.16	0.06	0.13	0.43	0.19	0.03	0.04	0.12	0.16	0.05	0.15	0.46	0.12	0.15	0.14	0.23	0.06	1.07	0.18	0.94	0.97	0.04	0.17	0	0.38	0.06	0.05	0.17	0.13	0.05	0.46	0.07	0.23	0.15	0.19	0.08	0.13	0.08	0.07	0.05	0.15	0.14	0.28	0.04	0.14	0.16	0.2	0.49	0.01	0.35	0.17	0.01	0.49	0.29	1.49	0.2	0.19	0.12	0.04	0.49	0.31	0.01	0.34	0.08	0.34	0.08	0.06	0.3
0.02	0.42	0.14	0.28	0.42	0.31	0.27	0.4	0.43	0.49	0.01	0.77	0.11	0.5	0.22	0.46	0.14	0.27	2.01	0.11	0.12	0.04	0.08	0.04	0.34	0.12	0.4	0.2	0.17	0.12	0	0.44	0.41	0.09	0.12	0.41	0.33	0.51	0.01	0.41	0.25	0.03	0.51	0.01	0.04	0.1	0.28	0.11	0.22	0.01	0.49	0.08	0.48	0.06	0.11	0.01	0.11	0.1	0.04	0.07	0.11	0.48	0.14	0.47	0.05	0.47	0.13	0.19	0.13	0.47	0.11	0.04	0.1	0.18	0.09	0.03	0.04	0.39	0.47	0.11	0.11	0.03	0.12	0.08	0.21	0.03	0.48	0.08	0	0.11	0.03	0.48	0.48	0.33	0.13	0.68	0.13	0.44	0.23
0.04	0.15	0.23	0.21	0.1	0.25	0.04	0.18	0.49	0.17	0.03	1.2	0.15	0.39	0.69	0.08	0.49	0.25	0.21	0.17	0.6	0.1	0.05	0.05	0.05	0.14	0.16	0.37	0.22	0.16	0.04	0	0.16	0.37	0.47	0.41	0.17	0.16	0.05	0.91	0.41	0.1	0.16	0.07	0.32	0.26	0.17	0.23	0.44	0.05	0.18	0.44	0.17	0.07	0.17	0.05	0.5	0.17	0.55	0.05	0.15	0.22	0.45	0.17	0.22	0.02	0.17	0.43	0.46	0.17	0.18	0.05	0.1	0.46	0.17	0.09	0.04	0.03	0.17	0.16	0.16	0.03	0.77	0.03	0.47	0.47	0.13	0.09	0.04	0.16	0.05	0.14	0.32	0.18	0.48	0.15	0.48	0.15	0.17
0.14	0.92	0.11	0.05	0.15	0.6	0.12	0.01	0.02	0.13	0.15	0.68	0.05	0.19	0.38	0.48	0.05	0.21	0.32	0.45	0.98	0.17	0.6	0.16	0.15	0.03	0.24	0.02	0.28	0.06	1.49	0.25	0	0.15	0.1	0.79	0.03	0.34	0.5	0.21	0.03	0.15	0.3	0.15	0.16	0.16	0.22	0.33	0.37	0.13	0.36	0.81	0.02	0.19	0.32	0.12	0.02	0.03	0.27	0.11	0.04	0.37	0.04	0.22	0.18	0.49	0.05	0.27	0.06	0	0.04	0.14	0.5	0.3	0.4	0.14	0.23	0.19	0.32	0.05	0.05	0.16	0.06	0.58	0.64	0.14	0.19	0.51	0.11	0.03	0.25	0.72	0.39	0.34	0.05	0.23	0.4	0.03	0.71
0.02	0.15	0.16	0.15	0.01	0.29	0.47	0.4	0.11	0.14	0.04	2.34	0.45	0.82	0.27	0.13	0.15	0.31	0.45	0.49	0.15	0.46	0.13	0.01	0.01	0.11	0.15	0.16	0.19	0.19	0.45	0.45	0.13	0	0.12	0.06	0.12	0.15	0.02	0.09	0.45	0.45	0.14	0.04	0.32	0	0.13	0.15	0.26	0.02	0.47	0.13	0.12	0.31	0.13	0.02	0.49	0.13	0.36	0.07	0.5	0.46	0.34	0.13	0.06	0.46	0.15	0.02	0.15	0.17	0.13	0.17	0.17	0.46	0.12	0.09	0.09	0.05	0.62	0.26	0.13	0.09	0.13	0.44	0.19	0.13	0.1	0.03	0.09	0.13	0.01	0.17	0.12	0.29	0.48	0.13	0.41	0.23	0.48
0.1	0.04	0.45	0.43	0.13	0.45	0.91	0.05	0.06	0.05	0.11	4.04	0.07	0.04	0.34	0.41	0.06	0.35	0.58	0.51	0.01	0.16	0.17	0.54	0.14	0.04	0.41	0.17	0.12	0.08	0.18	0.15	0.14	0.12	0	0.17	0.04	0.4	0.26	0.25	0.04	0.13	0.4	0.4	0.54	0.63	0.6	0.05	0.33	0.13	0.04	0.5	0.03	0.17	0.33	0.13	0.05	0.04	0.31	0.12	0.17	0.69	0.05	0.24	0.15	0.18	0.07	0.11	0.06	0.06	0.04	0.37	0.14	0.59	0.05	0.19	0.17	0.18	0.42	0.99	0.05	0.15	0.16	0.18	0.22	0.49	0.49	0.29	0.51	0.06	0.48	0.27	0.46	0.32	0.07	0.36	0.26	0.05	0.47
0.07	0.2	0.21	0.21	0.12	0.23	0.09	0.2	0.18	0.2	0.4	1.95	0.92	0.42	0.18	0.02	0.41	0.2	0.17	0.51	0.42	0.07	0.04	0.09	0.07	0.42	0.19	0.33	0.42	0.19	0.08	0.42	0.19	0.39	0.17	0	0.18	0.59	0.08	0.09	0.39	0.35	0.2	0.62	0.46	0.42	0.36	0.21	0.15	0.07	0.43	0.18	0.19	0.1	0.42	0.22	0.2	0.2	0.92	0.25	0.51	0.08	0.43	0.19	0.43	0.02	0.22	0.19	0.43	0.21	0.24	0.2	0.31	0.43	0.4	0.1	0.09	0.01	0.13	0.77	0.2	0.2	0.19	0	0.46	0.23	0.01	0.56	0.08	0.54	0.08	0.38	0.29	0.46	0.39	0.46	0.34	0.46	1.86
0.2	0.02	0.08	0.22	0.41	0.24	0.31	0.03	0.02	0.04	0.46	8.71	0.02	0.29	0.35	0.51	0.11	0.49	0.23	0.01	0.06	0.4	0.25	0.14	0.16	0.03	0.41	0.05	0.09	0.03	0.49	0.49	0.99	0.48	0.04	0.2	0	0.01	0.09	0.48	0.1	0.34	0.02	0.25	0.14	0.16	0.48	0.04	0.49	0.08	0.01	0.98	0.01	0.14	0.05	0.48	0.4	0.02	0.14	0.08	0.02	0.73	0.04	0.2	0.15	0.14	0.04	0.34	0.05	0.04	0.36	0.48	0.48	0.29	0.01	0.11	0.2	0.32	0.48	0.16	0.03	0.13	0.3	0.19	0.58	0.11	0.49	0.17	0.08	0.02	0.2	0.3	0.03	0.58	0.13	0.48	0.04	0.02	0.42
0.49	0.27	0.08	0.4	0.14	0.4	0.51	0.41	0.4	0.41	0.41	2.88	0.47	0.29	0.97	1.18	0.04	0.18	0.48	0	0.06	0.48	0.2	1.48	0.15	0.04	0.05	2.19	0.48	0.04	0.1	0.48	0.05	0.49	0.04	0.19	0.01	0	0.09	0.49	0.02	0.11	0.02	0.5	0.53	0.29	1	0.04	1	0.08	0.01	0.99	0.01	0.19	0.04	0.23	0.03	0.01	0.29	0.1	0.02	0.69	0.03	0.49	0.27	0.15	0.04	0.48	0.05	0.04	0.01	0.49	0.98	0.54	0.02	0.48	0.56	0.17	0.48	0.03	0.04	0.15	0.58	0.19	0.99	0.48	0.57	0.49	0.1	0.02	0.16	0.98	0.29	0.48	0.04	0.48	0.04	0.24	0.6
0.01	0.11	0.15	0.15	0.46	0.29	0.22	0.11	0.1	0.14	0.39	1.53	0.42	0.37	0.52	0.09	0.52	0.26	0.62	0.09	0.13	0.04	0.29	0.03	0.42	0.2	0.52	0.13	0.56	0.13	0.41	0.05	0.21	0.3	0.11	0.92	0.08	0.68	0	0.08	0.1	0.28	0.1	0.52	0.04	0.41	0.15	0.89	0.22	0.28	0.91	0.09	0.09	0.15	0.11	0	0.11	0.42	0.42	0	0.09	0.01	0.13	0.15	0.04	0.42	0.14	0.01	0.13	0.13	0.53	0.43	0.1	0.18	0.24	0.35	0.05	0.08	0.46	0.1	0.45	0.04	0.12	0.45	0.17	0.03	0.36	0.05	0.01	0.11	0.03	0.46	0.11	0.22	0.19	0.11	0.48	0.11	0.27
0.1	0.46	0.2	0.25	0.48	0.32	0.48	0.89	0.21	0.21	0.13	2.2	0.15	0.19	0.55	0.52	0.54	0.29	0.23	0.38	0.28	0.03	0.14	0.09	0.43	0.22	0.43	0.25	0.3	0.16	0.04	0.43	0.21	0.53	0.16	0.21	0.2	0.23	0.94	0	0.24	0.03	0.45	0.12	0.1	0.09	0.23	0.23	0.46	0.04	0.29	0.05	0.22	0.06	0.47	0.05	0.21	0.22	0.04	0.04	0.23	0.57	0.22	0.21	0.01	0.05	0.23	0.1	0.24	0.23	0.48	0.36	0.17	0.2	0.47	0.48	0	0.08	0.22	0.15	0.49	0	0.16	0.2	0.57	0.04	0.4	0.06	0.04	0.21	0.09	0.21	0.15	0.54	0.25	0.21	0.23	0.41	0.27
0.13	0.02	0.09	0.33	0.15	0.23	0.12	0.03	0.03	1.57	0.13	2.03	0.04	0.33	1.03	0.21	0.05	0.2	3.24	0.02	0.07	0.53	0.2	0.14	0.16	0.04	0.43	0.39	0.1	0.05	0.4	0.75	0.03	0.43	0.04	0.2	0.02	0.02	0.1	0.44	0	0.12	0.01	0.52	0.4	0.13	0.55	0.26	0.33	0.54	0.02	0.18	0.01	0.44	0.05	0.1	0.2	0.01	0.17	0.15	0.04	0.12	0.04	0.44	0.15	0.44	0.04	0.28	0.44	0.04	0.03	0.16	0.44	0.27	0.03	0.11	0.21	0.18	0.32	0.04	0.32	0.15	0.05	0.55	0.65	0.12	0.21	0.18	0.46	0.03	0.15	0.3	0.1	1.04	0.05	0.05	0.04	0.03	0.19
0.03	0.31	0.28	0.45	0.09	0.3	0.36	0.12	0.45	0.11	0.02	0.95	0.45	0.45	0.22	0.06	0.15	0.25	0.45	0.7	0.14	0.03	0.08	0.04	0.76	0.28	0.14	0.15	0.16	0.22	0.03	0.08	0.12	0.08	0.13	0.43	0.49	0.9	0.03	0.1	0.11	0	0.11	0.43	0.4	0.08	0.2	0.12	0.23	0.01	0.49	0.45	0.13	0.22	0.5	0.04	0.13	0.36	0.66	0.04	0.12	0.46	0.15	0.18	0.42	0.08	0.16	0.04	0.16	0.34	0.46	0.06	0.08	0.18	0.42	0.02	0.05	0.08	0.23	0.43	0.31	0.02	0.12	0.46	0.29	0.02	0.11	0.08	0.04	0.1	0.03	0.45	0.49	0.55	0.46	0.46	0.15	0.24	0.36
0.42	0.02	0.17	0.15	0.38	0.42	0.12	0.03	0.02	0.02	0.12	9.46	0.26	0.04	0.67	0.21	0.04	0.19	0.22	0.04	0.06	0.47	0.29	0.47	0.14	0.03	0.03	0.48	0.37	0.07	0.11	0.17	0.03	0.48	0.1	0.18	0.02	0.02	0.11	0.48	0.01	0.13	0	0.12	0.79	0.35	0.48	0.33	0.39	0.1	0.69	0.3	0	0.48	0.05	0.17	0.02	0.01	0.15	0.1	0.03	0.11	0.03	0.38	0.49	0.17	0.09	0.14	0.05	0.04	0.03	0.14	0.13	0.29	0.03	0.12	0.49	0.19	0.31	0.04	0.04	0.14	0.05	0.2	0.49	0.12	0.19	0.17	0.1	0.34	0.13	0.31	0.04	0.6	0.04	0.02	0.04	0.31	0.57
0.03	0.15	0.65	0.25	0.45	0.34	0.04	0.17	0.45	0.14	0.03	1.91	0.1	0.48	0.48	0.48	0.17	0.27	0.25	0.13	0.13	0.46	0.11	0.05	0.05	0.16	0.18	0.42	0.49	0.13	0.32	0.07	0.49	0.04	0.11	0.1	0.12	0.34	0	0.23	0.14	0.06	0.49	0	0.06	0.04	0.17	0.48	0.25	0.02	0.14	0.12	0.4	0.06	0.33	0	0.14	0.4	0.4	0.01	0.13	0	0.17	0.17	0.14	0.07	0.18	0.03	0.41	0.18	0.41	0.06	0.37	0.2	0.12	0.04	0.12	0.14	0.22	0.11	0.16	0.06	0.11	0.38	0.23	0.33	0.1	0.41	0.01	0.13	0.05	0.59	0.11	0.42	0.26	0.41	0.15	0.42	0.27
0.41	0.13	0.41	0.18	0.53	0.92	0.41	0.47	0.41	0.21	1.41	11.4	0.48	0.48	0.25	0.09	0.19	0.98	0.23	0.46	0.46	0.05	0.1	0.01	0.03	0.47	0.46	0.16	0.46	0.43	0.04	0.46	0.46	0.01	0.53	0.46	0.15	0.14	0.04	0.1	0.55	0.04	0.67	0.06	0	0.47	0.47	0.97	0.46	0.04	0.46	0.1	0.17	0.47	0.47	0.04	0.96	0.46	0.06	0.05	0.15	0.04	0.15	0.15	0.05	0.46	0.16	0.46	0.45	0.55	0.16	0.45	0.02	0.19	0.95	0.05	0.1	0.14	0.46	0.46	0.46	0.06	0.15	0.46	0.97	0.05	0.44	0.04	0.04	0.13	0.01	0.19	0.46	0.57	0.46	0.14	0.45	0.96	0.68
0.4	0.47	0.47	0.15	0.28	0.48	0.02	0.16	0.48	0.13	0.02	7.91	0.13	0.48	0.32	0.42	0.17	0.85	0.25	0.72	0.16	0.1	0.42	0.01	0.42	0.42	0.18	0.42	0.18	0.35	0.42	0.4	0.15	0.02	0.54	0.44	0.44	0.26	1.04	0.54	0.43	0.34	0.14	0.43	0.44	0	0.46	0.19	0.2	0.03	0.95	0.16	0.44	0.09	0.44	0.02	0.13	0.54	0.09	0.1	0.44	0.02	0.14	0.44	0.09	0.44	0.18	0.34	0.15	0.44	0.94	0.01	0.43	0.18	0.12	0.43	0.43	0.43	0.43	0.43	0.14	0.24	0.53	0.43	0.15	0.43	0.27	0.09	0.09	0.53	0.01	0.42	0.42	0.64	0.73	0.42	0.24	0.42	0.55
0.15	0.45	0.45	0.86	0.45	0.42	0.15	0.22	0.45	0.22	0.15	7.29	0.22	0.61	0.41	0.41	0.23	0.41	0.35	0.46	0.28	0.34	0.41	0.15	0.91	0.22	0.41	0.23	0.6	0.62	0.15	0.17	0.22	0.82	0.27	0.41	0.41	0.19	0.15	0.52	0.41	0.22	0.2	0.23	0.43	0.15	0	0.52	0.33	0.18	0.53	0.42	0.42	0.2	0.42	0.15	0.54	0.2	0.45	0.92	0.21	0.16	0.42	0.01	0.42	0.2	0.23	0.15	0.23	0.23	0.43	0.14	0.43	0.36	0.48	0.22	0.94	0.45	0.31	0.48	0.44	0.21	0.22	0.2	0.07	0.44	0.19	0.17	0.16	0.21	0.45	0.3	0.95	0.6	0.23	0.21	0.48	0.55	1.36
0.13	0.02	0.26	0.06	0.14	0.24	0.14	0.21	0.02	0.08	0.48	4.08	0.05	0.03	0.39	0.47	0.4	0.21	0.67	0.23	0.1	0.48	0.21	0.32	0.16	0.03	0.04	0.24	0.1	0.47	0.11	0.16	0.01	0.15	0.05	0.3	0.04	0.49	0.25	0.25	0.08	0.13	0.04	0.15	0.2	0.3	0.24	0.41	0.58	0.5	0.91	0.21	0.15	0.17	0.13	0.12	0.11	0.41	1.03	0.14	0.04	0.65	0.04	0.23	0.42	0.16	0.05	0.15	0.42	0.02	0.43	0.18	0.27	0.28	0.43	0.29	0.23	0.44	0.32	0.94	0.17	0.16	0.06	0.19	0.28	0.45	0.21	1.45	0.11	0.03	0.16	0.31	0.06	0.46	0.06	0.59	0.05	0.03	0.46
0.22	0.33	0.4	0.69	0.2	0.9	0.4	0.5	0.56	0.45	0.42	0.01	0.98	0.33	0.51	0.48	0.37	0.66	0.32	0.34	0.37	0.48	0.28	0.21	0.21	0.34	0.48	0.38	0.38	0.34	0.48	0.17	0.33	0.58	0.45	0.15	0.48	0.68	0.22	0.24	0.73	0.23	0.33	0.24	0.54	0.58	0.33	0.39	0	0.56	0.6	0.18	0.49	0.25	0.63	0.22	0.34	0.41	0.23	0.23	0.33	0.59	0.35	0.33	0.2	0.15	0.73	0.43	0.37	0.34	0.35	0.3	0.43	0.25	0.61	0.24	0.23	0.32	0.02	0.33	0.35	0.22	0.47	0.72	0.39	0.44	0.15	0.18	0.47	0.33	0.21	0.26	0.33	0.47	1.17	0.33	0.97	0.47	0.59
0.12	0.45	0.14	0.18	0.45	0.29	0.02	0.48	0.45	0.45	0.02	1.58	0.46	0.1	0.52	0.1	0.12	0.56	0.23	0.48	0.47	0.03	0.47	0.04	0.04	0.09	0.1	0.22	0.47	0.87	0.05	0.05	0.11	0.02	0.13	0.07	0.09	0.08	0.63	0.04	0.1	0.01	0.48	0.02	0.04	0.48	0.32	0.48	0.22	0	0.09	0.07	0.48	0.05	0.47	0.01	0.11	0.48	0.05	0.01	0.11	0.48	0.32	0.18	0.04	0.31	0.49	0.02	0.13	0.12	0.49	0.04	0.06	0.49	0.1	0.49	0.04	0.08	0.21	0.18	0.3	0.1	0.19	0.07	0.14	0.01	0.07	0.08	0	0.29	0.4	0.2	0.5	0.22	0.13	0.09	0.18	0.12	0.56
0.1	0.02	0.57	0.53	0.47	0.46	0.46	0.04	0.02	0.04	0.38	8.04	0.03	0.04	0.37	0.45	0.05	0.45	1.68	0.02	0.45	0.14	0.2	0.95	0.13	0.44	0.04	0.05	1.11	0.18	0.1	0.16	0.04	0.43	0.04	0.44	0.02	0.41	0.08	0.42	0.16	0.12	0.05	0.42	1.34	0.45	0.41	0.04	0.51	0.48	0.02	0.65	0.01	0.45	0.03	0.1	0.04	0.92	0.33	0.4	0.43	0.5	0.04	0.44	0.47	0.42	0.41	0.43	0.26	0.04	0.92	0.48	0.13	0.45	0.41	0.41	0.41	0.4	0.33	0.05	0.04	0.15	0.05	0.48	0.46	0.13	0.48	0.5	0.09	0.02	0.49	0.49	0.03	1.48	0.05	0.02	0.05	0.03	0.47
0.08	0.49	0.23	0.24	0.11	0.39	0.09	0.49	0.22	0.5	0.07	1.78	0.2	0.18	0.18	0.03	0.21	0.37	0.42	0.57	0.82	0.07	0.03	0.43	0.42	0.18	0.2	0.22	0.24	0.22	0.53	1.13	0.19	0.43	0.2	0.04	0.44	0.18	0.42	0.4	0.18	0.08	0.44	0.11	0.74	0.13	0.21	0.22	0.73	0.07	0.2	0	0.17	0.12	0.21	1.15	0.19	0.19	0.03	0.09	0.18	0.45	0.21	0.2	0.05	0.03	0.22	0.08	0.55	0.38	0.19	0.09	0.45	0.14	0.18	0.09	0.05	0.05	0.16	0.46	0.21	0.4	0.22	0.04	0.65	0.45	0.04	0.45	0.08	0.22	0.45	0.37	0.21	0.18	0.27	0.52	0.24	0.2	0.19
0.44	0.01	0.09	0.28	0.15	0.29	0.39	0.02	0.16	0.44	0.44	3.86	0.03	0.11	0.6	0.2	0.04	0.45	0.36	0.01	0.5	0.15	0.2	0.13	0.14	0.42	0.02	0.04	0.39	0.04	0.1	0.16	0.03	0.14	0.03	0.21	0.36	0.01	0.1	0.22	0.01	0.42	0	0.13	0.46	0.12	0.19	0.03	1.2	0.19	0.61	0.17	0	0.21	0.04	0.81	0.02	0.01	0.57	0.12	0.03	0.37	0.06	0.2	0.15	0.41	0.03	0.11	0.04	0.03	0.02	0.14	0.14	0.26	0.42	0.24	0.22	0.46	0.47	0.03	0.04	0.16	0.17	0.59	0.25	0.23	0.42	0.62	0.11	0.16	0.14	0.37	0.04	0.33	0.39	0.35	0.04	0.01	0.21
0.23	0.17	0.22	0.23	0.09	0.42	0.06	0.19	0.31	0.44	0.07	1.21	0.17	0.16	0.51	0.38	0.17	0.28	0.23	0.45	0.36	0.39	0.36	0.23	0.38	0.45	0.19	0.19	0.23	0.17	0.06	0.07	0.16	0.07	0.15	0.46	0.59	0.33	0.06	0.15	0.18	0.4	0.17	0.41	0.08	0.13	0.17	0.18	0.28	0.27	0.33	0.11	0.45	0	0.19	0.08	0.19	0.16	0.26	0.06	0.8	0.29	0.19	0.49	0.07	0.11	0.21	0.06	0.41	0.17	0.45	0.07	0.07	0.26	0.18	0.09	0.06	0.43	0.47	0.17	0.34	0.06	0.19	0.09	0.19	0.07	0.09	0.08	0.43	0.16	0.08	0.58	0.17	0.49	0.26	0.16	0.39	0.2	0.5
0.12	0.05	0.48	0.08	0.13	0.34	0.12	0.06	0.04	0.06	0.12	1.84	0.01	0.06	0.35	0.21	0.08	0.49	0.34	0.43	0.1	0.15	0.21	0.14	0.44	0.38	0.06	0.08	0.33	0	0.44	0.16	0.06	0.13	0.44	0.54	0.03	0.44	0.12	0.16	0.05	0.13	0.05	0.12	0.14	0.3	0.22	0.08	0.33	0.18	0.03	0.54	0.44	0.17	0	0.12	0.06	0.75	0.16	0.64	0.05	0.41	0.44	0.22	0.15	0.18	0.07	0.12	0.08	0.07	0.29	0.84	0.13	0.44	0.04	0.14	0.16	0.18	0.31	0.01	0.03	0.16	0.78	0.18	0.28	0.14	0.19	0.19	0.12	0.04	0.45	0.33	0.01	0.55	0.08	0.95	0.16	0.05	0.3
0.19	0.11	0.48	0.13	0.23	0.31	0.01	0.14	0.1	0.15	0.01	1.36	0.11	0.13	0.36	0.1	0.14	0.73	0.43	0.1	0.13	0.05	0.3	0.43	0.04	0.29	0.12	0.15	0.44	0.12	0.01	0.42	0.11	0.83	0.13	0.08	0.24	0.44	0	0.05	0.37	0.04	0.1	0	0.04	0.45	0.53	0.14	0.47	0.01	0.45	0.09	0.1	0.08	0.45	0	0.13	0.48	0.05	0.01	0.11	0.01	0.16	0.15	0.45	0.08	0.14	0.02	0.14	0.45	0.11	0.04	0.02	0.45	0.1	0.03	0.05	0.45	0.41	0.45	0.13	0.04	0.12	0.08	0.21	0.18	0.45	0.08	0.01	0.09	0.2	0.52	0.45	0.24	0.45	1.15	0.3	0.47	0.26
0.19	0.3	0.48	0.05	0.13	0.57	0.13	0	0.02	0.49	0.13	3.33	0.08	0.03	0.38	0.22	0.42	0.62	0.29	0.42	0.05	0.15	0.62	0.14	0.14	0.03	0.03	0.02	0.1	0.4	0.11	0.46	0.07	0.14	0.05	0.2	0.03	0.45	1.52	0.35	0.03	0.43	0.03	0.64	0.16	0.37	0.22	0.01	0.34	0.11	0.03	0.2	0.02	0.16	0.06	0.12	0	0.03	0.17	0.47	0.03	0.97	0.03	0.67	0.5	0.43	0.44	0.12	0.05	0.01	0.04	0.16	0.18	0.28	0.03	0.15	0.21	0.48	0.55	0.05	0.05	0.15	0.41	0.2	0.44	0.13	0.21	0.61	0.23	0.03	0.14	0.3	0.05	0.48	0.05	0.02	0.05	0.48	0.2
0.29	0.02	0.46	0.04	0.46	0.23	0.12	0.03	0.03	1.06	0.13	4.62	0.04	0.41	0.41	0.21	0.04	0.46	0.26	0.41	0.06	0.15	0.19	0.17	0.41	0.24	0.08	0.41	0.09	0.05	0.41	0.17	0.41	0.41	0.04	0.34	0.01	0.36	0.09	0.24	0.01	0.41	0.01	0.15	0.16	0.18	0.41	0.03	0.34	0.15	0.91	0.18	0.01	0.17	0.05	0.11	0.11	0	0.41	0.41	0.21	0.38	0.03	0.91	0.26	0.15	0.04	0.11	0.05	0.04	0.17	0.14	0.14	0.27	0.13	0.11	0.22	0.19	0.31	0.04	0.04	0.28	0.42	0.29	0.26	0.42	0.42	0.25	0.11	0.03	0.14	0.42	0.04	0.34	0.42	0.02	0.41	0.04	0.2
0.04	0.26	0.23	0.44	0.1	0.53	0.04	0.16	0.44	0.44	0.03	1.97	0.15	0.14	0.18	0.34	0.19	0.24	0.19	0.46	0.15	0.04	0.06	0.05	0.2	0.14	0.46	0.19	0.5	0.17	0.04	0	0.17	0.46	0.15	0.03	0.14	0.32	0.05	0.04	0.17	0.07	0.17	0.07	0.06	0.09	0.47	0.16	0.58	0.33	0.16	0.03	0.15	0.22	0.98	0.38	0.17	0.15	0	0.05	0.14	0.06	0.18	0.17	0.04	0.49	0.17	0.35	0.18	0.17	0.55	0.05	0.24	0.13	0.15	0.08	0.04	0.04	0.17	0.15	0.49	0.11	0.16	0.19	0.49	0.08	0.26	0.09	0.04	0.16	0.05	0.28	0.99	0.19	0.18	0.17	0.49	0.5	0.2
0.02	0.11	0.14	0.13	0.48	0.32	0.03	0.13	0.1	0.49	0.02	0.42	0.11	0.26	0.32	0.08	0.5	0.29	0.23	0.1	0.17	0.49	0.65	0.04	0.04	0.36	0.14	0.16	0.32	0.51	0.01	0.42	0.13	0.34	0.43	0.09	0.09	0.16	0	0.04	0.11	0.04	0.12	0.01	0.04	0.13	0.28	0.37	0.23	0.01	0.38	0.41	0.47	0.08	0.12	0.4	0.4	0.1	0.63	0	0.4	0.54	0.12	0.16	0.04	0.41	0.47	0.02	0.32	0.14	0.3	0.27	0.1	0.42	0.45	0.04	0.43	0.07	0.43	0.43	0.12	0.29	0.43	0.09	0.22	0.04	0.43	0.47	0.01	0.11	0.32	0.44	0.43	0.39	0.44	0.43	0.38	0.11	1.11
0.8	0.02	0.09	0.07	0.12	0.33	0.12	0.45	0.02	0.03	0.46	0.69	0.04	0.01	0.37	0.59	0.2	0.41	0.49	0.03	0.26	0.17	0.86	0.13	0.13	0.05	0.3	0.05	0.42	0.13	0.92	0.73	0.04	0.13	0.05	0.19	0.02	0.19	0.1	0.3	0.04	0.1	0.04	0.12	0.5	0.23	0.64	0.04	0.64	0.2	0.09	0.26	0.26	0.18	0.44	0.09	0.22	0.03	0.5	0.44	0	0.41	0.04	0.44	0.15	0.16	0.24	0.33	0.11	0.04	0.04	0.13	0.16	0.64	0.01	0.69	0.2	0.49	0.49	0.23	0.03	0.17	0.04	0.17	0.27	0.11	0.21	0.15	0.16	0.02	1.02	0.49	0.05	0.33	0.07	0.3	0.29	0.03	0.2
0.48	0.48	0.48	0.97	0.03	0.47	0.02	0.42	0.47	0.47	0.02	1.33	0.41	0.41	1.41	0.5	0.4	0.31	0.5	0.5	1	0.05	0.49	0.09	0.04	0.4	1	0.13	1	0.12	0.01	0.06	0.74	0.49	0.49	0.08	0.99	0.13	0.99	0.05	0.99	0.05	0.48	0	0.04	0.03	0.16	0.48	0.58	0.01	0.5	0.98	0.97	0.06	0.48	0.01	0.97	0.47	0.26	0.02	0.46	0.01	0.97	0.46	0.05	0.11	0.46	0.02	0.45	0.45	0.45	0.46	0.45	0.52	0.45	0.03	1.45	0.45	0.45	0.44	0.44	0.44	0.12	0.94	0.94	0.04	0.44	0.44	0.44	0.94	0.03	0.94	0.45	0.94	0.94	0.94	0.44	0.94	0.93
0.13	0.45	0.1	0.34	0.14	0.2	0.15	0.03	0.03	0.03	0.16	3.36	0.41	0.03	0.38	0.22	0.02	0.35	0.41	0.26	0.06	0.51	0.2	0.15	0.16	0.31	0	0.06	0.19	0.07	0.41	0.16	0.41	0.15	0.09	0.21	0.03	0.53	0.14	0.22	0.03	0.14	0.18	0.42	0.34	0.36	0.22	0.04	0.37	0.1	0.42	0.42	0.42	0.17	0.06	0.11	0.03	0.03	0.16	0.14	0.04	0.46	0	0.27	0.19	0.17	0.02	0.14	0.03	0.42	0.04	0.16	0.22	0.29	0.04	0.42	0.22	0.18	0.3	0.42	0.05	0.2	0.06	0.21	0.28	0.13	0.94	0.42	0.42	0.04	0.16	0.31	0.06	0.38	0.02	0.03	0.02	0.03	0.2
0.46	0.49	0.41	0.23	0.13	0.42	0.15	0.22	0.43	0.22	0.15	0.94	0.22	0.23	0.37	0.21	0.23	1.02	0.45	0.55	0.49	0.16	0.55	1.37	0.14	0.22	0.22	0.24	0.45	0.23	0.31	0.18	0.55	0.13	0.24	0.19	0.19	0.32	0.15	0.21	0.21	0.2	0.21	0.95	0.16	0.47	0.01	0.44	0.65	0.15	0.21	0.21	0.2	0.19	0.22	0.51	0.4	0.37	0.17	0.16	0.46	0.16	0.46	0	0.5	0.2	0.23	0.15	0.46	0.23	0.31	0.14	0.13	0.47	0.21	0.49	0.21	0.32	0.31	0.22	0.47	0.21	0.22	0.18	0.07	0.58	0.34	0.18	0.16	0.21	0.12	0.3	0.22	0.42	0.23	0.23	0.23	0.21	0.58
0.46	0.14	0.19	0.18	0.46	0.28	0.03	0.16	0.14	0.16	0.03	0.62	0.15	0.13	0.79	0.23	0.17	0.42	0.2	0.17	0.18	0.27	0.05	0.05	0.04	0.13	0.15	0.18	0.19	1.02	0.61	0.04	0.18	0.4	0.15	0.05	0.13	0.3	0.41	0.01	0.16	0.48	0.55	0.06	0.48	0.09	0.5	0.17	0.19	0.04	0.48	0.12	0.15	0.48	0.16	0.69	0.16	0.79	0.36	0.04	0.14	0.49	0.49	0.18	0	0.05	0.18	0.21	0.18	0.49	0.16	0.41	0.09	0.19	0.49	0.04	0.01	0.05	0.75	0.9	0.4	0	0.15	0.05	0.4	0.03	0.23	0.06	0.04	0.5	0.04	0.17	0.15	0.61	0.49	0.51	0.18	0.16	0.21
0.44	0.44	0.21	0.19	0.07	0.44	0.07	0.25	0.18	0.16	0.44	10.3	0.42	0.15	0.47	0.21	1.02	0.18	0.18	0.5	0.19	0.16	0.42	0.42	0.07	0.42	0.17	0.33	0.61	0.19	0.07	0.03	0.16	0.06	0.18	0.01	0.14	0.47	0.07	0.05	0.54	0.1	0.42	0.13	0.92	0.42	0.6	0.28	0.15	0.08	0.38	0.03	0.15	0.27	0.18	0.43	0.16	0.16	0.41	0.42	0.34	0.08	0.17	0.41	0.05	0	0.18	0.07	0.44	0.17	0.15	0.07	0.06	0.12	0.91	0.16	0.05	0.03	0.41	0.24	0.17	0.45	0.41	0.23	0.43	0.07	0.41	0.41	0.16	0.18	0.07	0.41	0.18	0.36	0.19	0.22	0.19	0.19	0.46
0.15	0.04	0.12	0.36	0.18	0.21	0.15	0.05	0.04	0.04	0.14	6.7	0.07	0.04	0.4	0.23	0.25	0.37	0.29	0.05	0.09	0.58	0.26	0.19	0.16	0.05	0.02	0.22	0.35	0.08	0.15	0.19	0.17	0.15	0.07	0.2	0.05	0.37	0.14	0.24	0.04	0.34	0.04	0.17	0.19	0.15	0.23	0.05	0.36	0.12	0.06	0.21	0.04	0.18	0.07	0.14	0.05	0.04	0.49	0.15	0.05	0.14	0.03	0.23	0.19	0.18	0	0.41	0.01	0.06	0.05	0.17	0.29	0.3	0.91	0.17	0.23	0.57	0.32	0.07	0.06	0.16	0.07	0.41	0.29	0.95	0.46	0.61	0.13	0.41	0.17	0.71	0.07	1.04	0.03	0.32	0.4	0.04	0.49
0.13	0.14	0.43	0.5	0.02	0.66	0	0.49	0.1	0.49	0.01	0.21	0.12	0.47	0.25	0.1	0.14	0.45	0.48	0.12	0.12	0.03	0.08	0.03	0.03	0.59	0.14	0.17	0.17	0.44	0.49	1	0.5	0.02	0.11	0.11	0.4	0.12	0.01	0.4	0.13	0.4	0.11	0.04	0.04	0.2	0.15	0.9	0.56	0.42	0.14	0.08	0.12	0.18	0.41	0.02	0.42	0.11	0.04	0.02	0.11	0.92	0.42	0.38	0.04	0.42	0.47	0	0.44	0.16	0.31	0.03	0.42	0.42	0.11	0.04	0.1	0.33	0.62	0.42	0.14	0.03	0.12	0.53	0.53	0.05	0.09	0.19	0.02	0.43	0.1	0.19	0.12	0.53	0.53	2.04	0.14	0.11	0.24
0.47	0.47	0.42	0.04	0.28	0.22	0.14	0.05	0.28	0.34	0.49	0.59	0.29	0.14	0.4	0.26	0.41	0.22	0.91	0.41	0.1	0.19	0.56	0.18	0.41	0.05	0.03	0.22	0.33	0.42	0.22	0.49	0.05	0.17	0.06	0.63	0.05	0.05	0.83	0.52	0.05	0.15	0.24	0.44	0.5	0.7	0.23	0.07	0.37	0.45	0.05	0.21	0.06	0.19	0.46	0.13	0.18	0.46	0.19	0.16	0.06	0.47	0.04	0.47	0.26	0.18	0.01	0.16	0	0.06	0.06	0.17	0.39	0.3	0.06	0.16	0.49	0.44	0.32	0.07	0.09	0.22	0.08	0.24	0.3	0.16	0.4	0.18	0.15	0.05	0.17	0.6	0.2	0.91	0.41	0.05	0.2	0.05	0.22
0.14	0.03	0.11	0.06	0.17	0.99	0.35	0.02	0.03	0.39	0.49	0.53	0.81	0.41	0.38	0.23	0.32	0.41	0.41	0.35	0.41	0.17	0.6	0.15	0.15	0.41	0.04	0.02	0.12	0.27	0.13	0.35	0.08	0.16	0.09	0.53	0.42	0.43	0.11	0.24	0.04	0.17	0.42	0.17	0.32	0.14	0.22	0.02	0.46	0.22	0.43	0.5	0.03	0.19	0.41	0.43	0.02	0.04	0.17	0.53	0.43	0.44	0.04	0.27	0.19	0.51	0.06	0.43	0.06	0	0.05	0.44	0.14	0.28	0.04	0.14	0.74	0.44	0.66	0.06	0.06	0.18	0.07	0.21	0.44	0.32	0.2	0.18	0.12	0.03	0.16	0.5	0.18	1.1	0.06	0.03	0.29	0.03	0.45
0.11	0.03	0.08	0.06	0.16	0.24	0.11	0.36	0.03	0.92	0.13	0.44	0.04	0.49	0.4	0.39	0.05	0.19	0.24	0.82	0.06	0.18	0.2	0.23	0.19	0.05	0.04	0.06	0.1	0.05	0.1	0.19	0.4	0.4	0.41	0.21	0.02	0.11	0.1	0.23	0.03	0.5	0.03	0.13	0.25	0.13	0.4	0.04	0.35	0.3	0.39	0.5	0.02	0.26	0.05	0.1	0.04	0.02	0.19	0.1	0.04	0.71	0.04	0.2	0.15	0.15	0.41	0.12	0.06	0.41	0	0.17	0.26	0.26	0.03	0.13	0.41	0.18	0.32	0.05	0.05	0.42	0.25	0.2	0.26	0.42	0.22	0.42	0.41	0.04	0.15	0.48	0.04	0.69	0.06	0.03	0.37	0.03	0.21
0.17	0.42	0.17	0.52	0.02	0.48	0.03	0.15	0.13	0.43	0.22	0.2	0.26	0.12	0.45	0.09	0.16	0.25	0.23	0.14	0.17	0.05	0.09	0.01	0.46	0.34	0.16	0.17	0.76	0.46	0.04	0.75	0.25	0.25	0.15	0.48	0.13	0.14	0.03	0.96	0.25	0.05	0.15	0.05	0	0.03	0.14	0.16	0.57	0.04	0.15	0.09	1.66	0.07	0.14	0.03	0.14	0.15	0.05	0.04	0.47	0.04	0.29	0.14	0.22	0.07	0.5	0.27	0.18	0.47	0.15	0	0.35	0.58	0.48	0.05	0.48	0.13	0.44	0.48	0.16	0.07	0.47	0.08	0.26	0.05	0.09	0.32	0.04	0.13	0.01	0.59	0.28	0.6	0.18	0.15	0.49	0.14	0.24
0.02	0.13	0.57	0.18	0	0.29	0.09	0.58	0.11	0.13	0.02	3.32	0.47	0.77	0.28	0.12	0.15	0.3	0.48	0.7	0.18	0.48	0.16	0.15	0.01	0.36	0.49	0.6	0.18	0.93	0.24	0.36	0.4	0.4	0.14	0.4	0.4	0.14	0.06	0.09	0.4	0.08	0.13	0.05	0.43	0	0.51	0.21	0.24	0.03	0.91	0.28	0.61	0.41	0.91	0.28	0.27	0.27	0.41	0.35	0.41	0.41	0.46	0.41	0.51	0.07	0.51	0.41	0.17	0.14	0.14	0.06	0	0.51	0.12	0.1	0.09	0.22	0.41	0.47	0.41	0.36	0.4	0.41	0.61	0.1	0.06	0.61	0.1	0.12	0.01	0.17	0.33	0.61	0.61	0.51	0.42	0.14	0.51
0.19	0.56	0.56	0.31	0.35	0.28	0.19	0.28	0.26	0.31	0.47	0.59	0.36	0.61	0.52	0.13	0.4	0.09	0.05	0.27	0.33	0.2	0.5	0.19	0.19	0.4	0.65	0.3	0.35	0.48	0.5	0.46	0.27	0.26	0.29	0.3	0.27	0.33	0.41	0.2	0.28	0.23	0.26	0.41	0.24	0.18	0.36	0.51	0.42	0.47	0.52	0.14	0.27	0.23	0.28	0.18	0.47	0.27	0.82	0.19	0.41	0.92	0.42	0.52	0.19	0.37	0.69	0.18	0.54	0.37	0.42	0.48	0.18	0	0.25	0.19	0.55	0.12	0.21	0.66	0.63	0.18	0.28	0.1	0.43	0.53	0.1	0.15	0.19	0.26	0.94	0	0.48	0.43	0.66	0.28	0.63	0.28	0.09
0.1	0.4	0.07	0.06	0.41	0.24	0.47	0.43	0.02	0.21	0.12	0.61	0.15	0.02	0.38	0.51	0.05	0.2	0.35	0.02	0.39	0.5	0.54	0.14	0.14	0.44	0.44	0.05	0.46	0.04	0.1	0.17	0.45	0.12	0.05	0.54	0.01	0.54	0.1	0.94	0.03	0.11	0.03	0.44	0.15	0.24	0.21	0.23	0.33	0.1	0.13	0.45	0.45	0.55	0.04	0.45	0.03	0.03	0.96	0.45	0.01	0.12	0.55	0.21	0.14	0.45	0.05	0.45	0.42	0.55	0.31	0.13	0.12	0.46	0	0.13	0.21	0.21	0.45	0.03	0.04	0.16	0.04	0.19	0.46	0.12	0.19	0.16	0.29	0.02	0.97	0.52	0.27	0.34	0.06	0.03	0.11	0.03	1.37
0.15	0.28	0.47	0.17	0.1	0.54	0.48	0.13	0.12	0.15	0.03	4.82	0.15	0.13	0.41	0.48	0.15	0.61	0.22	0.12	0.19	0.04	0.42	0.05	0.05	0.46	0.15	0.15	0.3	0.45	0.03	0.37	0.14	0.1	0.83	0.11	0.12	0.41	0.09	0.04	0.4	0.32	0.13	0.05	0.42	0.1	0.61	0.14	0.24	0.07	0.1	0.09	0.12	0.08	0.34	0.44	0.45	0.45	0.09	0.04	0.11	0.51	0.13	0.22	0.04	0.46	0.15	0.04	0.15	0.13	0.14	0.48	0.09	0.2	0.4	0	0.04	0.14	0.49	0.13	0.13	0.05	0.36	0.39	0.28	0	0.1	0.1	0.03	0.11	0.05	0.19	0.14	0.23	0.44	0.12	0.34	0.11	0.25
0.1	0.2	0.25	0.24	0.1	0.32	0.5	0.22	0.19	0.24	0.03	0.58	0.7	0.27	0.27	0.26	0.25	0.33	0.26	0.21	0.44	0.03	0.4	0.1	0.1	0.46	0.56	0.46	0.29	0.16	0.04	0.17	0.22	0.66	0.46	0.26	0.23	0.96	1.65	0.39	0.23	0.03	0.24	0.12	0.46	0.3	0.49	0.25	0.24	0.04	0.73	0.05	0.2	0.41	0.16	0.05	0.21	0.22	0.14	0.04	0.21	0.18	0.51	0.24	0.01	0.42	0.24	0.53	0.57	0.25	0.22	0.1	0.09	0.58	0.21	0.04	0	0.45	0.22	0.29	0.21	0.01	0.16	0.09	0.56	0.04	0.31	0.07	0.47	0.35	0.09	0.59	0.16	0.59	0.57	0.35	0.4	0.21	0.31
0.06	0.95	0.22	0.44	0.94	0.24	0.06	0.21	0.43	0.21	0.43	5.47	0.46	0.17	0.18	0.03	0.45	0.19	0.18	0.44	0.85	0.07	0.05	0.44	0.06	0.21	0.2	0.59	0.93	0.19	0.43	0.03	0.62	0.04	0.5	0.01	0.51	0.92	0.41	0.08	0.34	0.41	0.17	0.4	0.7	0.4	0.18	0.56	0.16	0.08	0.17	0.05	0.49	0.12	0.18	0.09	0.48	0.19	0.03	0.07	0.48	0.07	0.2	0.47	0.2	0.02	0.21	0.06	0.57	0.52	0.47	0.06	0.09	0.45	0.47	0.46	0.08	0	0.45	0.38	0.18	0.07	0.45	0.03	0.24	0.09	0.44	0.03	0.07	0.43	0.05	0.26	0.17	0.44	0.83	0.2	0.19	0.43	0.25
0.4	0.32	0.35	0.95	0.24	0.21	0.41	0.42	0.31	0.33	0.51	3.11	0.4	0.63	0.09	0.4	0.32	0.26	0.26	0.32	0.33	0.41	0.16	0.19	0.52	0.31	0.52	0.34	0.92	0.42	0.22	0.52	0.32	0.61	0.31	0.13	0.31	0.38	0.43	0.22	0.39	0.43	0.33	0.32	0.2	0.43	0.45	0.64	0.02	0.84	0.44	0.16	0.31	0.25	0.32	0.44	0.33	0.55	0.65	0.23	0.3	1.58	0.31	0.31	0.22	0.45	0.45	0.2	0.33	0.55	0.56	0.19	0.96	0.46	0.66	0.56	0.46	2.15	0	0.31	0.35	0.56	0.46	0.12	0.75	0.76	0.13	0.28	0.45	0.3	0.19	0.46	0.31	0.56	0.56	0.47	0.56	0.54	0.67
0.12	0.04	0.1	0.07	0.13	0.44	0.12	0.23	0.43	0.05	0.12	0.96	0	0.05	0.65	0.46	0.94	0.54	0.33	0.43	0.09	0.53	0.2	0.43	0.13	0.06	0.42	0.45	0.52	0.01	0.41	0.16	0.05	0.4	0.07	0.29	0.03	0.49	0.49	0.22	0.04	0.48	0.04	0.68	0.47	0.67	0.58	0.06	0.46	0.76	0.19	0.34	0.45	0.16	0.29	0.44	0.05	0.04	0.16	0.43	0.04	0.19	0.43	0.22	0.16	0.17	0.42	0.12	0.07	0.06	0.82	0.14	0.13	0.42	0.03	0.15	0.15	0.4	0.7	0	0.03	1	0.01	0.18	0.49	0.49	0.18	0.18	0.48	0.04	0.13	0.54	0	0.56	0.07	0.04	0.07	0.56	0.57
0.21	0.04	0.08	0.07	0.13	0.63	0.12	0.3	0.02	0.05	0.12	1.51	0.08	0.03	0.35	0.22	0.16	0.24	0.41	0.04	0.12	0.15	0.2	0.15	0.16	0.03	0.42	0.07	0.32	0.09	0.5	0.48	0.05	0.52	0.05	0.52	0.03	0.42	0.1	1.06	0.33	0.14	0.04	0.16	0.17	0.39	0.76	0.05	0.4	0.12	0.09	0.21	0.24	0.17	0.03	0.31	0.05	0.04	0.16	0.12	0.03	0.2	0.19	0.23	0.14	0.17	0.06	0.41	0.27	0.06	0.05	0.16	0.45	0.28	0.04	0.14	0.21	0.18	1.39	0.12	0	0.15	0.18	0.56	0.29	0.13	0.56	0.15	0.12	0.01	0.14	0.3	0.03	0.47	0.12	0.04	0.67	0.46	1.47
0.34	0.4	0.19	0.18	0.08	0.28	0.03	0.18	0.14	0.4	0.09	0.84	0.14	0.46	0.32	0.04	0.56	0.38	0.46	0.18	0.17	0.1	0.06	0.06	0.4	0.38	0.47	0.38	0.34	0.97	0.03	0.39	0.15	0.17	0.48	0.06	0.14	0.18	0.04	0.01	0.18	0.02	0.16	0.05	0.04	0.08	0.97	0.16	0.19	0.09	0.15	0.04	0.15	0.05	0.15	0.04	0.57	0.14	0.03	0.44	0.47	0.27	0.18	0.47	0.06	0.08	0.17	0.04	0.47	0.16	0.18	0.04	0.14	0.18	0.39	0.03	0.01	0.04	0.19	0.14	0.17	0	0.47	0.08	0.21	0.92	0.05	0.07	0.06	0.17	0.06	0.68	0.15	0.7	0.18	0.48	0.54	0.14	0.2
0.13	0.05	0.1	0.08	0.48	0.27	0.48	0.07	0.04	0.06	0.13	0.53	0.01	0.45	0.35	0.26	0.43	0.23	0.34	0.04	0.09	0.15	0.43	0.14	0.14	0.05	0.06	0.07	0.13	0	0.94	0.17	0.44	0.13	0.44	0.44	0.03	0.04	0.11	0.18	0.05	0.28	0.94	0.12	0.19	0.13	0.44	0.06	0.64	0.26	0.03	0.44	0.04	0.16	0	0.11	0.06	0.05	0.29	0.12	0.04	0.45	0.06	0.22	0.15	0.47	0.42	0.46	0.46	0.07	0.05	0.14	0.13	0.46	0.04	0.13	0.16	0.47	0.97	0.01	0.03	0.47	0	0.18	0.87	0.14	0.48	0.47	0.25	0.04	0.14	0.67	0.01	0.67	0.23	0.05	0.48	0.05	0.48
0.46	0.18	0.97	0.22	0.06	0.23	0.07	0.21	0.27	0.2	0.77	3.85	0.18	0.18	0.49	0.02	0.5	0.49	0.81	0.52	0.5	0.07	0.12	0.08	0.07	0.49	0.19	0.21	0.24	0.19	0.08	0.07	0.4	0.4	0.4	0	0.17	0.21	0.93	0.09	0.61	0.4	0.4	0.1	0.3	0.4	0.41	0.24	0.4	0.41	0.48	0.04	0.18	0.41	0.27	0.08	0.41	0.18	0.91	0.4	0.19	0.4	0.33	0.34	0.05	0.01	0.23	0.07	0.51	0.19	0.4	0.08	0.06	0.1	0.45	0.41	0.09	0.36	0.13	0.31	0.52	0.42	0.19	0	0.42	0.1	0	0.12	0.42	0.37	0.07	0.12	0.18	0.17	0.42	0.2	0.39	0.2	0.16
0.21	0.27	0.26	0.94	0.15	0.48	0.21	0.28	0.45	0.28	0.21	6.09	0.28	0.6	0.43	0.4	0.29	0.42	0.61	0.26	0.23	0.26	0.27	0.51	0.51	0.29	0.58	0.3	0.53	0.29	0.23	0.44	0.28	0.75	0.22	0.95	0.25	0.35	0.17	0.23	0.46	0.2	0.27	0.28	0.2	0.48	0.07	0.98	0.47	0.14	0.31	0.27	0.48	0.22	0.28	0.21	0.28	0.41	0.23	0.22	0.48	0.81	0.28	0.07	0.48	0.33	0.29	0.21	0.29	0.48	0.48	0.19	0.15	0.36	0.27	0.59	0.49	0.34	0.37	0.28	0.59	0.21	0.28	0.2	0	0.4	0.56	0.17	0.22	0.27	0.14	0.51	0.29	0.41	0.29	0.27	0.29	0.9	0.42
0.03	0.3	0.47	0.47	0.1	0.31	0.04	0.12	0.47	0.44	0.03	2.76	0.52	0.46	0.23	0.07	0.96	0.29	0.24	0.28	0.42	0.46	0.09	0.05	0.05	0.13	0.26	0.15	0.28	1.47	0.03	0.09	0.15	0.32	0.14	0.1	0.47	0.1	0.35	0.04	0.11	0.15	0.12	0.04	0.05	0.09	0.21	0.14	0.59	0.01	0.12	0.09	0.29	0.2	0.14	0.03	0.49	0.11	0.09	0.04	0.12	0.59	0.13	0.22	0.04	0.07	0.14	0.29	0.15	0.15	0.23	0.4	0.09	0.19	0.4	0	0.4	0.43	0.22	0.12	0.12	0.04	0.92	0.1	0.28	0	0.11	0.09	0.03	0.12	0.04	0.46	0.2	0.92	0.18	0.13	0.44	0.53	0.25
0.08	0.19	0.41	0.35	0.06	0.23	0.35	0.4	0.71	0.61	0.12	9.73	0.41	0.52	0.18	0.03	1.12	0.18	0.17	1.02	0.52	0.08	0.79	0.09	0.07	0.2	0.2	0.3	0.42	0.2	0.31	0.03	0.93	0.06	0.17	0.01	0.43	0.2	0.43	0.09	0.19	0.09	0.2	0.44	0.56	0.06	0.35	0.26	0.15	0.44	0.22	0.04	0.44	0.09	0.19	0.08	0.44	0.19	0.03	0.09	0.21	0.76	0.4	0.23	0.05	0.41	0.95	0.45	0.45	0.61	0.21	0.09	0.06	0.46	0.19	0.1	0.1	0.12	0.46	0.96	0.19	0.05	0.19	0	0.46	0.1	0	0.05	0.46	0.46	0.45	0.46	0.19	0.15	0.48	0.97	0.47	0.45	0.18
0.04	0.17	0.18	0.2	0.42	0.27	0.17	0.36	0.15	0.22	0.42	1.66	0.17	0.16	0.22	0.06	0.19	0.22	0.98	0.17	0.18	0.08	0.43	0.04	0.04	0.26	0.18	0.23	0.22	0.19	0.07	0.4	0.16	0.03	0.15	0.05	0.17	0.16	2.25	0.48	0.24	0.08	0.17	0.33	0.34	0.23	0.48	0.48	0.48	0.08	0.49	0.68	0.48	0.08	0.19	0.07	0.65	0.32	0.09	0.08	0.53	0.32	0.28	0.48	0.06	0.05	0.19	0.05	0.19	0.17	0.16	0.04	0.58	0.15	0.18	0.08	0.07	0.03	0.48	0.17	0.26	0.06	0.18	0.04	0.17	0.09	0.04	0	0.08	0.15	0.99	0.5	0.18	0.4	0.49	0.15	0.19	0.17	0.21
0.02	0.18	0.44	0.15	0.29	0.31	0.02	0.41	0.09	0.44	0.01	2.28	0.11	0.11	0.24	0.08	0.13	0.26	0.47	0.09	0.14	0.4	0.08	0.04	0.04	0.29	0.48	0.14	0.17	0.12	0	0.04	0.14	0.09	0.48	0.48	0.1	0.5	0.01	0.04	0.11	0.03	0.1	0.01	0.04	0.97	0.16	0.78	0.23	0	0.5	0.08	0.48	0.06	0.12	0.15	0.12	0.49	0.32	0.01	0.12	0.01	0.13	0.16	0.04	0.08	0.13	0.02	0.15	0.36	0.11	0.49	0.09	0.19	0.1	0.09	0.04	0.07	0.33	0.11	0.14	0.32	0.43	0.08	0.22	0.04	0.4	0.5	0	0.4	0.03	0.2	0.12	0.51	0.34	0.1	0.14	0.12	0.26
0.12	0.44	0.09	0.93	0.12	0.24	0.12	0.03	0	0.03	0.12	0.55	0.03	0.09	0.58	0.49	0.23	0.43	0.58	0.03	0.06	0.15	0.18	0.49	0.16	0.01	0.04	0.17	0.09	0.99	0.09	0.16	0.03	0.13	0.06	0.18	0.02	0.13	0.39	0.59	0.03	0.12	0.03	0.16	0.17	0.4	0.21	0.03	0.38	0.3	0.02	0.2	0.02	0.18	0.4	0.4	0.03	0.4	0.16	0.1	0.4	0.11	0.04	0.21	0.4	0.4	0.05	0.4	0.09	0.4	0.04	0.14	0.15	0.4	0.02	0.12	0.91	0.4	0.3	0.42	0.01	0.16	0.04	0.18	0.52	0.71	0.18	0.41	0.4	0	0.4	0.29	0.04	0.48	0.05	0.38	0.05	0.03	0.53
0.02	0.46	0.26	0.54	0.01	0.66	0.02	0.16	0.12	0.14	0.03	4.17	0.46	0.13	0.45	0.39	0.42	0.28	0.23	0.46	0.41	0.04	0.09	0.01	0.46	0.12	0.16	0.16	0.21	0.14	0.03	0.05	0.14	0.01	0.16	0.47	0.15	0.14	0.16	0.09	0.15	0.05	0.13	0.05	0.14	0.03	0.54	0.16	0.21	0.04	0.13	0.08	0.58	0.06	0.14	0.03	0.15	0.15	0.49	0.04	0.14	0.04	0.17	0.12	0.04	0.07	0.17	0.03	0.49	0.16	0.15	0.06	0.49	0.19	0.5	0.05	0.25	0.05	0.19	0.34	0.15	0.05	0.4	1.11	0.14	0.4	0.11	0.04	0.12	0.12	0	0.56	0.13	0.58	0.16	0.16	0.16	0.15	0.24
0.59	0.99	0.49	0.49	0.18	0.69	0.49	0.32	0.5	0.31	0.49	0.64	0.61	1	0.58	0.5	0.5	0.5	0.05	0.5	0.31	0.9	0.15	0.43	0.18	0.41	0.41	0.33	0.41	0.3	0.51	0.41	0.32	0.51	0.51	0.41	0.32	0.61	0.46	0.21	0.31	0.52	0.31	0.21	0.19	0.42	0.48	0.69	0.26	0.42	1.02	0.42	0.31	0.24	0.43	0.2	0.33	0.31	0.43	0.2	0.32	0.93	0.31	0.43	0.44	0.11	0.33	0.53	0.53	0.6	0.32	0.25	0.46	0.23	1.16	0.46	0.21	0.13	0.45	0.3	0.32	0.45	0.64	0.12	0.45	0.2	0.45	0.55	0.2	0.52	0.18	0.01	1.46	0.03	0.45	0.45	0.55	0.61	0.46
0.12	0.95	0.1	0.12	0.33	0.45	0.12	0.05	0.03	0.05	0.12	2.9	0	0.05	0.34	0.47	0.07	0.46	0.34	0.03	1.46	0.15	0.2	0.14	0.13	0.05	0.06	0.07	0.36	0.47	0.47	0.16	0.05	0.47	0.07	0.18	0.03	0.97	0.11	0.47	0.05	0.52	0.04	0.11	0.48	0.51	0.58	0.41	0.48	0.48	0.7	0.21	0.04	0.18	0.01	0.23	0.05	0.04	0.16	0.11	0.04	0.11	0.06	0.22	0.15	0.17	0.07	0.12	0.07	0.06	0.04	0.14	0.32	0.49	0.03	0.13	0.31	0.4	0.31	0	0.8	0.15	0.01	0.18	0.28	0.13	0.41	0.4	0.12	0.04	0.13	0.3	0	0.34	0.41	0.04	0.46	0.38	0.29
0.5	0.41	0.34	0.43	0.6	0.15	0.24	0.55	0.32	0.72	0.52	3.9	0.79	0.35	0.32	0.17	0.53	0.06	0.05	0.34	0.33	0.5	0.6	0.91	0.4	0.33	0.91	0.38	0.39	0.59	0.91	0.19	0.47	0.84	0.91	0.41	0.35	0.91	0.22	0.22	0.48	0.23	0.42	0.52	0.24	0.32	0.35	0.42	0.33	0.22	0.33	0.43	0.35	0.28	0.53	0.23	0.36	0.44	0.21	0.22	0.54	0.64	0.64	0.36	0.44	0.54	0.44	0.59	0.38	0.36	0.45	0.23	0.45	0.03	0.45	0.23	0.23	0.53	0.45	0.34	0.37	0.2	0.46	0.46	0.57	0.56	0.15	0.24	0.24	0.46	0.34	0.46	0.97	0.01	0.46	0.32	0.63	0.82	0.13
0.45	0.07	0.45	0	0.55	0.22	0.25	0.21	0.05	0.45	0.14	0.75	0.07	0.3	0.46	0.42	0.03	0.42	0.62	0.42	0.09	0.17	0.61	0.16	0.18	0.08	0.02	0.43	0.14	0.08	0.14	0.19	1.14	0.15	0.07	0.22	0.05	0.31	0.13	0.23	0.05	0.17	0.19	0.16	0.55	0.15	0.23	0.06	0.37	0.13	0.05	0.45	0.04	0.22	0.08	0.14	0.05	0.04	0.18	0.13	0.07	0.13	0.02	0.23	0.21	0.19	0.03	0.14	0.03	0.06	0.06	0.16	0.44	0.31	0.59	0.17	0.23	0.19	0.32	0.07	0.07	0.28	0.99	1.36	0.49	0.15	0.22	0.5	0.13	0.5	0.19	0.32	0.07	0.78	0	0.5	0.01	0.1	0.5
0.47	0.04	0.09	0.48	0.28	0.23	0.12	0.02	0.02	0.02	0.48	3.7	0.04	0.4	0.37	0.89	0.05	0.48	0.21	0.35	0.42	0.49	0.2	0.16	0.15	0	0.03	0.08	0.1	0.05	0.11	0.53	0.05	0.13	0.04	0.21	0.02	0.02	0.11	0.65	0.02	0.5	0.02	0.13	0.15	0.29	0.7	0.04	0.33	0.1	0.29	0.19	0.01	0.17	0.05	0.38	0.05	0.02	0.22	0.11	0.03	0.41	0.03	0.21	0.16	0.54	0.04	0.12	0.05	0.04	0.92	0.42	0.55	0.27	0.03	0.11	0.21	0.52	0.43	0.04	0.04	0.15	0.05	0.43	0.52	0.12	0.2	0.17	0.43	0.03	0.15	0.33	0.04	0.55	0.05	0	0.22	0.44	0.21
0.14	0.28	0.4	0.66	0.16	0.47	0.16	0.05	0.05	0.05	0.34	0.33	0.07	0.43	0.83	0.44	0.43	0.73	0.28	0.1	0.43	0.19	0.57	0.16	0.16	0.08	0.02	0.07	0.13	0.08	0.14	0.44	0.1	0.49	0.07	0.21	0.32	0.04	0.14	0.46	0.46	0.13	0.04	0.96	0.16	0.62	0.23	0.05	0.48	0.12	0.05	0.48	0.04	0.2	0.07	0.49	0.05	0.04	0.4	0.14	0.07	1.41	0.02	0.23	0.33	2.32	0.04	0.42	0.43	0.42	0.05	0.42	0.52	0.72	0.12	0.43	0.24	0.3	0.43	0.07	0.94	0.21	0.44	0.22	0.29	0.44	0.94	0.18	0.15	0.44	0.18	0.45	0.47	0.75	0.01	0.05	0	0.04	0.22
0.11	0.02	0.1	0.45	0.45	0.55	0.14	0.03	0.03	0.03	0.13	4.21	0.16	0.04	0.38	0.49	0.05	0.45	0.22	0.02	0.31	0.45	0.21	0.35	0.15	0	0.03	0.66	0.46	0.38	0.11	0.17	0.03	0.13	0.05	0.46	0.02	0.02	0.76	0.21	0.38	0.12	0.01	0.12	0.53	0.2	0.21	0.23	0.47	0.13	0.57	0.2	0.01	0.52	0.05	0.1	0.03	0.21	0.48	0.12	0.03	0.48	0.03	0.58	0.15	0.55	0.04	0.12	0.16	0.08	0.03	0.17	0.16	0.58	0.32	0.13	0.22	0.49	0.53	0.04	0.16	0.16	0.05	0.2	0.49	0.13	0.19	0.32	0.49	0.03	0.24	0.3	0.9	0.35	0.05	2.11	0.04	0	0.37
0.24	0.2	0.34	0.92	0.26	0.58	0.49	1.51	0.48	0.22	0.25	0.27	0.27	0.6	0.58	0.69	0.32	0.36	0.04	0.34	0.36	0.22	0.19	0.5	0.5	0.21	0.5	0.22	0.47	0.54	0.4	0.4	0.2	0.71	0.38	0.47	0.62	0.21	0.42	0.24	0.42	0.23	0.19	0.62	0.22	0.43	0.43	0.21	0.3	0.42	0.93	0.19	0.18	0.43	0.27	0.54	0.54	0.18	1.44	0.46	0.2	0.26	0.45	0.34	0.45	0.55	0.55	0.23	0.22	0.45	0.19	0.46	0.46	0.09	0.19	0.25	0.24	0.18	0.25	0.47	0.21	0.2	0.36	0.17	0.45	0.47	0.47	0.21	0.48	0.22	0.48	0.48	0.48	0.12	0.23	0.48	0.48	0.21	0.02
