0	0.48	0.15	0.15	0.02	0.3	0	0.19	0.49	0.28	0.01	0.21	0.4	0.13	0.4	0.1	0.15	0.51	0.29	0.12	0.13	0.04	0.41	0.03	0.03	0.12	0.71	0.51	1.3	0.2	0.02	0.42	0.45	0.72	0.19	0.07	0.42	0.11	0.01	0.1	0.12	0.92	0.13	0.03	0.04	0.02	0.22	0.42	0.22	0.02	0.41	0.08	0.43	0.07	0.12	0.35	0.43	0.11	0.35	0.8	0.1	0.02	0.13	0.53	0.43	0.96	0.54	0	0.15	0.15	0.14	0.03	0.02	0.25	0.94	0.09	0.1	0.06	0.94	0.46	0.12	0.07	0.19	0.07	0.61	0.04	0.08	0.05	0.44	0.11	0.02	0.24	0.45	0.44	0.15	0.12	0.16	0.45	0.45
0.12	0	0.47	0.25	0.31	0.47	0.12	0.02	0.03	0.02	0.47	1.08	0.47	0.02	0.38	0.47	0.04	0.19	0.21	0.39	0.05	0.46	0.34	0.47	0.13	0	0.03	0.04	0.87	0.05	0.47	0.47	0.02	0.15	0.04	0.39	0.02	0.02	0.1	0.2	0.02	0.12	0.01	0.15	0.98	0.13	0.31	0.49	0.34	0.49	0.06	0.19	0.01	0.16	0.05	1.5	0.05	0.03	0.4	0.12	0.02	0.4	0.28	0.21	0.15	0.9	0.04	0.41	0.4	0.02	0.41	0.13	0.51	0.28	0.07	0.61	0.61	0.3	0.33	0.41	0.04	0.17	0.23	0.18	0.91	0.11	0.19	0.16	0.1	0.02	0.41	0.3	0.04	0.41	0.05	0	0.04	0.02	0.42
0.15	0.1	0	0.1	0.16	0.36	0.15	0.51	0.07	0.19	0.15	8.75	0.49	0.09	0.37	0.45	0.11	0.4	0.29	0.08	0.45	0.17	0.76	0.2	0.96	0.45	0.1	0.38	0.9	0.11	0.26	0.22	0.46	0.16	0.09	0.21	0.08	0.2	0.15	0.19	0.1	0.15	0.1	0.47	0.17	0.17	0.31	0.46	0.36	0.14	0.31	0.23	0.46	0.23	0.1	0.14	0.47	0.09	0.35	0.14	0.09	0.17	0.1	0.28	0.19	0.44	0.11	0.15	0.11	0.11	0.47	0.27	0.17	0.69	0.07	0.18	0.57	0.37	0.47	0.39	0.08	0.47	0.28	0.51	0.55	0.47	0.21	0.18	0.16	0.14	0.17	0.53	0.1	0.58	0.65	0.09	0.47	0.19	0.48
0.8	0.5	0.4	0.41	0.4	0.29	0.4	0.05	0.05	0.41	0.91	5.57	0.45	0.26	0.39	0.51	0.03	0.46	0.29	0.74	0.1	0.18	0.22	0.43	0.46	0.37	0.47	0.48	1.48	0.97	0.13	0.58	0.05	0.17	0.11	0.48	0.17	0.06	0.48	0.58	0.05	0.15	0.04	0.49	0.99	0.15	0.59	0.5	0.35	0.4	0.05	0.23	0.6	0.21	0.4	0.13	0.6	0.4	0.44	0.5	0.07	0.4	0.31	0.24	0.17	0.41	0.17	0.41	0.03	0.91	0.06	0.21	0.41	0.34	0.06	0.16	0.62	0.22	0.32	0.73	0.07	0.17	0.08	0.43	0.43	0.43	1.14	0.2	0.13	0.06	0.16	0.44	0.07	0.38	0	0.65	0.01	0.46	0.55
0.02	0.45	0.16	0.16	0	0.29	0.02	0.13	0.33	0.16	0.43	0.88	0.13	0.45	0.57	0.21	0.15	0.24	0.22	0.16	0.16	0.48	0.14	0.07	0.01	0.22	0.18	0.5	0.57	0.25	0.1	0.1	0.15	0.19	0.13	0.06	0.41	0.14	0.1	0.09	0.41	0.08	0.41	0.04	0.41	0	0.29	0.4	0.2	0.25	0.13	0.11	0.43	0.07	0.14	0.19	0.13	0.94	0.61	0.1	0.13	0.96	0.46	0.13	0.09	0.07	0.15	0.02	0.18	0.15	0.52	0.02	0.48	0.18	0.12	0.1	0.49	0.31	0.24	0.13	0.13	0.11	0.13	0.42	0.15	0.1	0.07	0.09	0.12	0.28	0.45	0.18	0.48	0.22	0.15	0.14	0.23	0.46	0.4
0.3	0.23	0.36	0.4	0.29	0	0.3	0.24	0.24	0.4	0.31	7.59	0.26	0.23	0.13	0.77	0.22	0.11	0.11	0.24	0.54	0.47	0.27	0.53	0.58	0.87	0.67	0.26	0.3	0.54	0.49	0.25	0.24	0.29	0.29	0.32	0.24	0.99	0.49	0.32	0.24	0.3	0.38	0.33	0.31	0.29	0.63	0.49	1.05	0.55	0.42	0.45	0.22	0.6	0.62	0.31	0.24	0.62	0.26	0.68	0.24	0.91	0.4	0.7	0.28	0.4	0.21	0.31	0.91	0.54	0.24	0.3	0.29	0.11	0.24	0.31	0.32	0.24	0.47	0.26	0.39	0.52	0.27	0.47	0.91	0.31	0.23	0.47	0.67	0.24	0.3	0.12	0.47	0.17	0.22	0.24	0.43	0.23	0.16
0.51	0.12	0.15	0.14	0.02	0.3	0	0.13	0.8	0.15	0.01	1.42	0.37	0.11	0.36	0.1	0.15	0.36	0.44	0.43	0.43	0.39	0.17	0.03	0.34	0.1	0.14	0.17	0.57	0.12	0.44	0.22	0.12	0.02	0.11	0.07	0.44	0.34	0.01	0.1	0.44	0.44	0.12	0.03	0.33	0.02	0.15	0.62	0.22	0.02	0.23	0.08	0.12	0.44	0.12	0.02	0.12	0.36	0.04	0.02	0.12	0.45	0.45	0.15	0.04	0.07	0.45	0	0.16	0.13	0.13	0.03	0.21	0.55	0.1	0.03	0.1	0.06	0.2	0.12	0.15	0.03	0.12	0.38	0.21	0.46	0.4	0.04	0.02	0.2	0.02	0.19	0.12	0.23	0.46	0.46	0.34	0.23	0.22
0.27	0.4	0.3	0.05	0.13	0.24	0.14	0	0.02	0	0.49	1.48	0.05	0.03	0.62	0.21	0.05	0.56	0.29	0.62	0.42	0.15	0.21	0.14	0.42	0.03	0.03	0.02	0.43	0.06	0.12	0.45	0.42	0.4	0.05	0.19	0.03	0.16	0.25	0.21	0.43	0.11	0.02	0.42	0.51	0.25	0.22	0.45	0.96	0.45	0.34	0.46	0.02	0.16	0.06	0.11	0	0.03	0.17	0.11	0.04	0.35	0.03	0.22	0.77	0.16	0.05	0.15	0.05	0.01	0.04	0.37	0.14	0.47	0.06	0.49	0.23	0.19	0.68	0.05	0.28	0.17	0.1	0.49	0.28	0.13	0.19	0.17	0.48	0.03	0.14	0.94	0.44	0.48	0.1	0.02	0.32	0.03	0.45
0.12	0.02	0.07	0.05	0.45	0.24	0.12	0.02	0	0.03	0.1	5.58	0.03	0.01	0.42	0.92	0.05	0.37	0.36	0.29	0.06	0.14	0.52	0.12	0.12	0.01	0.06	0.08	0.92	0.42	0.12	0.15	0.42	0.14	0.06	0.18	0.02	0.02	0.1	0.21	0.43	0.11	0.02	0.13	0.14	0.43	0.21	0.24	0.31	0.18	0.2	0.2	0.02	0.54	0.04	0.47	0.03	0.03	0.15	0.5	0.46	0.09	0.03	0.21	0.56	0.18	0.04	0.12	0.66	0.03	0.03	0.14	0.51	0.26	0.47	0.12	0.21	0.19	0.31	0.13	0.02	0.57	0.04	0.48	0.32	0.11	0.17	0.44	0.09	0	0.14	0.59	0.31	0.32	0.05	0.02	0.17	0.03	0.19
0.46	0.02	0.47	0.33	0.13	0.24	0.17	1.5	0.02	0	0.12	3.76	0.05	0.08	0.36	0.21	0.05	0.35	0.33	0.27	0.05	0.45	0.19	0.14	0.14	0.03	0.12	0.03	0.69	0.43	0.11	0.59	0.1	0.13	0.87	0.2	0.03	0.42	0.11	0.21	0.03	0.13	0.42	0.14	0.43	0.5	0.22	0.46	0.6	0.4	0.04	0.19	0.02	0.22	0.9	0.12	0	0.4	0.9	0.4	0.17	0.61	0.43	0.26	0.2	0.54	0.04	0.15	0.42	0.01	0.04	0.17	0.14	0.3	0.03	0.12	1.38	0.58	0.32	0.05	0.16	0.16	0.49	0.56	0.59	0.13	0.2	0.2	0.42	0.02	0.33	0.86	0.09	0.43	0.05	0.42	0.05	0.03	0.24
0.01	0.13	0.15	0.16	0.02	0.31	0.01	0.12	0.12	0.45	0	0.89	0.12	0.1	0.25	0.46	0.14	0.26	0.22	0.14	0.14	0.03	0.46	0.03	0.03	0.11	0.16	0.16	1.47	0.97	0.39	0.27	0.15	0.3	0.11	0.08	0.13	0.8	0.01	0.03	0.14	0.29	0.12	0.03	0.03	0.02	0.37	0.67	0.22	0.02	0.13	0.07	0.37	0.05	0.48	0.01	0.12	0.13	0.03	0.02	0.12	0.86	0.23	0.48	0.36	0.31	0.14	0.01	0.14	0.49	0.13	0.03	0.1	0.19	0.11	0.03	0.03	0.08	0.43	0.24	0.38	0.02	0.12	0.5	0.21	0.03	0.08	0.06	0.01	0.49	0.41	0.19	0.12	0.22	0.16	0.44	0.41	0.64	0.23
0.84	0.32	0.92	5.34	1.88	3.49	0.21	1.69	1.48	4.11	1.85	6.43	1.93	0.4	0.55	5.86	3.17	2.74	4.61	1.18	0.76	1.55	9.57	0.51	0.94	5.14	0.31	0.75	1.76	1.96	6.81	3.28	1.46	0.95	0.84	2.24	1.67	3.75	4.95	0.93	2.23	10.5	0.55	1.16	1.39	9.95	0.32	0.75	0.85	1.74	3.17	0.19	0.32	1.48	9.56	2.03	0.34	1.56	1.01	3.03	0.49	1.74	10.2	0.32	0.2	0.99	0.47	1.17	1.87	10.2	0.71	2.6	0.24	1.75	1.57	1.34	1.51	4.45	1.65	0.4	0.83	2.22	0.33	14	0.49	8.3	4.55	0.17	1.52	2.35	0.2	2.43	2.4	1.81	0.34	0.32	1.96	7.78	3.53
0.11	0.42	0.16	0.28	0.13	0.26	0.12	0.42	0.42	0.05	0.12	9.64	0	0.06	0.46	0.6	0.07	0.31	0.46	0.14	0.13	0.14	0.2	0.14	0.16	0.05	0.06	0.07	1.25	0.01	0.11	0.15	0.11	0.12	0.44	0.57	0.02	0.19	0.11	0.15	0.05	0.12	0.04	0.98	0.14	0.13	0.22	0.36	0.32	0.17	0.09	0.2	0.03	0.41	0.41	0.11	0.05	0.04	0.16	0.66	0.04	0.12	0.06	0.45	0.46	0.17	0.26	0.69	0.07	0.06	0.04	0.14	0.42	0.88	0.1	0.47	0.15	0.23	0.31	0.25	0.48	0.15	0.01	0.3	0.36	0.13	0.18	0.48	0.11	0.03	0.13	0.48	0	1.09	0.83	0.04	0.68	0.04	0.27
0.1	0.44	0.08	0.21	0.11	0.24	0.94	0.03	0.01	0.03	0.13	2.46	0.05	0	0.37	0.45	0.21	0.21	0.34	0.05	0.45	0.13	0.19	0.12	0.12	0.01	0.03	0.05	1.04	0.81	0.5	0.46	0.03	0.11	0.38	0.56	0.03	0.04	0.11	0.19	0.04	0.12	0.04	0.14	0.47	0.13	0.59	0.77	0.34	0.28	0.47	0.19	0.03	0.18	0.06	0.12	0.03	0.04	0.47	0.1	0.58	0.78	0.04	0.3	0.16	0.48	0.08	0.42	0.25	0.04	0.05	0.18	0.13	0.98	0.23	0.13	0.19	0.16	0.48	0.05	0.03	0.99	0.06	0.2	0.29	0.49	0.19	0.14	0.12	0.01	0.12	0.5	0.05	0.5	4.01	0.04	0.08	0.07	0.53
0.44	0.36	0.48	0.4	0.28	0.34	0.44	0.38	0.35	0.64	0.26	1.88	0.57	0.47	0	0.16	0.4	0.45	0.47	0.49	0.95	0.31	0.17	0.25	0.58	0.38	0.77	0.47	0.39	0.69	0.22	0.18	0.38	0.48	0.59	0.48	0.35	0.68	0.58	0.48	0.52	0.41	0.48	0.28	0.25	0.48	0.36	1.07	0.34	0.23	0.48	0.18	0.36	0.49	0.41	0.26	0.45	0.99	0.49	0.23	0.39	0.26	0.5	0.37	0.19	0.17	0.38	0.49	0.4	0.39	0.37	0.59	0.49	0.22	0.74	0.23	0.27	0.5	0.04	0.34	0.37	0.49	0.7	0.18	0.9	0.4	0.18	0.9	0.9	0.48	0.24	0.23	0.4	0.5	7.63	0.6	0.6	0.91	0.41
0.32	0.21	0.47	0.67	0.13	0.25	0.09	0.21	0.2	0.42	0.1	3.89	0.2	0.49	0.49	0	0.6	0.7	0.16	0.41	0.2	0.07	0.41	0.09	0.09	0.19	0.23	0.24	0.42	0.42	0.07	0.3	0.21	0.12	0.48	0.02	0.21	0.35	0.09	0.44	0.4	0.06	0.21	0.45	0.29	0.13	0.21	0.3	0.57	0.1	0.67	0.03	0.23	0.11	0.26	0.28	0.27	0.99	0.03	0.08	0.46	0.14	0.23	0.21	0.05	0.01	0.5	0.1	0.25	0.4	0.23	0.4	0.13	0.13	0.4	0.07	0.51	0.03	0.41	0.2	0.27	0.41	0.51	0.02	0.72	0.92	0.03	0.06	0.07	0.42	0.42	0.7	1.43	0.92	0.26	0.51	1.43	0.93	0.17
0.15	0.04	0.11	0.04	0.15	0.22	0.14	0.07	0.18	0.05	0.48	2.74	0.07	0.05	0.4	0.4	0	0.53	0.3	0.15	0.08	0.41	0.22	0.18	0.18	0.37	0.41	0.35	0.12	0.42	0.29	0.18	0.05	0.16	0.06	0.73	0.05	0.04	0.43	0.24	0.05	0.15	0.04	0.44	0.18	0.18	0.31	0.67	0.45	0.12	0.16	0.49	0.04	0.21	0.08	0.23	0.05	0.04	0.55	0.15	0.05	0.14	0.02	0.36	0.46	0.18	0.03	0.46	0.03	0.06	0.06	0.46	0.15	0.5	0.05	0.16	0.24	0.46	0.92	0.31	0.07	0.47	0.08	0.47	0.29	0.14	0.24	0.47	0.15	0.15	0.17	0.35	0.48	1.48	0.04	0.05	0.04	0.05	0.98
0.47	0.28	0.98	0.48	0.23	0.11	0.25	0.22	0.19	0.48	0.25	10.9	0.48	0.42	0.52	0.2	0.22	0.01	0.37	0.18	0.36	0.4	0.42	0.43	0.25	0.21	0.53	0.22	0.56	0.48	0.26	0.2	0.5	0.53	1.55	0.18	0.43	0.23	0.51	0.27	0.19	0.25	0.43	0.48	0.43	0.23	0.44	0.94	0.32	0.24	0.95	0.45	0.18	0.55	0.45	0.41	0.55	0.65	0.2	0.26	0.2	0.75	0.45	0.55	0.23	0.18	0.55	0.25	0.22	0.21	0.19	0.55	0.23	0.09	0.19	0.27	0.45	0.19	0.26	0.55	0.21	0.55	0.27	0.24	0.42	0.27	0.18	0.22	0.26	0.2	0.24	0.47	0.96	0.06	0.22	0.19	0.21	0.47	0.33
0.51	0.49	0.29	0.52	0.61	0.11	0.23	0.52	0.37	0.29	0.22	2.83	0.39	0.52	0.33	0.42	0.29	0.43	0	0.23	0.75	0.21	0.24	0.41	0.23	0.87	0.54	0.46	0.7	0.34	0.23	0.19	0.3	0.43	0.34	0.17	0.23	0.51	0.62	0.24	0.26	0.22	0.22	0.62	0.23	0.22	0.35	0.71	0.32	0.23	0.24	0.17	0.25	0.25	0.4	0.24	0.31	0.27	0.49	0.34	0.35	0.5	0.66	0.39	0.2	0.18	0.29	0.24	0.79	0.3	0.24	0.23	0.22	0.05	0.91	0.41	0.23	0.29	0.26	0.33	0.35	0.25	0.57	0.16	0.78	0.39	0.48	0.21	0.22	0.45	0.23	0.15	0.34	0.05	1.26	0.21	0.28	0.22	0.04
0.12	0.16	0.52	0.05	0.13	0.24	0.12	0.33	0.03	0.03	0.43	14	0.03	0.04	0.36	0.97	0.13	1.17	0.23	0	0.06	0.16	0.46	0.14	0.46	0.04	0.03	0.05	1.57	0.04	0.11	0.56	0.11	0.15	0.04	0.47	0.01	0	0.09	0.22	0.02	0.11	0.48	0.48	0.98	0.98	0.19	0.27	0.98	0.08	0.48	0.19	0.01	0.17	0.04	0.11	0.03	0.02	0.56	0.1	0.03	0.48	0.03	0.19	0.16	0.15	0.98	0.11	0.05	0.04	0.01	0.15	0.48	0.27	0.02	0.12	0.99	0.49	0.32	0.03	0.11	0.14	0.04	0.49	0.25	0.12	0.49	0.49	0.49	0.39	0.49	0.58	0.1	0.47	0.05	0.02	0.04	0.02	1.5
0.48	0.05	0.11	0.1	0.16	0.53	0.48	0.06	0.06	0.05	0.12	4.26	0.18	0.06	0.74	0.54	0.37	0.36	0.44	0.06	0	0.19	0.44	0.47	0.74	0.1	0.44	0.06	0.13	0.1	0.51	0.44	0.06	0.13	0.01	0.44	0.06	0.44	0.12	0.18	0.45	0.14	0.05	0.12	0.52	0.55	0.45	0.38	0.75	0.13	0.06	0.19	0.05	0.18	0.1	0.14	0.45	0.06	0.27	0.13	1.7	0.34	0.06	0.56	0.21	0.56	0.09	0.23	0.46	0.06	0.33	0.51	0.76	0.32	0.46	0.19	0.18	0.46	0.32	0.08	0.46	0.16	0.11	0.26	0.23	0.45	0.95	0.31	0.14	0.18	0.18	0.67	0.31	0.33	0.47	0.24	0.76	0.21	1.01
0.03	0.17	0.47	0.18	0.16	0.3	0.03	0.37	0.48	0.47	0.03	13.8	0.15	0.47	0.97	0.07	0.42	0.25	0.21	0.16	0.42	0	0.47	0.42	0.04	0.42	0.15	0.18	0.39	0.42	0.17	0.2	0.15	0.43	0.61	0.07	0.16	0.52	0.04	0.03	0.16	0.02	0.43	0.07	0.05	0.09	0.16	0.18	0.43	0.03	0.15	0.07	0.17	0.43	0.43	0.68	0.42	0.45	0.43	0.64	0.22	0.05	0.44	0.16	0.03	1.06	0.18	0.27	0.54	0.16	0.17	0.05	0.98	0.2	0.14	0.03	0.03	0.06	0.22	0.43	0.15	0.02	0.21	0.43	0.22	0.04	0.43	0.08	0.44	0.15	0.35	0.74	0.15	0.23	0.4	0.15	0.54	0.15	0.58
0.08	0.45	0.19	0.49	0.14	0.55	0.08	0.2	0.41	0.21	0.07	4.45	0.2	0.46	0.54	0.02	0.23	0.21	0.23	0.44	0.45	0.44	0	0.09	0.09	0.45	0.24	0.21	0.95	0.45	0.08	0.06	0.2	0.13	0.17	0.04	0.49	0.46	0.09	0.06	0.21	0.19	0.2	0.46	0.09	0.66	0.46	0.48	0.56	0.05	0.48	0.14	0.47	0.14	0.57	0.67	0.97	0.53	0.05	0.18	0.67	1.17	0.37	0.21	0.05	0.03	0.23	0.26	0.22	0.21	0.48	0.09	0.13	0.14	0.48	0.09	0.25	0.42	0.16	1.89	0.2	0.05	0.43	0.04	0.49	0.49	0.04	0.11	0.08	0.2	0.09	0.44	0.83	0.5	0.51	0.5	0.9	0.4	0.2
0.03	0.15	0.44	0.28	0.01	0.65	0.13	0.17	0.75	0.15	0.03	3.19	0.14	0.14	0.48	0.14	0.19	0.25	0.23	0.48	0.15	0.08	0.09	0	0.02	0.24	0.48	0.18	0.22	0.15	0.03	0.05	0.14	0.01	0.14	0.09	0.13	0.53	0.03	0.09	0.16	0.81	0.14	0.05	0.01	0.49	0.15	0.74	0.5	0.09	0.15	0.09	0.15	0.12	0.5	0.03	0.4	0.14	0.05	0.4	0.31	0.07	0.15	0.16	0.06	0.07	0.16	0.4	0.18	0.16	0.17	0.4	0.01	0.19	0.13	0.05	0.41	0.06	0.19	0.14	0.16	0.04	0.14	0.08	0.14	0.05	0.09	0.04	0.04	0.16	0.01	0.51	0.42	0.23	0.16	0.92	0.41	0.51	0.22
0.03	0.48	0.19	0.48	0.01	0.3	0.03	0.17	0.34	0.49	0.03	2.9	0.44	0.49	0.59	0.16	0.49	0.53	0.23	0.41	0.15	0.05	0.4	0.02	0	0.15	0.4	0.25	1.61	0.15	0.03	0.28	0.41	0.01	0.14	0.07	0.41	0.62	0.03	0.09	0.17	0.04	0.17	0.41	0.41	0.02	0.35	0.23	0.41	0.04	0.15	0.91	0.13	0.41	0.51	0.42	0.14	0.15	0.05	0.04	0.16	0.04	0.15	0.92	0.42	0.07	0.17	0.43	0.93	0.43	0.16	0.03	0.01	0.19	0.43	0.05	0.16	0.06	0.24	0.21	0.14	0.05	0.14	0.43	0.2	0.44	0.07	0.05	0.04	0.44	0.02	0.18	0.44	0.26	0.18	0.44	0.17	0.17	1.44
0.35	0	0.06	0.49	0.13	0.59	0.12	0.03	0.02	0.03	0.11	0.53	0.05	0.43	0.39	0.22	0.05	0.53	0.34	0.04	0.05	0.31	0.53	0.15	0.44	0	0.04	0.05	0.19	0.29	0.11	0.15	0.03	0.44	0.18	0.19	0.03	0.04	0.1	0.22	0.44	0.13	0.03	0.14	0.29	0.37	0.44	0.54	0.32	0.09	0.05	0.94	0.03	0.19	0.05	0.11	0.29	0.28	0.15	0.45	0.02	0.11	0.04	0.45	0.13	0.15	0.05	0.45	0.05	0.65	0.45	0.45	0.13	0.28	0.29	0.14	0.45	0.29	0.68	0.05	0.03	0.14	0.05	0.32	0.28	0.14	0.43	0.28	0.12	0.02	0.13	0.65	0.05	0.45	0.14	0	0.45	0	0.21
0.47	0.03	0.1	0.29	0.14	0.2	0.14	0.04	0.41	0.04	0.15	0.84	0.06	0.03	0.37	0.33	0.29	0.33	0.5	0.03	0.4	0.15	0.4	0.15	0.5	0.4	0	0.41	0.56	0.31	0.13	0.19	0.4	0.14	0.05	0.21	0.04	0.77	0.4	0.59	0.03	0.13	0.26	0.16	0.39	0.15	0.61	0.13	0.35	0.1	0.04	0.39	0.02	0.16	0.06	0.41	0.03	0.03	0.18	0.41	0.04	0.2	0	0.62	0.15	0.42	0.03	0.42	0.06	0.42	0.04	0.16	0.14	0.42	0.43	0.14	0.23	0.19	0.31	0.06	0.42	0.43	0.06	0.19	0.28	0.42	0.47	0.41	0.12	0.35	0.4	0.45	0.43	0.43	0.02	0.43	0.02	0.03	0.54
0.15	0.04	0.12	0.43	0.15	0.61	0.21	0.02	0.04	0.02	0.17	0.62	0.14	0.05	0.48	0.23	0.23	0.4	0.31	0.75	0.08	0.2	0.48	0.17	0.17	0.05	0.05	0	0.47	0.08	0.5	0.19	0.31	0.15	0.92	0.21	0.12	0.05	0.14	0.41	0.41	0.15	0.17	0.18	0.47	0.41	0.24	0.52	0.61	0.12	0.05	0.52	0.04	0.2	0.08	0.15	0.02	0.04	0.18	0.14	0.42	0.14	0.05	0.24	0.17	0.43	0.07	0.14	0.43	0.02	0.06	0.27	0.49	0.3	0.05	0.15	0.46	0.19	0.34	0.46	0.07	0.18	0.08	0.21	0.49	0.16	0.51	0.49	0.13	0.05	0.16	0.4	0.07	0.37	0.07	0.05	0.07	0.05	0.22
0.51	0.11	0.2	0.13	0.41	0.3	0.17	0.71	0.1	0.1	0.17	5.07	0.84	0.36	0.39	0.96	0.46	0.5	0.75	0.09	0.13	0.19	2.36	1.46	0.95	0.45	0.12	0.12	0	0.14	0.4	0.8	1.97	1.47	0.39	0.47	0.09	0.49	0.35	0.23	0.1	0.55	0.47	0.16	0.67	0.18	0.35	0.69	0.39	0.47	0.57	0.58	0.1	0.21	0.13	0.17	0.1	0.47	0.2	0.16	0.11	0.23	0.11	0.31	0.18	0.24	0.12	0.17	0.48	0.48	0.11	0.22	0.48	0.78	0.38	0.53	0.55	0.48	0.99	0.47	0.48	0.53	0.51	0.24	1.08	0.17	0.25	0.48	0.17	0.09	0.41	0.35	0.13	0.48	0.13	0.1	0.13	0.48	0.42
0.58	0.06	0.1	0.85	0.14	0.54	0.49	0.06	0.05	0.06	0.13	1.52	0.01	0.17	0.35	0.47	0.27	0.57	0.34	0.04	0.57	0.15	0.54	0.14	0.15	0.48	0.07	0.08	1.14	0	0.48	0.48	0.36	0.46	0.09	0.58	0.04	0.04	0.59	0.48	0.48	0.12	0.05	0.49	0.22	0.28	0.23	0.31	0.33	0.19	0.4	0.21	0.04	0.17	0	0.12	0.25	0.43	0.16	0.13	0.4	0.12	0.07	0.62	0.15	0.18	0.08	0.41	0.37	0.41	0.05	0.41	0.13	0.92	0.42	0.42	0.16	0.43	0.62	0.01	0.04	0.42	0.62	0.43	0.43	0.15	0.47	0.34	0.43	0.05	0.15	0.43	0.06	1.14	0.08	0.43	0.3	0.06	0.46
0.02	0.35	0.56	0.14	0.46	0.31	0.02	0.12	0.1	0.12	0.02	3.53	0.43	0.11	0.48	0.08	0.14	0.26	0.23	0.39	0.48	0.2	0.08	0.24	0.04	0.12	0.12	0.13	0.49	0.12	0	0.04	0.11	0.49	0.38	0.08	0.1	0.1	0.01	0.24	0.44	0.03	0.1	0.01	0.18	0.09	0.31	0.44	0.34	0.01	0.28	0.08	0.09	0.05	0.32	0.01	0.11	0.11	0.04	0	0.11	0.4	0.28	0.15	0.04	0.08	0.41	0.24	0.13	0.13	0.11	0.41	0.27	0.18	0.09	0.03	0.41	0.07	0.41	0.12	0.12	0.03	0.12	0.08	0.42	0.03	0.08	0.15	0	0.11	0.03	0.19	0.93	0.23	0.77	0.26	0.46	0.47	0.41
0.04	0.15	0.56	0.21	0.1	0.46	0.04	0.18	0.14	0.25	0.03	5.12	0.15	0.14	0.18	0.41	0.18	0.39	1.41	0.17	0.4	0.33	0.42	0.05	0.05	0.14	0.42	0.21	0.22	0.16	0.04	0	0.53	0.73	0.15	0.43	0.16	0.48	0.05	0.44	0.17	0.08	0.44	0.44	0.45	0.1	0.17	0.31	0.45	0.05	0.28	0.03	0.16	0.46	0.5	0.05	0.45	0.46	0	0.05	0.14	0.06	0.54	0.17	0.53	0.03	0.17	0.39	0.21	1.07	0.16	0.06	0.68	0.38	0.48	0.09	0.04	0.03	0.17	0.51	0.17	0.03	1.09	0.59	0.23	0.31	0.03	0.09	0.04	0.99	0.05	0.14	0.16	0.32	0.3	0.6	0.19	0.34	0.5
0.39	0.02	0.11	0.46	0.15	0.62	0.28	0.37	0.02	0.01	0.14	4.2	0.05	0.03	0.38	0.21	0.05	0.42	0.3	0.41	0.06	0.15	0.21	0.16	0.99	0.05	0.04	0.03	0.47	0.06	0.11	0.42	0	0.41	0.05	0.2	0.03	0.03	0.31	0.41	0.16	0.12	0.03	0.16	0.18	0.15	0.42	0.28	0.33	0.18	0.41	0.24	0.42	0.18	0.06	0.83	0.32	0.03	0.72	0.39	0.04	0.62	0.04	0.22	0.19	0.94	0.05	0.43	0.05	0.01	0.04	0.49	0.45	0.52	0.04	0.42	0.23	0.19	0.68	0.05	0.41	0.2	0.06	0.2	0.49	0.14	0.63	0.17	0.11	0.03	0.2	0.32	0.05	0.34	0.43	0.28	0.2	0.03	0.34
0.02	0.45	0.45	0.15	0	0.29	0.02	0.34	0.11	0.45	0.44	7.41	0.12	0.13	0.58	0.12	0.48	0.23	0.48	0.78	0.39	0.09	0.19	0.07	0.13	0.11	0.15	0.49	0.49	0.15	0.49	0.12	0.13	0	0.12	0.09	0.12	0.32	0.59	0.09	0.13	0.08	0.14	0.04	0.49	0	0.13	0.39	0.49	0.49	0.14	0.13	0.14	0.16	0.45	0.02	0.47	0.49	0.09	0.06	0.99	0.26	0.14	0.13	0.16	0.06	0.5	0.02	0.41	0.15	0.43	0.02	0	0.58	0.12	0.09	0.15	0.4	0.53	0.13	0.4	0.08	0.13	0.06	0.93	0.09	0.06	0.03	0.1	0.12	0.01	0.18	0.4	0.21	0.16	0.43	0.4	0.31	0.4
0.14	0.39	0.26	0.08	0.13	0.47	0.1	0.45	0.09	0.98	0.47	4.77	0.07	0.04	0.35	0.19	0.06	0.46	0.34	0.19	0.01	0.56	0.17	0.14	0.42	0.04	0.86	0.05	0.12	0.13	0.11	0.16	0.05	0.12	0	0.17	0.04	0.04	0.46	0.16	0.04	0.13	0.03	0.13	0.45	0.14	0.26	0.45	0.33	0.45	0.04	0.45	0.03	0.52	0.08	0.13	0.05	0.11	0.14	0.26	0.05	0.53	0.45	0.26	0.54	0.19	0.45	0.11	0.06	0.06	0.04	0.46	0.21	0.29	0.05	0.55	0.17	0.18	0.95	0.13	0.45	0.15	0.08	0.18	0.33	0.22	0.17	0.15	0.44	0.06	0.15	0.61	0.07	0.32	0.44	0.44	0.07	0.05	1.04
0.07	0.2	0.21	0.21	0.06	0.23	0.07	0.37	0.42	0.19	0.08	1.87	0.97	0.36	0.18	0.02	0.21	0.18	0.17	0.47	0.53	0.47	0.04	0.12	0.07	0.19	0.48	0.46	0.25	0.19	0.28	0.03	0.19	0.48	0.57	0.01	0.19	0.19	0.08	0.09	0.22	0.48	0.48	0.49	0.22	0.15	0.48	0.76	0.35	0.07	0.18	0.04	0.48	0.11	0.19	0.48	0.19	0.49	0.04	0.09	0.19	0.48	0.44	0.48	0.05	0.28	0.22	0.07	0.48	0.2	0.19	0.09	0.06	0.1	0.58	0.1	0.9	0.01	0.13	0.49	0.28	0.37	0.27	0	0.48	0.4	0.01	0.04	0.49	0.19	0.09	0.5	0.59	0.15	0.22	0.59	0.23	0.59	0.16
0.35	0.02	0.08	0.2	0.41	0.23	0.11	0.28	0.02	0.03	0.11	1.01	0.02	0.43	0.35	0.2	0.05	0.18	0.44	0.01	0.06	0.15	0.18	0.13	0.43	0.27	0.21	0.15	0.09	0.19	0.43	0.16	0.04	0.43	0.04	0.19	0	0.19	0.09	0.2	0.28	0.1	0.02	0.12	0.31	0.15	0.3	0.26	0.44	0.37	0.4	0.37	0.01	0.14	0.07	0.21	0.03	0.02	0.14	0.08	0.02	0.46	0.4	0.55	0.16	0.21	0.04	0.46	0.39	0.39	0.17	0.19	0.65	0.29	0.01	0.1	0.2	0.16	0.96	0.02	0.03	0.39	0.25	0.22	0.46	0.46	0.18	0.14	0.08	0.02	0.14	0.54	0.03	0.34	0.05	0.02	0.05	0.02	0.47
0.46	0.02	0.96	0.05	0.45	0.53	0.45	0.04	0.02	0.03	0.46	11.8	0.03	0.43	0.39	0.94	0.44	0.44	0.23	0.01	0.94	0.44	0.44	0.13	0.44	0.26	0.03	0.44	0.46	0.04	0.44	0.45	0.23	0.15	0.04	0.45	0.95	0.01	0.95	0.2	0.03	0.46	0.07	0.42	0.15	0.97	0.19	1.46	0.57	0.46	0.01	0.54	0.01	0.15	0.04	0.99	0.92	0.09	0.42	0.43	0.02	0.43	0.43	0.43	0.15	0.43	0.04	0.43	0.05	0.04	1.44	0.44	0.43	0.94	0.02	0.43	0.48	0.42	0.42	0.03	0.42	0.15	0.04	1.12	0.25	0.42	0.52	0.52	0.43	0.76	0.15	0.43	0.03	0.53	0.43	0.74	0.44	0.09	0.54
0.01	0.4	0.55	0.38	0.04	0.37	0.01	0.11	0.1	0.46	0.08	2.49	0.11	0.11	0.99	0.09	0.14	0.25	0.23	0.09	0.48	0.04	0.09	0.03	0.03	0.11	0.13	0.13	0.48	0.12	0.36	0.1	0.12	0.02	0.51	0.08	0.1	0.12	0	0.05	0.11	0.03	0.49	0.16	0.39	0.89	0.48	0.49	0.22	0.4	0.45	0.09	0.1	0.06	0.18	0	0.11	0.41	0.32	0	0.09	0.68	0.52	0.49	0.04	0.07	0.21	0.01	0.41	0.4	0.1	0.03	0.02	0.41	0.1	0.03	0.82	0.42	0.2	0.21	0.1	0.62	0.25	0.08	0.91	0.41	0.08	0.05	0.62	0.11	0.17	0.51	0.11	0.59	0.43	0.42	0.33	0.42	0.42
0.1	0.21	0.2	0.64	0.09	0.32	0.1	0.42	0.42	0.27	0.03	2.31	0.4	0.21	0.4	0.11	0.24	0.27	0.24	0.52	0.42	0.23	0.06	0.09	0.09	0.45	0.48	0.23	0.24	0.16	0.04	0.33	0.21	0.09	0.16	0.09	0.46	0.22	0.05	0	0.23	0.03	0.57	0.44	0.16	0.11	0.47	0.71	0.54	0.04	0.98	0.05	0.22	0.08	0.49	0.26	0.23	0.46	0.94	0.05	0.23	0.91	0.23	0.49	0.01	0.05	0.5	0.1	0.61	0.23	0.23	0.2	0.09	0.41	0.21	0.09	0	0.42	0.21	0.24	0.23	0.42	0.16	0.09	0.47	0.03	0.43	0.41	0.04	0.2	0.09	0.21	0.15	0.53	0.39	0.53	0.23	0.44	0.24
0.12	0.4	0.09	0.62	0.15	0.62	0.13	0.27	0.03	0.03	0.12	5.1	0.36	0.47	0.37	0.23	0.06	0.48	0.27	0.02	0.21	0.36	0.2	0.14	0.31	0.49	0.29	0.05	0.1	0.06	0.9	0.18	0.4	0.51	0.04	0.22	0.03	0.02	0.1	0.61	0	0.12	0.02	0.14	0.17	0.23	0.24	0.61	0.71	0.16	0.02	0.18	0.36	0.52	0.05	0.1	0.03	0.18	0.2	0.1	0.04	0.45	0.43	0.43	0.16	0.87	0.04	0.13	0.07	0.04	0.08	0.16	0.13	0.28	0.47	0.11	0.21	0.18	0.48	0.07	0.39	0.18	0.05	0.22	0.27	0.13	0.48	0.48	0.1	0.1	0.27	0.41	0.12	0.48	0.05	0.02	0.22	0.04	0.19
0.03	0.44	0.15	0.4	0.28	0.3	0.03	0.12	0.22	0.13	0.02	3.14	0.11	0.13	0.47	0.06	0.15	0.26	0.22	0.14	0.14	0.03	0.08	0.41	0.04	0.45	0.2	0.13	0.52	0.39	0.03	0.07	0.13	0.46	0.13	0.09	0.34	0.28	0.41	0.27	0.13	0	0.12	0.05	0.11	0.08	0.2	0.36	0.23	0.01	0.54	0.48	0.11	0.05	0.48	0.48	0.19	0.1	0.07	0.04	0.11	0.7	0.13	0.17	0.02	0.08	0.48	0.03	0.15	0.12	0.13	0.04	0.08	0.18	0.11	0.01	0.03	0.07	0.58	0.12	0.43	0.02	0.76	0.34	0.35	0.01	0.09	0.08	0.04	0.48	0.04	0.23	0.12	0.22	0.14	0.39	0.31	0.12	0.48
0.12	0.01	0.45	0.3	0.26	0.37	0.13	0.03	0.32	0.02	0.49	2.17	0.11	0.04	0.66	0.22	0.04	0.4	0.22	0.02	0.31	0.19	0.51	0.51	0.14	0.03	0.28	0.31	0.41	0.05	0.1	0.45	0.03	0.41	0.03	0.2	0.42	0.4	0.11	0.22	0.01	0.13	0	0.5	0.49	0.14	0.2	0.19	0.33	0.41	0.31	0.2	0	0.28	0.05	0.1	0.02	0.01	0.43	0.11	1.41	0.91	0.03	0.24	0.16	0.17	0.04	0.41	0.41	0.03	0.18	0.29	0.13	0.28	0.03	0.41	0.22	0.19	0.33	0.04	0.41	0.23	0.05	0.2	0.26	0.31	0.2	0.17	0.1	0.03	0.13	0.41	0.04	0.33	0.05	0.02	0.61	0.01	0.22
0.03	0.15	0.48	0.42	0.48	0.56	0.39	0.17	0.48	0.14	0.03	0.46	0.11	0.13	0.56	0.15	0.16	0.27	0.25	0.14	0.12	0.06	0.11	0.05	0.05	0.19	0.18	0.19	1.19	0.68	0.11	0.07	0.15	0.04	0.12	0.2	0.18	0.47	0	0.16	0.15	0.18	0.79	0	0.06	0.2	0.23	0.33	0.24	0.31	0.31	0.1	0.13	0.4	0.12	0	0.15	0.3	0.41	0.01	0.13	0.81	0.16	0.41	0.06	0.07	0.16	0.03	0.17	0.18	0.12	0.05	0.41	0.19	0.14	0.04	0.14	0.41	0.52	0.42	0.16	0.07	0.11	0.1	0.23	0.04	0.1	0.07	0.01	0.42	0.05	0.55	0.53	0.43	5.86	0.12	0.84	0.12	0.31
0.03	0.13	0.18	0.18	0.02	0.3	0.03	0.15	0.13	0.19	0.03	4.86	0.42	0.14	0.42	0.42	0.43	0.41	0.23	0.14	0.15	0.05	1.02	0.52	0.03	0.42	0.92	0.16	0.42	0.42	0.04	0.92	0.42	0.01	0.14	0.09	0.13	0.14	0.42	0.42	0.52	0.05	0.42	0.06	0.01	0.48	0.15	0.42	0.52	0.52	0.39	0.42	0.17	0.41	0.42	0.05	0.52	0.43	0.91	0.91	0.13	0.29	0.27	0.41	0.05	0.4	0.16	0.51	0.2	0.17	0.21	0.41	0.41	0.4	0.41	0.93	0.1	0.41	0.41	0.25	0.5	0.05	0.4	0.42	0.59	0.05	0.09	0.07	1.41	0.37	0.41	0.54	0.14	0.42	0.17	0.41	0.16	0.14	0.46
0.02	0.13	0.17	0.15	0	0.29	0.02	0.17	0.13	0.13	0.02	2.07	0.12	0.13	0.67	0.31	0.15	0.96	0.23	0.14	0.16	0.09	0.46	0.01	0.01	0.11	0.14	0.47	0.56	0.32	0.09	0.97	0.13	0	0.14	0.06	0.47	0.15	0.02	0.47	0.15	0.09	0.47	0.04	0.47	0	0.15	0.47	0.2	0.23	0.48	0.13	0.14	0.1	0.13	0.16	0.48	0.15	0.09	0.1	0.13	0.42	0.14	0.15	0.09	0.07	0.37	0.02	0.17	0.14	0.45	0.01	0	0.49	0.49	0.09	0.09	0.05	0.23	0.12	0.14	0.08	0.21	0.06	0.15	0.5	0.06	0.09	0.1	0.23	0.01	0.5	0.12	0.41	0.9	0.4	0.18	0.14	0.4
0.89	0.34	0.31	0.4	0.15	0.42	0.15	0.47	0.41	0.21	0.71	4.77	0.34	0.48	0.48	0.21	0.23	0.36	0.35	0.59	0.28	0.49	0.21	0.15	0.14	0.22	0.22	0.24	0.5	1	0.15	0.2	0.43	0.13	0.5	0.19	0.2	0.42	0.15	0.53	0.42	0.21	0.2	0.35	0.15	0.43	0	0.5	0.33	0.18	0.43	0.21	0.19	1.06	0.22	0.37	0.43	0.2	0.43	0.16	0.53	0.64	0.22	0.01	0.43	0.21	0.23	0.46	0.43	0.22	0.2	0.14	0.15	0.43	0.23	0.22	0.44	0.43	0.94	0.44	0.23	0.26	0.44	0.54	0.07	0.22	0.19	0.45	0.16	0.21	0.15	0.95	0.45	0.45	0.35	0.2	0.46	0.28	0.6
0.53	0.73	0.53	0.58	0.44	0.51	0.74	0.34	0.37	1.34	0.44	2.71	0.31	0.49	0.56	0.5	0.5	0.47	0.9	0.41	0.35	0.71	0.34	0.3	0.61	0.71	0.3	0.61	0.92	0.43	0.25	0.5	0.19	0.42	0.05	0.45	0.32	0.63	0.41	0.56	0.24	0.28	0.2	0.36	0.64	0.44	0.64	0	0.94	0.44	0.21	0.41	0.22	0.84	0.94	0.73	0.28	0.32	0.47	0.62	0.34	0.31	0.45	1.25	0.4	0.66	0.31	0.56	0.37	0.51	0.46	0.46	0.56	0.5	0.58	0.37	0.48	0.47	0.84	0.57	0.47	0.63	0.58	0.37	0.5	0.73	0.47	0.68	0.48	0.54	0.41	0.49	0.38	0.99	0.31	0.28	0.66	0.68	0.9
0.46	0.39	0.36	0.37	0.2	0.56	0.51	0.34	0.31	0.34	0.46	3.8	0.65	0.33	0.45	0.53	0.37	0.32	0.32	0.72	0.37	0.27	0.18	0.47	0.95	0.34	0.68	0.37	0.67	0.46	0.23	0.17	0.33	0.45	0.95	0.44	0.41	0.44	0.22	0.24	0.35	0.44	0.33	0.24	0.44	0.34	0.94	0.94	0	0.22	0.44	0.18	0.34	0.26	0.84	0.22	0.43	0.34	0.17	0.23	0.32	0.34	0.36	0.72	0.19	0.43	0.36	0.23	0.37	0.43	0.35	0.21	0.43	0.25	0.76	0.24	0.24	0.36	0.02	0.44	0.35	0.44	0.34	0.14	0.39	0.24	0.43	0.18	0.23	0.33	0.21	0.26	0.41	0.32	0.51	0.33	0.43	0.36	0.49
0.45	0.31	0.24	0.2	0.44	0.45	0.02	0.11	0.45	0.11	0.02	1.35	0.45	0.14	0.23	1.35	0.45	0.4	0.23	0.08	0.13	0.03	0.05	0.76	0.04	0.46	0.1	0.22	0.29	0.38	0.01	0.05	0.11	0.02	0.67	0.35	0.46	0.08	0.01	0.04	0.46	0.01	0.23	0.3	0.39	0.03	0.54	0.47	0.22	0	0.47	0.07	0.09	0.04	0.19	0.01	0.19	0.09	0.05	0.01	0.1	0.01	0.1	0.15	0.27	0.48	0.15	0.02	0.13	0.48	0.09	0.04	0.03	0.69	0.1	0.05	0.04	0.49	0.3	0.18	0.12	0.14	0.49	0.23	0.14	0.01	0.69	0.49	0	0.43	0.04	0.18	0.18	0.52	0.32	0.09	0.39	0.11	0.29
0.5	0.5	0.25	0.05	0.13	0.5	0.33	0.04	0.47	0.03	0.95	5.48	0.03	0.97	0.43	0.44	0.74	0.5	0.23	0.5	0.18	0.55	0.2	0.13	0.49	0.03	0.12	0.45	2.15	0.04	0.44	0.53	0.41	0.12	0.12	0.5	0.01	0.01	0.41	0.53	0.02	0.46	0.03	0.12	0.3	0.44	0.46	0.54	0.77	0.22	0.45	0.5	0.01	0.99	0.04	0.48	0.33	0.02	0.15	0.48	0.02	0.43	0.41	0.2	0.14	0.14	0.05	0.5	0.05	0.23	0.18	0.53	0.51	0.56	0.05	0.12	0.49	0.49	0.45	0.05	0.41	0.43	0.03	0.44	0.26	0.49	0.52	0.17	0.09	0.02	0.15	0.47	0.03	0.46	0.05	0.03	0.05	0.03	0.41
0.08	0.18	0.45	0.21	0.45	0.25	0.08	0.2	0.45	0.19	0.07	2.92	0.58	0.19	0.48	0.07	0.21	0.37	0.17	0.19	0.26	0.07	0.27	0.09	0.09	0.16	0.2	0.99	0.23	0.23	0.08	0.04	0.19	0.13	0.49	0.04	0.41	0.18	0.46	0.05	0.51	0.08	0.2	0.1	0.1	0.13	0.2	0.5	0.49	0.07	0.41	0	0.19	0.1	0.21	0.41	0.44	0.41	0.03	0.28	0.18	0.12	0.2	0.42	0.42	0.11	0.21	0.24	1.02	0.42	0.19	0.1	0.13	0.14	0.18	0.09	0.05	0.23	0.55	0.53	0.19	0.73	0.21	0.04	0.44	0.09	0.04	0.08	0.08	0.22	0.44	0.39	0.44	0.37	3.57	0.19	0.22	0.44	0.45
0.47	0.01	0.09	0.04	0.14	0.23	0.11	0.02	0.02	0.02	0.13	2.15	0.03	0.42	0.37	0.42	0.04	0.48	0.25	0.22	0.05	0.5	0.2	0.15	0.14	0.64	0.02	0.04	0.09	0.44	0.24	0.16	0.02	0.14	0.03	0.44	0.01	0.31	0.1	0.22	0.01	0.11	0	0.13	0.64	0.65	0.74	0.31	0.39	0.74	0.03	0.17	0	0.31	0.18	0.5	0.02	0.01	0.16	0.11	0.03	0.11	0.02	0.2	0.45	0.15	0.03	0.11	0.04	0.03	0.36	0.14	0.14	0.51	0.02	0.1	0.2	0.58	0.59	0.41	0.04	0.14	0.07	0.19	0.25	0.1	0.18	0.22	0.11	0.02	0.14	0.46	0.04	0.6	0.33	0.01	0.04	0.01	0.19
0.09	0.15	0.45	0.61	0.08	0.73	0.07	0.17	0.18	0.37	0.07	8.84	0.16	0.55	0.27	0.49	0.2	0.28	0.44	0.17	0.19	0.05	0.19	0.06	0.47	0.16	0.31	0.18	0.21	0.16	0.4	0.11	0.16	0.15	0.17	0.11	0.14	0.33	0.09	0.08	0.48	0.08	0.46	0.09	0.07	0.07	0.17	0.46	0.47	0.06	0.2	0.11	0.14	0	0.17	0.06	0.15	0.15	0.07	0.09	0.56	0.09	0.3	0.2	0.44	0.44	0.22	0.1	0.21	0.21	0.22	0.08	0.09	0.26	0.97	0.46	0.08	0.07	0.26	0.16	0.43	0.43	0.5	0.09	0.19	0.11	0.13	0.95	0.07	0.48	0.21	0.23	0.17	0.33	0.21	0.2	0.9	0.4	0.27
0.13	0.05	0.25	0.08	0.13	0.27	0.12	0.45	0.07	0.06	0.45	5.23	0.01	0.42	0.35	0.39	0.08	1.42	0.34	0.42	0.1	0.16	0.21	0.42	0.15	0.05	0.06	0.31	0.13	0	0.12	0.42	0.42	0.13	0.42	0.4	0.03	0.06	0.12	0.16	0.42	0.12	0.06	0.11	1.22	0.42	0.22	0.42	0.33	0.42	0.04	0.25	0.32	0.27	0	0.12	0.18	0.05	0.16	0.12	0.04	0.42	0.06	0.22	0.34	0.18	0.07	0.12	0.08	0.07	0.42	0.14	0.42	0.48	0.18	0.42	0.29	0.57	0.32	1.39	0.03	0.42	0	0.2	0.34	0.13	0.19	0.19	0.42	0.04	0.45	0.31	0.01	0.34	0.08	0.05	0.98	0.05	0.59
0.01	0.12	0.14	0.14	0.03	0.32	0.01	0.43	0.46	0.18	0.01	5.39	0.11	0.48	0.29	0.9	0.48	0.38	0.24	0.12	0.13	0.05	0.21	0.04	0.03	0.1	0.13	0.49	0.49	0.5	0.01	0.4	0.11	0.23	0.64	0.34	0.09	0.09	0	0.05	0.5	0.04	0.11	0	0.54	0.02	0.61	0.41	0.22	0.01	0.41	0.09	0.51	0.1	0.12	0	0.13	0.1	0.12	0.01	0.11	0.26	0.41	0.15	0.07	0.07	0.41	0.41	0.22	0.5	0.1	0.04	0.41	0.18	0.09	0.03	0.19	0.46	0.88	0.11	0.16	0.04	0.35	0.3	0.21	0.2	0.08	0.41	0.01	0.1	0.17	0.41	0.22	0.6	0.44	0.1	0.34	0.34	0.27
0.13	0.43	0.1	0.43	0.44	0.44	0.13	0	0.02	0	0.12	3.28	0.05	0.03	0.38	0.47	0.05	0.2	0.57	0.03	0.06	0.15	0.47	0.14	0.16	0.03	0.98	0.02	0.1	0.18	0.12	0.18	0.01	0.14	0.05	0.47	0.03	0.24	0.1	0.47	0.08	0.68	0.02	0.16	0.48	0.26	0.22	0.52	0.48	0.48	0.3	0.19	0.02	0.16	0.39	0.48	0	0.07	0.16	0.58	0.03	0.48	0.03	0.22	0.16	0.16	0.05	0.12	0.49	0.39	0.04	0.17	0.49	0.28	0.03	0.15	0.23	0.19	0.32	0.05	1.9	0.26	0.49	0.19	0.28	0.5	0.5	0.16	0.12	0.03	0.49	0.3	0.35	0.7	1	0.5	0.05	0.36	0.2
0.86	0.02	0.46	0.36	0.13	0.23	0.56	0.03	0.03	0.03	0.12	3.55	0.04	0.04	0.36	1.1	0.7	0.26	0.61	0.18	0.06	0.46	0.9	0.4	0.15	0.03	0.03	0.4	0.09	0.14	0.1	0.18	0.03	0.14	0.04	0.19	0.38	0.01	0.09	0.24	0.23	0.41	0.01	0.35	0.35	0.41	0.2	0.35	0.91	0.41	0.02	0.51	0.01	0.16	0.05	0.26	0.03	0	0.17	0.49	0.03	0.73	0.03	0.2	0.16	0.16	0.04	0.42	0.04	0.43	0.92	0.42	0.21	0.42	0.36	0.12	0.24	0.22	0.46	0.04	0.04	0.42	0.11	0.3	0.26	0.14	0.2	0.19	0.11	0.09	0.15	0.31	0.21	0.34	0.05	0.42	0.04	0.01	0.19
0.04	0.31	0.22	0.64	0.1	0.25	0.44	0.45	0.14	0.15	0.94	3.71	0.55	0.45	0.18	0.03	0.19	0.45	0.2	0.15	0.76	0.04	0.26	0.05	0.05	0.14	0.18	0.46	0.2	0.38	0.04	0.46	0.17	0.09	0.15	0.19	0.14	0.17	0.05	0.04	0.16	0.08	0.46	0.08	0.46	0.09	0.47	0.98	0.47	0.27	0.38	0.32	0.16	0.47	0.17	0.05	0.17	0.48	0	0.05	0.14	0.58	0.18	0.56	0.04	0.03	0.17	0.39	0.18	0.18	0.49	0.05	0.16	0.13	0.16	0.09	0.04	0.04	0.17	0.15	0.16	0.12	0.16	0.5	0.23	0.09	0.04	0.09	0.4	0.14	0.05	0.14	0.16	0.6	0.23	0.17	0.5	0.55	0.22
0.02	0.42	0.14	0.21	0.49	1.02	0.02	0.13	0.92	0.11	0.02	0.94	0.44	0.19	0.44	0.09	0.16	0.43	0.23	0.43	0.26	0.04	0.09	0.35	0.04	0.19	0.43	0.14	0.43	0.13	0.21	0.31	0.21	0.07	0.12	0.09	0.09	0.46	0	0.11	0.1	0.04	0.46	0.01	0.04	0.1	0.16	0.49	0.23	0.01	0.35	0.46	0.1	0.08	0.12	0.02	0.47	0.1	0.05	0	0.37	0.91	0.13	0.16	0.04	0.07	0.29	0.02	0.14	0.14	0.48	0.04	0.1	0.19	0.22	0.04	0.2	0.07	0.23	0.12	0.14	0.07	0.13	0.4	1	0.5	0.09	0.4	0.01	0.1	0.04	0.2	0.4	0.4	0.13	0.12	0.13	0.27	0.5
0.11	0.15	0.09	0.07	0.12	0.24	0.1	0.3	0.02	0.38	0.12	1.47	0.31	0.01	0.38	0.2	0.05	0.2	0.39	0.03	0.07	0.16	0.52	0.13	0.13	0.02	0.33	0.05	0.11	0.05	0.11	0.14	0.03	0.48	0.05	0.17	0.02	0.58	0.11	0.27	0.04	0.17	0.03	0.13	0.47	0.14	0.21	0.42	0.33	0.1	0.23	0.18	0.03	0.15	0.3	0.09	0.03	0.03	0.14	0.43	0	0.5	0.04	0.21	0.15	0.16	0.05	0.12	0.65	0.04	0.04	0.13	0.12	0.27	0.01	0.12	0.2	0.16	0.42	0.09	0.03	0.46	0.04	0.54	0.27	0.12	0.38	0.15	0.1	0.46	0.5	0.55	0.08	0.33	0.26	0.91	0.21	0.03	0.2
0.02	0.98	0.48	0.99	0.03	1.85	0.02	0.11	0.09	0.96	0.02	5.45	0.94	0.94	0.44	0.44	0.44	0.93	0.44	0.43	0.44	0.43	0.95	0.93	0.43	0.43	0.43	0.43	0.42	0.43	1.73	0.42	0.42	0.42	0.42	0.42	0.47	0.92	0	0.42	0.91	0.41	0.41	0.01	0.92	0.91	1.41	0.41	0.41	0.41	0.41	0.41	0.41	0.06	0.5	0	0.49	0.49	4.69	0.02	0.51	0.02	0.47	0.47	0.05	0.97	0.98	0.47	0.97	0.47	0.97	0.04	0.03	0.97	0.47	0.04	0.05	0.47	0.47	0.47	0.47	0.04	0.46	0.46	0.56	0.04	0.46	0.41	0.01	0.46	0.03	0.46	0.46	0.99	0.96	0.46	0.46	0.46	0.46
0.14	0.03	0.1	0.02	0.14	0.2	0.13	0.04	0.03	0.03	0.14	2.47	0.42	0.03	0.37	0.36	0.02	0.44	0.28	0.37	0.06	0.17	0.23	0.34	0.16	0.28	0.01	0.06	0.11	0.32	0.12	0.48	0.04	0.15	0.05	0.19	0.03	0.03	0.13	0.22	0.42	0.12	0.03	0.16	0.15	0.3	0.22	0.48	0.36	0.1	0.04	0.6	0.02	0.19	0.06	0.11	0.43	0.03	0.37	0.83	0.04	0.43	0	0.22	0.18	0.17	0.01	0.15	0.27	0.05	0.04	0.41	0.27	0.43	0.04	0.13	0.22	0.56	0.52	0.43	0.05	0.43	0.42	0.21	0.28	0.13	0.58	0.16	0.13	0.43	0.14	0.53	0.06	0.56	0.02	0.43	0.02	0.03	0.93
0.66	0.21	0.3	0.46	0.13	0.42	0.15	0.48	0.21	0.66	0.15	4.82	0.4	0.23	0.37	0.51	0.23	0.38	0.91	0.19	0.29	0.16	0.45	0.16	0.41	0.61	0.22	0.51	0.34	0.42	0.15	0.35	0.56	0.13	0.24	0.19	0.19	0.52	0.15	0.21	0.38	0.2	0.21	0.17	0.15	0.12	0.01	0.45	0.55	0.15	0.51	0.42	0.31	0.17	0.22	0.15	0.55	0.2	0.42	0.16	0.21	0.16	0.22	0	0.18	0.42	0.23	0.15	0.24	0.36	0.32	0.43	0.27	0.52	0.21	0.22	0.21	0.18	0.31	0.43	0.23	0.63	0.22	0.18	0.07	0.21	0.19	0.76	0.16	0.21	0.43	0.67	0.28	0.75	0.23	0.53	0.43	0.21	0.34
0.03	0.44	0.19	0.44	0.09	0.28	0.03	0.15	0.23	0.16	0.03	2.98	0.34	0.13	0.41	0.04	0.27	0.23	0.21	0.16	0.47	0.03	0.32	0.04	0.04	0.13	0.16	0.17	1.26	0.16	0.04	0.04	0.57	0.06	0.15	0.05	0.13	0.15	0.04	0.01	0.18	0.03	0.48	0.06	0.05	0.09	0.19	0.31	0.48	0.04	0.69	0.05	0.49	0.07	0.16	0.18	0.16	0.15	0.04	0.04	0.14	0.35	0.28	0.16	0	0.05	0.99	0.03	0.33	0.49	0.17	0.12	0.09	0.49	0.14	0.04	0.01	0.36	0.51	0.5	0.14	0.01	0.32	0.05	0.18	0.03	0.05	0.06	0.41	0.4	0.12	0.16	0.29	0.4	0.17	0.14	0.54	0.4	0.91
0.07	0.47	0.2	0.47	0.07	0.22	0.47	0.62	0.18	0.34	0.25	2.49	0.18	0.15	0.55	0.01	0.18	0.18	0.48	0.55	0.25	0.05	0.76	0.23	0.07	0.15	0.17	0.18	0.51	0.19	0.07	0.25	0.16	0.67	0.18	0.33	0.14	0.51	0.07	0.05	0.16	0.48	0.45	0.07	0.88	0.07	0.58	0.44	0.15	0.08	0.48	0.03	0.24	0.48	0.18	0.07	0.21	0.29	0.03	0.07	0.45	0.08	0.48	0.47	0.07	0	0.18	0.07	0.58	0.17	0.15	0.08	0.27	0.12	0.48	0.48	0.05	0.02	0.44	0.18	0.17	0.06	0.18	0.01	0.48	0.07	0.01	0.05	0.08	0.18	0.09	0.37	0.46	0.28	0.48	0.16	0.19	0.68	0.48
0.15	0.04	0.19	0.47	0.16	0.21	0.16	0.05	0.05	0.04	0.14	0.54	0.07	0.4	0.41	0.62	0.03	0.42	0.29	0.14	0.14	0.17	0.61	0.19	0.41	0.05	0.02	0.23	0.12	0.08	0.15	0.19	0.05	0.16	0.06	0.21	0.05	0.04	0.42	0.25	0.29	0.15	0.04	0.17	0.42	0.16	0.23	0.35	0.36	0.43	0.37	0.22	0.03	0.81	0.07	0.51	0.19	0.08	0.19	0.43	0.05	0.19	0.03	0.23	0.19	0.18	0	0.43	0.01	0.06	0.05	0.38	0.43	0.63	0.05	0.17	0.23	0.43	0.44	0.07	0.54	0.16	0.07	0.35	0.29	0.17	0.44	0.19	0.13	0.05	0.54	0.33	0.47	0.37	0.04	0.04	0.03	0.04	0.21
0.4	0.5	0.15	0.54	0.02	0.3	0	0.14	0.12	0.52	0.01	0.93	0.12	1.41	0.25	0.1	0.14	0.25	0.22	0.56	0.13	0.04	0.42	0.91	0.41	0.1	0.13	0.48	0.42	0.13	0.02	0.41	0.32	0.02	0.11	0.08	0.1	0.92	0.35	0.24	0.13	0.03	0.11	0.03	0.42	0.42	0.52	0.35	0.42	0.43	0.19	0.08	0.11	0.43	0.4	0.02	0.12	0.43	0.04	0.02	0.11	0.43	0.43	0.5	0.04	0.07	0.15	0	0.16	0.16	0.13	0.03	0.39	0.19	0.54	0.03	0.44	0.06	0.2	0.44	0.46	0.04	0.13	0.07	0.44	0.03	0.08	0.05	0.02	0.16	0.02	0.45	0.55	0.36	0.14	0.45	0.14	0.89	0.86
0.17	0.05	0.5	0.04	0.4	0.41	0.14	0.05	0.41	0.1	0.41	5.66	0.07	0.05	0.55	0.24	0.03	0.22	0.83	0.44	0.11	0.18	0.44	0.16	0.18	0.05	0.03	0.44	0.12	0.09	0.32	0.43	0.44	0.15	0.12	0.23	0.05	0.24	1.27	0.25	0.05	0.46	0.04	0.46	0.19	0.15	0.57	0.25	0.67	0.13	0.08	0.47	0.04	0.18	0.08	0.14	0.05	0.33	0.2	0.15	0.38	0.43	0.04	0.24	0.49	0.37	0.01	0.91	0	0.06	0.06	0.16	0.42	0.31	0.06	0.16	0.26	0.2	0.33	0.47	0.42	0.29	0.08	0.62	0.32	0.37	0.24	0.42	0.13	0.06	0.43	0.35	0.32	0.37	0.27	0.43	0.25	0.05	0.22
0.13	0.03	0.34	0.07	0.16	0.45	0.48	0.02	0.03	0.02	0.13	0.81	0.06	0.04	0.37	0.23	0.06	0.92	0.32	0.04	0.4	0.48	0.45	0.15	0.52	0.04	0.04	0.02	0.36	0.07	0.52	0.18	0.01	0.5	0.14	0.6	0.04	0.64	0.46	0.23	0.04	0.14	0.03	0.52	0.16	0.15	0.22	0.27	0.35	0.12	0.04	0.21	0.03	0.17	0.15	0.11	0.02	0.05	0.18	0.12	0.05	0.13	0.04	0.23	0.17	0.16	0.06	0.43	0.06	0	0.05	0.54	0.43	0.29	0.38	0.43	0.22	0.58	0.32	0.06	0.43	0.53	0.07	0.41	0.43	0.15	0.2	0.17	0.44	0.21	0.55	0.5	0.44	0.35	0.06	0.25	0.05	0.03	0.21
0.4	0.03	0.09	0.4	0.15	0.25	0.46	0.04	0.03	0.04	0.13	1.03	0.27	0.05	0.59	0.3	0.05	0.3	0.24	0.13	0.62	0.17	0.2	0.15	0.16	0.05	0.55	0.06	0.1	0.27	0.35	0.45	0.55	0.45	0.27	0.21	0.02	0.82	0.1	0.23	0.03	0.11	0.03	0.13	0.34	0.77	0.26	0.32	0.5	0.09	0.02	0.2	0.02	0.45	0.45	0.21	0.04	0.02	0.32	0.45	0.04	0.37	0.04	0.37	0.15	0.46	0.05	0.13	0.06	0.05	0	0.18	0.15	0.28	0.03	0.12	0.46	0.46	0.32	0.04	0.08	0.16	0.05	0.19	0.26	0.46	0.25	0.18	0.1	0.04	0.15	0.56	0.24	0.7	0.06	0.03	0.05	0.03	0.19
0.03	0.15	0.42	0.92	0.01	0.3	0.03	0.14	0.42	0.52	0.42	4.1	0.14	0.41	0.25	0.09	0.18	0.72	0.51	0.15	0.17	0.41	0.09	0.01	0.03	0.46	0.42	0.19	0.19	0.15	0.07	0.05	0.16	0.01	0.15	0.09	0.14	0.43	0.11	0.09	0.15	0.04	0.15	0.05	0.06	0.01	0.14	0.36	0.44	0.28	0.16	0.38	0.14	0.07	0.14	0.03	0.14	0.17	0.33	0.04	0.13	0.6	0.16	0.14	0.65	0.12	0.48	0.03	0.19	0.15	0.49	0	0.25	0.49	0.22	0.05	0.46	0.46	0.29	0.5	0.46	0.06	0.15	0.08	0.19	0.05	0.24	0.04	0.26	0.67	0.01	0.23	0.16	0.23	0.48	0.52	0.17	0.28	0.58
0.02	0.49	0.49	0.18	0.49	0.29	0.16	0.46	0.16	0.13	0.02	0.57	0.12	0.37	0.27	0.15	0.15	0.4	0.4	0.47	0.47	0.47	0.13	0.01	0.01	0.11	0.48	0.47	0.18	1.09	0.49	0.1	0.13	0.4	0.14	0.06	0.52	0.12	0.23	0.09	0.15	0.41	0.31	0.07	0.02	0	0.15	0.42	0.42	0.03	0.5	0.3	0.12	0.07	0.13	0.41	0.16	0.51	0.09	0.41	0.13	0.41	0.41	0.25	0.09	0.06	0.15	0.02	0.18	0.43	0.13	0.23	0	0.94	0.44	0.09	0.09	0.44	0.74	0.13	0.13	0.44	0.13	0.06	0.54	0.44	0.06	0.13	0.1	0.44	0.01	0.44	0.12	1.04	0.44	0.13	0.44	0.13	0.23
0.94	0.28	0.3	0.47	0.18	0.11	0.18	0.28	0.27	0.3	0.45	7.89	0.27	0.5	0.22	0.13	0.32	0.09	0.05	0.61	0.41	0.2	0.52	0.19	0.19	0.28	0.41	0.31	0.35	0.29	0.21	0.13	0.42	0.18	0.29	0.1	0.27	0.27	0.18	0.2	0.31	0.42	0.27	0.19	0.2	0.18	0.36	0.74	0.82	0.2	0.35	0.14	0.43	0.63	0.28	0.18	0.28	0.27	0.13	0.19	0.27	0.19	0.28	0.58	0.19	0.45	0.56	0.19	0.44	0.43	0.54	0.93	0.43	0	0.25	0.19	0.5	0.12	0.6	0.53	0.28	0.43	0.55	0.1	0.35	0.3	0.43	0.15	0.19	0.27	0.19	0.23	0.6	0.4	0.6	0.28	0.66	0.35	0.41
0.1	0.29	0.2	0.26	0.5	0.24	0.1	0.03	0.9	0.03	0.12	5.54	0.03	0.4	0.38	0.2	0.45	0.19	0.5	0.02	0.06	0.53	0.2	0.9	0.19	0.02	0.04	0.4	0.1	0.04	0.4	0.16	0.04	0.12	0.05	0.49	0.07	0.22	0.1	0.61	0.17	0.42	0.42	0.35	0.72	0.15	0.23	0.42	0.33	0.42	0.36	0.19	0.07	0.17	0.3	0.1	0.42	0.03	0.16	0.92	0.01	0.64	0.04	0.53	0.43	0.16	0.05	0.43	0.06	0.04	0.23	0.52	0.44	0.25	0	0.12	0.44	0.16	0.31	0.03	0.04	0.15	0.81	0.5	0.44	0.11	0.54	0.84	0.1	0.02	0.44	0.29	0.03	0.59	0.29	0.03	0.06	0.03	0.87
0.04	0.12	0.57	0.25	0.2	0.32	0.03	0.13	0.49	0.29	0.15	8.86	0.28	0.14	0.23	0.2	0.15	0.51	0.22	0.11	0.16	0.04	0.4	0.22	0.17	0.14	0.15	0.14	0.22	0.28	0.03	0.09	0.15	0.16	0.18	0.47	0.11	0.43	0.04	0.04	0.48	0.01	0.12	0.04	0.23	0.09	0.22	0.39	0.24	0.26	0.29	0.09	0.12	0.07	0.43	0.04	0.54	0.45	0.09	0.03	0.11	0.26	0.13	0.22	0.25	0.47	0.16	0.2	0.14	0.27	0.98	0.06	0.14	0.19	0.11	0	0.4	0.09	0.46	0.13	0.14	0.07	0.41	0.42	0.28	0	0.1	0.09	0.14	0.11	0.36	0.19	0.13	0.23	5.9	0.12	0.97	0.47	0.45
0.1	0.21	0.19	0.23	0.09	0.55	0.45	0.21	0.19	0.21	0.45	0.47	0.15	0.19	0.61	0.45	0.26	0.27	0.23	0.5	0.47	0.46	0.39	0.35	0.09	0.3	0.22	0.58	0.23	0.16	0.04	0.36	0.49	0.09	0.17	0.09	0.21	0.22	0.41	0	0.21	0.03	0.61	0.44	0.43	0.09	0.24	0.51	0.23	0.43	0.43	0.05	0.22	0.06	0.16	0.05	0.46	0.45	0.04	0.04	0.2	0.05	0.25	0.24	0.01	0.47	0.23	0.34	0.23	0.25	0.22	0.09	0.09	0.48	0.2	0.03	0	0.29	0.48	0.72	0.23	0.01	0.16	0.09	0.51	0.04	0.09	0.07	0.04	0.21	0.44	0.21	0.15	0.5	0.64	0.22	1.44	0.94	0.46
0.06	0.94	0.22	0.2	0.44	0.54	0.06	0.18	0.43	0.43	0.06	5.7	0.46	0.49	0.18	0.48	0.2	0.19	0.27	0.47	0.19	0.06	0.05	0.06	0.06	0.19	0.46	0.38	0.23	0.57	0.07	0.09	0.3	0.19	0.18	0.01	0.16	0.48	0.48	0.08	0.19	0.47	0.33	0.09	0.06	0.04	0.76	0.34	0.45	0.46	0.3	0.05	0.45	0.08	0.18	0.07	0.44	0.19	0.03	0.07	0.43	0.16	0.2	0.42	0.05	0.02	0.21	0.41	0.41	0.18	0.51	0.9	0.04	0.12	0.4	0.08	0.08	0	0.5	0.39	0.3	0.03	0.49	0.03	0.24	0.09	0.01	0.03	0.07	0.16	0.05	0.13	0.17	0.47	0.28	0.47	0.67	0.96	0.28
0.2	0.7	0.4	0.32	0.4	0.21	0.4	0.32	0.67	0.33	0.91	0.62	0.31	0.46	0.04	1	0.47	0.33	0.47	0.71	0.48	0.56	0.5	0.48	0.47	0.29	0.45	0.89	0.39	0.31	0.22	0.49	0.36	0.24	0.47	0.6	0.91	0.76	0.26	0.22	0.51	0.61	0.33	0.22	0.2	0.55	0.31	0.55	0.26	0.43	0.7	0.16	0.41	0.61	0.61	0.2	0.41	0.32	0.17	0.39	0.42	0.21	0.31	0.31	0.19	0.83	0.61	0.2	0.33	0.33	0.53	0.19	0.24	0.44	0.57	0.23	0.22	0.14	0	0.44	0.9	0.19	0.71	0.12	0.45	0.22	0.13	0.16	0.33	0.3	0.22	0.29	0.7	0.3	0.46	0.66	0.34	0.33	0.46
0.11	0.94	0.1	0.27	0.12	0.44	0.12	0.05	0.43	0.42	0.38	3.65	0	0.05	0.74	0.44	0.07	0.2	0.33	0.43	0.43	0.15	0.35	0.83	0.51	0.91	0.41	0.07	1.11	0.02	0.41	0.15	0.05	0.12	0.46	0.18	0.02	0.59	0.11	0.16	0.04	0.48	0.04	0.11	0.57	0.46	0.22	0.32	0.46	0.17	0.03	0.19	0.95	0.16	0.01	0.11	0.43	0.04	0.16	0.43	0.04	0.38	0.06	0.42	0.62	0.18	0.41	0.11	0.07	0.06	0.41	0.14	0.5	0.9	0.4	0.13	0.5	0.5	0.31	0	0.99	0.49	0.01	0.18	0.48	0.48	0.52	0.31	0.47	0.04	0.13	0.3	0.46	0.76	0.07	0.04	0.45	0.04	0.27
0.15	0.04	0.08	0.07	0.13	0.47	0.13	0.05	0.02	0.06	0.12	3.74	0.03	0.03	0.36	0.57	0.25	0.21	0.93	0.42	0.89	0.38	0.2	0.16	0.16	0.03	0.05	0.21	0.43	0.04	0.12	0.53	0.29	0.13	0.05	0.53	0.04	0.04	0.1	0.21	0.16	0.13	0.43	0.16	0.3	0.14	0.23	0.31	0.33	0.13	0.15	0.21	0.04	0.43	0.03	0.3	0.05	0.17	0.2	0.12	0.03	0.87	0.12	0.23	0.15	0.17	0.06	0.39	0.64	0.06	0.37	0.14	0.12	0.28	0.04	0.15	0.51	0.18	0.31	0.03	0	0.54	0.03	0.44	0.29	0.44	0.19	0.15	0.14	0.01	0.14	0.61	0.03	0.59	0.34	0.04	0.45	0.04	0.22
0.05	0.15	0.48	0.55	0.09	0.28	0.03	0.46	0.14	0.14	0.02	5.59	0.17	0.15	0.27	0.08	0.23	0.35	0.21	0.2	0.41	0.05	0.06	0.04	0.04	0.16	0.41	0.16	0.22	0.15	0.03	0.03	0.41	0.09	0.15	0.06	0.14	0.59	0.32	0.19	0.21	0.1	0.27	0.11	0.41	0.08	0.47	0.61	0.19	0.43	0.42	0.04	0.15	0.07	0.42	0.04	0.42	0.14	0.05	0.36	0.53	0.22	0.15	0.19	0	0.05	0.18	0.03	0.18	0.16	0.42	0.52	0.18	0.18	0.13	0.03	0	0.04	0.42	0.14	0.45	0	0.16	0.06	0.23	0.04	0.42	0.06	0.26	0.23	0.38	0.24	0.36	0.22	0.82	0.2	0.19	0.68	0.83
0.12	0.05	0.11	0.72	0.42	0.42	0.12	0.45	0.04	0.42	0.42	2.84	0.01	0.06	0.35	0.83	0.64	0.21	0.34	0.04	0.11	0.15	0.52	0.14	0.14	0.05	0.44	0.26	0.13	0.09	0.12	0.46	0.06	0.13	0.08	0.26	0.03	0.11	0.45	0.15	0.05	0.13	0.05	0.12	0.75	0.5	0.52	0.59	0.33	0.46	0.04	0.61	0.04	0.18	0	0.46	0.14	0.05	0.16	0.16	0.05	0.52	0.25	0.22	0.47	0.26	0.07	0.24	0.08	0.07	0.05	0.14	0.47	0.47	0.57	0.14	0.47	0.17	0.52	2.55	0.03	0.47	0	0.68	0.28	0.13	0.48	0.18	0.11	0.04	0.42	0.31	0.01	0.66	0.08	0.58	0.48	0.05	0.28
0.07	0.5	0.56	0.58	0.06	0.23	0.07	0.21	0.16	0.44	0.07	0.13	0.21	0.27	0.42	0.42	0.44	0.49	0.16	0.94	0.44	0.07	0.08	0.08	0.13	0.45	0.19	0.22	0.24	0.19	0.08	0.04	0.74	0.05	0.19	0.27	0.18	0.34	0.08	0.09	0.26	0.51	0.2	0.13	0.74	0.13	0.21	0.55	0.15	0.17	0.79	0.04	0.52	0.42	0.62	0.08	0.43	0.18	0.03	0.09	1.03	0.18	0.43	0.2	0.05	0.01	0.24	0.07	0.23	0.19	0.21	0.08	0.06	0.44	0.2	0.09	0.09	0.74	0.54	0.18	0.17	0.05	0.19	0	0.43	0.28	0.53	0.04	0.44	0.18	0.07	0.34	0.18	0.31	0.21	0.2	0.64	0.46	0.15
0.48	0.54	0.26	0.55	0.15	0.69	0.59	0.29	0.46	0.28	0.66	0.76	0.29	0.45	0.43	0.27	0.29	0.42	0.46	0.53	0.47	0.22	0.27	0.15	0.57	0.28	0.47	0.67	0.67	0.29	0.21	0.23	0.28	0.19	0.52	0.25	0.54	0.48	0.17	0.48	0.26	0.2	0.27	0.23	0.19	0.38	0.07	0.56	0.39	0.48	0.63	0.29	0.25	0.2	0.28	0.21	0.31	0.26	0.45	0.22	0.27	0.92	0.42	0.07	0.18	0.16	0.29	0.24	0.29	0.29	0.26	0.4	0.15	0.61	0.32	0.27	0.23	0.24	0.41	3.44	0.41	0.21	0.28	0.45	0	0.28	0.46	0.17	0.41	0.41	0.14	0.82	0.41	0.44	0.53	0.39	0.29	0.92	0.72
0.03	0.11	0.69	0.16	0.1	0.31	0.04	0.12	0.49	0.12	0.6	1.19	0.14	0.29	0.22	0.07	0.47	0.27	0.24	0.29	0.48	0.04	0.23	0.05	0.05	0.14	0.48	0.27	0.18	0.14	0.03	0.09	0.14	0.21	0.14	0.1	0.39	0.1	0.03	0.04	0.13	0	0.11	0.41	0.05	0.09	0.59	0.49	0.41	0.01	0.42	0.42	0.41	0.16	0.32	0.16	0.52	0.62	0.08	0.04	0.12	0.65	0.13	0.42	0.21	0.28	0.42	0.36	0.15	0.16	0.12	0.05	0.1	0.19	0.43	0	0.04	0.17	0.22	0.29	0.19	0.4	0.44	0.1	0.28	0	0.94	0.08	0.03	0.12	0.44	0.58	0.31	0.65	0.14	0.13	0.14	0.12	0.25
0.47	0.18	0.21	0.21	0.07	0.32	0.47	0.52	0.17	0.28	0.34	2.79	0.88	0.17	0.18	0.03	0.26	0.27	0.48	0.58	0.37	0.08	0.3	0.09	0.07	0.19	0.99	0.49	0.25	0.2	0.08	0.03	0.19	0.06	0.17	0.01	0.19	0.31	0.4	0.09	0.19	0.4	0.2	0.24	0.41	0.41	0.19	0.61	0.15	0.07	0.19	0.06	0.41	0.09	0.41	0.08	0.19	0.19	0.03	0.09	0.19	0.41	0.21	0.19	0.05	0.01	0.21	0.47	0.51	0.21	0.19	0.41	0.06	0.1	0.19	0.1	0.09	0.01	0.43	0.43	0.33	0.2	0.19	0	0.25	0.1	0	0.43	0.09	0.19	0.43	0.41	0.44	0.15	4.7	0.25	0.21	0.2	0.67
0.04	0.15	0.18	0.18	0.49	0.27	0.04	0.52	0.42	0.19	0.06	4.33	0.17	1.42	0.42	0.06	0.53	0.22	0.21	0.15	0.42	0.08	0.11	0.04	0.04	0.14	0.93	0.18	0.26	0.19	0.11	0.48	0.43	0.03	0.15	0.04	0.16	0.52	1.44	0.06	0.33	0.08	0.44	0.07	0.04	0.09	0.36	0.84	0.44	0.09	0.94	0.44	0.17	0.09	0.44	0.44	0.49	0.19	0.1	0.08	0.16	0.49	0.18	0.15	0.44	0.05	0.19	0.05	0.48	0.17	0.16	0.05	0.44	0.15	0.18	0.09	0.44	0.33	0.16	0.18	0.15	0.06	0.37	0.04	0.17	0.44	0.04	0	0.07	0.47	0.04	0.44	0.94	0.22	0.51	0.17	0.18	0.93	0.52
0.02	0.45	0.16	0.49	0.1	0.31	0.02	0.11	0.09	0.12	0.02	5.21	0.2	0.12	0.47	0.08	0.22	0.26	0.22	0.32	0.16	0.04	0.29	0.04	0.04	0.12	0.13	0.43	0.17	0.12	0	0.43	0.12	0.37	0.46	0.46	0.1	0.18	0.44	0.04	0.44	0.03	0.14	0.54	0.44	0.12	0.16	0.46	0.23	0.44	0.11	0.08	0.12	0.11	0.12	0.01	0.3	0.29	0.04	0.35	0.12	0.44	0.44	0.16	0.28	0.45	0.14	0.42	0.13	0.12	0.17	0.04	0.19	0.19	0.11	0.04	0.04	0.2	0.6	0.12	0.12	0.04	0.47	0.08	0.4	0.03	0.75	0.08	0	0.35	0.03	0.2	0.12	0.43	0.13	0.12	0.13	0.46	0.24
0.25	0.02	0.09	0.18	0.12	0.24	0.12	0.04	0	0.03	0.12	1.99	0.04	0.01	0.73	0.45	0.23	0.2	0.53	0.03	0.06	0.5	0.9	0.4	0.4	0.19	0.04	0.05	0.09	0.05	0.11	0.44	0.25	0.12	0.06	0.27	0.4	0.03	0.41	0.51	0.03	0.1	0.41	0.16	0.58	0.99	0.5	0.29	0.61	0.48	0.4	0.2	0.02	0.41	0.04	0.11	0.03	0.03	0.17	0.1	0.41	0.5	0.04	0.91	0.41	0.51	0.05	0.11	0.05	0.04	0.41	0.16	0.12	0.28	0.02	0.12	0.25	0.18	0.91	0.04	0.09	0.43	0.2	0.17	0.29	0.43	0.18	0.14	0.1	0	0.14	0.55	0.36	0.45	0.05	0.03	0.05	0.03	0.45
0.02	0.13	0.18	0.17	0.01	0.4	0.15	0.14	0.12	0.15	0.03	1.42	0.36	0.13	0.24	0.09	0.19	1.56	0.23	0.15	0.24	0.04	0.09	0.42	0.45	0.12	0.16	0.93	1.6	0.14	0.03	0.05	0.14	0.01	0.16	0.08	0.2	0.32	0.03	0.16	0.14	0.04	0.37	0.05	0.01	0.01	0.28	0.75	0.74	0.28	0.17	0.08	0.16	0.1	0.14	0.03	0.54	0.2	0.05	0.38	0.13	0.03	0.16	0.48	0.04	0.07	0.17	0.02	0.32	0.15	0.45	0.25	0.01	0.19	0.13	0.04	0.09	0.45	0.19	0.13	0.15	0.04	0.47	0.07	0.45	0.05	0.08	0.04	0.03	0.12	0	0.45	0.45	0.58	0.17	0.15	0.45	1.16	0.28
0.19	0.29	0.32	0.33	0.95	0.12	0.19	0.5	0.65	0.44	0.19	3.28	0.43	0.58	0.23	0.14	0.92	0.34	0.53	0.92	2.03	0.28	0.62	0.34	0.42	0.31	0.41	0.47	0.33	1.42	0.92	0.14	1.06	0.17	0.46	0.12	0.32	0.42	0.18	0.21	0.66	0.18	0.31	0.21	0.41	0.34	0.3	0.81	0.26	0.2	0.29	0.15	0.29	0.61	0.3	0.19	0.61	0.4	0.27	0.21	0.41	0.2	0.91	0.91	0.17	0.5	0.33	0.5	0.32	0.5	0.32	0.18	0.17	0	0.59	0.49	0.2	0.13	0.21	0.54	0.33	0.49	0.3	0.49	0.75	0.2	0.12	0.15	0.2	0.3	0.49	0	0.69	0.03	0.71	0.31	0.49	0.99	0.49
0.52	0.04	0.1	0.07	0.42	0.26	0.12	0.44	0.04	0.05	0.12	3.73	0.24	0.11	0.34	0.27	0.42	0.27	0.72	0.42	0.08	0.91	0.24	0.35	0.41	0.05	0.06	0.39	0.13	0.01	0.11	0.16	0.05	0.43	0.07	0.43	0.03	0.44	0.11	0.16	0.44	0.12	0.04	0.15	0.24	0.13	0.54	0.94	0.32	0.18	0.03	0.45	0.38	0.16	0.01	0.11	0.45	0.04	0.15	0.12	1.9	0.46	0.06	0.45	0.15	0.18	0.45	0.12	0.46	0.06	0.04	0.14	0.4	0.27	0.03	0.46	0.15	0.17	0.31	0	0.03	0.37	0.01	0.37	0.57	0.57	0.47	0.18	0.12	0.04	0.13	0.47	0	0.47	0.47	0.15	0.07	0.05	0.27
0.23	1	0.34	0.9	0.4	0.15	0.22	0.47	0.9	0.34	0.22	8.92	0.98	0.32	0.48	0.48	0.99	0.06	0.05	0.34	1.09	0.59	0.18	0.49	0.23	0.32	0.69	0.56	0.44	1.19	0.23	0.49	0.49	0.48	0.32	0.15	0.63	0.7	0.22	0.22	0.5	0.3	0.33	0.6	0.71	0.22	0.61	0.51	0.29	0.22	0.72	0.18	0.72	0.57	0.44	0.92	0.35	0.42	0.18	0.22	0.33	0.23	0.52	0.35	0.42	0.42	0.52	0.23	0.43	0.35	0.36	0.23	0.42	0.03	0.56	0.23	0.22	0.53	0.73	0.43	0.37	0.93	0.43	0.43	0.64	0.23	0.15	0.44	0.23	0.44	0.22	0.03	0.34	0	0.45	0.32	0.44	0.34	0.44
0.14	0.05	0.1	0.01	0.17	0.22	0.14	0.05	0.05	0.08	0.14	0.42	0.07	0.08	0.66	0.4	0.42	0.22	0.29	0.05	0.1	0.17	0.43	0.18	0.55	0.08	0.06	0.63	0.44	0.27	0.14	0.44	0.05	0.4	0.07	0.22	0.05	0.04	0.13	0.44	0.05	0.15	0.04	0.16	0.45	0.75	0.46	0.46	0.96	0.46	0.46	0.24	0.04	0.26	0.08	0.33	0.46	0.04	0.87	0.13	0.67	0.68	0.02	0.77	0.47	0.33	0.24	0.51	0.03	0.06	0.06	0.48	0.18	0.31	0.06	0.48	0.23	0.37	0.48	0.2	0.07	0.34	0.08	0.22	0.67	0.23	1	0.49	0.14	0.06	0.19	0.64	0.08	0.45	0.4	0.12	0.59	0.05	0.84
0.5	0.4	0.09	0.05	0.14	0.24	0.5	0.03	0.26	0.02	0.12	4.68	0.04	0.04	0.57	0.48	0.05	0.19	0.21	0.02	0.32	0.14	0.19	0.17	0.49	0	0.03	0.04	0.1	0.47	0.1	0.5	0.03	0.52	0.04	0.5	0.02	0.02	0.11	0.21	0.02	0.4	0.41	0.49	0.48	0.14	0.2	0.41	0.51	0.09	0.4	0.19	0.01	0.16	0.05	0.11	0.02	0.52	0.15	0.11	0.03	0.67	0.03	0.21	0.16	0.42	0.04	0.11	0.42	0.04	0.26	0.63	0.14	0.27	0.17	0.53	0.88	0.17	0.33	0.04	0.04	0.14	0.05	0.2	0.54	0.12	0.19	0.18	0.1	0.03	0.15	0.5	0.04	0.58	0.1	0	0.05	0.02	0.19
0.4	0.91	0.41	0.01	0.16	0.21	0.41	0.09	0.42	0.18	0.15	1.95	0.59	0.08	0.5	0.23	0.04	0.4	0.29	0.05	0.4	0.5	0.62	0.17	0.41	0.41	0.3	0.34	0.46	0.19	0.42	0.42	0.43	0.16	0.07	0.22	0.04	0.44	0.13	0.23	0.05	0.15	0.45	0.55	0.44	0.95	0.95	0.45	0.45	0.59	0.06	0.23	0.04	0.22	0.07	0.5	0.5	0.4	0.17	0.31	0.15	0.82	0.02	0.51	0.33	0.52	0.04	0.15	0.14	0.06	0.22	0.43	0.18	0.55	0.43	0.46	0.23	0.2	0.51	0.07	0.07	0.25	0.45	0.22	0.44	0.16	0.29	0.18	0.15	0.45	0.45	0.55	0.45	0.45	0.15	0.4	0	0.04	0.95
0.46	0.02	0.1	0.05	0.14	0.46	0.56	0.03	0.03	0.13	0.13	0.4	0.04	0.4	0.36	0.22	0.05	0.57	0.22	0.41	0.31	0.26	0.22	0.21	0.36	0	0.03	0.41	0.13	0.67	0.65	0.15	0.41	0.33	0.44	0.41	0.61	0.41	0.1	0.53	0.01	0.31	0.01	0.51	1.16	0.41	0.21	0.73	0.33	0.12	0.41	0.33	0.01	0.41	0.05	0.1	0.41	0.01	0.15	0.46	0.04	0.52	0.03	0.21	0.42	0.18	0.04	0.12	1.42	0.42	0.03	0.16	0.21	0.42	0.03	0.11	0.42	0.57	0.43	0.07	0.04	0.16	0.07	0.42	0.45	0.42	0.2	0.16	0.43	0.03	0.16	0.63	0.43	1.03	0.05	0.02	0.05	0	0.43
0.49	0.19	0.44	1.49	0.48	0.16	0.22	0.2	0.48	0.2	0.23	3.7	0.44	0.41	0.27	0.35	0.22	0.42	0.04	0.42	0.36	0.43	0.19	0.22	0.24	0.94	0.44	0.22	0.75	0.45	0.23	0.17	0.21	0.23	0.52	0.15	0.19	0.98	0.48	0.24	0.19	0.48	0.58	0.48	0.23	0.23	0.36	0.59	0.3	0.48	0.29	0.19	0.18	0.49	0.49	0.62	0.6	0.91	0.48	0.24	0.2	1.08	0.2	0.42	0.92	0.43	0.21	0.22	0.22	0.34	0.44	0.22	0.23	0.09	0.55	0.24	0.24	0.44	0.25	0.65	0.51	0.45	0.55	0.15	0.4	0.45	0.16	0.45	0.46	0.36	0.21	0.09	0.66	0.56	0.58	0.46	0.97	0.3	0.01
