0	0.53	0.52	0.16	0.02	0.3	0	0.12	0.1	0.13	0.01	1.84	0.12	0.36	0.25	0.1	0.49	0.25	0.23	0.31	0.12	0.04	0.08	0.03	0.49	0.79	0.13	0.16	0.3	0.13	0.02	0.04	0.14	0.02	0.19	0.07	0.12	0.49	0.01	0.1	0.13	0.03	0.7	0.06	0.37	0.03	0.5	0.49	0.49	0.02	0.45	0.25	0.11	0.41	0.12	0.01	0.13	0.5	0.04	0.02	0.5	0.23	0.5	0.15	0.03	0.08	0.4	0	0.34	0.14	0.13	0.4	0.05	0.4	0.11	0.04	0.1	0.06	0.23	0.12	0.4	0.46	0.12	0.07	0.21	0.4	0.08	0.13	0.02	0.11	0.03	0.41	0.12	0.3	0.41	0.12	0.14	0.23	0.23
0.32	0	0.1	0.05	0.14	0.25	0.47	0.02	0.1	0.14	0.12	2.96	0.04	0.02	0.97	0.55	0.04	0.19	0.57	0.02	0.06	0.92	0.18	0.48	0.13	0.39	0.03	0.03	2.28	0.05	0.16	0.17	0.02	0.13	0.04	0.19	0.02	0.48	0.09	0.2	0.07	0.48	0.11	0.15	2.92	0.42	0.21	0.49	0.35	0.09	0.03	0.19	1.82	0.22	0.05	0.99	0.29	0.02	0.74	0.11	0.28	0.49	0.03	1.09	0.24	0.49	0.04	0.11	0.05	0.03	0.03	0.15	0.5	0.4	0.02	0.5	0.5	0.26	0.32	0.04	0.4	0.4	0.05	0.18	0.79	0.12	0.41	0.52	0.11	0.02	0.41	0.31	0.41	1.21	0.41	0.51	0.34	0.02	0.92
0.15	0.57	0	0.47	0.16	0.63	0.19	0.48	0.08	0.97	0.15	4.3	0.09	0.48	0.57	0.92	0.11	0.4	0.48	0.08	0.11	0.24	0.29	0.57	0.49	0.06	0.49	0.11	0.38	0.11	0.14	0.22	0.1	0.15	0.09	0.49	0.08	0.36	0.15	0.19	0.49	0.16	0.09	0.35	0.18	0.44	0.31	0.09	0.58	0.14	0.27	0.22	0.09	0.32	0.34	0.22	0.2	0.09	0.4	0.14	0.4	0.28	0.45	0.41	0.19	0.2	0.11	0.15	0.11	0.4	0.08	0.41	0.91	0.41	0.07	0.41	0.2	0.21	0.34	0.1	0.08	0.29	0.41	0.39	0.26	0.41	0.51	0.18	0.16	0.17	0.35	1.42	0.91	0.52	0.1	0.39	0.49	0.37	0.41
0.47	0.99	0.1	0	0.49	0.28	0.15	0.47	0.05	0.34	0.17	2.58	0.48	0.09	0.49	0.48	0.48	0.47	0.3	0.59	0.29	0.19	0.52	0.56	0.5	0.08	0.4	0.32	0.92	0.4	0.44	0.19	0.05	0.15	0.11	0.91	0.05	0.05	0.13	0.41	0.16	0.16	0.41	0.16	1.96	0.42	0.23	0.06	0.42	0.43	0.42	0.23	0.04	0.22	0.42	0.13	0.43	0.04	0.73	0.13	0.43	0.64	0.13	0.23	0.44	0.19	0.04	0.25	0.03	0.06	0.45	0.16	0.17	0.46	0.06	0.16	0.38	0.56	0.35	0.07	0.07	0.38	0.47	0.34	0.29	0.16	0.58	0.2	0.35	0.05	0.98	0.98	0.07	0.58	0	0.05	0.28	0.05	0.99
0.03	0.14	0.31	0.15	0	0.45	0.02	0.15	0.11	0.16	0.03	1.81	0.13	0.25	0.28	0.39	0.15	0.49	0.22	0.16	0.44	0.1	0.14	0.01	0.49	0.33	0.14	0.28	0.88	0.14	0.32	0.34	0.15	0	0.13	0.06	0.13	0.14	0.04	0.09	0.22	0.49	0.13	0.05	0.04	0.02	0.15	0.15	0.2	0.04	0.43	0.44	0.53	0.12	0.27	0.28	0.22	0.13	0.1	0.11	0.43	0.22	0.14	0.16	0.09	0.06	0.15	0.02	0.17	0.15	0.15	0.01	0	0.18	0.39	0.09	0.45	0.25	0.31	0.12	0.13	0.46	0.14	0.06	0.46	0.1	0.34	0.09	0.47	0.47	0.01	0.48	0.4	0.22	0.15	0.57	0.52	0.58	0.23
0.68	0.36	0.36	0.31	0.29	0	0.3	0.26	0.46	0.26	0.56	3.64	0.36	0.44	0.13	0.25	1.24	0.11	0.15	0.26	0.93	0.46	0.31	0.43	0.3	0.26	0.22	0.44	0.3	1.17	0.31	0.5	0.26	0.29	0.29	0.43	0.26	0.59	0.29	0.32	0.43	0.4	0.26	0.4	4.69	0.29	0.66	0.26	0.37	0.29	0.84	0.44	0.25	0.45	0.43	0.31	0.26	0.51	0.55	1.03	0.46	0.65	0.22	0.62	0.28	0.42	0.23	0.31	0.24	0.27	0.49	0.93	0.55	0.11	0.26	0.31	0.43	0.24	0.53	0.35	0.44	0.39	0.29	0.31	0.85	0.31	0.43	0.27	0.31	0.43	0.53	0.12	0.28	0.43	0.24	0.26	0.35	0.28	0.53
0	0.13	0.42	0.48	0.02	0.98	0	0.15	0.12	0.17	0.01	8.41	0.12	0.44	0.25	0.46	0.15	0.4	0.23	0.66	0.46	0.04	0.08	0.03	0.03	0.1	0.21	0.17	0.34	0.46	0.02	0.04	0.33	0.02	0.11	0.07	0.11	0.46	0.01	0.1	0.14	0.03	0.18	0.03	1.07	0.3	0.48	0.55	0.22	0.41	0.51	0.08	0.12	0.97	0.12	0.47	0.25	0.11	0.04	0.02	0.47	0.36	0.14	0.47	0.03	0.07	0.51	0.39	0.14	0.33	0.13	0.03	0.02	0.28	0.1	0.53	0.1	0.06	0.2	0.22	0.48	0.4	0.13	0.07	0.21	0.04	0.08	0.04	0.41	0.11	0.02	0.19	0.12	0.98	0.27	0.12	0.24	0.4	1.48
0.51	0.02	0.47	0.05	0.15	0.26	0.25	0	0.42	0	0.15	4.2	0.34	0.4	0.38	0.22	0.05	0.43	0.32	0.15	0.7	0.4	0.2	0.14	0.16	0.4	0.17	0.02	0.1	0.22	0.12	0.18	0.01	0.13	0.05	0.47	0.03	0.61	0.41	0.21	0.03	0.35	0.26	0.35	0.16	0.13	0.48	0.01	0.35	0.12	0.04	0.42	0.15	0.49	0.2	0.11	0	0.03	0.17	0.11	0.03	0.43	0.3	0.22	0.16	0.16	0.05	0.94	0.44	0.03	0.04	0.44	0.14	0.68	0.03	0.14	0.21	0.19	0.46	0.38	0.05	0.18	1.01	0.27	0.99	0.28	0.19	0.16	0.29	0.4	0.14	0.32	0.05	0.75	0.4	0.03	0.05	0.03	0.21
0.1	0.02	0.07	0.44	0.13	0.26	0.12	0.02	0	0.06	0.1	4.27	0.03	0.01	0.6	0.56	0.05	0.19	0.35	0.39	0.06	0.46	0.46	0.14	0.14	0.18	0.03	0.04	2.03	0.47	0.09	0.57	0.03	0.13	0.06	0.17	0.01	0.02	0.11	0.49	0.03	0.1	0.2	0.13	1.7	0.4	0.51	0.08	0.6	0.18	0.39	0.21	0.02	0.2	0.04	0.15	0.02	0.03	0.17	0.91	0.17	0.09	0.03	0.21	0.14	0.17	0.41	0.41	0.05	0.03	0.03	0.42	0.12	0.26	0.28	0.12	0.21	0.42	0.61	0.31	0.02	0.43	0.43	0.43	0.49	0.17	0.43	0.43	0.09	0	0.47	0.3	0.43	0.32	0.25	0.32	0.44	0.03	0.19
0.12	0.02	0.5	0.05	0.13	0.27	0.36	0	0.4	0	0.53	7.2	1	0.57	0.56	0.5	0.05	0.2	0.32	0.4	0.4	1.22	0.22	0.14	0.85	0.92	1.21	0.71	0.22	0.41	0.41	0.41	0.02	0.14	0.87	0.91	0.41	0.03	0.26	0.21	0.03	0.52	0.02	0.14	2.15	0.3	0.25	0.01	0.33	0.42	0.42	0.19	0.02	0.44	0.06	0.12	0	0.03	0.17	0.43	0.03	0.63	0.03	0.53	0.16	0.15	0.05	0.4	0.44	0.01	0.04	0.17	0.64	0.3	0.54	0.13	0.22	0.17	0.95	0.45	0.05	0.22	0.11	0.21	0.28	0.21	0.19	0.17	0.53	0.02	0.14	0.63	0.05	0.7	0.07	0.16	0.46	0.61	0.2
0.01	0.2	0.15	0.14	0.02	0.31	0.21	0.44	0.12	0.12	0	4.23	0.12	0.4	0.25	0.1	0.14	0.31	0.4	0.46	0.12	0.41	0.07	0.12	0.03	0.24	0.41	0.14	2.21	0.41	0.01	0.04	0.21	0.18	0.11	0.08	0.47	0.24	0.01	0.03	0.15	0.03	0.47	0.03	0.21	0.03	0.15	0.75	0.34	0.02	0.68	0.48	0.13	0.09	0.49	0.48	0.23	0.21	0.03	0.02	0.32	0.14	0.13	0.49	0.18	0.39	0.15	0.01	0.15	0.15	0.14	0.31	0.02	0.18	0.11	0.03	0.59	0.06	0.49	0.11	0.12	0.07	0.79	0.08	0.21	0.03	0.08	0.06	0.01	0.5	0.12	0.35	0.15	0.9	0.16	0.13	0.9	0.53	0.9
1.59	0.38	0.36	1.85	8.22	2.69	0.21	1.63	1.42	3.93	1.94	11.6	1.78	8.16	1.29	0.16	1.88	2.31	3.67	0.42	1.51	9.93	1.65	0.2	2.12	1.14	5.83	0.36	1.07	1.01	7.17	2.08	0.46	1.47	0.84	0.14	1.09	0.6	0.21	1.49	1.84	8.24	0.35	0.25	4.89	0.94	5.23	14.9	0.43	0.77	2.76	1.03	0.43	0.84	5.16	2.84	0.64	7.71	6.22	0.23	0.32	5.09	0.32	0.62	0.92	2.84	9.41	0.52	1.63	5.32	1.69	3.33	0.36	1.36	4.75	4.13	1.47	0.46	0.58	3.56	3.96	0.22	0.76	1.27	11.6	0.84	9.84	1.82	0.23	0.44	0.75	3.53	8.62	0.45	1.31	2.37	9.81	1.2	0.54
0.12	0.77	0.1	0.07	0.13	0.47	0.11	0.05	0.12	0.05	0.22	2	0	0.05	0.34	0.2	0.22	0.2	0.33	0.43	0.23	0.17	0.2	0.14	0.41	0.05	0.06	0.07	0.4	0.29	0.11	0.6	0.05	0.25	0.44	0.18	0.02	0.03	0.11	0.4	0.04	0.12	0.06	0.11	0.56	0.13	0.33	0.41	0.33	0.54	0.03	0.2	0.41	0.57	0.01	0.1	0.05	0.04	0.26	0.12	0.41	0.32	0.06	0.6	0.15	0.17	0.42	0.11	0.07	0.06	0.04	0.42	0.62	1.05	0.32	0.13	0.15	0.17	0.31	0	0.04	0.15	0.25	0.42	0.28	0.12	0.18	0.17	0.11	0.52	0.42	0.29	0	0.42	0.42	0.24	0.07	0.04	0.83
0.12	0.02	0.26	0.44	0.13	0.26	0.44	0.11	0.01	0.03	0.13	1.01	0.05	0	0.36	0.21	0.05	0.41	0.34	0.04	0.14	0.48	0.18	0.31	0.31	0.01	0.41	0.05	0.72	0.06	0.12	0.15	0.03	0.42	0.38	0.22	0.39	0.43	0.11	0.36	0.04	0.43	0.04	0.14	0.85	0.11	0.23	0.03	0.33	0.46	0.64	0.54	0.03	0.17	0.44	0.11	0.03	0.04	0.14	0.1	0.01	0.92	0.03	0.45	0.14	0.46	0.04	0.5	0.05	0.1	0.05	0.38	0.46	0.27	0.02	0.15	0.52	0.46	0.35	0.38	0.03	0.3	0.07	0.18	0.67	0.13	0.2	0.55	0.12	0.48	0.12	0.72	0.05	0.69	0.08	0.25	0.08	0.23	0.21
0.41	0.37	0.38	0.39	0.41	0.12	0.25	0.78	0.51	0.51	0.41	1.73	0.43	0.35	0	0.16	1.43	0.16	0.43	0.36	0.67	0.22	0.43	0.43	0.47	0.93	0.5	0.43	0.45	0.46	0.23	0.72	0.37	0.27	0.59	0.43	0.35	0.37	0.26	0.43	0.73	0.22	0.37	0.66	0.64	0.28	0.37	0.4	0.06	0.24	0.37	0.18	0.44	0.44	0.61	0.26	0.37	0.38	0.18	0.23	0.44	0.29	0.54	0.37	0.19	0.25	0.38	0.25	0.45	0.4	0.37	1.04	0.5	0.56	0.36	0.23	0.61	0.19	0.04	0.34	0.37	0.46	0.36	0.18	0.46	0.23	0.18	0.22	0.23	0.37	2.17	0.25	0.48	0.32	0.39	0.71	0.78	0.36	0.57
0.1	0.21	0.47	0.26	0.13	0.48	0.09	0.24	0.19	0.48	0.1	0.96	0.2	0.2	0.16	0	0.23	0.46	0.16	0.5	0.19	0.07	0.02	0.46	0.46	0.19	0.33	0.23	0.47	0.58	0.44	0.03	0.25	0.47	0.48	0.14	0.21	0.31	0.09	0.11	0.23	0.06	0.58	0.48	0.48	0.44	0.78	0.58	0.17	0.09	0.58	0.03	0.23	0.59	0.21	0.49	0.56	0.21	0.03	0.08	0.2	0.6	0.7	0.21	0.4	0.01	0.23	0.13	1.1	0.23	0.23	0.09	0.43	0.13	0.41	0.07	0.41	0.91	0.21	0.2	0.41	0.04	0.21	0.02	0.27	0.07	0.42	0.06	0.08	0.52	0.42	0.14	0.21	0.17	0.63	0.43	0.23	0.21	0.43
0.14	0.04	0.42	0.04	0.21	0.72	0.42	0.05	0.05	0.05	0.16	0.9	0.47	0.23	0.39	1.4	0.9	0.22	0.45	0.05	0.08	0.17	0.22	0.8	0.19	0.05	0.24	0.35	1.79	0.08	0.81	0.42	0.05	0.15	0.06	0.41	0.05	0.51	0.14	0.41	0.41	0.16	0.04	0.22	2.64	0.18	0.96	0.06	0.73	0.12	0.45	0.95	0.04	0.22	0.08	0.46	0.05	0.04	0.96	0.46	0.05	0.52	0.02	0.23	0.37	0.46	0.03	0.14	0.03	0.4	0.06	0.18	0.16	0.36	0.67	0.47	0.26	3	0.47	0.17	0.07	0.47	0.17	0.67	0.29	0.41	0.48	0.35	0.14	0.05	0.37	0.53	0.07	0.37	0.03	0.44	0.04	0.16	0.32
0.58	0.19	0.4	1.38	0.24	0.11	0.25	0.2	0.49	0.23	0.49	0.46	0.2	0.46	0.16	0.54	0.22	0	0.04	0.18	0.47	0.78	0.35	0.24	0.45	0.21	0.47	0.47	2.13	0.22	0.26	0.2	0.55	0.23	1.55	0.18	0.58	0.48	0.25	0.69	0.41	0.26	0.19	0.67	0.59	0.72	0.49	0.59	0.69	0.5	0.18	0.49	0.18	0.27	0.49	0.25	0.2	0.18	0.6	0.26	0.24	0.5	0.2	0.36	0.23	0.54	0.53	0.5	0.8	0.25	0.19	0.5	0.44	0.09	1.2	0.26	0.27	0.19	0.26	0.2	0.21	0.6	0.4	0.18	0.42	0.27	0.44	0.35	0.41	0.2	0.24	0.09	0.49	0.06	0.6	0.58	0.21	0.19	0.77
0.22	0.22	0.29	0.3	0.29	0.23	0.23	0.6	0.57	0.52	0.22	0.3	0.39	0.53	0.33	0.17	0.31	0.11	0	0.24	0.54	0.21	0.19	0.23	0.44	0.33	0.29	0.32	0.61	0.34	0.6	0.21	0.31	0.78	0.34	0.17	0.24	0.51	0.24	0.24	0.3	0.22	0.25	0.37	3.76	0.23	0.49	0.31	0.71	0.23	0.25	0.17	0.3	0.6	0.35	0.24	0.32	0.38	0.2	0.23	0.34	0.38	0.29	0.35	0.2	0.18	0.3	0.23	0.32	0.5	0.25	0.43	0.22	0.05	0.33	0.23	0.23	0.18	0.26	0.39	0.35	0.23	0.34	0.42	0.41	0.23	0.17	0.21	0.22	0.36	0.44	0.05	0.34	0.33	0.3	0.23	0.29	0.23	0.45
0.47	0.02	0.08	0.57	0.13	0.26	0.11	0.23	0.02	0.09	0.12	0.54	0.03	0.62	0.37	0.62	0.92	0.42	0.24	0	0.32	0.16	0.42	0.2	0.17	0.04	0.03	0.05	0.42	0.04	0.12	0.72	0.42	0.14	0.04	0.18	0.01	0.01	0.09	0.23	0.02	0.51	0.42	1.02	2.53	0.4	0.42	0.04	0.34	0.08	0.11	0.19	0.01	0.16	0.04	0.47	0.32	0.01	0.17	0.1	0.19	0.41	0.03	1.03	0.16	0.43	0.43	0.73	0.19	0.04	0.01	0.15	0.26	0.43	0.02	0.11	0.21	0.18	0.33	0.03	0.04	0.43	0.04	0.53	0.25	0.51	0.43	0.35	0.09	0.43	0.15	0.32	0.03	0.35	0.43	0.83	0.25	0.02	0.53
0.45	0.05	0.11	0.19	0.16	0.3	0.12	0.05	0.06	0.05	0.12	0.36	0.08	0.06	0.64	0.19	0.09	0.49	0.37	0.06	0	0.39	1	0.15	0.15	0.05	0.07	0.06	0.13	0.09	0.12	0.16	0.06	0.46	0.01	0.18	0.06	0.36	0.5	0.4	0.38	0.14	0.05	0.23	2.86	0.18	0.28	0.06	0.36	0.12	0.4	0.4	0.05	0.7	0.09	0.13	0.05	0.06	0.4	0.11	0.07	0.9	0.4	0.4	0.16	0.4	0.08	0.12	0.09	0.41	0.06	0.16	0.19	0.32	0.11	0.41	0.18	0.55	0.71	0.08	0.41	0.51	0.09	0.2	0.82	0.14	0.57	0.51	0.42	0.06	0.18	0.42	0.24	0.68	0.1	1.32	0.42	0.45	1.92
0.04	0.81	0.18	0.4	0.1	0.3	0.04	0.15	0.15	0.4	0.03	12.7	0.18	0.5	0.22	0.07	0.27	1.68	0.21	0.16	0.18	0	0.4	0.41	0.05	0.15	0.17	0.18	0.79	0.16	0.15	0.09	0.21	0.09	0.61	0.07	0.52	0.45	1	0.08	0.37	0.03	0.52	0.06	0.4	0.62	0.16	0.41	0.58	0.03	0.17	0.07	0.16	0.12	0.41	0.41	0.16	0.44	0.04	0.06	0.16	0.25	0.51	0.51	0.52	0.38	0.18	0.42	0.4	0.23	0.49	0.08	0.3	0.21	0.18	0.29	0.03	0.49	0.21	0.5	0.15	0.51	0.26	0.4	0.42	0.04	0.08	0.44	0.43	0.34	0.04	0.63	0.16	0.43	0.17	0.25	0.18	0.28	0.23
0.46	1.56	0.46	0.32	0.46	0.43	0.08	0.41	0.57	0.2	0.47	7.83	0.2	0.18	0.17	0.33	0.41	0.21	0.41	0.57	0.35	0.08	0	0.09	0.09	0.42	0.2	0.21	1.93	0.26	0.08	0.05	0.42	0.42	0.17	0.04	0.21	0.2	0.09	0.43	0.27	0.08	0.3	0.63	1.63	1.32	0.51	0.94	0.44	0.05	0.44	0.14	0.44	0.12	0.21	0.44	0.39	0.43	0.05	0.1	0.2	0.2	0.23	0.44	0.05	0.38	0.21	0.08	0.26	0.2	0.54	0.09	0.14	0.14	0.44	0.24	0.06	0.45	0.16	0.5	0.45	0.09	0.43	0.04	0.27	0.09	0.04	0.11	0.66	0.49	0.46	0.16	0.66	0.81	0.23	0.46	1.06	0.21	0.19
0.03	0.45	0.55	0.16	0.17	0.45	0.03	0.15	0.12	0.17	0.03	0.6	0.52	0.14	0.25	0.48	0.18	0.25	0.23	0.17	0.15	0.41	0.68	0	0.42	0.13	0.15	0.18	0.2	0.32	0.04	0.05	0.15	0.01	0.14	0.49	0.14	0.46	0.03	0.09	0.38	0.04	0.49	0.49	1.38	0.01	0.16	0.53	0.49	0.99	0.49	0.09	0.16	0.09	0.49	0.03	0.15	0.15	0.05	0.04	0.14	1.43	0.15	0.13	0.04	0.4	0.16	0.29	0.16	0.15	0.17	0.4	0.4	0.19	0.43	0.38	0.09	0.25	0.51	0.14	0.41	0.05	0.15	0.08	0.41	0.05	0.09	0.43	0.04	0.43	0.01	0.18	0.14	0.23	0.41	0.51	0.16	0.42	0.27
0.03	0.28	0.19	0.97	0.02	0.66	0.03	0.15	0.15	0.14	0.03	1.67	0.14	0.12	0.25	0.67	0.29	0.57	0.23	0.15	0.2	0.04	0.24	0.02	0	0.14	0.15	0.58	0.21	0.15	0.25	0.28	0.16	0.01	0.14	0.07	0.48	0.41	0.03	0.09	0.31	0.04	0.17	0.05	0.15	0.02	0.14	0.15	0.22	0.04	0.15	0.22	0.47	0.11	0.14	0.37	0.24	0.5	0.05	0.04	0.14	0.04	0.15	0.14	0.46	0.07	0.16	0.03	0.18	0.5	0.17	0.03	0.01	0.41	0.41	0.05	0.41	0.41	0.44	0.41	0.14	0.08	0.72	0.42	0.2	0.05	0.07	0.04	0.42	0.14	0.02	0.42	0.14	0.23	0.18	0.93	0.45	0.22	0.23
0.5	0	0.06	0.31	0.49	0.26	0.13	0.29	0.01	0.5	0.26	1.34	0.05	0.01	0.36	0.22	0.16	0.56	0.34	0.04	0.05	0.13	0.47	0.14	0.14	0	0.04	0.05	1.89	0.06	0.11	0.15	0.03	0.11	0.18	0.47	0.26	0.68	0.2	0.21	0.04	0.48	0.03	0.16	1.88	0.13	0.48	0.03	0.48	0.42	0.06	0.47	0.03	0.23	0.05	0.11	0.49	0.03	0.52	0.58	0.02	0.12	0.04	0.57	0.13	0.84	0.05	0.12	0.21	0.04	0.13	0.48	0.15	0.49	0.02	0.48	0.21	1.72	0.48	0.09	0.03	0.18	0.05	0.49	0.28	0.12	0.19	0.49	0.46	0.02	0.49	0.3	0.05	0.52	0.08	0.37	0.08	0	1.19
0.13	0.12	0.42	0.17	0.15	0.22	0.42	0.03	0.42	0.03	0.14	1.37	0.45	0.03	0.76	0.24	0.02	0.2	0.65	0.25	0.07	0.47	0.78	0.15	0.15	0.24	0	0.27	1.56	0.14	0.13	0.22	0.12	0.15	0.05	0.21	0.04	0.03	0.11	0.46	0.03	0.15	0.03	0.96	3.1	0.53	0.22	0.04	0.34	0.28	0.04	0.2	0.19	0.16	0.46	0.11	0.04	0.03	0.16	0.13	0.04	0.12	0	0.22	0.15	0.47	0.03	0.14	0.04	0.05	0.04	0.16	0.35	0.31	0.04	0.15	0.47	0.2	0.33	0.06	0.06	0.47	0.48	0.19	0.28	0.15	0.22	0.18	0.12	0.35	0.16	0.48	0.06	0.35	0.02	0.03	0.02	0.03	0.2
0.15	0.04	0.39	0.99	0.15	0.28	0.14	0.02	0.04	0.02	0.14	5.4	0.58	0.05	0.58	0.24	0.21	0.29	0.32	0.05	0.06	0.4	0.23	0.28	0.16	0.39	0.05	0	0.12	0.08	0.13	0.19	0.03	0.54	0.92	0.21	0.05	0.89	0.13	0.23	0.05	0.43	0.11	0.16	2	0.52	0.59	0.03	0.49	0.14	0.41	0.21	0.04	0.18	0.35	0.14	0.02	0.44	0.19	0.49	0.18	0.14	0.05	0.49	0.17	0.43	0.07	0.16	0.19	0.02	0.45	0.45	0.16	0.3	0.06	0.43	0.54	0.2	0.35	0.07	0.45	0.41	0.08	0.22	0.3	0.34	0.21	0.45	0.13	0.05	0.26	0.47	0.45	0.53	0.41	0.04	0.07	0.05	0.96
0.5	0.44	1.82	1.38	0.54	0.3	0.17	0.1	0.46	0.1	0.56	1.47	2.15	1.65	1.29	0.76	0.12	0.37	0.39	0.57	2.07	0.2	1.13	1.97	0.2	0.97	0.5	0.12	0	1.98	1.47	0.57	0.43	0.2	0.39	0.25	2.18	1.85	1.29	0.43	0.23	0.16	0.48	0.45	5.12	1.89	1.38	0.88	0.56	0.48	0.16	0.58	0.09	1.96	1.89	0.49	0.36	0.09	0.21	0.16	0.24	0.19	0.11	0.31	0.5	0.53	0.12	0.16	0.14	0.15	0.11	0.19	0.34	0.71	0.1	0.4	0.4	3.34	0.69	0.42	0.4	0.23	0.13	0.24	1.5	0.4	0.64	0.2	0.17	0.4	1.06	2.17	1.27	1.13	0.13	0.1	0.13	0.11	0.42
0.13	0.05	0.44	0.08	0.44	0.75	0.39	0.06	0.45	0.37	0.13	2.22	0.01	0.69	0.35	0.43	0.08	0.43	0.67	0.04	0.1	0.49	0.22	0.14	0.15	0.06	0.07	0.08	0.13	0	0.12	0.17	0.44	0.13	0.09	0.19	0.03	0.04	0.44	0.27	0.06	0.13	0.05	0.46	0.22	0.14	0.23	0.45	0.34	0.19	0.43	0.45	0.05	0.22	0	0.12	0.45	0.05	0.46	0.44	0.25	0.49	0.07	0.46	0.16	0.25	0.46	0.46	0.09	0.07	0.46	0.15	0.13	0.28	0.2	0.14	0.47	0.47	0.33	0.01	0.04	0.18	0.03	0.19	0.37	0.48	0.34	0.19	0.17	0.28	0.15	0.99	0.01	0.75	0.08	0.06	0.72	0.05	0.28
0.02	0.11	0.88	0.42	0.1	0.41	0.02	0.13	0.38	0.44	0.01	5.07	0.92	0.38	0.23	0.08	0.42	0.64	0.22	0.68	0.12	0.05	0.08	0.03	0.03	0.16	0.82	0.14	2.34	0.16	0	0.43	0.14	0.16	0.38	0.09	0.43	0.17	0.01	0.04	0.1	0.03	0.11	0.26	0.31	0.17	0.51	0.68	0.28	0.44	0.08	0.08	0.09	0.38	0.12	0.01	0.16	0.12	0.04	0.45	0.1	0.17	0.13	0.16	0.04	0.45	0.13	0.02	0.14	0.15	0.1	0.35	0.11	0.18	0.66	0.06	0.04	0.15	1.01	0.46	0.12	0.36	0.31	0.41	0.46	0.03	0.14	0.46	0	0.47	0.03	0.48	0.47	0.23	0.13	0.4	0.13	0.51	0.77
0.04	0.48	0.49	0.51	0.1	0.26	0.04	0.17	0.23	0.16	0.04	4.18	0.15	0.36	0.48	0.03	0.19	0.2	0.19	0.15	0.16	0.04	0.29	0.45	0.05	0.14	0.16	0.18	1.7	0.17	0.31	0.4	0.17	0.1	0.15	0.03	0.16	0.41	0.4	0.51	0.38	0.08	0.15	0.07	1.86	0.54	0.19	0.51	0.91	0.05	0.16	0.03	0.41	0.17	0.16	0.41	0.17	0.16	0.42	0.41	0.31	0.17	0.16	0.17	0.04	0.09	0.19	0.04	0.21	0.26	0.42	0.05	0.1	0.13	0.42	0.09	0.04	0.42	0.17	0.15	0.17	0.03	0.43	0.03	0.23	0.08	0.43	0.09	0.04	0.53	0.05	0.14	0.16	0.18	0.18	0.15	0.17	0.49	0.18
0.14	0.02	0.61	0.06	0.96	0.46	0.13	0.01	0.02	0.02	0.29	1.88	0.05	0.03	0.76	0.49	0.05	0.21	0.92	0.42	0.06	0.84	0.2	0.16	0.15	0.42	0.42	0.02	0.1	0.06	0.42	0.17	0	0.52	0.05	0.19	0.03	0.13	0.1	0.23	0.34	0.12	0.42	0.42	0.26	0.22	0.56	0.22	0.33	0.42	0.42	0.19	0.03	0.24	0.52	0.12	0.01	0.03	0.16	0.12	0.04	0.13	0.04	0.22	0.43	0.16	0.05	0.15	0.05	0.01	0.04	0.15	0.22	0.29	0.04	0.36	0.43	0.19	0.35	0.05	0.05	0.41	0.43	0.48	0.28	0.73	0.4	0.16	0.11	0.43	0.53	0.33	0.27	0.34	0.43	0.03	0.05	0.03	0.46
0.02	0.16	0.4	0.17	0	0.6	0.02	0.4	0.13	0.14	0.02	2.02	0.12	0.21	0.27	0.27	0.43	0.23	0.52	0.15	0.43	0.09	0.13	0.43	0.01	0.43	0.16	0.18	0.43	0.13	0.09	0.09	0.13	0	0.12	0.06	0.43	0.14	0.02	0.73	0.15	0.08	0.14	0.53	0.03	0.4	0.44	0.51	0.2	0.02	0.43	0.14	0.12	0.07	0.64	0.36	0.16	0.13	0.09	0.44	0.43	0.03	0.14	0.13	0.44	0.06	0.16	0.02	0.15	0.15	0.13	0.05	0	0.18	0.29	0.09	0.44	0.05	0.74	0.81	0.13	0.44	0.13	0.05	0.19	0.1	0.44	0.03	0.09	0.12	0.01	0.37	0.28	0.44	0.15	0.44	0.16	0.32	0.23
0.14	0.39	0.26	0.08	0.13	0.47	0.1	0.45	0.09	0.98	0.47	4.77	0.07	0.04	0.35	0.19	0.06	0.46	0.34	0.19	0.01	0.56	0.17	0.14	0.42	0.04	0.86	0.05	0.12	0.13	0.11	0.16	0.05	0.12	0	0.17	0.04	0.04	0.46	0.16	0.04	0.13	0.03	0.13	0.45	0.14	0.26	0.45	0.33	0.45	0.04	0.45	0.03	0.52	0.08	0.13	0.05	0.11	0.14	0.26	0.05	0.53	0.45	0.26	0.54	0.19	0.45	0.11	0.06	0.06	0.04	0.46	0.21	0.29	0.05	0.55	0.17	0.18	0.95	0.13	0.45	0.15	0.08	0.18	0.33	0.22	0.17	0.15	0.44	0.06	0.15	0.61	0.07	0.32	0.44	0.44	0.07	0.05	1.04
0.39	0.19	0.21	0.5	0.06	0.88	0.48	0.54	0.17	0.19	0.08	2.51	0.18	0.18	0.48	0.26	0.21	0.18	0.48	0.2	0.18	0.08	0.25	0.09	0.07	0.18	0.41	1	0.25	0.19	0.08	0.31	0.19	0.4	0.57	0	0.19	0.41	0.08	0.28	0.21	0.98	0.41	0.1	0.41	0.11	0.78	0.21	0.41	0.1	0.41	0.04	0.19	0.09	0.32	0.08	0.51	0.2	0.03	0.09	0.18	0.46	0.24	0.19	0.05	0.01	0.42	0.08	0.22	0.2	0.38	0.42	0.06	0.1	0.42	0.48	0.09	0.07	0.13	0.29	0.53	0.11	0.19	0	0.43	0.43	0.14	0.34	0.08	0.2	0.08	0.53	0.19	0.15	0.39	0.28	0.57	0.19	0.36
0.1	0.02	0.08	0.41	0.32	0.26	0.17	0.28	0.02	0.03	0.11	3.93	0.4	0.03	0.68	0.24	0.05	1.05	0.42	0.01	0.09	0.15	0.4	0.46	0.42	0.03	0.3	0.4	0.09	0.09	0.41	0.16	0.22	0.12	0.04	0.19	0	0	0.09	0.2	0.02	0.41	0.25	0.19	0.23	0.15	0.19	0.87	0.61	0.82	0.02	0.18	0.07	0.2	0.3	0.41	0.03	0.3	0.14	0.08	0.41	1.11	0.03	0.19	0.16	0.14	0.41	0.12	0.17	0.04	0.02	0.14	0.12	0.41	0.01	0.09	0.2	0.16	0.61	0.42	0.03	0.18	0.03	0.9	0.25	0.41	0.18	0.17	0.08	0.41	0.14	0.29	0.03	0.53	0.05	0.43	0.05	0.02	0.18
1.08	0.02	0.08	0.05	0.98	0.57	0.48	0.03	0.02	0.03	0.49	4.04	0.03	0.04	0.99	0.59	0.05	0.49	0.59	0.01	0.06	0.4	0.29	0.48	0.16	0.04	0.03	0.05	0.49	0.08	0.49	0.16	0.03	0.49	0.04	0.49	0.01	0.01	0.09	0.61	0.02	0.49	0.02	0.69	2.82	0.14	0.5	0.52	0.34	0.08	0.12	1.1	0.6	0.4	0.5	0.1	0.03	0.9	0.18	0.42	0.42	0.92	0.41	0.41	0.41	0.15	0.41	0.92	0.41	0.41	0.92	0.41	0.41	0.41	0.02	0.41	0.25	0.42	0.61	0.03	0.41	0.15	0.04	0.42	0.42	0.42	0.92	0.42	0.43	0.42	0.52	1.11	0.03	0.63	0.43	0.07	0.43	0.41	0.18
0.01	0.09	0.64	0.44	0.04	0.29	0.33	0.1	0.1	0.16	0.01	1.97	0.33	0.1	0.46	0.09	1	0.6	0.56	0.09	0.46	0.04	0.17	0.03	0.35	0.1	0.36	0.13	0.46	0.33	0.01	0.86	0.46	0.02	0.51	0.08	0.46	0.46	0	0.3	0.46	0.03	0.1	0.24	3.58	0.02	0.15	0.32	0.22	0.01	0.34	0.09	0.09	0.1	0.47	0	0.1	0.46	0.05	0.01	0.09	0.13	0.38	0.47	0.04	0.07	0.14	0.47	0.13	0.12	0.47	0.91	0.34	0.36	0.3	0.03	0.08	0.08	0.2	0.1	0.1	0.48	0.11	0.08	0.17	0.59	0.08	0.05	0.01	0.1	0.03	0.18	0.99	0.49	0.13	0.49	0.14	0.47	0.23
0.1	0.32	0.2	0.44	0.09	0.32	0.14	0.49	0.22	0.28	0.03	1.38	0.15	0.19	0.27	0.11	0.4	0.27	0.42	0.21	0.42	0.03	0.44	0.09	0.1	0.22	0.25	0.44	0.23	0.51	0.04	0.04	0.27	0.45	0.16	0.09	0.21	0.49	0.46	0	0.38	0.03	0.21	0.47	0.46	0.09	0.48	0.23	0.23	0.04	0.48	0.29	0.48	0.1	0.48	0.27	0.21	0.22	0.13	0.04	0.21	0.05	0.55	0.21	0.41	0.5	0.23	0.4	0.24	0.49	0.23	0.42	0.09	0.2	0.59	0.04	0	0.92	0.22	0.15	0.23	0.07	0.43	0.09	0.23	0.63	0.09	0.18	0.22	0.2	0.28	0.21	0.46	0.25	0.26	0.21	0.52	0.21	0.24
0.12	0.47	0.52	0.47	0.16	0.26	0.12	0.03	0.03	0.83	0.14	2.07	0.04	0.05	0.38	0.21	0.43	0.5	0.49	0.15	0.06	0.15	0.2	0.14	0.17	0.04	0.38	0.05	1.66	0.4	0.11	0.56	0.03	0.42	0.04	0.27	0.1	0.26	0.1	0.23	0	0.4	0.43	0.14	3.4	0.37	0.53	0.43	0.35	0.25	0.02	0.39	0.01	0.16	0.05	0.21	0.03	0.01	0.17	0.13	0.04	0.94	0.03	0.21	0.15	0.16	0.05	0.14	0.45	0.04	0.03	0.55	0.13	0.4	0.03	0.11	0.37	0.4	0.33	0.04	0.08	0.15	0.4	0.6	0.65	0.24	0.21	0.5	0.42	0.03	0.57	0.3	0.05	0.43	0.4	0.28	0.04	0.36	0.19
0.22	0.42	0.15	0.15	0.09	0.3	0.37	0.13	0.24	0.44	0.03	5.43	0.12	0.13	0.22	0.07	0.15	0.47	0.23	0.12	0.14	0.4	0.08	0.28	0.04	0.77	0.47	0.33	1.98	0.13	0.03	0.47	0.13	0.09	0.13	0.09	0.45	0.38	0.03	0.03	0.6	0	0.33	0.05	0.06	0.09	0.9	0.4	0.23	0.01	0.12	0.09	0.4	0.06	0.41	0.04	0.79	0.1	0.42	0.04	0.11	0.42	0.14	0.29	0.03	0.08	0.15	0.03	0.44	0.64	0.42	0.04	0.1	0.23	0.12	0.01	0.03	0.45	0.31	0.22	0.14	0.02	0.45	0.21	0.2	0.01	0.09	0.11	0.04	0.16	0.04	0.27	0.47	0.96	0.46	0.11	0.78	0.12	0.97
0.14	0.02	0.29	0.21	0.14	0.25	0.47	0.02	0.02	0.02	0.12	0.68	0.04	0.04	0.36	0.42	0.04	0.19	0.23	0.37	0.07	0.16	0.42	0.45	0.14	0.16	0.03	0.04	1.91	0.06	0.1	0.17	0.03	0.14	0.03	0.47	0.02	0.36	0.11	0.23	0.01	0.47	0	0.14	0.75	0.67	0.29	0.28	0.33	0.1	0.03	0.21	0.47	0.19	0.05	0.33	0.02	0.01	0.15	0.11	0.03	0.13	0.03	0.21	0.16	0.17	0.04	0.12	0.05	0.03	0.31	0.44	0.47	0.29	0.03	0.12	0.4	0.26	0.32	0.04	0.04	0.15	0.33	0.2	0.57	0.16	0.19	0.17	0.47	0.03	0.15	0.3	0.04	0.47	0.47	0.02	0.04	0.01	0.19
0.03	0.15	0.17	0.4	0.05	0.9	0.04	0.4	0.25	0.62	0.07	3.35	0.44	0.13	0.28	0.24	0.44	0.44	0.54	0.13	0.16	0.14	0.44	0.05	0.28	0.14	0.18	0.44	0.18	0.13	0.04	0.38	0.17	0.42	0.12	0.1	0.1	0.46	0.29	0.45	0.14	0.05	0.45	0	0.15	0.04	0.61	0.55	0.34	0.03	0.54	0.29	0.15	0.45	0.13	0.31	0.15	0.2	0.45	0.75	0.24	0.46	0.45	0.17	0.06	0.07	0.17	0.13	0.45	0.45	0.12	0.05	0.45	0.45	0.17	0.08	0.21	0.33	0.45	0.14	0.19	0.08	0.95	0.55	0.38	0.04	0.42	0.46	0.01	0.26	0.05	0.21	0.11	0.43	0.15	0.14	0.46	0.14	0.35
0.45	0.95	0.95	0.45	0.04	0.93	2.04	0.42	0.45	0.43	0.47	5.51	1.53	3.99	0.48	0.98	0.2	0.27	1.05	1.99	0.94	0.05	0.47	0.03	0.44	0.49	0.45	0.48	3.01	0.61	0.45	0.55	0.91	0.03	0.14	0.44	1.05	0.5	0.48	2	1.52	0.06	0.17	7.02	0.04	1.58	0.98	2.94	0.45	1	0.94	0.48	0.49	2.44	0.42	0.42	0.41	0.48	0.62	0.14	0.58	1.52	2	0.44	0.44	1.45	0.41	5.03	0.52	0.42	0.41	2.25	0.04	0.42	0.91	0.08	0.46	0.46	0.46	0.96	2.17	0.49	0.95	2.02	1.23	0.45	1.96	0.06	0.45	0.56	0.03	0.95	7.49	0.43	0.41	0.16	1.56	1.52	0.43
0.02	0.52	0.48	0.46	0	0.98	0.02	0.14	0.48	0.51	0.03	7.52	0.4	0.27	0.4	0.14	0.18	0.5	0.4	0.51	0.18	0.47	0.41	0.01	0.38	0.43	0.18	0.17	1.51	0.46	0.24	0.41	0.46	0	0.14	0.14	0.32	0.15	0.4	0.09	0.17	0.09	0.91	0.41	0.03	0	0.15	0.41	0.54	0.41	0.14	0.41	0.39	0.33	0.51	0.04	0.14	0.41	0.91	0.23	0.73	0.75	0.16	0.4	0.5	0.4	0.56	0.12	0.15	0.23	0.13	0.18	0.4	0.18	0.81	0.4	0.12	0.4	0.49	0.51	0.13	0.13	0.31	0.41	0.32	0.09	0.06	0.48	0.1	0.41	0.01	0.34	0.41	0.51	0.3	0.41	0.18	0.14	0.3
0.15	0.38	0.31	0.23	0.49	0.42	0.15	0.22	0.21	0.4	0.15	1.08	0.22	0.23	0.62	0.99	0.72	0.42	0.35	0.19	0.92	0.16	0.21	0.15	0.23	0.22	0.47	0.35	0.33	0.23	0.15	0.17	0.22	0.62	0.5	0.52	0.19	0.52	0.15	0.42	0.52	0.2	0.43	0.17	0.61	0.15	0	0.6	0.33	0.18	0.43	0.53	0.19	0.53	0.22	0.15	0.43	0.2	0.46	0.16	0.43	0.93	0.22	0.01	0.18	0.21	0.23	0.15	0.23	0.22	0.2	0.5	0.15	0.5	0.21	0.44	0.23	0.34	0.54	0.54	0.23	0.22	0.44	0.2	0.44	0.22	0.47	0.45	0.44	0.21	0.95	0.32	0.31	0.95	0.44	0.22	0.33	0.54	0.59
0.51	0.02	0.4	0.06	0.14	0.9	0.12	0.4	0.02	0.01	0.16	3.96	0.45	0.1	0.37	0.23	0.05	0.5	0.32	0.04	0.13	0.51	0.46	0.46	0.31	0.03	0.04	0.03	1.88	0.07	0.47	0.16	0.01	0.14	0.05	0.48	0.04	0.03	0.48	0.23	0.04	0.12	0.03	0.45	0.85	0.14	0.55	0	0.55	0.12	0.04	0.21	0.09	0.23	0.4	0.12	0.01	0.03	0.5	0.12	0.4	0.84	0.04	0.41	0.19	0.16	0.05	0.14	0.06	0.02	0.42	0.16	0.22	0.28	0.42	0.13	0.23	0.2	0.93	0.43	0.05	0.43	0.06	0.21	0.62	0.44	0.54	0.16	0.12	0.03	0.15	0.45	0.06	0.61	0.09	0.03	0.05	0.08	0.21
0.61	0.61	0.6	0.66	0.21	0.58	0.22	0.34	0.32	0.34	0.22	0.01	0.75	0.96	0.45	0.17	0.37	0.32	0.4	0.36	0.36	0.22	0.18	0.21	0.21	0.67	0.37	0.71	0.41	0.33	0.23	0.4	0.33	0.32	0.95	0.34	0.4	0.41	0.22	0.24	0.35	0.23	0.9	0.28	3.38	0.2	0.33	0.35	0	0.22	0.72	0.18	0.34	0.6	0.61	0.22	0.34	0.42	0.17	0.4	0.32	0.49	0.35	0.6	0.19	0.15	0.36	0.4	0.37	0.4	0.36	0.21	0.31	0.25	0.34	0.25	0.24	0.4	0.02	0.33	0.4	0.41	0.5	0.14	0.4	0.4	0.48	0.4	0.42	0.5	0.21	0.4	0.33	0.29	0.5	0.34	0.4	0.47	0.57
0.02	0.4	0.14	0.4	0.05	0.41	0.4	0.37	0.18	0.11	0.02	6.59	0.18	0.4	0.23	0.09	0.36	0.24	0.4	0.08	0.12	0.03	0.05	0.25	0.04	0.09	0.1	0.9	2.21	0.4	0.4	0.41	0.44	0.03	0.67	0.08	0.82	0.14	0.1	0.04	0.41	0.41	0.28	0.02	2.56	0.05	0.42	0.26	0.22	0	0.23	0.07	0.16	0.04	0.42	0.01	0.11	0.42	0.05	0.01	0.1	0.42	0.1	0.18	0.04	0.08	0.53	0.34	0.53	0.12	0.43	0.44	0.29	0.2	0.1	0.02	0.04	0.45	0.2	0.18	0.29	0.46	0.46	0.07	0.14	0.01	0.96	0.13	0	0.47	0.04	0.17	0.97	0.22	0.13	0.46	0.12	0.12	0.22
0.48	0.02	0.47	0.05	0.12	0.26	0.45	0.04	0.06	0.03	0.14	1.92	0.03	0.49	0.48	0.98	0.05	0.18	0.25	0.01	0.06	0.14	0.2	0.15	0.44	0.28	0.93	0.05	0.42	0.42	0.41	0.52	0.04	0.47	0.12	0.18	0.02	0.28	0.45	0.44	0.36	0.11	0.02	0.43	2.84	0.44	0.42	0.53	0.49	0.09	0.04	0.25	0.43	0.41	0.92	0.11	0.04	0.02	0.41	0.4	0.02	0.49	0.04	0.27	0.45	0.15	0.05	0.13	0.45	0.04	0.03	0.44	0.44	0.25	0.42	0.11	0.2	0.42	0.33	3.54	0.04	0.13	0.03	0.19	0.53	0.11	0.19	0.46	0.09	0.02	0.14	0.45	0.42	0.45	0.44	0.24	0.44	0.13	0.53
0.12	0.56	0.49	0.59	0.11	0.25	0.08	0.5	0.9	0.4	0.07	0.46	0.2	0.18	0.18	0.03	0.22	0.22	0.17	0.41	0.2	0.07	0.71	0.41	0.48	0.51	0.2	0.61	1.18	0.22	0.42	0.04	0.21	0.13	0.49	0.04	0.42	1.02	0.09	0.05	0.18	0.08	0.2	0.12	0.22	0.32	0.21	0.24	0.21	0.43	0.83	0	1.42	0.19	0.21	0.08	0.43	0.19	0.03	0.09	0.18	0.29	0.21	0.43	0.05	0.03	0.21	0.09	0.23	0.55	0.64	0.09	0.13	0.14	0.18	0.44	0.05	0.05	0.17	0.41	0.49	0.47	1.25	0.04	0.44	0.09	0.04	0.08	0.14	0.22	0.35	0.15	0.21	0.18	0.21	0.19	0.22	0.22	1.46
0.11	0.01	0.12	0.04	0.45	0.25	0.39	0.02	0.17	0.02	0.13	0.56	0.04	0.03	0.37	0.2	0.04	0.18	0.27	0.01	0.47	0.16	0.49	0.23	0.14	0.03	0.03	0.04	1.27	0.04	0.12	0.48	0.03	0.12	0.03	0.53	0.02	0.02	0.11	0.49	0.03	0.14	0	0.13	0.28	0.22	0.66	0.03	0.34	0.11	0.41	0.17	0	0.25	0.04	0.4	0.02	0.01	0.18	0.32	0.12	0.16	0.4	0.2	1.31	0.15	0.24	0.12	0.04	0.03	0.02	0.14	0.13	0.61	0.02	0.12	0.22	1.2	0.33	0.03	0.04	0.41	0.04	0.19	0.25	0.11	0.51	0.17	0.41	0.02	0.14	0.3	0.07	0.62	0.04	0.01	0.04	0.01	0.18
0.43	0.4	0.37	0.92	0.46	0.33	0.05	1.36	0.23	0.56	0.11	4.1	0.21	0.5	0.25	0.39	0.21	0.35	0.27	0.23	0.22	0.25	0.15	0.12	0.1	0.23	0.22	0.22	0.21	0.19	0.45	0.06	0.23	0.09	0.17	0.25	0.17	0.18	0.09	0.12	0.28	0.21	0.42	0.16	0.97	0.22	0.45	0.55	0.45	0.13	0.3	0.45	0.2	0	0.24	0.06	1.1	0.47	0.25	0.12	0.51	0.33	0.19	0.5	0.18	0.14	0.23	0.07	0.24	0.3	0.63	0.12	0.09	0.27	0.73	0.07	0.08	0.23	0.25	0.43	0.17	0.11	0.21	0.14	0.24	0.1	0.17	0.23	0.06	0.3	0.11	0.23	0.18	0.31	0.19	0.22	0.71	1.02	1.15
0.12	0.95	0.45	0.55	0.13	0.29	0.13	0.06	0.04	0.06	0.45	0.91	0.01	0.06	0.35	0.21	0.51	0.49	0.34	0.04	0.21	0.48	0.21	0.14	0.39	0.41	0.06	0.07	0.31	0.26	0.45	0.42	0.06	0.13	0.42	0.19	0.03	0.04	0.12	0.42	0.05	0.12	0.05	0.92	2.76	0.13	0.31	0.1	0.33	0.44	0.21	0.23	0.04	0.42	0	0.12	0.06	0.05	0.16	0.12	0.05	0.42	0.06	0.22	0.52	0.18	0.25	0.42	0.08	0.92	0.05	0.27	0.42	0.28	0.04	0.13	0.16	0.52	1.21	0.01	0.4	0.48	0.31	0.42	0.28	0.3	0.19	0.42	0.12	0.04	0.14	0.31	0.2	0.42	0.37	0.05	0.07	0.05	0.28
0.02	0.12	0.14	0.14	0.03	0.31	0.01	0.11	0.4	0.44	0.02	0.66	0.31	0.45	0.26	0.1	0.23	0.45	0.34	0.1	0.33	0.05	0.47	0.03	0.03	0.1	0.13	0.14	0.41	0.12	0.01	0.11	0.46	0.02	0.64	0.46	0.08	0.62	0	0.57	0.11	0.04	0.15	0	5.5	0.02	0.36	0.47	0.22	0.01	0.39	0.47	0.1	0.06	0.98	0	0.47	0.1	0.05	0.01	0.48	0	0.11	0.15	0.04	0.07	0.12	0.02	0.13	0.14	0.48	0.04	0.02	0.18	0.48	0.04	0.05	0.07	0.48	0.47	0.13	0.11	0.48	0.78	0.21	0.03	0.08	0.07	0.01	0.09	0.03	0.19	0.49	0.23	0.15	0.49	0.49	0.33	0.23
0.13	0.13	0.11	0.05	0.45	0.29	0.15	0.23	0.45	0	0.25	1.44	0.05	0.43	0.63	0.21	0.63	0.21	0.43	0.03	0.17	0.41	0.43	0.14	0.14	0.03	0.19	0.02	0.1	0.46	0.21	0.43	0.01	0.41	0.05	0.19	0.22	0.03	0.1	0.43	0.03	0.13	0.02	0.15	0.26	0.38	0.43	0.01	0.73	0.11	0.04	0.43	0.02	0.23	0.43	0.53	0	0.11	0.49	0.43	0.24	0.15	0.03	0.43	0.18	0.39	0.04	0.12	0.05	0.01	0.04	0.16	0.13	0.62	0.04	0.14	0.22	0.19	0.33	0.05	0.05	0.21	0.39	0.42	0.28	0.14	0.41	0.17	0.12	0.62	0.14	0.66	0.05	0.35	0.42	0.02	0.3	0.03	0.84
0.2	0.02	0.29	0.11	0.44	0.61	0.11	0.11	0.03	0.05	0.44	2.66	0.04	0.47	0.76	0.21	0.47	0.53	0.28	0.01	0.25	0.15	0.19	0.14	0.57	0.24	0.03	0.09	0.34	0.05	0.11	0.45	0.03	0.13	0.04	0.19	0.4	0.01	0.39	0.22	0.07	0.11	0.01	0.13	0.16	0.21	0.2	0.24	0.38	0.16	0.02	0.48	0.01	0.22	0.05	0.12	0.03	0	0.49	0.49	0.03	0.1	0.03	0.2	0.49	0.16	0.04	0.11	0.04	0.04	0.02	0.53	0.13	0.5	0.05	0.12	0.24	0.24	0.4	0.04	0.04	0.18	0.05	0.5	0.26	0.4	0.52	0.28	0.5	0.03	0.4	0.31	0.07	0.34	0.04	0.01	0.4	0.01	0.37
0.04	0.16	0.22	0.18	0.1	0.25	0.04	0.48	0.49	0.17	0.04	1.75	0.49	0.14	0.49	0.03	0.19	0.2	0.49	0.15	0.16	0.04	0.05	0.05	0.05	0.49	0.16	0.18	1.5	0.17	0.05	0	0.17	0.09	0.15	0.03	0.4	0.92	0.05	0.04	0.4	0.07	0.17	0.4	0.72	0.09	0.17	0.18	0.4	0.18	0.81	0.18	0.4	0.07	0.16	0.05	1.11	0.4	0	0.05	0.16	0.43	0.5	0.21	0.04	0.03	0.18	0.04	0.45	0.18	0.42	0.05	0.09	0.42	0.16	0.31	0.42	0.03	0.42	0.3	0.16	0.42	0.16	0.03	0.42	0.08	0.03	0.09	0.04	0.14	0.42	0.15	0.73	0.43	0.43	0.18	0.19	0.89	0.17
0.02	0.1	0.44	0.5	0.32	0.35	0.02	0.13	0.44	0.5	0.14	0.57	0.12	0.1	0.23	0.08	0.49	0.49	0.45	0.1	0.41	0.12	0.09	0.04	0.04	0.45	0.25	0.16	0.17	0.65	0.01	0.06	0.58	0.32	0.12	0.47	0.46	0.15	0	0.04	0.47	0.04	0.12	0.01	0.24	0.23	0.16	0.46	0.39	0.41	0.44	0.09	0.47	0.21	0.12	0.01	0.11	0.1	0.58	0.01	0.09	0.02	0.48	0.16	0.04	0.28	0.48	0.4	0.14	0.3	0.09	0.04	0.15	0.58	0.11	0.04	0.06	0.48	0.24	0.31	0.44	0.49	0.12	0.08	0.23	0.05	0.09	0.08	0.01	0.11	0.04	0.2	0.12	0.48	0.14	0.48	0.14	0.11	1.79
0.1	0.2	0.09	0.09	0.12	0.26	0.42	0.12	0.02	0.03	0.14	5.44	0.2	0.01	0.43	0.2	0.05	0.43	1.13	0.82	0.07	0.16	0.44	0.13	0.53	0.02	0.04	0.05	0.11	0.05	0.27	0.14	0.37	0.45	0.05	0.19	0.02	0.41	0.45	1.09	0.04	0.11	0.03	0.41	2.86	0.16	0.53	0.41	0.46	0.56	0.03	0.23	1.45	0.16	0.04	0.1	0.21	0.03	0.14	0.1	0	0.11	0.28	0.59	0.14	0.16	0.05	0.48	0.05	0.04	0.49	0.28	0.13	0.27	0.01	0.11	0.2	0.18	0.34	0.04	0.03	0.17	0.05	0.6	0.31	0.11	0.19	0.15	0.4	0.02	0.13	0.5	0.04	0.38	0.07	0.03	0.07	0.03	0.2
0.03	0.46	0.17	0.96	0.03	0.46	0.02	0.46	0.45	0.11	0.03	10.3	0.5	0.5	0.5	0.51	0.49	0.54	0.59	0.99	0.99	0.47	0.1	0.04	0.68	0.12	0.48	0.48	1.87	0.48	0.05	0.06	0.47	0.02	0.42	0.47	0.09	0.56	0	0.05	0.47	0.04	0.46	0.01	0.46	0.03	0.47	0.47	0.98	0.01	0.47	0.46	0.13	0.97	0.12	0.01	0.46	0.5	0.96	0.02	0.46	0.01	0.45	0.55	0.45	0.45	0.45	0.02	0.55	0.45	0.95	0.04	0.02	0.94	0.1	0.03	0.43	0.93	0.44	0.43	0.93	0.43	0.92	0.92	0.52	0.92	0.42	0.43	0.01	0.92	0.03	0.41	0.43	0.41	0.41	0.51	0.13	0.41	0.48
0.13	0.03	0.11	0.2	0.15	0.44	0.14	0.03	0.03	0.06	0.14	0.85	0.36	0.36	0.4	0.31	0.65	0.2	0.29	0.4	0.06	0.17	0.2	0.4	0.37	0.04	0	0.05	2.02	0.41	0.13	0.18	0.13	0.15	0.05	0.58	0.41	0.06	0.13	0.63	0.03	0.41	0.03	0.16	0.65	0.44	0.58	0.04	0.36	0.1	0.04	0.22	0.41	0.22	0.33	0.13	0.03	0.51	0.16	0.13	0.04	0.12	0	0.22	0.17	0.16	0.41	0.34	0.03	0.41	0.2	0.61	0.71	0.31	0.61	0.13	0.22	0.19	0.4	0.06	0.41	0.56	0.06	0.42	0.61	0.13	0.21	0.19	0.12	0.41	0.14	0.31	0.06	0.44	0.02	0.91	0.41	0.03	0.57
0.15	0.31	0.3	0.24	0.16	0.42	0.15	0.48	0.21	0.25	0.15	1.16	0.22	0.23	0.37	1.07	0.23	0.36	0.35	0.19	0.48	1.41	0.28	0.16	0.14	0.59	0.22	0.55	0.72	0.23	0.15	0.41	0.22	0.16	0.24	0.19	0.58	0.33	0.15	0.21	0.2	0.2	0.4	0.46	1.68	0.17	0.01	0.22	0.51	0.51	0.48	0.61	0.41	0.26	0.22	0.4	0.22	0.2	0.28	0.16	0.21	0.17	0.22	0	0.18	0.2	0.23	0.41	0.24	0.23	0.2	0.15	0.14	0.41	0.21	0.22	0.21	0.87	0.41	0.53	0.61	0.23	0.22	0.18	0.06	0.42	0.19	0.18	0.16	0.6	0.12	0.3	0.22	0.35	0.55	0.43	0.42	0.21	0.34
0.1	0.14	0.19	0.26	0.09	0.55	0.03	0.45	0.14	0.45	0.03	4.81	0.15	0.14	0.47	0.04	0.47	0.23	0.2	0.17	0.29	0.03	0.05	0.04	0.04	0.13	0.21	0.21	0.77	0.47	0.04	0.04	0.16	0.06	0.15	0.05	0.14	0.48	0.48	0.24	0.16	0.03	0.16	0.08	2.74	0.09	0.18	0.18	0.19	0.04	0.51	0.05	0.16	0.21	0.16	0.49	0.69	0.15	0.04	0.04	0.49	0.18	0.15	0.16	0	0.05	0.18	0.03	0.19	0.49	0.15	0.04	0.09	0.49	0.49	0.49	0.01	2.37	0.5	0.15	0.15	0.01	0.15	0.05	0.18	0.04	0.4	0.06	0.04	0.13	0.04	0.4	0.15	0.19	0.45	0.14	0.4	0.17	0.5
0.39	0.16	0.2	0.41	0.06	0.6	0.07	0.46	0.28	0.48	0.06	9.28	0.47	0.15	0.17	0.01	0.45	0.39	0.17	0.15	0.19	0.05	0.36	0.45	0.06	0.16	0.16	0.45	0.24	0.28	0.45	0.24	0.16	0.06	0.18	0.46	0.33	0.4	0.31	0.05	0.16	0.08	0.45	0.07	0.14	0.06	1.26	0.76	0.15	0.08	0.16	0.03	0.45	0.12	0.18	0.07	0.45	0.22	0.03	0.07	0.16	0.09	0.16	0.2	0.05	0	0.45	0.24	0.18	0.22	0.45	0.07	0.22	0.12	0.16	0.95	0.05	0.25	0.16	0.33	0.17	0.45	0.18	0.65	0.54	0.07	0.01	0.65	0.08	0.18	0.07	0.11	0.37	0.45	0.19	0.55	0.19	0.92	0.47
0.45	0.31	0.11	0.03	0.16	0.45	0.15	0.05	0.04	0.25	0.14	6.62	0.07	0.04	0.68	0.23	0.03	0.47	0.3	0.04	0.29	0.17	0.4	0.17	0.17	0.49	0.4	0.07	0.28	0.08	0.49	0.58	0.43	0.15	0.06	0.21	0.34	0.37	0.31	0.24	0.04	0.15	0.04	0.17	0.65	0.15	1.09	0.18	1	0.5	1	0.5	0.03	0.21	0.08	0.14	0.05	0.04	0.17	0.14	0.05	0.8	0.02	0.6	0.19	0.17	0	0.14	0.01	0.4	0.05	0.17	0.99	0.33	0.4	0.37	0.24	0.7	0.92	0.07	0.06	0.4	0.43	0.53	0.7	0.16	0.21	0.2	0.4	0.05	0.16	1	0.07	0.37	0.03	0.04	0.35	0.04	1.4
0	0.14	0.15	0.14	0.02	0.31	0	0.17	0.1	0.13	0.01	1.81	0.12	0.65	0.25	0.75	0.14	0.45	0.23	0.11	0.12	0.04	0.35	0.2	0.32	0.5	0.13	0.15	0.41	0.45	0.02	0.05	0.12	0.02	0.11	0.35	0.96	0.46	0.35	0.1	0.47	0.03	0.12	0.03	0.11	0.02	0.15	0.13	0.47	0.02	0.46	0.08	0.12	0.18	0.47	0.02	0.4	0.58	0.04	0.02	0.2	0.33	0.17	0.48	0.03	0.07	0.45	0	0.25	0.15	0.13	0.03	0.02	0.18	0.48	0.04	0.46	0.06	0.2	0.12	0.49	0.03	0.13	0.07	0.49	0.03	0.29	0.05	0.02	0.5	0.02	0.33	0.12	0.23	0.14	0.12	0.14	0.11	0.58
0.16	0.76	0.12	0.03	0.16	0.67	0.47	0.05	0.05	0.05	0.16	3.21	0.07	0.05	0.9	0.4	0.03	0.22	0.31	0.05	0.1	0.19	0.41	0.55	0.57	0.05	0.03	0.07	0.73	0.08	0.13	0.18	0.43	0.15	0.12	0.22	0.05	0.24	0.14	0.23	0.05	0.44	0.05	0.18	3.72	0.15	0.47	0.06	0.78	0.13	0.05	0.21	0.04	0.2	0.47	0.13	0.05	0.31	0.19	0.5	0.06	0.47	0.04	0.23	0.18	0.18	0.37	0.51	0	0.06	0.06	0.18	0.54	0.3	0.99	0.17	0.25	0.72	0.33	0.09	0.4	0.25	0.2	0.22	0.91	0.41	0.61	0.2	0.15	0.05	0.41	0.34	0.66	0.41	0.27	0.16	0.26	0.05	0.92
0.13	0.03	0.11	0.31	0.16	0.44	0.14	0.01	0.03	0.08	0.44	0.86	0.46	0.04	0.77	0.25	0.06	0.23	0.32	0.47	0.06	0.17	0.46	0.15	0.15	0.32	0.04	0.02	0.11	0.07	0.48	0.23	0.68	0.38	0.14	0.21	0.04	0.04	0.11	0.6	0.04	0.14	0.03	0.15	1.25	0.18	0.22	0.02	0.35	0.12	0.05	0.48	0.57	0.22	0.06	0.2	0.03	0.04	1.18	0.12	0.33	0.55	0.04	0.23	0.17	0.19	0.06	0.13	0.06	0	0.05	0.17	0.16	0.28	0.04	0.13	0.24	0.2	0.34	0.49	0.06	0.2	0.07	0.21	0.29	0.14	0.21	0.57	0.21	0.03	0.49	0.33	0.06	0.42	0.06	0.03	0.05	0.04	0.4
0.11	0.33	0.45	0.19	0.15	0.65	0.11	0.09	0.03	0.8	0.13	3.39	0.04	0.05	0.38	0.23	0.49	0.19	0.25	0.18	0.1	0.17	0.21	0.28	0.16	0.4	0.04	0.06	0.11	0.05	0.1	0.82	0.04	0.17	0.27	0.22	0.02	0.01	0.09	0.23	0.03	0.11	0.39	0.45	1.7	0.27	0.2	0.05	0.35	0.4	0.02	0.21	0.02	0.2	0.4	0.11	0.04	0.02	0.17	0.4	0.4	0.72	0.36	0.2	0.41	0.61	0.05	0.13	0.06	0.18	0	0.41	0.4	0.28	0.4	0.2	0.41	2.33	0.33	0.04	0.71	0.18	0.05	0.19	0.41	0.13	0.22	0.43	0.11	0.04	0.14	0.32	0.04	0.6	0.28	0.03	0.41	0.42	0.41
0.03	0.46	0.78	0.22	0.02	0.3	0.46	0.14	0.13	0.19	0.03	0.73	0.14	0.13	0.25	0.09	0.16	0.25	0.59	0.36	0.47	0.05	0.47	0.01	0.34	0.14	0.48	0.5	0.55	0.34	0.04	0.14	0.14	0.58	0.15	0.09	0.14	0.35	0.48	0.09	0.15	0.11	0.17	0.05	0.44	0.17	0.14	0.49	0.26	0.04	0.41	0.48	0.49	0.06	0.14	0.04	0.16	0.53	0.05	0.04	0.25	0.07	0.15	0.14	0.4	0.31	0.53	0.03	0.45	0.33	0.15	0	0.4	0.41	0.17	0.05	0.41	0.06	1.37	0.41	0.17	0.08	0.69	0.08	0.41	0.91	0.09	0.04	0.04	0.14	0.42	0.27	0.17	0.23	0.18	0.42	0.19	0.16	0.91
0.34	0.14	0.48	0.38	0.28	0.48	0.02	0.15	0.11	0.15	0.58	1.64	0.26	0.47	0.29	0.13	0.56	0.5	0.22	0.14	0.26	0.14	0.48	0.01	0.01	0.35	0.47	0.48	0.36	0.34	0.98	0.1	0.13	0.01	0.14	0.44	0.12	0.48	0.02	0.48	0.52	0.09	0.13	0.48	0.16	0	0.48	0.14	0.58	0.03	0.15	0.15	0.14	0.07	0.49	0.99	0.18	0.49	0.23	0.1	0.12	0.13	0.49	0.51	0.13	0.06	0.49	0.29	0.19	0.18	0.31	0.01	0	0.18	0.31	0.38	0.23	0.05	0.24	0.49	0.13	0.08	0.15	0.11	0.15	0.09	0.4	0.09	0.6	0.13	0.3	0.4	0.13	0.4	0.15	0.15	0.51	1	0.45
0.18	0.28	0.29	0.41	0.18	0.41	0.52	0.28	0.26	0.36	0.18	3.77	0.27	0.73	0.43	0.49	0.42	0.09	0.39	0.28	0.32	0.2	0.14	0.26	0.19	0.27	0.29	0.29	2.34	0.29	0.94	0.13	0.27	0.43	0.29	0.1	0.27	0.44	0.33	0.54	0.27	0.19	0.26	0.44	4.7	0.42	0.36	0.38	0.25	0.2	0.49	0.16	0.26	0.75	0.28	0.18	0.3	0.45	0.13	0.45	0.28	0.19	0.55	0.33	0.19	0.12	0.3	0.18	0.31	0.46	0.56	0.46	0.18	0	0.37	0.19	0.2	0.12	0.21	0.28	0.28	0.18	0.56	0.46	0.47	0.19	0.56	0.39	0.19	0.46	0.19	0.22	0.28	0.03	0.31	0.29	0.32	0.28	0.47
0.47	0.02	0.07	0.31	0.98	0.26	0.12	0.03	0.05	0.03	0.12	3.76	0.42	0.49	0.37	0.2	0.05	0.19	0.4	0.84	0.4	0.5	0.37	0.4	0.14	0.4	0.4	0.06	0.1	0.04	0.09	0.4	0.04	0.41	0.05	0.18	0.41	0.61	0.1	0.21	0.03	0.11	0.41	0.15	1.55	0.42	0.21	0.41	0.33	0.28	0.02	0.45	0.41	0.16	0.04	0.09	0.04	0.03	0.16	0.42	0.01	0.14	0.04	0.42	0.42	0.2	0.11	0.1	0.06	0.04	0.43	0.15	0.12	0.27	0	1.13	0.23	0.16	0.58	0.03	0.04	0.4	0.04	0.93	0.33	0.1	0.53	0.18	0.1	0.02	0.13	0.44	0.35	0.44	0.44	0.03	0.47	0.03	0.74
0.04	0.12	0.96	0.16	0.09	0.32	0.24	0.14	0.12	0.14	0.43	1.97	0.28	0.13	0.23	0.43	0.45	0.64	0.23	0.12	0.14	0.04	0.32	0.05	0.08	0.14	0.15	0.14	1.17	0.77	0.34	0.27	0.91	0.09	0.18	0.4	0.41	0.36	0.04	0.04	0.5	0.42	0.18	0.25	1.65	0.42	0.53	0.15	0.24	0.21	0.85	0.09	0.11	0.17	0.14	0.04	0.15	0.46	0.09	0.04	0.11	0.06	0.22	0.22	0.03	0.09	0.49	0.32	0.14	0.51	0.12	0.05	0.1	0.19	0.43	0	0.04	0.33	0.47	0.13	0.41	0.35	0.41	0.39	0.28	0.11	0.43	0.09	0.04	0.53	0.05	0.54	0.13	0.24	0.15	0.16	0.16	0.13	0.8
0.1	0.35	0.19	0.24	0.44	0.52	0.1	0.21	0.21	0.61	0.03	6.71	0.15	0.32	0.56	0.46	0.26	0.56	0.24	0.28	0.18	0.09	0.34	0.46	0.27	0.22	0.22	0.5	0.23	0.16	0.04	0.33	0.23	0.09	0.17	0.09	0.48	0.22	0.05	0	0.21	0.03	0.46	0.12	1.14	0.1	0.62	0.23	0.24	0.41	0.29	0.05	0.2	0.18	0.16	0.29	0.21	0.51	0.93	0.04	0.2	0.44	0.23	0.44	0.01	0.05	0.23	0.1	0.25	0.63	0.23	0.47	0.09	0.2	0.2	0.04	0	0.08	0.22	0.15	0.21	0	0.16	0.09	0.23	0.32	0.29	0.07	0.04	0.5	0.09	0.21	0.43	0.59	0.25	0.3	0.4	0.22	1.06
0.06	0.95	0.21	0.45	0.45	0.23	0.44	0.17	0.44	0.84	0.43	3.73	0.43	0.42	0.19	0.42	0.19	0.41	0.18	0.41	0.61	0.12	0.05	0.4	0.22	0.17	0.4	0.5	0.4	0.2	0.07	0.46	0.99	0.04	0.18	0.05	0.47	0.47	0.08	0.08	0.47	0.46	0.19	0.46	4.06	0.41	0.45	0.51	0.45	0.08	0.19	0.95	0.18	0.26	0.18	0.44	0.53	0.19	0.93	0.07	0.19	0.07	0.42	0.18	0.05	0.02	0.56	0.1	0.18	0.41	0.18	0.06	0.12	0.4	0.47	0.16	0.08	0.41	0.6	0.17	0.4	0.5	0.29	0.09	0.5	0.09	0.01	0.03	0.07	0.49	0.48	0.44	0.48	0.16	0.21	0.2	0.2	0.48	0.47
0.4	0.6	0.34	0.33	0.24	0.21	0.2	0.33	0.41	0.38	0.2	4.33	0.31	0.35	0.25	0.15	0.33	0.49	0.46	0.33	0.31	0.21	0.16	0.19	0.19	0.29	0.37	0.35	1.91	0.31	0.22	0.46	0.96	0.63	0.47	0.49	0.32	0.34	0.2	0.22	0.35	0.21	0.96	0.46	0.58	0.66	0.31	0.55	0.02	0.46	0.34	0.17	0.32	0.66	0.48	0.46	0.34	0.66	0.46	0.56	0.31	0.45	0.46	0.46	0.19	0.56	0.34	0.2	0.34	0.46	0.35	0.3	1.57	0.21	0.33	0.23	0.56	0.46	0.01	0.33	0.31	0.19	0.67	0.12	0.37	0.22	0.13	0.96	0.22	0.36	0.19	0.46	0.31	0.31	0.33	0.56	0.33	0.91	0.96
0.78	0.04	0.1	0.47	0.47	0.29	0.77	0.05	0.03	0.21	0.23	1.29	0	0.06	0.34	0.48	0.07	0.4	0.47	0.03	0.22	0.55	0.46	0.14	0.75	0.05	0.45	0.09	0.77	0.01	0.11	0.16	0.05	0.43	0.46	0.52	0.42	0.18	0.11	0.15	0.41	0.12	0.04	0.41	0.32	0.3	0.22	0.05	0.68	0.17	0.81	0.48	0.03	0.21	0.6	0.11	0.05	0.12	0.51	0.41	0.04	0.47	0.06	0.46	0.14	0.51	0.07	0.11	0.45	0.24	0.04	0.14	0.44	0.28	0.03	0.43	0.15	0.32	0.46	0	0.03	0.17	0.41	0.51	0.28	0.9	0.4	0.5	0.11	0.04	0.14	0.49	0.04	0.48	0.07	0.04	0.07	0.43	0.84
0.13	0.04	0.08	0.2	0.14	0.27	0.12	0.47	0.02	0.05	0.12	1.39	0.03	0.31	0.52	0.22	0.07	0.21	0.34	0.04	0.44	0.16	0.44	0.14	0.17	0.03	0.54	0.07	0.54	0.04	0.46	0.5	0.44	0.15	0.05	0.2	0.03	0.04	0.24	0.21	0.05	0.45	0.04	0.16	0.57	0.65	0.33	0.05	0.55	0.12	0.04	0.55	0.04	0.2	0.19	0.47	0.05	0.04	0.17	0.12	0.03	1.15	0.05	0.23	0.14	0.98	0.06	0.15	0.45	0.06	0.28	0.3	0.5	0.28	0.34	0.14	0.61	0.18	0.31	0.32	0	0.16	0.28	1.06	0.55	0.13	0.2	0.15	0.12	0.01	0.13	0.3	0.46	0.46	0.07	0.04	0.56	0.09	0.34
0.03	0.31	0.19	0.18	0.09	0.28	0.44	0.46	0.22	0.18	0.06	7.75	0.14	0.22	0.19	0.49	0.18	0.25	0.2	0.35	0.16	0.06	0.05	0.06	0.06	0.17	0.39	0.34	0.28	1.02	0.14	0.5	0.15	0.49	0.15	0.07	0.25	0.9	0.08	0.3	0.38	0.05	0.5	0.12	1.59	0.43	0.21	0.17	0.19	0.1	0.16	0.09	0.8	0.1	0.4	0.06	0.35	0.16	0.06	0.07	0.22	0.4	0.17	0.49	0.26	0.48	0.4	0.06	0.29	0.15	0.4	0.1	0.11	0.19	0.34	0.06	0.41	0.07	0.27	0.22	0.26	0	0.29	0.41	0.36	0.04	0.1	0.21	0.14	0.23	0.05	0.22	0.54	0.23	0.17	0.41	0.46	0.28	0.2
0.52	0.38	0.1	0.08	0.42	0.29	0.12	0.43	0.04	0.15	0.13	1.77	0.01	0.45	0.43	0.21	0.44	0.21	0.64	0.35	0.44	0.19	0.44	0.54	0.14	0.44	0.06	0.28	0.12	0.1	0.12	0.16	0.06	0.13	0.08	0.19	0.03	0.04	0.11	0.16	0.05	0.13	0.05	0.17	2.66	0.13	0.56	0.06	0.34	0.57	0.04	0.21	0.04	0.46	0	0.4	0.06	0.05	0.16	0.12	0.04	0.11	0.06	0.22	0.15	1.16	0.46	0.13	0.08	0.07	0.05	0.32	0.13	0.47	0.06	0.14	0.16	0.47	0.32	0.58	0.03	0.32	0	0.18	0.77	0.14	0.19	0.18	0.12	0.18	0.14	0.48	0.01	0.99	0.48	0.31	0.69	0.13	0.37
0.32	0.47	0.31	0.22	0.06	0.23	0.37	0.3	0.47	0.58	0.08	1.9	0.3	0.49	0.18	0.02	0.21	0.49	0.5	0.2	0.82	0.07	0.38	0.08	0.38	0.17	0.21	0.21	2.05	0.19	0.33	0.03	0.4	0.05	0.19	0.32	0.48	0.4	0.4	0.09	0.38	0.09	0.2	0.11	0.1	0.1	0.6	0.21	0.15	0.07	0.42	0.42	0.18	0.14	0.4	0.08	0.41	0.25	0.07	0.09	0.41	0.28	0.22	0.18	0.05	0.41	0.38	0.07	0.42	0.19	0.2	0.08	0.24	0.1	0.48	0.1	0.42	0.03	0.13	0.18	0.42	0.05	0.42	0	0.2	0.1	0	0.04	0.08	0.42	0.07	0.42	0.18	0.53	0.22	0.2	0.33	0.43	0.15
0.21	0.43	0.45	0.93	0.21	0.51	0.44	0.28	0.27	0.28	1.14	5.8	0.28	0.29	0.68	0.41	0.42	0.42	0.41	0.26	0.23	0.49	0.27	0.15	0.2	0.93	0.59	0.63	1.63	0.29	0.21	0.23	0.53	0.19	0.52	0.25	0.25	0.53	0.43	0.23	0.37	0.2	0.44	0.23	0.54	0.33	0.44	0.44	0.47	0.14	0.61	0.26	0.44	0.24	0.28	0.21	0.28	0.45	0.45	0.22	0.28	0.48	0.28	0.45	0.45	0.16	0.45	0.21	0.3	0.29	0.45	0.56	0.15	0.73	0.27	0.46	0.56	0.23	0.37	0.28	1.17	0.21	0.47	0.2	0	0.68	0.25	0.17	0.22	0.48	0.14	0.58	0.28	0.58	0.29	0.27	0.29	0.27	0.4
0.03	0.28	0.51	0.93	0.42	0.63	0.21	0.13	0.1	0.12	0.03	1.51	0.13	0.5	0.23	0.07	0.15	0.91	0.41	0.1	0.2	0.4	0.24	0.05	0.41	0.3	0.14	0.72	1.01	0.14	0.03	0.42	0.15	0.09	0.14	0.1	0.11	0.1	0.43	0.13	0.43	0.01	0.11	0.04	0.35	0.42	0.43	0.14	0.63	0.01	0.12	0.09	0.11	0.44	0.14	0.25	0.44	0.44	0.24	0.04	0.44	0.81	0.14	0.22	0.04	0.07	0.16	0.03	0.28	0.17	0.13	0.05	0.46	0.45	0.13	0	0.04	1.89	0.56	0.33	0.12	0.03	0.14	0.1	0.28	0	0.1	0.76	0.26	0.12	0.18	0.59	0.47	0.22	0.14	0.14	0.14	0.33	0.37
0.08	0.59	0.49	0.21	0.06	0.23	0.08	0.19	0.17	0.2	0.4	2.14	0.19	0.51	0.18	0.41	0.21	0.18	0.17	0.39	0.18	0.14	0.41	0.09	0.07	0.38	0.81	0.21	1.95	0.19	0.41	0.32	0.19	0.3	0.17	0.42	0.21	0.52	0.08	0.09	0.42	0.09	0.41	0.11	0.52	0.72	0.42	0.28	0.15	0.23	0.55	0.04	0.2	0.44	0.19	0.08	0.2	0.19	0.07	0.09	0.52	0.19	0.45	0.42	0.05	0.01	0.21	0.08	0.22	0.21	0.31	0.09	0.06	0.44	0.19	0.43	0.09	0.41	0.14	0.33	0.21	0.43	0.19	0	0.25	0.43	0	0.25	0.09	0.18	0.08	0.43	0.44	0.15	0.23	0.94	0.59	0.22	0.16
0.04	0.27	0.4	0.4	0.09	0.27	0.04	0.4	0.45	0.17	0.06	2.35	0.51	0.45	0.22	0.41	0.19	0.45	0.21	0.15	0.18	0.1	0.11	0.04	0.04	0.14	0.18	0.52	0.53	0.19	0.07	0.09	0.16	0.46	0.15	0.04	0.56	0.66	0.05	0.46	0.18	0.08	0.17	0.13	0.78	0.46	0.56	0.7	0.18	0.46	0.41	0.08	0.17	0.09	0.19	0.17	0.48	0.17	0.09	0.27	0.15	0.46	0.16	0.18	0.06	0.05	0.19	0.05	0.66	0.17	0.16	0.05	0.42	0.15	0.17	0.08	0.07	0.03	0.46	0.17	0.28	0.46	0.19	0.04	0.17	0.09	0.04	0	0.46	0.19	0.04	0.46	0.18	0.62	0.19	0.17	0.46	0.98	0.67
0.02	0.87	0.16	0.45	0.1	0.31	0.02	0.12	0.45	0.15	0.02	2.2	0.11	0.18	0.49	0.49	0.13	0.26	0.22	0.1	0.13	0.04	0.09	0.04	0.04	0.5	0.13	0.14	0.59	0.45	0	0.36	0.12	0.09	0.46	0.09	0.1	0.4	0.01	0.04	0.31	0.03	0.35	0.01	3.52	0.18	0.16	0.4	0.23	0.01	0.09	0.08	0.11	0.19	0.5	0.01	0.4	0.1	0.04	0.12	0.12	0.01	0.12	0.16	0.04	0.08	0.4	0.41	0.16	0.12	0.61	0.04	0.32	0.19	0.41	0.03	0.04	0.07	0.22	0.14	0.12	0.1	0.12	0.08	0.41	0.03	0.51	0.41	0	0.41	0.03	0.2	0.12	0.36	0.43	0.1	0.13	0.1	0.24
0.39	0.02	0.09	0.05	0.12	0.26	0.12	0.03	0.33	0.03	0.11	8.52	0.18	0.69	0.49	0.21	0.05	0.49	0.69	0.03	0.06	0.44	0.2	0.49	0.14	0.02	0.04	0.05	0.09	0.07	0.4	0.4	0.03	0.22	0.06	0.49	0.02	0.51	0.41	0.22	0.03	0.12	0.03	0.41	5.18	0.12	0.21	0.36	1.19	0.5	0.02	0.21	0.02	0.16	0.04	0.41	0.03	0.03	0.16	0.1	0.42	0.87	0.04	0.21	0.15	0.42	0.05	0.44	0.06	0.04	0.3	0.43	0.12	0.27	0.46	0.43	0.21	0.17	0.3	0.04	0.08	0.55	0.21	0.54	0.27	0.24	0.31	0.44	0.1	0	0.14	0.96	0.04	0.35	0.29	0.03	0.05	0.38	0.2
0.02	0.14	0.94	0.31	0.01	0.39	0.02	0.4	0.14	0.14	0.03	1.86	0.13	0.41	0.24	0.09	0.55	0.24	0.23	0.15	0.45	0.81	0.17	0.01	0.42	0.14	0.16	0.55	0.19	0.15	0.03	0.31	0.14	0.06	0.16	0.08	0.56	0.25	0.03	0.46	0.14	0.05	0.13	0.06	0.27	0.01	0.46	0.16	0.57	0.3	0.47	0.33	0.15	0.08	0.14	0.03	0.45	0.48	0.16	0.04	0.13	0.05	0.17	0.15	0.04	0.48	0.15	0.29	0.16	0.48	0.15	0.01	0.01	0.19	0.13	0.04	0.09	0.05	0.97	0.14	0.15	0.05	0.14	0.07	0.49	0.05	0.08	0.04	0.03	0.14	0	0.52	0.5	0.56	0.17	0.16	0.6	0.44	0.59
0.19	0.3	0.33	1	0.17	0.49	0.34	0.7	0.3	0.3	0.19	1.46	0.96	0.45	0.66	0.45	0.45	0.12	0.05	0.46	0.46	0.19	0.15	0.18	0.18	0.46	0.56	0.66	0.97	0.6	0.56	0.98	0.3	0.17	0.46	0.49	0.32	0.31	0.44	0.44	0.94	0.44	0.3	0.54	0.31	0.72	0.3	0.44	0.26	0.17	0.29	0.45	0.96	0.46	0.45	0.19	0.65	0.31	0.14	0.2	0.66	0.46	0.68	0.3	0.56	0.12	0.46	0.46	0.32	0.33	0.43	0.96	0.55	0	0.46	0.2	0.2	0.15	0.46	0.3	0.33	0.97	0.46	0.12	0.46	0.32	0.46	0.15	0.55	0.29	0.42	0.01	0.45	0.03	0.44	0.56	0.35	0.68	0.44
0.38	0.04	0.1	0.4	0.13	0.5	0.12	0.05	0.03	0.31	0.46	0.31	0	0.15	0.44	0.21	0.07	0.2	0.43	0.03	0.26	0.44	0.21	0.48	0.14	0.05	0.06	0.07	0.13	0.01	0.49	0.16	0.05	0.12	0.07	0.18	0.03	0.03	0.46	0.49	0.05	0.44	0.04	0.11	0.28	0.5	0.22	0.06	0.5	0.18	0.42	0.4	0.04	0.15	0.01	0.39	0.4	0.04	0.16	0.4	0.71	0.41	0.22	0.22	0.61	0.41	0.12	0.12	0.41	0.06	0.04	0.14	0.41	0.51	0.03	0.13	0.41	0.41	0.92	0	0.03	0.21	0.37	0.18	0.42	0.13	0.19	0.52	0.12	0.05	0.42	0.3	0	0.42	0.29	0.07	0.07	0.05	0.36
0.59	0.33	0.49	0.36	0.49	0.15	0.59	1.1	0.32	0.5	0.22	2.36	0.41	0.45	0.45	0.55	0.56	0.06	0.05	0.44	0.33	0.22	0.18	0.49	0.76	0.32	0.47	0.53	0.59	0.47	0.57	0.18	0.4	0.21	0.32	0.15	0.32	0.34	0.22	0.22	0.72	0.22	0.58	0.25	0.48	0.48	0.69	0.49	0.35	0.69	0.49	0.18	0.67	0.28	0.48	0.49	0.34	0.49	0.18	0.22	1.4	1.44	0.35	0.35	0.41	0.4	0.4	0.41	0.56	0.35	0.75	0.23	0.98	0.03	0.71	0.42	0.22	0.42	0.68	0.34	0.93	0.34	0.34	0.63	0.51	0.23	1.03	0.22	0.23	0.44	0.44	0.44	0.44	0.01	0.94	0.64	0.38	0.34	0.12
0.48	0.04	0.48	0.36	0.49	0.24	0.14	0.05	0.05	0.05	0.49	1.72	0.42	0.08	0.41	0.24	0.03	0.58	0.3	0.05	0.42	0.18	0.43	0.53	0.19	0.08	0.02	0.15	0.64	0.12	0.14	0.19	0.05	0.45	0.07	0.46	0.05	0.51	0.13	0.56	0.07	0.14	0.04	0.46	0.37	0.15	0.63	0.06	0.38	0.27	0.05	0.23	0.04	0.69	0.4	0.14	0.59	0.04	0.18	0.13	0.07	0.13	0.02	0.49	0.59	0.19	0.03	0.5	0.03	0.21	0.08	0.16	0.15	0.41	0.14	0.15	0.23	0.36	0.39	0.07	0.07	0.62	0.08	0.22	0.31	0.15	0.42	1.02	0.13	0.05	0.19	0.34	0.43	0.39	0	0.25	0.01	0.05	0.53
0.66	0.88	0.16	0.07	0.15	0.26	0.12	0.41	0.02	0.03	0.77	1.29	0.35	0.34	0.64	0.44	0.05	0.23	1.28	0.02	0.45	0.15	0.7	0.15	0.15	0	0.03	0.17	1.45	0.45	0.1	0.24	0.03	0.47	0.04	0.46	0.02	0.13	0.35	0.22	0.02	0.48	0.02	0.17	0.56	0.52	0.2	0.03	0.48	0.09	0.48	0.19	0.01	0.16	0.49	0.1	0.02	0.02	0.15	0.1	0.2	0.74	0.03	0.21	0.16	0.4	0.1	0.11	0.61	0.21	0.03	0.15	0.52	0.28	0.71	0.13	0.41	0.51	0.32	0.04	0.42	0.47	0.05	0.42	0.27	0.42	0.19	0.17	0.1	0.03	0.42	0.33	0.04	0.43	0.05	0	0.43	0.02	0.43
0.18	0.04	0.1	0.01	0.18	0.24	0.16	0.05	0.05	0.05	0.17	5.11	0.07	0.08	0.43	0.43	0.04	0.47	0.52	0.05	0.43	0.18	0.43	0.43	0.17	0.08	0.02	0.53	0.53	0.08	0.53	0.19	0.05	0.43	0.07	0.21	0.04	0.43	0.14	0.43	0.43	0.14	0.42	0.52	3.93	0.42	0.23	0.93	0.93	0.42	0.05	0.23	0.04	0.24	0.07	0.42	0.05	0.24	0.19	0.14	0.21	0.45	0.02	0.43	0.43	0.53	0.04	0.15	0.03	0.06	0.44	0.17	0.54	0.44	0.06	0.14	0.53	0.23	0.51	0.64	0.44	0.18	0.54	0.56	0.29	0.44	0.44	0.85	0.44	0.05	0.17	1.02	0.07	0.44	0.23	0.05	0	0.04	0.22
0.15	0.02	0.1	0.42	0.14	0.25	0.62	0.03	0.22	0.93	0.15	5.58	0.46	0.21	0.36	0.22	0.4	0.46	0.23	0.4	0.06	0.22	0.21	0.17	0.16	0.13	0.03	0.05	1.4	0.05	0.47	0.47	0.03	0.38	0.44	0.2	0.02	0.02	0.1	0.56	0.22	0.47	0.01	0.13	1.57	0.16	0.47	0.03	0.33	0.12	0.03	0.47	0.01	0.47	0.05	0.1	0.03	0.12	0.47	0.47	0.04	0.14	0.03	0.47	0.16	0.18	0.04	0.13	0.05	0.04	0.03	0.16	0.14	0.62	0.03	0.13	0.24	0.4	0.58	0.04	0.04	0.16	0.05	0.48	0.58	0.53	0.48	0.16	0.13	0.03	0.25	0.98	0.04	0.34	0.05	0.02	0.04	0	0.48
0.23	0.5	0.35	0.43	0.23	0.16	0.91	0.47	0.19	0.2	0.23	3.14	0.98	0.21	0.25	0.98	0.22	0.11	0.04	0.58	0.5	0.61	0.19	0.48	0.22	0.21	0.58	0.48	1.35	0.28	0.56	0.17	0.2	0.55	0.52	0.15	0.18	0.18	0.5	0.4	0.51	0.24	0.42	0.62	1.49	0.23	0.92	0.23	0.66	0.22	0.18	0.19	0.18	0.3	0.43	0.44	0.2	0.18	0.22	0.95	0.2	0.24	0.2	0.65	0.96	0.46	0.46	0.5	0.96	0.21	0.19	0.56	0.43	0.09	0.96	0.25	0.24	0.68	0.3	0.27	0.56	0.47	0.28	0.48	0.4	0.25	0.77	0.19	0.23	0.2	0.98	0.09	0.49	0.12	0.22	0.49	0.21	0.49	0.02
