0	0.11	0.22	0.17	0.02	0.3	0	0.46	0.37	0.96	0.01	3.75	0.12	0.13	0.48	0.1	0.17	0.25	0.54	0.49	0.23	0.04	0.49	0.15	0.03	0.1	0.23	0.69	0.17	0.49	0.02	0.14	0.12	0.02	0.19	0.07	0.11	1.01	0.01	0.1	0.12	0.03	0.14	0.34	0.05	0.4	0.27	0.5	0.22	0.02	0.11	0.4	0.13	0.07	0.12	0.01	0.54	0.11	0.04	0.02	0.1	0.4	0.4	0.15	0.04	0.07	0.15	0	0.48	0.13	0.13	0.03	1.01	0.23	0.31	0.51	0.28	0.06	0.41	0.12	0.12	0.04	0.5	0.91	0.51	0.04	0.38	0.1	0.15	0.12	0.02	0.41	0.12	0.34	0.16	1.42	0.15	0.43	0.55
0.45	0	0.45	0.44	0.23	0.46	0.12	0.02	0.08	0.79	0.13	1.95	0.04	0.05	0.7	0.21	0.04	0.19	0.45	0.28	0.05	0.14	0.2	0.13	0.13	0.13	0.03	0.04	0.1	0.05	0.1	0.34	0.02	0.13	0.46	0.19	0.03	0.09	0.1	0.59	0.02	0.47	0.01	0.52	0.47	0.4	0.45	0.02	0.34	0.09	0.41	0.48	0.01	0.2	0.05	0.11	0.02	0.02	0.48	0.12	0.02	1.19	0.06	0.49	0.17	0.17	0.04	0.11	0.04	0.03	0.03	0.13	0.97	0.26	0.02	0.49	0.22	0.58	0.5	0.04	0.04	0.49	0.05	0.8	0.5	0.11	0.19	0.18	0.1	0.02	0.13	0.41	0.04	0.32	0.41	0	0.04	0.02	0.41
0.15	0.1	0.4	0.48	0.16	0.5	0.4	0.5	0.07	1.04	0.15	6.14	0.09	0.26	0.59	0.23	0.12	0.42	0.29	0.08	0.39	0.17	0.48	0.2	0.51	0.42	0.1	0.27	1.02	0.42	0.14	0.38	0.42	0.16	0.09	0.21	0.08	0.23	0.15	0.28	0.09	0.15	0.09	0.15	0.24	0.83	0.31	0.09	0.44	0.44	0.36	0.44	0.09	0.23	0.44	0.15	0.41	0.09	0.44	0.14	0.09	0.84	0.44	0.3	0.19	0.21	0.11	0.15	0.64	0.11	0.13	0.3	0.34	0.3	0.44	0.25	0.44	0.54	0.33	0.37	0.08	0.45	0.45	1.05	0.55	0.17	0.45	0.18	0.39	0.09	0.55	0.45	0.1	0.34	0.1	0.09	0.26	0.1	1.23
0.47	0.23	0.47	0	0.47	0.47	0.15	0.05	0.34	1.02	0.16	1.92	0.07	0.42	0.39	0.43	0.04	0.22	0.42	0.05	0.1	0.18	0.23	0.43	0.16	0.43	0.02	0.07	0.13	0.08	0.22	0.44	0.38	0.15	0.07	0.44	0.05	0.42	0.17	0.24	0.05	0.46	0.04	0.46	0.19	0.96	0.46	0.06	0.56	0.97	0.29	0.47	0.04	0.22	0.44	0.14	0.05	0.05	0.48	0.13	0.07	1.08	0.02	0.23	0.17	0.19	0.13	0.14	0.03	0.31	0.36	0.17	0.7	0.31	0.09	0.49	0.25	0.19	0.4	0.21	0.07	0.31	0.08	0.22	0.41	0.66	0.91	0.49	0.14	0.05	0.17	0.43	0.42	0.52	0	0.15	0.16	0.43	0.38
0.02	0.13	0.16	0.47	0	0.48	0.02	0.13	0.13	0.85	0.02	1.59	0.13	0.13	0.29	0.45	0.15	0.26	0.22	0.14	0.16	0.45	0.49	0.01	0.27	0.39	0.14	0.17	0.18	0.48	0.1	0.1	0.15	0	0.13	0.06	0.68	0.62	0.17	0.09	0.14	0.08	0.13	0.05	0.03	0	0.5	0.15	0.57	0.04	0.22	0.11	0.13	0.07	0.14	0.28	0.14	0.41	0.1	0.1	0.42	0.03	0.14	0.13	0.32	0.06	0.42	0.02	0.17	0.44	0.43	0.01	0.42	0.18	0.14	0.09	0.45	0.05	0.49	0.12	0.13	0.09	0.46	0.06	0.15	0.1	0.06	0.09	0.47	0.12	0.11	0.53	0.47	0.71	0.3	0.37	0.16	0.14	0.23
0.53	0.23	0.36	0.51	0.43	0	0.34	0.24	0.41	1.13	0.31	1.3	0.26	0.23	0.12	0.7	0.22	0.11	0.11	0.59	0.5	0.31	0.27	0.41	0.7	0.24	0.4	0.26	0.3	0.49	0.31	0.25	0.24	0.29	0.5	0.6	0.24	0.49	0.49	0.32	0.23	0.3	0.5	0.33	0.61	0.38	0.53	0.49	0.49	0.29	1.4	0.4	0.43	0.33	0.27	0.49	0.24	0.23	0.6	0.61	0.24	0.31	0.2	1	0.5	0.54	0.21	0.69	0.22	0.25	0.27	0.3	1	0.49	0.59	0.31	0.49	0.23	0.49	0.26	0.25	0.28	0.27	0.62	0.88	0.32	0.49	0.27	0.31	0.24	0.3	0.49	0.26	0.72	0.22	0.24	0.89	0.5	0.16
0	0.46	0.17	0.46	0.02	0.3	0	0.12	0.12	1.16	0.01	4.2	0.13	0.1	0.4	0.1	0.49	0.25	0.22	0.4	0.12	0.4	0.26	0.09	0.24	0.4	0.23	0.17	0.17	0.12	0.02	0.04	0.12	0.02	0.4	0.07	0.5	0.12	0.4	0.19	0.17	0.4	0.11	0.03	0.03	0.03	0.31	0.25	0.4	0.02	0.27	0.08	0.11	0.05	0.12	0.01	0.2	0.19	0.04	0.02	0.61	0.07	0.13	0.15	0.41	0.11	0.19	0	0.14	0.35	0.41	0.03	0.02	0.51	0.1	0.03	0.39	0.39	0.49	0.41	0.13	0.03	0.42	0.07	0.21	0.32	0.42	0.52	0.02	0.44	0.02	0.19	0.52	0.82	0.14	0.4	0.43	0.17	0.52
0.42	0.02	0.52	0.05	0.42	0.24	0.15	0	0.02	1.12	0.14	9.21	0.42	0.03	0.38	0.33	0.05	0.2	0.49	0.03	0.06	0.49	0.2	0.49	0.17	0.03	0.04	0.42	0.1	0.06	0.12	0.18	0.01	0.14	0.05	0.19	0.03	0.03	0.95	0.62	0.03	0.43	0.03	0.17	0.51	0.27	0.22	0.01	0.74	0.42	0.04	0.87	0.11	0.17	0.07	0.12	0	0.03	0.28	0.11	0.03	0.5	0.03	0.45	0.16	0.16	0.05	0.13	0.05	0.02	0.04	0.51	0.22	0.99	0.03	0.12	0.23	0.18	0.56	0.87	0.05	0.17	0.45	0.19	0.28	0.13	0.47	0.17	0.13	0.03	0.47	0.32	0.4	0.45	0.05	0.02	0.4	0.03	0.2
0.25	0.21	0.07	0.1	0.13	0.24	0.12	0.02	0	0.79	0.1	4.07	0.03	1.39	0.46	0.19	0.05	0.27	0.4	0.41	0.06	0.13	0.56	0.14	0.45	0.01	0.03	0.04	0.11	0.71	0.1	0.15	0.03	0.43	0.17	0.26	0.02	0.23	0.1	0.49	0.04	0.11	0.02	0.54	0.53	0.12	0.3	0.02	0.64	0.44	0.13	0.35	0.02	0.18	0.04	0.18	0.02	0.03	0.17	0.12	0.02	0.36	0.03	0.21	0.16	0.55	0.04	0.39	0.05	0.04	0.03	0.46	0.25	0.26	0.02	0.13	0.21	0.43	0.97	0.03	0.04	0.13	0.04	0.16	0.47	0.12	0.19	0.98	0.48	0	0.12	0.48	0.13	0.39	0.05	0.02	0.44	0.03	0.48
0.82	0.84	0.85	0.83	0.92	1.12	1.1	0.48	0.78	0	0.98	8.79	1.16	0.88	1.16	0.97	0.82	1.46	1	1.16	0.76	0.92	0.92	1.16	0.86	0.87	0.94	1.27	0.95	0.87	0.87	1.23	0.8	0.98	0.96	1.06	1.12	1.47	1.12	1.12	0.92	0.98	0.78	0.99	1.39	0.88	1.36	0.81	1.29	0.88	0.82	1.01	0.75	0.9	0.8	0.97	0.9	1.02	0.96	0.97	0.88	1.4	0.9	1.3	0.92	0.86	0.81	1.07	1	0.77	0.95	1	1.1	1.13	1.21	1.21	1.26	1.3	1.34	1.25	0.68	0.8	0.71	0.92	0.92	2.43	2.07	1.85	1.37	1.02	1.02	1.21	0.89	1.63	1.12	0.83	1.33	1.03	1.07
0.01	0.11	0.15	0.48	0.03	0.31	0.01	0.44	0.12	1.38	0	0.25	0.11	0.1	0.25	0.1	0.14	0.48	0.22	0.13	0.98	0.03	0.07	0.03	0.03	0.48	0.16	0.14	0.48	0.45	0.01	0.42	0.99	0.02	0.11	0.08	0.11	0.13	0.02	0.03	0.54	0.02	0.48	0.04	0.03	0.02	0.15	0.13	0.55	0.01	0.11	0.07	0.13	0.05	0.34	0.01	0.49	0.13	0.03	0.02	0.79	0.02	0.14	0.15	0.03	0.37	0.49	0.01	0.14	0.14	0.14	0.03	0.02	0.49	1.47	0.03	0.03	0.49	0.49	0.48	0.2	0.04	0.36	0.08	0.21	0.2	0.08	0.4	0.02	0.52	0.03	0.34	0.5	0.22	0.33	0.39	0.17	0.13	0.47
3.88	0.32	1.73	5.98	3.49	0.47	0.21	0.43	2.06	2.3	7.65	4.89	3.42	7.42	0.56	1.47	7.37	4.32	0.31	0.33	2.2	1.46	2.58	2.08	0.2	0.46	0.88	4.32	1.51	2.08	1.68	0.18	1.61	2.69	6.58	0.51	1.08	1.79	0.4	0.98	0.92	8.79	4.17	1.08	2.01	10.6	0.43	1.64	1.66	0.21	2.02	2.32	7.87	0.51	1.01	0.46	0.9	2.36	7.7	2.27	0.7	1.18	2.03	3.16	4.13	1.78	0.46	0.89	2.09	9.8	1.03	6.04	1.41	1.1	1.3	2.78	7.36	0.26	1	9.46	1.95	0.58	1.15	3.07	0.38	1.55	0.14	0.22	1.09	0.31	0.78	1.4	6.62	1.52	0.45	1.25	7.83	3.58	0.25
0.11	0.04	0.49	0.43	0.13	0.33	0.25	0.05	0.32	0.88	0.11	7.7	0	0.05	0.47	0.36	0.07	0.98	0.48	0.29	0.48	0.35	0.58	0.14	0.14	0.17	0.06	0.07	0.33	0.11	0.11	0.15	0.06	0.49	0.07	0.22	0.02	0.03	0.6	0.15	0.04	0.11	0.04	0.1	0.44	0.94	0.44	0.05	0.44	0.18	0.03	0.45	0.03	0.16	0.12	0.11	0.05	0.04	0.22	0.11	0.04	0.36	0.45	0.22	0.14	0.95	0.45	0.11	0.27	0.41	0.2	0.61	0.13	0.27	0.03	0.91	0.15	0.5	0.3	0.32	0.41	0.14	0.71	0.42	0.28	0.13	0.41	0.17	0.42	0.03	0.8	0.91	0	0.38	0.16	0.04	0.07	0.04	0.85
0.47	0.4	0.08	0.08	0.11	0.24	0.11	0.17	0.48	0.8	0.12	6.1	0.05	0	0.36	0.57	0.37	0.47	0.88	0.04	0.42	0.88	0.48	0.12	0.12	0.07	0.03	0.17	0.1	0.06	0.48	0.14	0.03	0.48	0.04	0.18	0.04	0.35	0.11	0.99	0.04	0.27	0.04	0.15	0.14	0.2	0.49	0.03	0.34	0.35	0.44	0.19	0.06	0.16	0.06	0.11	0.82	0.04	0.15	0.4	0.01	0.16	0.03	0.4	0.27	0.15	0.37	0.1	0.05	0.04	0.91	0.13	0.22	0.91	0.41	0.14	0.19	0.24	0.92	0.42	0.03	0.41	0.06	0.18	0.29	0.23	0.19	0.28	0.12	0.02	0.12	1.2	0.31	0.35	0.42	0.04	0.25	0.19	0.21
0.25	0.37	0.44	0.4	0.28	0.44	0.25	0.39	0.36	1.12	0.25	2.27	0.34	0.4	0	0.16	0.39	0.4	0.33	0.36	0.38	0.5	0.17	0.25	0.54	0.59	0.39	0.4	0.72	0.36	0.22	0.51	0.41	0.28	0.34	0.18	0.82	0.61	0.26	0.27	0.38	0.22	0.38	0.44	0.5	0.53	0.73	0.4	0.57	0.23	0.53	0.44	0.36	0.24	0.44	0.37	0.44	0.42	0.18	0.44	0.95	0.58	0.37	0.37	0.19	0.44	0.58	0.25	0.65	0.65	1.05	0.55	0.39	0.22	0.42	0.45	0.46	1	0.09	0.59	0.59	0.21	0.58	0.57	0.69	0.26	0.19	0.47	0.22	0.71	0.24	0.47	0.52	0.31	0.39	0.36	0.69	0.37	0.59
0.1	0.23	0.22	0.41	0.49	0.25	0.09	0.49	0.19	1.2	0.1	1.83	0.2	0.83	0.93	0	0.23	0.43	0.43	0.53	0.2	0.43	0.25	0.09	0.09	0.44	0.49	1.34	0.25	0.44	0.1	0.03	0.42	0.12	0.19	0.02	0.21	0.95	0.45	0.37	0.47	0.06	0.45	0.12	0.46	0.18	0.56	0.21	0.21	0.46	0.39	0.03	0.27	0.46	0.21	0.1	0.22	0.46	0.03	0.48	0.21	1.47	0.23	0.46	0.04	0.2	0.47	0.47	0.25	0.21	0.23	0.47	0.13	0.43	0.47	0.07	0.11	0.25	0.31	0.48	0.22	0.27	0.21	0.02	0.64	0.08	0.03	0.34	0.13	0.22	0.39	0.49	0.59	0.57	0.49	0.59	0.49	0.47	0.51
0.68	0.04	0.12	0.03	0.17	0.48	0.32	0.05	0.39	0.83	0.16	9.55	0.07	0.16	0.39	0.64	0	0.41	0.29	0.05	0.08	0.18	0.3	0.19	0.18	0.05	0.02	0.07	0.41	0.08	0.41	0.25	0.05	0.41	0.06	0.21	0.41	0.04	0.13	0.23	0.05	0.42	0.04	0.52	0.18	0.42	0.23	0.05	0.72	0.12	0.05	0.82	0.92	0.17	0.08	0.14	0.42	0.34	0.69	0.13	0.05	0.53	0.02	0.52	0.2	0.18	0.03	0.14	0.42	0.42	0.42	0.18	0.51	0.32	0.45	0.42	0.26	0.2	1.12	0.07	0.07	0.27	0.08	0.94	0.29	0.14	0.4	0.18	0.53	0.43	0.16	0.34	0.07	0.57	0.03	0.43	0.12	0.05	0.31
0.92	0.42	0.4	0.92	0.23	0.11	0.25	0.73	1.03	2.16	0.25	8.63	0.2	0.21	0.16	0.2	0.46	0	0.05	0.18	0.46	0.31	0.22	0.24	0.24	0.97	0.51	0.48	0.97	0.47	0.26	0.2	0.53	0.23	0.35	0.28	0.18	0.48	0.26	0.47	0.19	0.57	0.19	0.27	0.42	0.52	0.48	0.21	0.41	0.24	0.24	0.22	0.49	0.66	0.21	0.33	0.2	0.18	0.49	0.59	0.2	0.7	0.21	0.46	0.41	0.18	0.41	0.25	0.22	0.21	0.19	0.91	0.23	0.09	0.19	0.49	0.27	0.49	0.42	0.42	0.21	0.22	0.21	0.18	0.42	0.43	0.28	0.57	0.26	0.5	0.25	0.09	0.2	0.45	0.55	0.19	0.49	0.48	0
0.5	0.21	0.63	0.79	0.22	0.11	0.44	0.4	0.34	1.12	0.34	1.09	0.34	0.36	0.45	0.16	0.37	0.29	0	0.23	0.5	0.48	0.25	0.36	0.5	0.33	0.28	0.31	0.38	0.46	0.32	0.19	0.3	0.5	0.34	0.17	0.23	0.37	0.48	0.24	0.26	0.22	0.22	0.25	0.6	0.59	0.35	0.47	0.32	0.34	0.88	0.17	0.25	0.27	0.34	0.61	0.31	0.26	0.47	0.23	0.63	0.54	0.28	0.35	0.21	0.18	0.29	0.43	0.31	0.56	0.24	0.23	0.22	0.05	0.45	0.23	0.4	0.18	0.43	0.66	0.34	0.2	0.55	0.16	0.41	0.24	0.43	0.2	0.22	0.34	0.23	0.07	0.34	0.06	0.29	0.21	0.41	0.22	0.04
0.32	0.18	0.08	0.44	0.51	0.24	0.11	0.47	0.02	0.84	0.12	1.62	0.41	0.09	0.36	0.41	0.05	0.41	0.23	0	0.31	0.41	0.9	0.14	0.23	0.4	0.03	0.4	0.5	0.91	0.43	0.17	0.43	0.15	0.4	0.2	0.5	0.01	0.51	0.24	0.02	0.11	0.02	0.13	0.41	0.41	0.19	0.04	0.47	0.44	0.01	0.41	0.01	0.16	0.42	0.11	0.03	0.02	0.52	0.1	0.03	0.44	0.03	0.19	0.41	0.15	0.04	0.12	0.41	0.41	0.01	0.14	0.5	0.41	0.02	0.1	0.22	0.19	0.39	0.41	0.04	0.14	0.37	0.41	0.25	0.41	0.19	0.15	0.11	0.03	0.13	0.33	0.1	0.91	0.13	0.4	0.04	0.07	0.18
0.45	0.09	0.92	0.17	0.16	0.31	0.12	0.07	0.08	0.87	0.92	3.95	0.2	0.36	0.38	0.22	0.08	0.55	0.37	0.3	0	0.45	0.5	0.15	0.19	0.05	0.06	0.06	0.13	0.1	0.12	0.15	0.06	0.13	0.01	0.18	0.06	0.42	0.12	0.18	0.23	0.14	0.45	0.22	0.16	0.46	0.46	0.06	0.37	0.13	0.06	0.21	0.05	0.24	0.1	0.13	0.05	0.56	0.46	0.13	0.46	0.46	0.07	0.44	0.34	0.56	0.08	0.13	0.08	0.06	0.07	0.47	0.41	0.32	0.07	0.27	0.18	0.2	0.32	0.09	0.47	0.16	0.46	0.2	0.98	0.16	0.18	0.25	0.14	0.07	0.98	0.32	0.1	0.33	0.1	0.06	0.1	0.06	0.36
0.03	0.15	0.17	0.4	0.09	0.3	0.03	0.15	0.13	1.17	0.03	1.5	0.15	0.14	0.46	0.07	0.18	0.25	0.46	0.14	0.17	0	0.2	0.04	0.3	0.15	0.16	0.17	0.19	0.46	0.13	0.04	0.56	0.09	0.17	0.07	0.39	0.98	0.07	0.03	0.15	0.02	0.16	0.06	0.05	0.12	0.53	0.17	0.46	0.03	0.35	0.07	0.15	0.05	0.46	0.04	0.56	0.46	0.04	0.04	0.15	0.46	0.16	0.16	0.03	0.05	0.56	0.03	0.18	0.46	0.15	0.43	0.35	0.2	0.56	0.04	0.03	0.63	0.21	0.27	0.46	0.02	0.32	0.07	0.22	0.04	0.46	0.08	0.04	0.46	0.04	0.19	0.15	0.46	0.2	0.3	0.17	0.47	0.34
0.08	0.19	0.2	0.55	0.45	0.95	0.08	0.21	0.45	1.26	0.3	1.36	0.86	0.96	0.17	0.02	0.46	0.46	0.19	0.19	0.19	0.46	0	0.66	0.14	0.46	0.2	0.5	0.52	0.46	0.21	0.46	0.2	0.13	0.17	0.04	0.21	0.89	0.09	0.06	0.21	0.08	1.07	0.43	0.47	0.28	0.21	0.23	0.18	0.48	0.2	0.4	0.48	0.14	0.21	0.48	0.48	0.21	0.22	0.1	0.21	0.38	0.23	0.49	0.05	0.17	0.23	0.08	0.49	0.21	0.21	0.99	0.51	0.35	0.49	0.08	0.38	0.34	0.55	0.21	0.2	0.08	0.21	0.04	0.27	0.09	0.11	0.4	0.08	0.4	0.09	0.32	0.25	0.4	0.61	0.19	0.21	0.41	0.61
0.03	0.48	0.2	0.18	0.27	0.31	0.03	0.26	0.21	1.19	0.03	1.09	0.14	0.14	0.25	0.09	0.18	0.24	0.4	0.17	0.19	0.05	0.24	0	0.41	0.14	0.52	0.3	0.44	0.42	0.44	0.05	0.14	0.41	0.14	0.51	0.13	0.41	0.14	0.41	0.14	0.04	0.14	0.43	0.91	0.41	0.15	0.41	0.21	0.06	0.4	0.09	0.42	0.06	0.14	0.03	0.17	0.14	0.42	0.04	0.16	0.16	1.43	0.92	0.04	0.07	0.16	0.42	0.25	0.16	0.16	0.31	0.35	0.43	0.39	0.05	0.29	0.06	0.2	0.14	0.26	0.04	0.14	0.08	0.15	0.05	0.09	0.04	0.43	0.16	0.01	0.18	0.4	0.39	0.48	0.55	0.16	0.2	0.44
0.03	0.13	0.19	0.39	0.02	0.48	0.23	0.96	0.47	1.37	0.03	2.87	0.14	0.17	0.59	0.09	0.46	0.25	0.47	0.15	0.15	0.28	0.09	0.03	0	0.14	0.15	0.16	0.2	0.27	0.29	0.17	0.16	0.01	0.14	0.07	0.13	0.14	0.03	0.99	0.17	0.04	0.35	0.05	0.03	0.04	0.19	0.53	0.21	0.04	0.29	0.09	0.5	0.08	0.51	0.03	0.14	0.45	0.5	0.04	0.5	0.04	0.4	0.32	0.44	0.07	0.4	0.16	0.18	0.15	0.91	0.03	0.4	0.19	0.13	0.05	0.1	0.08	0.34	0.14	0.41	0.41	0.15	0.07	0.2	0.13	0.42	0.04	0.42	0.13	0.02	0.29	0.42	0.25	0.44	1.02	0.19	0.17	0.28
0.1	0.01	0.06	0.41	0.14	0.24	0.12	0.91	0.23	1.11	0.11	5.68	0.05	0.01	0.97	0.47	0.17	0.21	0.34	0.47	0.05	0.13	0.18	0.14	0.13	0	0.04	0.05	0.47	0.06	0.24	0.15	0.32	0.47	0.12	0.19	0.03	0.05	0.29	0.47	0.34	0.13	0.03	0.47	0.44	0.35	0.6	0.03	0.77	0.47	0.14	0.17	0.26	0.15	0.05	0.1	0.03	0.03	0.16	0.57	0.02	0.46	0.04	0.22	0.47	0.47	0.47	0.12	0.36	0.04	0.05	0.15	0.15	0.53	0.38	0.47	0.58	0.18	0.31	0.06	0.03	0.16	0.05	0.36	0.48	0.48	0.33	0.16	0.12	0.01	0.15	0.31	0.05	0.34	0.08	0	0.07	0.28	0.21
0.13	0.03	0.25	0.02	0.14	0.46	0.17	0.04	0.06	0.96	0.4	4.65	0.06	0.4	0.5	0.24	0.02	0.5	0.28	0.04	0.4	0.46	0.41	0.16	0.41	0.04	0	0.06	0.11	0.07	0.13	0.18	0.04	0.14	0.05	0.21	0.41	0.08	0.14	0.22	0.41	0.5	0.03	0.18	0.17	0.71	0.23	0.18	0.34	0.29	0.42	0.48	0.02	0.17	0.42	0.12	0.03	0.31	0.16	0.15	0.42	0.12	0	0.22	0.15	0.17	0.03	0.43	0.03	0.05	0.43	0.16	0.4	0.43	0.04	0.15	0.23	0.4	0.32	0.43	0.05	0.18	0.11	0.43	0.28	0.15	0.57	0.16	0.63	0.04	0.25	0.31	0.06	0.54	0.44	0.03	0.4	0.13	0.2
0.15	0.04	0.41	0.07	0.15	0.26	0.37	0.47	0.91	0.87	0.16	1.48	0.07	0.05	0.65	0.45	0.06	0.36	0.55	0.05	0.33	0.46	0.75	0.16	0.16	0.05	0.45	0	0.12	0.08	0.46	0.18	0.02	0.15	0.06	0.46	0.45	0.24	0.14	0.23	0.46	0.15	0.05	0.38	0.56	0.16	0.66	0.04	0.46	0.13	0.46	0.21	0.04	0.17	0.08	0.29	0.4	0.05	0.44	0.14	0.05	0.47	0.05	0.24	0.17	0.4	0.77	0.47	0.47	0.03	0.06	0.17	0.47	0.31	0.06	0.16	0.23	0.19	0.34	0.15	0.47	0.57	0.08	0.2	0.47	0.15	0.23	0.31	0.13	0.26	0.16	0.68	0.13	0.48	0.15	0.04	0.07	0.3	0.34
0.17	0.1	0.46	0.13	0.18	0.66	0.17	0.1	0.09	1.2	0.17	2.51	0.33	0.11	1.01	0.55	0.45	0.52	2.61	0.94	0.2	0.4	0.3	0.9	0.45	0.18	0.18	0.45	0	0.13	0.16	0.21	0.4	0.22	0.12	0.25	0.4	0.41	0.29	0.41	0.1	0.16	0.1	0.16	0.57	0.51	0.33	0.1	0.39	0.91	0.41	0.27	0.09	0.2	0.35	0.88	0.36	0.52	2.06	1.6	1.05	0.85	0.36	0.39	0.41	0.41	1.95	1.46	0.96	0.11	0.1	0.43	0.74	0.35	0.42	1.78	1.19	0.58	0.75	0.13	0.13	0.23	0.42	2.13	1.82	1.72	1.22	0.43	0.17	0.09	0.2	0.93	1.82	1.48	0.43	1.13	0.13	0.12	0.44
1.06	0.26	0.46	0.33	0.14	0.27	0.13	0.45	0.04	0.77	0.13	7.11	0.33	0.14	0.66	0.22	0.08	0.62	0.42	0.04	0.17	0.16	0.27	0.43	0.43	0.06	0.34	0.08	0.93	0	0.44	0.17	0.06	0.14	0.22	0.48	0.03	0.57	0.48	0.32	0.24	0.13	0.05	0.12	0.15	0.48	0.23	0.06	0.34	0.49	0.4	0.22	0.4	0.18	0	0.45	0.06	0.05	0.24	0.13	0.05	0.37	0.07	0.23	0.29	0.41	0.08	0.13	0.41	0.07	0.05	0.55	0.34	0.91	0.41	0.14	0.41	0.61	0.31	0.08	0.04	0.17	0	0.52	0.29	0.27	0.2	0.19	0.12	0.62	0.24	0.31	0.01	0.36	0.08	0.42	0.72	0.42	0.28
0.02	0.57	0.14	0.45	0.1	0.97	0.02	0.13	0.4	0.95	0.01	0.82	0.11	1.87	0.42	0.07	0.14	0.26	0.52	0.31	0.13	0.41	0.08	0.04	0.03	0.12	0.12	0.43	0.17	0.12	0	0.05	0.43	0.26	0.11	0.08	0.1	0.3	0.01	0.04	0.33	0.03	0.1	0.01	0.04	0.34	0.3	0.11	0.47	0.01	0.09	0.08	0.1	0.06	0.12	0.16	0.11	0.1	0.44	0	0.09	0.01	0.51	0.47	0.04	0.07	0.44	0.37	0.13	0.45	0.16	0.04	0.09	0.55	0.45	0.56	0.04	0.19	0.22	0.22	0.12	0.03	0.47	0.08	0.21	0.11	0.08	0.47	0	0.43	0.03	0.26	0.47	0.47	0.54	0.11	0.42	0.1	0.51
0.04	0.47	0.23	0.32	0.1	0.25	0.04	0.18	0.47	1.2	0.03	1.34	0.44	0.54	0.18	0.03	0.18	0.2	0.45	0.45	0.16	0.04	0.05	0.05	0.08	0.45	0.46	0.19	0.23	0.46	0.04	0	0.41	0.46	0.14	0.77	0.16	0.27	0.05	0.04	0.47	0.07	0.15	0.07	0.47	0.47	0.17	0.16	0.17	0.22	0.17	0.03	0.18	0.08	0.16	0.05	0.35	0.49	0	0.06	0.16	0.51	0.99	0.17	0.04	0.03	1	0.43	0.4	0.4	0.16	0.08	0.09	0.51	0.41	0.08	0.04	0.03	0.17	0.41	0.16	0.03	0.16	0.03	0.23	0.4	0.92	0.09	0.04	0.39	0.42	0.47	0.16	0.18	0.3	0.17	0.42	0.82	0.43
0.14	0.02	0.11	0.05	0.15	0.68	0.12	0.21	0.02	1.08	0.14	0.41	0.05	0.03	0.74	0.4	0.05	0.44	0.3	0.04	0.06	0.16	0.21	0.45	0.16	0.03	0.04	0.04	0.1	0.44	0.45	0.16	0	0.15	0.05	0.33	0.04	0.03	0.11	0.23	0.03	0.12	0.03	0.15	0.17	0.18	0.22	0.01	0.45	0.11	0.34	0.19	0.02	0.45	0.14	0.36	0.08	0.37	0.45	0.11	0.65	0.17	0.04	0.22	0.16	0.16	0.45	0.14	0.05	0.01	0.04	0.85	0.45	0.29	0.29	0.13	0.24	0.19	0.65	0.44	0.05	0.15	0.45	0.31	0.28	0.14	0.19	0.17	0.12	0.03	0.45	0.33	0.05	0.34	0.18	0.03	0.3	0.45	0.21
0.02	0.15	0.16	0.42	0	0.29	0.02	0.13	0.11	0.98	0.02	4.89	0.12	0.64	0.5	0.23	0.15	1.07	0.67	0.57	0.13	0.47	0.23	0.01	0.01	0.11	0.47	0.53	0.2	0.24	0.47	0.09	0.15	0	0.12	0.06	0.12	0.28	0.02	0.47	0.67	0.08	0.26	0.04	0.15	0.85	0.13	0.16	0.2	0.02	0.47	0.17	0.14	0.47	0.13	0.02	0.14	0.47	0.4	0.39	0.12	0.02	0.47	0.77	0.33	0.06	0.15	0.22	0.17	0.16	0.13	0.01	0.31	0.18	0.57	0.09	0.47	0.04	0.32	0.47	0.14	0.08	0.52	0.28	0.19	0.98	0.06	0.21	0.09	0.12	0.01	0.17	0.12	0.39	0.48	0.13	0.16	0.13	0.48
0.47	0.04	0.15	0.36	0.13	0.6	0.1	0.45	0.47	0.94	0.11	4.28	0.07	0.04	0.35	0.47	0.06	0.47	0.35	0.04	0.26	0.57	0.47	0.14	0.14	0.04	0.07	0.05	0.11	0.08	0.21	0.15	0.06	0.12	0	0.17	0.2	0.05	0.11	0.16	0.04	0.14	0.46	0.12	0.2	0.14	0.27	0.11	0.33	0.13	0.04	0.19	0.03	0.17	0.46	0.12	0.05	0.04	0.14	0.12	0.05	0.13	0.05	0.42	0.45	0.18	0.34	0.65	0.45	0.06	0.14	0.3	0.15	0.45	0.05	0.22	0.17	0.41	0.3	0.55	0.05	0.15	0.08	0.18	0.22	0.29	0.45	0.15	0.12	0.33	0.15	0.45	0.09	0.54	0.45	0.04	0.13	0.44	0.44
0.08	0.58	0.51	0.34	0.06	0.23	0.07	0.42	0.17	1.27	0.08	3.4	0.76	0.18	0.46	0.1	0.58	0.18	0.17	0.22	0.46	0.07	0.69	0.19	0.07	0.19	0.46	0.22	0.42	0.32	0.08	0.64	0.2	0.06	0.17	0	0.19	0.46	0.08	0.09	0.21	0.09	0.2	0.1	0.35	0.72	0.19	0.25	0.47	0.47	0.22	0.09	0.19	0.11	0.47	0.08	0.2	0.97	0.03	0.47	0.18	0.25	0.21	0.47	0.14	0.01	0.22	0.08	0.29	0.57	0.47	0.09	0.24	0.1	0.19	0.1	0.09	0.01	0.13	0.51	0.47	0.05	0.55	0	0.45	0.1	0.01	0.04	0.08	0.19	0.47	0.12	0.18	0.15	0.22	0.32	0.26	0.57	0.16
0.14	0.82	0.18	0.05	0.12	0.24	0.1	0.04	0.46	0.77	0.12	2.62	0.02	0.03	0.4	0.46	0.06	0.18	0.4	0.31	0.4	0.16	0.43	0.13	0.16	0.03	0.1	0.4	0.14	0.4	0.09	0.59	0.04	0.23	0.04	0.41	0.01	0.03	0.09	0.2	0.41	0.09	0.02	0.41	0.42	0.54	0.19	0.04	0.32	0.42	0.03	0.17	0.01	0.16	0.03	0.09	0.03	0.02	0.41	0.08	0.62	0.41	0.04	0.19	0.15	0.47	0.05	0.11	0.05	0.04	0.42	0.14	0.12	0.29	0.26	0.11	0.42	0.17	0.53	0.02	0.03	0.13	0.42	0.42	0.25	0.11	0.19	0.16	0.42	0.25	0.15	0.69	0.03	1.02	0.23	0.62	0.04	0.02	0.18
0.33	0.02	0.08	0.05	0.39	0.48	0.99	0.91	0.02	1.24	0.13	0.5	0.03	0.04	0.5	0.2	0.08	0.18	0.4	0.01	0.41	0.42	0.45	0.42	0.44	0.91	0.1	0.05	0.42	0.08	0.11	0.44	0.03	0.44	0.44	0.94	0.01	0.01	0.09	0.22	0.02	0.44	0.02	0.11	0.44	0.64	0.94	0.03	0.44	0.44	1.04	0.21	0.01	0.14	0.04	0.95	0.45	0.07	0.94	0.94	0.04	0.44	0.03	0.44	0.15	0.44	0.44	0.45	0.05	0.45	0.01	1.46	0.46	0.45	0.02	0.45	0.45	0.96	0.45	0.03	0.04	0.55	0.04	1.28	0.49	0.45	0.55	0.45	0.1	0.02	0.46	0.31	0.03	0.43	0.04	0.02	0.12	0.02	0.18
0.43	0.36	0.43	0.14	0.04	0.3	0.33	0.48	0.11	1.25	0.01	3.37	0.5	0.56	0.26	0.35	0.46	0.39	2.07	0.09	0.12	0.04	0.46	0.03	0.03	0.48	0.46	0.13	0.18	0.17	0.01	0.05	0.87	0.02	0.11	0.08	0.08	0.98	0	0.05	0.1	0.03	0.48	0	0.2	0.07	0.19	0.32	0.99	0.01	0.19	0.2	0.1	0.04	0.12	0	0.12	0.69	0.05	0	0.48	0.99	0.48	0.15	0.04	0.07	0.14	0.01	0.13	0.12	0.1	0.03	0.36	0.18	0.09	0.49	0.05	0.08	0.2	0.1	0.12	0.04	0.11	0.48	0.48	0.03	0.29	0.05	0.61	0.1	0.03	0.49	0.26	0.23	0.13	0.17	0.49	0.14	0.23
0.1	0.48	0.19	0.26	0.09	0.32	0.1	0.24	0.21	1.2	0.03	6.69	0.15	0.28	0.49	0.45	0.96	0.46	0.24	0.21	0.19	0.03	0.36	0.47	0.41	0.21	0.23	0.24	0.49	0.7	0.35	1.41	0.23	0.4	0.4	0.18	0.2	0.22	0.47	0	0.23	0.42	0.21	0.52	0.1	0.4	0.42	0.23	0.38	0.04	0.66	0.05	0.22	0.06	0.45	0.06	1.07	0.22	0.04	0.13	0.21	0.31	0.36	0.53	0.01	0.05	0.97	0.1	0.23	0.22	0.23	0.47	0.61	0.2	0.22	0.03	0	0.08	0.59	0.67	0.24	0	0.16	0.09	0.23	0.04	0.25	0.06	0.04	0.2	0.09	0.21	0.15	0.61	0.25	0.4	0.44	0.4	0.24
0.12	0.34	0.09	0.05	0.41	0.23	0.12	0.41	0.41	0.95	0.51	3.03	0.05	0.04	0.93	0.43	0.43	0.19	0.27	0.02	0.06	0.47	0.2	0.17	0.42	0.04	0.28	0.05	0.49	0.27	0.11	0.16	0.49	0.13	0.04	0.2	0.02	0.41	0.1	0.41	0	0.41	0.01	0.14	0.16	0.5	0.41	0.04	0.42	0.1	0.04	0.52	0.01	0.15	0.05	0.46	0.03	0.01	0.48	0.13	0.05	0.48	0.06	0.2	0.16	0.56	0.05	0.79	0.28	0.04	0.03	0.18	0.13	0.46	0.12	0.12	0.47	0.19	0.33	0.04	0.47	0.16	0.05	0.62	0.6	0.12	0.21	0.19	0.1	0.03	0.15	0.3	0.26	0.67	0.09	0.25	0.04	0.32	0.57
0.4	0.37	0.15	0.34	0.41	0.3	0.12	0.12	0.1	1.31	0.41	0.28	0.12	0.36	0.22	0.06	0.15	0.25	0.41	0.46	0.16	0.17	0.41	0.04	0.04	0.51	0.41	0.14	0.16	0.13	0.03	0.07	0.16	0.08	0.36	0.09	0.1	0.09	0.03	0.26	0.12	0	0.41	0.83	0.41	0.92	0.6	0.51	0.23	0.01	0.42	0.08	0.1	0.06	0.2	0.09	0.15	0.42	0.07	0.19	0.62	0.42	0.12	0.17	0.02	0.08	0.14	0.03	0.93	0.14	0.12	0.4	0.15	0.18	0.44	0.01	0.03	0.07	0.94	0.44	0.54	0.16	0.12	0.09	0.74	0.01	0.09	0.08	0.03	0.1	0.03	0.18	0.35	0.47	0.5	0.11	0.15	0.12	0.45
0.12	0.01	0.09	0.04	0.53	0.23	0.5	0.71	0.37	1.43	0.12	5.28	0.19	0.04	0.37	0.33	0.04	0.19	0.22	0.47	0.95	0.45	0.55	0.14	0.14	0.03	0.13	0.8	0.77	0.05	0.46	0.44	0.03	0.15	0.4	0.18	0.02	0.02	0.11	0.72	0.01	0.12	0	0.48	0.15	0.18	0.54	0.03	0.57	0.48	0.03	0.31	0	0.18	0.05	0.11	0.02	0.01	0.15	0.12	0.03	0.29	0.03	0.27	0.14	0.48	0.04	0.12	0.04	0.03	0.03	0.15	0.48	0.28	0.03	0.12	0.24	0.56	0.68	0.4	0.04	0.15	0.31	0.44	0.48	0.48	0.19	0.17	0.1	0.03	0.15	0.3	0.48	0.36	0.04	0.02	0.04	0.01	0.49
0.16	0.18	0.14	0.15	0.04	0.79	0.03	0.17	0.15	0.92	0.19	1.09	0.18	0.13	0.28	0.23	0.16	0.27	0.25	0.13	0.42	0.42	0.11	0.06	0.42	0.42	0.16	0.18	0.42	0.43	0.01	0.82	0.15	0.04	0.11	0.42	0.1	0.11	0	0.42	0.15	0.05	0.28	0	0.06	0.05	0.17	0.15	0.24	0.02	0.22	0.43	0.11	0.12	0.12	0	0.14	0.13	0.28	0.01	0.13	0.73	0.16	0.19	0.43	0.43	0.17	0.03	0.44	0.18	0.36	0.05	0.5	0.44	0.11	0.04	0.12	0.09	0.43	0.11	0.43	0.09	0.11	0.44	0.23	0.12	0.11	0.21	0.02	0.14	0.05	0.21	0.11	0.25	0.19	0.44	0.16	0.12	0.44
0.03	0.52	0.51	0.41	0.02	0.41	0.41	0.46	0.4	1.41	0.3	3.6	0.14	0.48	0.98	0.47	0.78	0.25	0.49	0.49	1.06	0.05	0.46	0.01	0.03	0.18	0.72	0.96	0.56	0.15	0.46	0.96	0.16	0.2	0.46	0.46	0.46	0.45	0.45	0.46	0.16	0.04	0.46	0.46	0.01	0.01	0.62	0.46	0.22	0.04	0.47	0.1	0.47	0.47	0.15	0.04	0.46	0.48	0.96	0.46	0.13	0.04	0.46	0.28	0.05	0.46	0.46	0.03	0.18	0.45	0.45	0.46	0.55	0.29	0.95	0.05	0.95	0.46	0.45	0.45	0.46	0.05	0.96	0.46	0.19	0.08	0.46	0.35	0.04	0.46	0.01	0.46	0.46	0.46	0.16	0.14	0.36	0.46	1.47
0.02	0.17	0.5	0.61	0.01	0.79	0.02	0.51	0.19	0.99	0.41	0.28	0.29	0.19	0.28	0.45	0.15	0.23	0.31	0.45	0.71	0.45	0.14	0.85	0.01	0.16	0.14	0.16	0.2	0.14	0.09	0.1	0.55	0.01	0.45	0.14	0.42	0.95	0.04	0.13	0.16	0.6	0.55	0.46	0.02	0	0.16	0.44	0.27	0.23	0.44	0.13	0.12	0.44	0.32	0.06	0.45	0.54	0.45	0.1	0.44	0.34	0.57	0.55	0.32	0.46	0.58	0.03	0.17	0.95	0.54	0.03	0.23	0.45	0.44	0.23	0.18	0.45	0.24	0.28	0.14	0.75	0.38	0.41	0.63	0.56	0.16	0.49	0.47	0.13	0.01	0.99	0.26	0.36	0.48	1.36	0.33	0.18	1.59
0.45	0.49	0.31	1.28	0.15	0.42	0.15	0.39	0.21	1.26	0.46	4.62	0.22	0.23	0.4	0.21	0.23	0.6	0.72	0.19	0.67	0.19	0.41	0.15	0.14	0.41	0.22	0.23	0.34	0.41	0.15	0.2	0.91	0.13	0.61	0.19	0.28	1.42	0.15	0.41	0.21	0.41	0.21	0.17	0.72	0.92	0	0.22	0.37	0.92	0.62	0.42	0.21	0.42	0.22	0.42	0.22	0.2	0.39	0.16	0.43	0.53	0.63	0.73	0.18	0.2	0.63	0.15	0.73	0.22	0.43	0.43	0.15	0.51	0.21	0.22	0.23	0.46	0.31	0.22	0.44	0.21	0.22	0.44	0.07	0.5	0.19	0.44	0.16	0.21	0.15	0.75	0.45	0.35	0.38	0.23	0.46	0.21	0.34
0.12	0.19	0.09	0.06	0.14	0.47	0.15	0.01	0.02	0.89	0.23	1.93	0.05	0.31	0.43	0.21	0.05	0.37	0.31	0.04	0.25	0.17	0.2	0.15	0.54	0.64	0.04	0.03	0.1	0.07	0.11	0.18	0.01	0.15	0.45	0.21	0.04	0.46	0.12	0.46	0.04	0.96	0.03	0.17	0.49	0.14	0.47	0	0.35	0.12	0.04	0.21	0.03	0.16	0.06	0.48	0.35	0.03	0.16	0.12	0.04	0.12	0.04	0.22	0.23	0.16	0.05	0.14	0.05	0.02	0.04	0.18	0.6	0.4	0.04	0.13	0.4	0.19	0.32	0.2	0.05	0.41	0.24	0.43	0.41	0.13	0.41	0.34	0.13	0.03	0.15	0.62	0.06	0.37	0.42	0.03	0.42	0.42	0.31
0.51	0.51	0.36	0.35	0.59	0.37	0.29	0.34	0.33	1.1	0.22	1.25	0.32	0.34	0.06	0.17	0.41	0.32	0.32	0.47	0.37	0.41	0.18	0.47	0.21	0.34	0.39	0.47	0.39	0.34	0.22	0.17	0.33	0.47	0.33	0.15	0.47	0.47	0.22	0.24	0.33	0.23	0.47	0.8	0.36	0.48	0.64	0.58	0	0.48	0.68	0.82	0.32	0.49	0.68	0.36	0.34	0.48	0.17	0.35	0.48	0.99	0.42	0.33	0.48	0.58	0.49	0.68	0.35	0.36	0.6	0.21	0.77	0.25	0.33	0.24	0.48	0.16	0.58	0.68	0.35	0.48	0.59	0.14	0.59	0.24	0.48	0.97	0.23	0.7	0.21	0.26	0.33	0.29	0.67	0.33	0.97	0.71	0.57
0.06	0.97	0.14	0.48	0.04	0.29	0.02	0.11	0.48	0.89	0.48	4.3	0.18	0.09	0.26	0.11	0.5	0.48	0.23	0.22	0.45	0.35	0.05	0.04	0.18	0.09	0.22	0.49	0.44	0.53	0.01	0.5	0.11	0.02	0.5	0.07	0.08	0.29	0.01	0.04	0.24	0.01	0.1	0.02	0.06	0.07	0.18	0.12	0.28	0	0.65	0.07	0.09	0.04	0.67	0.01	0.42	0.09	0.05	0.01	0.1	0.29	0.21	0.15	0.11	0.08	0.42	0.02	0.27	0.12	0.42	0.04	0.03	0.22	0.1	0.12	0.04	0.08	0.32	0.42	0.42	0.14	0.19	0.22	0.14	0.38	0.07	0.79	0.01	0.52	0.04	0.43	0.18	0.43	0.13	0.1	0.12	0.12	0.27
0.1	0.03	0.08	0.49	0.48	0.51	0.1	0.58	0.02	0.79	0.11	0.41	0.03	0.42	0.37	0.53	0.91	0.42	0.91	0.03	0.06	0.27	0.49	0.49	0.39	0.5	0.04	0.06	0.47	0.04	0.46	0.45	0.04	0.86	0.04	0.94	0.01	0.44	0.09	0.22	0.44	0.44	0.41	0.42	0.92	0.41	0.42	0.41	1.11	0.46	0.45	0.19	0.02	0.17	0.04	0.48	0.04	0.02	0.15	0.49	0.02	0.48	0.04	0.43	0.53	0.51	0.42	0.43	0.23	0.91	0.38	0.41	0.47	0.41	0.37	0.41	0.22	0.93	0.31	0.41	0.04	0.49	0.03	0.2	0.48	0.47	0.18	0.17	0.09	0.02	0.99	1.08	0.03	0.33	0.07	0.96	0.05	0.03	0.69
0.3	0.42	0.42	0.23	0.11	0.42	0.08	0.22	0.21	1.29	0.42	0.62	0.21	0.42	0.46	0.03	0.62	0.35	0.17	0.18	0.21	0.07	0.43	0.09	0.09	0.17	0.2	0.22	0.51	0.43	0.45	0.03	0.43	0.13	0.42	0.04	0.53	0.2	0.09	0.05	0.31	0.46	0.28	0.1	0.23	0.34	0.2	0.45	0.18	0.35	0.19	0	0.51	0.12	0.21	0.09	0.2	0.18	0.03	0.09	0.46	0.45	0.2	0.21	0.05	0.12	0.24	0.08	0.24	0.46	0.19	0.47	0.41	0.58	0.76	0.09	0.05	0.47	0.26	0.19	0.19	0.04	0.67	0.09	0.47	0.09	0.04	0.08	0.08	0.98	0.08	0.15	0.21	0.18	0.53	0.58	0.24	0.98	0.48
0.11	0.06	0.42	0.04	0.14	0.46	0.11	0.1	0.02	0.96	0.46	0.48	0.03	0.09	0.37	0.2	0.04	0.18	0.26	0.29	0.61	0.17	0.42	0.13	0.64	0.45	0.02	0.27	0.09	0.04	0.1	0.16	0.02	0.36	0.03	0.21	0.02	0.08	0.1	0.2	0.01	0.12	0.25	0.13	0.43	0.51	0.19	0.26	0.35	0.38	0.01	0.17	0	0.15	0.04	0.1	0.02	0.01	0.16	0.11	0.03	0.47	0.02	0.2	0.39	0.15	0.04	0.11	0.04	0.11	0.02	0.46	0.31	0.26	0.02	0.12	0.22	0.44	0.32	0.87	0.04	0.16	0.19	0.42	0.25	0.28	0.2	0.39	0.09	0.02	0.14	0.57	0.23	0.53	0.04	0.28	0.82	0.02	0.53
0.23	0.17	0.43	0.2	0.1	0.35	0.05	0.18	0.18	0.94	0.05	1.01	0.16	0.15	0.26	0.11	0.58	0.31	0.24	0.3	0.5	0.47	0.11	0.2	0.1	0.16	0.18	0.18	0.47	0.2	0.06	0.08	0.43	0.23	0.15	0.09	0.14	0.15	0.05	0.06	0.48	0.05	0.23	0.09	0.06	0.1	0.48	0.22	0.24	0.06	0.18	0.44	0.18	0	0.19	0.08	0.17	0.15	0.16	0.06	0.17	0.06	0.41	0.16	0.06	0.11	0.58	0.23	0.21	0.18	0.17	0.07	0.81	0.45	0.51	0.07	0.07	0.08	0.26	0.17	0.17	0.07	0.19	0.18	0.21	0.42	0.09	0.29	0.05	0.41	0.05	0.43	0.18	0.25	0.22	0.16	0.2	0.17	0.98
0.13	0.43	0.12	0.4	0.13	0.27	0.4	0.06	0.25	0.84	0.6	2.24	0.01	0.19	0.35	0.44	0.17	0.21	1.99	0.04	0.09	0.15	0.45	0.14	0.14	0.05	0.44	0.38	0.15	0.46	0.12	0.55	0.34	0.23	0.08	0.45	0.03	0.04	0.79	0.16	0.18	0.12	0.12	0.35	0.45	0.39	0.75	0.45	0.33	0.45	0.23	0.21	0.04	0.16	0	0.45	0.06	0.05	0.16	0.12	0.05	0.55	0.06	0.56	0.15	0.4	0.95	0.13	0.08	0.07	0.05	0.14	0.59	0.53	0.04	0.14	0.15	0.18	0.31	0.02	0.03	0.45	0	0.18	0.28	0.14	0.23	0.45	0.12	0.04	0.93	0.3	0.55	0.68	0.08	0.45	0.07	0.05	0.27
0.01	1.02	0.14	0.13	0.41	0.31	0.01	0.11	0.09	0.92	0.01	0.56	0.11	0.47	0.37	0.1	0.15	0.25	0.24	0.47	0.35	0.04	0.48	0.03	0.04	0.1	0.11	0.14	0.17	0.41	0.01	0.05	0.37	0.02	0.98	0.08	0.1	0.85	0.01	0.05	0.1	0.04	0.1	0	0.04	0.6	0.15	0.5	0.31	0.01	0.44	0.09	0.1	0.08	0.11	0	0.12	0.71	0.05	0.01	0.11	0.27	0.11	0.64	0.04	0.08	0.14	0.02	0.13	0.45	0.29	0.03	0.03	0.18	1.21	0.03	0.13	0.75	0.45	0.24	0.13	0.05	0.76	0.08	0.21	0.03	0.26	0.42	0.01	0.09	0.26	0.4	0.11	0.23	0.46	0.11	0.26	0.46	0.32
0.17	0.44	0.11	0.05	0.15	0.24	0.13	0.24	0.02	0.86	0.13	1.5	0.2	0.15	0.44	0.21	0.05	0.54	0.31	0.09	0.44	0.15	0.44	0.14	0.31	0.03	0.04	0.02	0.11	0.27	0.11	0.18	0.01	0.16	0.05	0.44	0.03	0.03	0.11	0.95	0.04	0.13	0.1	0.14	0.16	0.14	0.22	0.01	0.34	0.11	0.39	0.45	0.02	0.16	0.06	0.11	0	0.03	0.22	0.46	0.03	0.76	0.04	0.22	0.16	0.16	0.05	0.12	0.05	0.03	0.17	0.48	0.58	0.68	0.07	0.15	0.35	0.19	0.33	0.05	0.05	0.2	0.06	0.44	0.4	0.21	0.2	0.17	0.12	0.23	0.14	0.32	0.05	0.37	0.22	0.7	0.1	0.03	0.42
0.47	0.02	0.42	0.43	0.13	0.23	0.11	0.22	0.03	0.83	0.3	1.71	0.12	0.04	0.44	0.21	0.18	0.18	0.66	0.02	0.06	0.15	0.19	0.46	0.14	0.04	0.03	0.05	0.1	0.05	0.1	0.17	0.03	0.13	0.4	0.47	0.02	0.48	0.1	0.23	0.02	0.48	0.01	0.33	0.43	0.5	0.2	0.03	1.08	0.09	0.02	0.26	0	0.15	0.05	0.11	0.32	0	0.55	0.49	0.03	0.16	0.03	0.2	0.16	0.15	0.04	0.13	0.44	0.04	0.02	0.49	0.14	0.27	0.03	0.11	0.49	0.19	0.33	0.21	0.04	0.17	0.05	0.2	0.26	0.14	0.2	0.19	0.24	0.4	0.5	0.31	0.04	0.35	0.04	0.4	0.82	0.22	0.28
0.16	0.97	0.22	0.67	0.1	0.25	0.2	0.16	0.14	0.93	0.03	5.7	0.48	0.15	0.4	0.03	0.79	0.49	0.2	0.17	0.52	0.04	0.59	0.05	0.44	0.14	0.49	0.18	0.2	0.16	0.04	0.33	0.18	0.09	0.49	0.03	0.14	1.1	0.05	0.04	0.9	0.4	0.18	0.4	0.32	0.1	0.17	0.46	0.17	0.05	0.41	0.03	0.15	0.41	0.16	0.41	0.41	0.15	0	0.05	0.91	0.41	0.41	0.51	0.04	0.02	0.17	0.04	0.52	0.18	0.42	0.25	0.09	0.52	0.4	0.08	0.52	0.03	0.42	0.16	0.17	0.82	0.42	0.03	0.23	0.08	0.2	0.42	0.17	0.14	0.05	0.43	0.15	0.54	0.53	0.45	0.43	0.15	0.43
0.02	0.12	0.14	0.14	0.1	0.57	0.02	0.11	0.11	0.92	0.02	2.91	0.11	0.11	0.38	0.13	0.43	0.78	0.23	0.44	0.43	0.04	0.18	0.43	0.39	0.1	0.12	0.15	0.17	0.15	0.01	0.06	0.13	0.07	0.12	0.09	0.17	0.74	0.27	0.05	0.27	0.44	0.12	0.25	0.05	0.44	0.19	0.12	0.23	0.01	0.09	0.43	0.11	0.06	0.12	0.39	0.43	0.12	0.05	0.01	0.12	1.2	0.44	0.16	0.04	0.07	0.14	0.02	0.47	0.12	0.09	0.04	0.19	0.51	0.47	0.04	0.05	0.27	0.47	0.12	0.11	0.06	0.12	0.09	0.22	0.03	0.09	0.07	0.01	0.1	0.04	0.47	0.24	0.22	0.13	0.11	0.49	0.12	0.24
0.47	0.02	0.09	0.07	0.17	0.24	0.1	0.04	0.02	0.79	0.12	5.3	0.04	0.02	0.37	0.21	0.39	0.2	0.41	0.03	0.4	0.4	0.4	0.14	0.13	0.02	0.04	0.05	0.11	0.05	0.46	0.5	0.35	0.17	0.05	0.19	0.15	0.67	0.11	0.41	0.04	0.31	0.03	0.13	0.15	0.44	0.21	0.04	0.63	0.1	0.16	0.18	0.03	0.19	0.04	0.11	0.56	0.03	0.14	0.1	0	0.28	0.43	0.22	0.15	0.16	0.05	0.12	0.67	0.04	0.04	0.14	0.97	0.47	0.01	0.12	0.22	0.16	0.31	0.04	0.03	0.16	0.04	0.19	0.27	0.11	0.19	0.15	0.11	0.09	0.13	0.29	0.04	0.4	0.07	0.06	0.06	0.03	0.4
0.02	0.42	0.42	0.42	0.42	0.94	0.02	0.43	0.41	1.92	0.92	0.54	0.96	0.45	0.55	0.45	0.45	0.45	0.45	0.45	0.17	0.44	0.44	0.94	0.94	0.44	0.44	0.94	0.46	0.44	0.01	0.44	0.95	0.02	0.94	0.44	22.2	0.44	0	0.44	0.12	0.44	0.11	0	0.94	0.03	0.2	0.43	0.35	0.01	0.43	0.93	0.11	0.43	0.43	0.01	0.13	0.43	0.06	0.02	0.43	0.02	0.73	0.42	0.92	0.42	0.42	0.42	0.42	1.41	0.42	0.41	0.41	0.42	0.42	0.04	0.41	0.91	0.91	0.11	0.12	0.41	0.5	0.99	0.49	0.04	0.17	0.48	0.48	0.98	0.03	0.48	0.48	0.48	0.48	0.48	0.99	0.48	0.48
0.13	0.1	0.1	0.02	0.47	0.2	0.35	0.22	0.03	1.08	0.47	1.28	0.41	0.04	0.37	0.46	0.42	0.32	0.3	0.04	0.42	0.42	0.2	0.28	0.16	0.42	0	0.13	0.15	0.07	0.12	0.18	0.15	0.16	0.05	0.19	0.04	0.44	0.13	0.22	0.08	0.52	0.32	0.16	0.15	0.17	0.22	0.04	0.37	0.43	0.26	0.21	0.02	0.16	0.06	0.4	0.03	0.03	0.16	0.93	0.04	0.22	0	0.22	0.17	0.17	0.02	0.28	0.03	0.04	0.04	0.43	0.43	0.3	0.06	0.13	0.44	0.19	0.3	0.06	0.05	0.16	0.06	0.44	0.28	0.14	0.22	0.34	0.4	0.04	0.54	0.71	0.06	0.68	0.02	0.03	0.55	0.03	0.53
0.15	0.28	0.3	0.45	0.13	0.42	0.15	0.55	0.21	0.99	0.15	2.58	0.45	0.23	0.37	0.21	0.51	0.36	0.48	0.56	0.27	0.16	0.21	0.16	0.14	0.48	0.58	0.24	0.69	0.23	0.15	0.17	0.22	0.13	0.57	0.49	0.19	0.19	0.14	0.21	0.21	0.2	0.33	0.17	0.15	0.49	0.01	0.6	0.69	0.15	0.2	0.3	0.2	0.17	0.22	0.15	0.22	0.34	0.17	0.16	0.49	0.99	0.46	0	0.18	0.46	0.23	0.15	0.5	0.23	0.2	0.14	0.4	0.35	0.21	0.22	0.55	0.39	0.69	0.22	0.41	0.24	0.22	0.18	0.07	0.44	0.4	0.18	0.16	0.21	0.12	0.3	0.41	0.35	0.6	0.21	0.23	0.21	0.98
0.03	0.47	0.19	0.17	0.09	0.38	0.03	0.15	0.48	0.95	0.03	1.91	0.15	0.13	0.57	0.11	0.17	0.56	0.21	0.29	0.17	0.38	0.05	0.4	0.04	0.13	0.15	0.26	0.34	0.16	0.68	0.04	0.18	0.06	0.15	0.41	0.14	0.16	0.1	0.01	0.41	0.61	0.16	0.06	0.23	0.71	0.52	0.17	0.19	0.41	0.15	0.3	0.17	0.06	0.41	0.04	0.48	0.15	0.04	0.04	0.13	0.05	0.92	0.16	0	0.15	0.18	0.42	0.18	0.16	0.42	0.05	0.42	0.19	0.15	0.04	0.18	0.33	0.19	0.47	0.14	0	0.54	0.05	0.18	0.03	0.05	0.43	0.04	0.15	0.38	0.83	0.15	0.24	0.43	0.16	0.17	0.47	0.2
0.07	0.17	0.48	0.19	0.06	0.22	0.07	0.49	0.18	1.2	0.06	0.93	0.43	0.15	0.43	0.41	0.18	0.18	0.43	0.42	0.19	0.05	0.43	0.07	0.07	0.18	0.43	0.18	0.25	0.18	0.07	0.43	0.31	0.53	0.43	0.01	0.14	0.44	0.42	0.43	0.33	0.08	0.17	0.47	0.07	0.43	0.34	0.16	0.15	0.08	0.34	0.03	0.54	0.09	0.17	0.07	0.16	0.29	0.02	0.44	0.16	0.67	0.31	0.17	0.44	0	0.27	0.4	0.46	0.17	0.44	0.07	0.07	0.12	0.16	0.17	0.05	0.08	0.44	0.18	0.45	0.06	0.48	0.01	0.16	0.94	0.01	0.05	0.44	0.18	0.07	0.11	0.54	0.14	0.19	0.16	0.35	0.55	2.44
0.5	0.43	0.43	0.04	0.16	0.21	0.15	0.05	0.05	0.88	0.33	1.66	0.07	0.04	0.4	0.23	0.08	0.21	0.31	0.05	0.47	0.48	0.21	0.19	0.27	0.05	0.01	0.41	0.14	0.49	0.14	0.2	0.17	0.39	0.06	0.51	0.05	0.04	0.44	0.24	0.05	0.31	0.99	0.22	0.18	0.7	0.23	0.05	0.52	0.49	0.68	0.21	0.03	0.2	0.07	0.49	0.05	0.04	0.19	0.13	0.05	0.14	0.4	0.23	0.18	0.18	0	0.14	0.4	0.06	0.05	0.16	0.16	0.3	0.05	0.4	0.23	0.19	0.47	0.08	0.28	0.17	0.4	0.21	0.42	0.38	0.21	0.19	0.14	0.05	0.17	0.7	0.07	0.37	0.38	0.07	0.28	0.04	1
0	0.13	0.43	0.54	0.02	0.44	0	0.32	0.44	0.85	0.01	1.91	0.22	0.1	0.25	0.16	0.43	0.29	0.22	0.11	0.97	0.43	0.09	0.03	0.03	0.33	0.14	0.15	0.42	0.13	0.43	0.05	0.93	0.02	0.43	0.43	0.11	0.14	0.01	0.43	0.14	0.03	0.12	0.03	0.27	0.02	0.5	0.14	0.22	0.02	0.85	0.45	0.12	0.05	0.13	0.01	0.45	0.12	0.04	0.02	0.12	0.02	0.46	0.15	0.04	0.07	0.15	0	0.14	0.46	0.12	0.4	0.67	0.18	0.11	0.04	0.47	0.06	0.35	0.41	0.77	0.06	0.24	0.07	0.21	0.03	0.08	0.05	0.02	0.11	0.02	0.25	0.37	0.23	0.14	0.12	0.18	0.11	0.23
0.17	0.14	0.12	0.86	0.16	0.46	0.14	0.05	0.15	0.9	0.16	4.32	0.18	0.05	0.4	0.4	0.03	0.5	0.31	0.4	0.12	0.17	0.99	0.42	0.41	0.05	0.02	0.07	0.17	0.08	0.14	0.54	0.06	0.42	0.92	0.27	0.05	0.28	0.33	0.43	0.05	0.15	0.43	0.53	0.18	0.17	0.23	0.44	0.37	0.14	0.45	0.23	0.04	0.18	0.09	0.45	0.05	0.05	0.46	0.17	0.66	0.3	0.03	0.56	0.17	0.47	0.01	0.16	0	0.06	0.06	0.78	0.37	0.31	0.06	0.17	0.5	0.6	0.5	0.07	0.07	0.21	0.5	0.41	0.68	0.41	0.55	0.2	0.15	0.42	0.42	0.56	0.07	0.42	0.04	0.05	0.04	0.05	0.27
0.35	0.04	0.11	0.06	0.44	0.44	0.14	0.01	0.04	0.82	0.14	4.81	0.06	0.6	0.37	0.23	0.06	0.21	0.5	0.04	0.32	0.18	0.22	0.4	0.44	0.18	0.04	0.02	0.11	0.33	0.13	0.4	0.01	0.14	0.06	0.4	0.04	0.4	0.11	0.25	0.04	0.12	0.04	0.17	0.57	1.25	0.71	0.02	0.35	0.12	0.05	0.51	0.41	0.17	0.27	0.12	0.02	0.04	0.18	0.12	0.04	0.17	0.04	0.23	0.17	0.16	0.06	0.4	0.41	0	0.05	0.15	0.16	0.41	0.05	0.13	0.22	0.41	0.33	0.06	0.2	0.17	0.41	0.91	0.29	0.13	0.2	0.17	0.13	0.04	0.16	0.53	0.06	0.35	0.06	0.03	0.18	0.31	0.21
0.43	0.03	0.18	0.06	0.45	0.76	0.11	0.27	0.33	0.78	0.13	2.77	0.04	0.41	0.4	0.29	0.41	0.45	0.24	0.01	0.07	0.17	0.2	0.41	0.24	0.05	0.1	0.41	0.1	0.2	0.1	0.51	0.42	0.13	0.04	0.21	0.02	1.52	0.51	0.23	0.21	0.12	0.03	0.15	0.16	0.13	0.42	0.16	0.35	0.09	0.41	0.19	0.02	0.17	0.05	0.41	0.04	0.02	0.19	0.09	0.04	0.37	0.04	0.52	0.52	0.15	0.43	0.13	0.23	0.05	0	0.17	0.67	0.26	0.42	0.17	0.21	0.18	0.32	0.25	0.05	0.19	0.62	0.49	0.55	0.12	0.22	0.16	0.42	0.03	0.16	0.55	0.04	0.41	0.42	0.93	0.05	0.03	0.19
0.03	0.13	0.17	0.18	0.02	0.3	0.03	0.14	0.45	1	0.03	0.47	0.14	0.48	0.25	0.47	0.46	0.25	0.23	0.48	0.48	0.05	0.32	0.01	0.03	0.46	0.15	0.19	0.2	0.49	0.04	0.05	0.14	0.01	0.49	0.09	0.54	0.49	0.03	0.49	0.79	0.04	0.17	0.05	0.49	0.12	0.14	0.16	0.21	0.04	0.37	0.24	0.14	0.4	0.14	0.04	0.31	0.17	0.4	0.04	0.14	0.36	0.4	0.41	0.05	0.07	0.16	0.41	0.41	0.16	0.36	0	0.01	0.41	0.49	0.42	0.09	0.06	0.23	0.21	0.16	0.12	0.14	0.08	0.52	0.05	0.33	0.04	0.04	0.13	0.01	0.19	0.14	0.23	0.42	0.14	0.19	0.22	0.61
0.46	0.76	0.4	0.18	0.46	0.29	0.02	0.13	0.47	1.37	0.02	3.74	0.12	0.26	1.42	0.13	0.42	0.24	0.25	0.42	0.15	0.28	0.42	0.01	0.92	0.13	0.23	0.18	1.03	0.53	0.27	0.09	0.15	0	0.53	0.43	0.13	0.44	0.62	0.09	0.45	0.12	0.18	0.43	0.02	0	0.93	0.21	0.28	0.43	0.43	0.43	0.35	0.43	0.73	0.19	0.15	0.46	0.53	0.1	0.43	0.03	0.53	0.15	0.11	0.46	0.94	0.64	0.17	0.32	0.18	0.01	0	0.54	0.74	0.09	0.1	0.05	0.45	0.24	0.46	0.16	0.46	0.46	0.48	0.47	0.12	0.47	0.23	0.47	0.01	0.52	0.45	0.98	0.19	0.53	0.27	0.76	0.27
0.36	0.28	0.29	0.32	0.18	0.28	0.5	0.45	0.48	1.14	0.18	4.52	0.27	0.28	0.22	0.13	0.32	0.47	0.05	0.41	0.32	0.47	0.39	0.53	0.19	0.28	0.51	0.3	0.98	0.28	0.18	0.29	0.51	0.18	0.48	0.49	0.29	0.79	0.45	0.2	0.27	0.18	0.26	0.19	0.53	0.3	0.47	0.4	0.25	0.2	0.74	0.14	0.44	0.22	1.16	0.18	0.29	0.41	0.42	0.19	0.28	0.39	0.28	0.33	0.52	0.41	0.31	0.52	0.31	0.29	0.41	0.41	0.19	0	0.49	0.19	0.2	0.12	0.21	0.28	0.28	0.18	0.52	0.1	0.42	0.19	0.1	0.15	0.52	0.27	0.42	0	0.27	0.34	0.31	0.63	0.32	0.29	0.52
0.12	0.37	0.07	0.46	0.12	0.24	0.49	0.03	0.02	0.76	0.7	1.77	0.46	0.02	0.56	0.2	0.05	0.42	0.47	0.19	0.06	1.17	0.2	0.14	0.47	1.18	0.28	0.06	0.31	0.04	0.09	0.23	0.04	0.12	0.05	0.18	0.62	0.41	0.15	0.42	0.03	0.43	0.03	0.11	0.42	0.83	0.45	0.32	0.33	0.33	0.02	0.18	0.02	0.43	0.04	0.93	0.07	0.03	0.15	0.22	0.01	0.94	0.44	0.21	0.14	0.54	0.44	0.12	0.94	0.23	0.03	0.22	0.44	0.44	0	0.12	0.23	0.44	0.44	0.03	0.04	0.16	0.04	0.19	0.27	0.45	0.45	1.15	0.1	0.02	0.14	0.34	0.03	0.45	0.23	1.05	0.21	0.03	0.19
0.04	0.49	0.24	0.16	0.09	0.32	0.03	0.13	0.13	0.86	0.03	0.24	0.13	0.2	0.23	0.46	0.15	0.27	1.32	0.12	0.2	0.29	0.41	0.05	0.05	0.16	0.41	0.15	0.49	0.14	0.31	0.3	0.46	0.1	0.24	0.33	0.11	0.26	0.22	0.43	0.13	0.05	0.12	0.04	0.05	0.45	0.24	0.45	0.24	0.05	0.1	0.47	0.1	0.39	0.14	0.42	0.15	0.11	0.09	0.03	0.11	1.1	0.13	0.22	0.04	0.2	0.16	0.38	0.41	0.14	0.72	0.05	0.42	0.19	0.13	0	0.03	0.43	0.25	0.13	0.52	0.03	0.13	0.1	0.27	0	0.1	0.16	0.04	0.11	0.05	0.49	0.13	0.76	0.16	0.13	0.55	0.15	0.24
0.1	0.2	0.42	0.45	0.09	0.32	0.1	0.21	0.21	1.08	0.03	1.36	0.44	0.19	0.27	0.11	0.26	0.27	0.47	0.38	0.48	0.03	0.06	0.48	0.09	0.21	1	0.23	0.24	0.16	0.4	0.04	0.21	0.09	0.9	0.4	0.5	0.56	0.05	0	0.51	0.41	0.22	0.12	0.1	0.09	0.94	0.44	0.24	0.04	0.56	0.05	0.22	0.07	0.16	0.05	0.55	0.24	0.15	0.04	0.46	0.05	0.23	0.61	0.01	0.05	0.23	0.25	0.24	0.24	0.22	0.09	0.38	0.48	0.99	0.03	0	0.08	0.23	0.49	0.21	0.22	0.16	0.09	0.23	0.04	0.1	0.07	0.04	0.21	0.09	0.34	0.31	0.42	0.61	0.4	0.33	0.55	0.95
0.06	0.99	0.22	0.19	0.04	0.48	0.06	0.19	0.97	0.94	0.06	0.18	0.47	0.56	0.18	0.04	0.66	0.56	0.18	0.54	0.19	0.45	0.73	0.44	0.06	0.21	1.03	0.5	0.43	0.2	0.07	0.43	0.19	0.04	0.18	0.01	0.22	0.18	0.42	0.41	0.21	0.07	0.41	0.08	0.22	0.92	0.4	0.2	0.16	0.49	0.59	0.05	0.28	0.07	0.18	0.07	0.44	0.99	0.03	0.07	0.58	0.07	0.19	0.18	0.05	0.02	0.21	0.06	0.47	0.18	0.32	0.06	0.05	0.12	1.22	0.08	0.46	0	0.14	0.45	0.18	0.64	0.32	0.44	0.24	0.43	0.01	0.43	0.38	0.42	0.05	0.42	0.41	0.34	0.42	0.18	0.39	0.25	0.48
0.21	0.32	0.34	0.5	0.24	0.21	0.2	0.32	0.34	1.12	0.37	0.54	0.53	0.29	0.04	0.15	0.32	0.53	0.62	0.34	0.31	0.54	0.49	0.19	0.19	0.31	0.4	0.34	0.39	0.36	0.44	0.71	0.32	0.23	0.41	0.51	0.52	0.59	0.2	0.22	0.33	0.21	0.5	0.43	0.99	0.54	0.44	0.44	0.38	0.21	0.91	0.16	0.74	0.23	0.32	0.2	0.44	0.31	0.33	0.23	0.31	1.35	0.44	0.55	0.19	1.08	0.33	0.41	0.33	0.33	0.48	0.19	0.45	0.21	0.78	0.23	0.22	0.48	0	0.41	0.32	0.49	0.69	0.42	0.59	0.49	0.13	0.56	0.22	0.31	0.19	0.55	0.72	0.37	0.41	0.33	0.69	0.41	1.91
0.12	0.04	0.1	0.07	0.12	0.47	0.12	0.05	0.03	0.92	0.12	1.65	0	0.32	0.34	0.44	0.07	0.2	0.33	0.43	0.45	0.14	0.42	0.14	0.13	0.42	0.41	0.07	0.26	0.61	0.4	0.16	0.05	0.4	0.14	0.19	0.03	0.06	0.11	0.45	0.05	0.48	0.04	0.46	0.47	1.17	0.51	0.26	0.47	0.18	0.56	0.44	0.03	0.18	0.01	0.45	0.05	0.04	0.16	0.44	0.07	0.43	0.43	0.22	0.15	0.29	0.07	0.92	0.07	0.06	0.04	0.14	0.19	0.91	0.88	0.13	0.15	0.89	0.53	0	0.16	0.19	0.01	0.18	0.55	0.12	0.48	0.18	0.47	0.38	0.47	0.3	0.46	0.34	0.07	0.45	0.07	0.04	0.54
0.4	0.04	0.48	0.29	0.33	0.25	0.4	0.05	0.4	0.87	0.12	4.34	0.03	0.03	0.35	0.21	0.07	0.21	0.34	0.09	0.07	0.15	0.2	0.14	0.16	0.55	0.05	0.07	0.42	0.67	0.41	0.16	0.05	0.13	0.05	0.2	0.03	0.04	0.36	0.21	0.05	0.45	0.04	0.45	0.15	0.13	0.23	0.43	0.33	0.12	0.42	0.21	0.04	0.17	0.04	0.12	0.05	0.04	0.52	0.12	0.03	0.12	0.05	0.23	0.15	0.17	0.37	0.15	0.07	0.23	0.05	0.16	0.51	0.32	0.04	0.48	0.21	0.19	0.31	0.28	0	0.43	0.03	0.17	0.48	0.13	0.21	0.15	0.48	0.01	0.14	0.32	0.03	0.58	0.45	0.04	0.25	0.04	1.98
0.03	0.15	0.19	0.56	0.46	0.28	0.03	0.46	0.15	0.85	0.02	1.39	0.15	0.15	0.19	0.04	0.16	0.57	0.2	0.47	0.16	0.19	0.05	0.06	0.04	0.46	0.16	0.16	0.23	0.16	0.03	0.05	0.15	0.45	0.47	0.06	0.53	0.27	0.05	0.08	0.17	0.05	0.97	0.47	0.24	0.25	0.21	0.16	0.33	0.1	0.47	0.47	0.34	0.06	0.15	0.07	0.16	0.17	0.04	0.05	0.16	0.06	0.47	0.19	0	0.05	0.16	0.48	0.48	0.15	0.36	0.04	0.12	0.18	0.15	0.03	0	0.04	0.19	0.18	0.16	0	0.16	0.48	0.21	0.25	0.07	0.08	0.1	0.13	0.32	1	0.48	0.2	0.37	0.54	0.19	0.32	0.69
0.52	0.05	0.11	0.47	0.13	0.27	0.12	0.06	0.04	1.08	0.14	7.29	0.01	0.15	0.68	0.41	0.08	0.21	0.35	0.04	0.09	0.15	0.59	0.49	0.49	0.05	0.06	0.07	0.49	0	0.22	0.35	0.07	0.13	0.6	0.19	0.04	0.04	0.11	0.4	0.05	0.12	0.4	0.12	0.9	0.14	0.22	0.06	0.62	0.19	0.4	0.62	0.04	0.51	0	0.41	0.09	0.05	0.16	0.51	0.04	0.42	0.06	0.22	0.41	0.51	0.07	0.51	0.08	0.07	0.05	0.5	0.41	0.28	0.04	0.42	0.16	0.52	0.32	0.01	0.03	0.18	0	0.19	0.52	0.52	0.19	0.18	0.12	0.53	0.43	0.63	0.01	0.34	0.08	0.32	0.07	0.28	0.93
0.19	0.49	0.54	0.22	0.06	0.52	0.07	0.2	0.42	1.32	0.42	3.53	0.18	0.48	0.43	0.02	0.46	0.93	0.16	0.5	0.5	0.44	0.04	0.08	0.07	0.44	0.54	0.21	0.29	0.44	0.08	0.23	0.38	0.05	0.44	0	0.18	0.19	0.19	0.09	0.45	0.09	0.18	0.1	0.08	0.06	0.2	0.19	0.26	0.14	0.23	0.04	0.18	0.65	0.22	0.08	0.55	0.19	0.03	0.46	0.23	0.08	0.21	0.2	0.05	0.01	0.46	0.46	0.23	0.21	0.53	0.08	0.96	0.46	0.19	0.09	0.09	0.46	0.66	0.18	0.17	0.05	0.19	0	0.86	0.46	0	0.04	0.29	0.53	0.07	0.52	0.26	0.15	0.21	0.21	0.25	0.47	0.47
0.97	0.47	0.26	1.98	0.15	0.97	0.21	0.28	0.47	1.54	0.21	5.16	0.28	0.29	0.79	0.59	0.59	0.42	0.49	0.26	0.25	0.22	0.27	0.15	0.7	0.61	0.28	0.4	0.3	0.29	0.21	0.23	0.28	0.38	0.61	0.38	0.41	0.25	0.17	0.23	0.37	0.51	0.27	0.23	0.39	0.82	0.07	0.28	0.7	0.14	0.6	0.27	0.92	0.25	0.39	0.21	0.28	0.26	0.23	0.73	0.52	0.33	0.28	0.07	0.43	0.16	0.29	0.21	0.29	0.29	0.58	0.53	0.43	0.35	0.27	0.93	0.43	0.34	0.53	0.28	0.29	0.21	0.28	0.2	0	0.64	0.47	0.44	0.22	0.27	0.44	0.57	0.28	0.63	0.29	0.44	0.44	0.27	0.4
0.42	0.18	0.16	0.42	0.42	0.31	0.23	0.12	0.1	1.14	0.03	0.46	0.13	0.61	0.22	0.29	0.14	0.61	0.51	0.12	0.16	0.04	0.42	0.05	0.05	0.52	0.14	0.42	0.18	0.45	0.03	0.21	0.42	0.32	0.15	0.1	0.12	0.11	0.03	0.03	0.47	0.01	0.12	0.43	0.05	0.6	0.21	0.4	0.43	0.01	0.43	0.28	0.43	0.08	0.14	0.03	0.13	0.11	0.44	0.04	0.12	0.11	0.44	0.35	0.04	0.07	0.14	0.03	0.39	0.16	0.22	0.05	0.1	1.05	0.73	0	0.04	0.1	0.22	0.15	0.13	0.07	0.56	0.1	0.46	0	0.1	0.08	0.03	0.12	0.29	0.2	0.27	0.47	0.14	0.13	0.5	0.12	0.58
0.08	0.67	0.24	0.48	0.07	0.24	0.08	0.48	0.48	1.08	0.48	4.06	0.18	0.47	0.48	0.03	0.21	0.18	0.17	0.2	0.2	0.08	0.34	0.09	0.07	0.19	0.49	0.64	0.49	0.19	0.37	0.03	0.19	0.19	0.49	0.14	0.5	0.63	0.08	0.49	0.3	0.09	0.2	0.5	0.9	0.11	0.19	0.54	0.25	0.44	0.19	0.04	0.5	0.09	0.41	0.08	0.51	0.19	0.06	0.09	0.41	0.14	0.57	0.19	0.05	0.01	0.21	0.41	0.21	0.22	0.19	0.09	0.21	0.41	0.19	0.1	0.09	0.17	0.13	0.42	0.2	0.05	0.74	0	0.25	0.1	0	0.31	0.43	0.18	0.08	0.12	0.19	0.43	0.93	0.2	0.21	0.37	0.16
0.04	0.15	0.31	0.55	0.09	0.27	0.04	0.16	0.4	1.27	0.06	2.77	0.17	0.16	0.47	0.22	0.19	0.25	0.47	0.15	0.18	0.08	0.11	0.04	0.04	0.14	0.47	0.64	0.54	0.19	0.07	0.09	0.44	0.38	0.47	0.04	0.16	0.35	0.05	0.06	0.3	0.08	0.18	0.07	0.05	0.39	0.29	0.18	0.18	0.09	0.17	0.08	0.17	0.08	0.47	0.43	0.18	0.47	0.09	0.08	0.43	0.08	0.45	0.18	0.47	0.05	0.2	0.35	0.18	0.47	0.18	0.04	0.41	0.57	0.16	0.09	0.36	0.03	0.16	0.17	0.15	0.06	0.19	0.04	0.17	0.09	0.04	0	0.47	0.15	0.04	0.15	0.28	0.48	0.19	0.15	0.19	0.27	0.23
0.02	0.1	0.16	0.49	0.49	0.79	0.02	0.2	0.1	1.09	0.01	3.81	0.11	0.11	0.23	0.08	0.14	0.46	0.22	0.11	0.14	0.04	0.08	0.04	0.04	0.46	0.14	0.21	0.17	0.12	0	0.1	0.12	0.46	0.12	0.39	0.24	0.09	0.01	0.04	0.77	0.42	0.1	0.01	0.04	0.3	0.26	0.14	0.23	0.03	0.09	0.08	0.47	0.8	0.12	0.06	0.12	0.22	0.04	0.01	0.11	0.88	0.13	0.48	0.04	0.45	0.13	0.03	0.21	0.12	0.1	0.09	0.3	0.19	0.1	0.03	0.04	0.07	0.22	0.11	0.45	0.03	0.12	0.32	0.43	0.03	0.48	0.07	0	0.39	0.03	0.55	0.48	0.23	0.13	0.36	0.49	0.49	0.24
0.13	0.02	0.43	0.05	0.46	0.24	0.12	0.03	0.25	0.89	0.11	7.63	0.04	0.01	0.35	0.45	0.33	1	0.45	0.06	0.45	0.13	0.18	0.45	0.45	0.41	0.04	0.05	0.09	0.39	0.55	1.53	0.03	0.45	0.14	0.56	0.02	0.03	0.11	0.21	0.03	0.1	0.03	0.14	0.53	0.12	0.46	0.03	0.32	0.39	0.22	0.2	0.02	0.41	0.04	0.17	0.14	0.03	0.16	0.1	0.02	0.61	0.04	0.21	0.16	0.45	0.05	0.49	0.05	0.15	0.04	0.29	0.6	0.28	0.12	0.12	0.21	0.61	0.3	0.43	0.01	0.42	0.04	0.42	0.27	0.42	0.18	0.14	0.41	0	0.41	0.35	0.04	0.61	0.05	0.03	0.11	0.03	1.42
0.42	0.13	0.18	0.39	0.01	0.49	0.02	0.14	0.13	0.9	0.03	3.64	0.13	0.13	0.24	0.09	0.24	0.24	0.23	0.15	0.94	0.04	0.09	0.01	0.3	0.14	0.44	0.17	0.44	0.15	0.03	0.05	0.14	0.01	0.16	0.08	0.54	1.46	0.03	0.45	0.14	0.04	0.13	0.19	0.01	0.09	0.5	0.16	0.21	0.04	0.13	0.08	0.16	0.06	0.14	0.45	0.15	0.75	0.9	0.39	0.13	0.04	0.17	0.13	0.04	0.07	0.16	0.02	0.22	0.46	0.15	0.01	0.33	0.19	0.13	0.04	0.09	0.2	0.47	0.14	0.15	0.04	0.45	0.46	0.14	0.04	0.08	0.04	0.8	0.12	0	0.18	0.47	0.57	0.25	0.35	0.18	0.19	0.99
0.19	0.44	0.44	0.4	0.17	0.44	0.19	0.33	0.95	1.15	0.19	7.73	0.29	0.3	0.4	0.48	0.34	0.15	0.41	0.6	1	0.19	0.15	0.5	0.18	0.7	1.09	0.32	0.5	0.5	0.2	0.38	0.3	0.99	0.5	0.5	0.3	1.1	0.19	0.6	0.6	0.49	0.68	0.9	0.85	0.25	0.5	0.8	0.3	0.5	0.29	0.3	0.31	0.22	0.3	0.2	0.49	0.69	0.14	0.2	0.55	0.49	0.31	0.49	0.58	0.11	0.99	0.59	0.36	0.33	0.49	0.25	0.22	0	0.49	0.2	0.59	0.17	0.54	0.3	0.99	0.49	0.3	0.49	0.49	0.19	0.47	0.48	0.57	0.48	0.32	0	0.49	0.03	0.32	0.5	0.5	0.31	0.09
0.21	0.04	0.4	0.07	0.27	0.4	0.12	0.05	0.41	1.21	0.12	1.44	0.43	0.05	1.2	0.21	0.94	0.2	0.34	0.03	0.09	0.44	0.53	0.14	0.14	0.05	0.44	0.07	0.13	0.54	0.11	0.56	0.05	0.65	0.07	0.42	0.03	0.23	0.11	0.45	0.45	0.12	0.75	0.12	0.14	0.45	0.55	0.06	0.45	0.41	0.26	0.2	1.76	0.45	0.01	0.11	0.45	0.45	0.16	0.11	0.04	0.43	0.06	0.55	0.15	0.18	0.07	0.46	0.07	0.56	0.04	0.46	0.48	0.43	0.36	0.13	0.15	0.17	0.61	0	0.36	0.46	0.01	0.35	0.54	0.13	0.18	0.18	0.46	0.04	0.46	0.3	0	0.46	0.13	0.04	0.07	0.05	0.27
0.47	1.47	0.97	0.36	0.22	0.15	0.23	0.98	0.48	1.17	0.22	1.58	0.44	0.32	0.5	0.21	1	0.5	1.2	0.54	0.7	0.53	0.18	0.81	0.91	0.6	1.01	0.59	0.92	0.41	0.23	0.24	0.95	0.21	0.41	0.41	0.34	0.36	1.32	0.42	0.37	0.22	0.72	0.39	0.23	0.42	0.43	0.93	0.43	0.22	0.93	0.43	0.33	0.25	0.94	0.44	0.44	0.51	0.54	0.44	0.44	0.44	0.53	0.44	0.2	0.44	0.95	0.31	0.36	0.45	0.36	0.95	0.45	0.03	0.46	0.55	0.46	0.45	0.46	0.76	0.63	0.46	0.7	0.15	0.8	0.23	0.15	0.39	0.47	0.47	0.23	0.03	0.77	0.01	0.46	0.34	0.87	0.57	0.77
0.14	0.04	0.1	0.5	0.49	0.22	0.14	0.05	0.05	0.8	0.15	1.61	0.07	0.08	0.48	0.23	0.04	0.22	0.29	0.14	0.1	0.48	0.48	0.18	0.18	0.08	0.02	0.09	0.49	0.45	0.13	0.49	0.05	0.15	0.33	0.5	0.05	0.04	0.4	0.23	0.05	0.49	0.04	0.41	0.87	0.15	0.41	0.41	0.38	0.12	0.41	0.22	0.04	0.41	0.08	0.14	0.41	0.21	0.46	0.13	0.2	0.49	0.21	0.62	0.17	0.19	0.42	0.42	0.42	0.45	0.42	0.16	0.47	0.31	0.32	0.15	0.25	0.2	0.32	0.07	0.22	0.18	0.08	0.21	0.29	0.17	0.21	0.51	0.13	0.44	0.17	0.32	0.07	0.37	0	0.05	0.01	0.12	0.27
0.49	0	0.09	0.1	0.49	0.24	0.11	0.03	0.02	1	0.34	4	0.37	0.04	0.42	0.53	0.05	0.31	0.21	0.02	0.06	0.42	0.52	0.42	0.15	0.01	0.92	0.05	0.27	0.05	0.46	0.18	0.03	0.13	0.04	0.2	0.08	0.53	0.93	0.21	0.07	0.14	0.02	0.44	0.37	0.14	0.25	0.4	0.34	0.09	1.15	0.21	0.16	0.15	1.15	0.1	0.02	0.12	0.17	0.45	0.03	0.12	0.03	0.21	0.22	0.16	0.04	0.45	0.28	0.04	0.03	0.17	0.46	0.27	0.03	0.11	0.21	0.18	0.31	0.04	0.3	0.25	0.32	0.47	0.67	0.13	0.67	0.17	0.11	0.03	0.15	0.48	0.04	0.32	0.05	0	0.04	0.03	0.19
0.49	0.04	0.46	0.01	0.36	0.22	0.15	0.45	0.05	1.16	0.17	1.74	0.13	0.45	0.76	0.49	0.46	0.36	0.66	0.05	0.09	0.18	0.56	0.16	0.46	0.08	0.02	0.46	0.56	0.08	0.14	0.39	0.05	0.16	0.07	0.67	0.05	0.04	0.13	0.54	0.04	0.27	0.04	0.17	0.16	0.25	0.3	0.05	0.74	0.12	0.58	0.48	0.04	0.2	0.48	0.48	0.05	0.17	0.17	0.14	0.06	0.23	0.02	0.23	0.18	0.49	0.04	0.9	0.4	0.06	0.41	0.16	1.21	0.82	0.37	0.41	0.51	0.19	0.41	0.26	0.06	0.2	0.07	0.22	0.41	0.14	0.41	0.18	0.72	0.05	0.17	1.42	0.07	0.92	0.1	0.11	0.01	0.05	1.92
0.33	0.02	0.11	0.05	0.45	0.29	0.46	0.03	0.03	0.82	0.15	4.48	0.04	0.04	0.47	0.47	0.04	0.39	0.22	0.07	0.06	0.16	0.41	0.48	0.14	0	0.03	0.05	0.48	0.05	0.11	0.49	0.26	0.13	0.05	0.2	0.02	0.19	0.1	0.22	0.19	0.49	0.01	0.14	0.59	0.14	0.24	0.03	0.49	0.49	0.5	0.29	0.01	0.5	0.05	0.11	0.03	0.01	0.4	0.11	0.03	0.21	0.03	0.6	0.16	0.19	0.4	0.41	0.22	0.38	0.41	0.16	0.48	0.29	0.03	0.41	0.41	0.57	0.32	0.41	0.04	0.17	0.05	0.2	0.41	0.13	0.19	0.16	0.13	0.03	0.42	0.3	0.05	0.34	0.42	0.07	0.92	0	0.19
0.42	0.23	0.43	0.22	0.23	0.43	0.22	0.2	0.44	1.64	0.54	6.17	0.27	0.45	0.25	0.17	0.46	0	0.05	0.46	0.38	0.57	0.2	0.5	0.57	0.47	0.59	0.22	0.57	0.48	0.57	0.43	0.4	0.51	0.76	0.15	0.91	0.52	0.52	0.53	0.42	0.23	0.63	1.53	1.03	0.55	1.04	0.94	0.72	0.41	0.28	0.41	0.18	0.44	0.28	0.23	0.45	0.18	0.17	0.24	0.4	0.64	0.45	0.34	0.2	0.22	0.32	0.22	0.45	0.21	0.46	0.46	0.34	0.66	0.59	0.26	0.46	0.16	0.47	0.3	0.97	0.47	0.27	0.15	0.57	0.48	0.15	0.19	0.49	0.49	0.49	0.41	0.5	0.12	0.22	0.44	0.21	0.5	0
