0	0.12	0.43	0.52	0.02	0.3	0.43	0.19	0.12	0.29	0.01	2.13	0.12	0.12	0.25	0.46	0.15	0.46	0.22	0.11	0.12	0.03	0.1	0.05	0.03	0.1	0.13	0.15	0.47	0.13	0.02	0.05	0.14	0.02	0.19	0.08	0.11	0.1	0.01	0.1	0.47	0.03	0.14	0.03	0.04	0.28	0.15	0.13	0.47	0.29	0.11	0.47	0.2	0.09	0.15	0.18	0.24	0.11	0.45	0.02	0.1	0.02	0.14	0.34	0.24	0.07	0.15	0	0.15	0.49	0.13	0.03	0.48	0.24	0.1	0.04	0.48	0.06	0.43	0.32	0.49	0.03	0.12	0.16	0.54	0.25	0.08	0.04	0.22	0.75	0.02	0.99	0.12	0.22	0.79	0.12	0.17	0.13	0.52
0.46	0	0.46	0.04	0.21	0.47	0.46	0.35	0.04	0.02	0.46	10	0.41	0.22	0.37	0.56	0.05	0.23	0.21	0.51	0.39	0.41	0.19	0.17	0.42	0	0.04	0.04	0.1	0.42	0.1	0.16	0.02	0.13	0.04	0.19	0.02	0.72	0.86	0.22	0.02	0.12	0.92	0.15	0.15	0.12	0.42	0.62	0.34	0.09	0.43	0.19	0.01	0.17	0.44	0.44	0.02	0.02	0.44	0.12	0.67	0.48	0.03	0.44	0.15	0.17	0.04	0.95	0.05	0.03	0.03	0.45	0.12	0.5	0.02	0.45	0.54	0.53	0.35	0.04	0.04	0.13	0.05	0.19	0.27	0.13	0.19	0.17	0.1	0.02	0.13	0.31	0.04	0.66	0.32	0	0.41	0.02	0.19
0.46	0.17	0	0.1	0.76	0.46	0.15	0.11	0.07	0.1	0.15	9.92	0.49	0.08	0.49	0.22	0.49	0.4	0.29	0.59	0.49	0.17	0.19	0.49	0.19	0.24	0.1	0.12	0.48	0.1	0.14	0.59	0.1	0.5	0.09	0.22	0.08	0.08	0.2	0.4	0.09	0.5	0.09	0.15	0.55	0.17	0.56	0.09	0.36	0.14	0.43	0.4	0.09	0.57	0.1	0.15	0.31	0.09	0.9	0.14	0.09	0.82	0.1	0.28	0.61	0.37	0.11	0.15	0.11	0.41	0.09	0.41	0.61	0.31	0.07	0.26	0.2	0.22	0.34	0.09	0.08	0.18	0.11	0.21	0.26	0.16	0.21	0.18	0.17	0.09	0.48	0.52	0.1	0.43	0.1	0.09	0.42	0.11	0.78
0.53	0.05	0.1	0	0.96	0.22	0.17	0.05	0.05	0.41	0.16	7.28	0.08	0.37	0.66	0.81	0.41	0.52	0.56	0.29	0.43	0.42	0.22	0.18	0.43	0.17	0.43	0.07	0.14	0.08	0.44	0.44	0.05	0.43	0.11	0.22	0.94	1.64	0.74	0.94	0.45	0.53	0.04	0.16	0.95	0.21	0.23	0.45	0.75	0.21	0.29	0.23	0.04	0.22	0.08	0.46	0.05	0.04	0.56	0.15	0.07	0.67	0.02	0.23	0.47	0.47	0.04	0.16	0.03	0.06	0.06	0.16	0.45	0.49	0.34	0.15	0.59	0.19	0.32	0.07	0.07	0.17	0.08	0.36	0.29	0.4	0.4	0.2	0.41	0.05	0.53	0.81	0.91	0.38	0	0.07	0.06	0.52	0.42
0.29	0.14	0.16	0.16	0	1.07	0.02	0.13	0.4	0.32	0.02	0.55	0.17	1.48	0.51	0.48	0.15	0.4	0.22	0.56	0.49	0.09	0.14	0.02	0.1	0.12	0.48	0.15	0.9	0.23	0.1	0.14	0.14	0	0.13	0.06	0.13	0.31	0.04	0.43	0.13	0.09	0.13	0.04	0.08	0	0.15	0.16	0.2	0.14	0.45	0.11	0.46	0.08	0.46	0.36	0.13	0.18	0.1	0.1	0.12	0.98	0.14	0.15	1.48	0.06	0.48	0.22	0.19	0.2	0.5	0.02	0.37	0.18	0.21	0.24	0.09	0.05	0.26	0.42	0.13	0.13	0.13	0.06	0.53	0.43	0.06	0.25	0.44	0.12	0.44	0.18	0.51	0.54	0.17	0.15	0.55	0.13	0.57
0.3	0.23	0.36	0.56	0.29	0	0.3	0.59	0.33	0.99	0.31	3.55	0.45	0.45	0.12	0.25	0.65	0.11	0.5	0.24	0.45	0.31	0.27	0.49	0.45	0.24	0.2	0.63	0.65	0.27	0.31	0.65	0.55	0.29	0.29	0.23	0.24	0.95	0.63	0.32	0.24	0.3	0.58	0.33	0.45	0.29	0.54	0.24	0.36	0.62	0.24	0.25	0.23	0.39	0.27	0.31	0.24	0.23	0.25	0.32	0.45	0.62	0.2	0.95	0.28	0.22	0.45	0.33	0.22	0.47	0.65	0.3	0.67	0.12	0.24	0.31	0.6	0.95	0.45	0.26	0.25	0.65	0.33	0.23	0.95	0.32	0.55	0.27	0.31	0.3	0.45	0.24	0.26	0.15	0.96	0.24	0.55	0.23	0.37
0.04	0.48	0.36	0.15	0.02	0.3	0	0.14	0.38	0.89	0.01	6.41	0.12	0.23	0.42	0.1	0.14	0.62	0.27	0.42	0.11	0.04	0.08	0.03	0.42	0.1	0.13	0.52	0.18	0.42	0.02	0.09	0.12	0.02	0.11	0.08	0.13	0.11	0.29	0.42	0.21	0.03	0.11	0.21	0.93	0.02	0.42	0.53	0.22	0.02	0.4	0.08	0.42	0.09	0.18	0.01	0.42	0.33	0.34	0.02	1.63	0.42	0.14	0.15	0.17	0.07	0.43	0	0.14	0.13	0.11	0.38	0.43	0.35	0.1	0.03	0.43	0.18	0.43	0.12	0.21	0.04	0.12	0.21	0.21	0.06	0.44	0.04	0.54	0.11	0.02	0.85	0.27	0.51	0.22	0.11	0.21	1.25	2.45
0.27	0.4	0.3	0.05	0.13	0.24	0.14	0	0.02	0	0.49	1.48	0.05	0.03	0.62	0.21	0.05	0.56	0.29	0.62	0.42	0.15	0.21	0.14	0.42	0.03	0.03	0.02	0.43	0.06	0.12	0.45	0.42	0.4	0.05	0.19	0.03	0.16	0.25	0.21	0.43	0.11	0.02	0.42	0.51	0.25	0.22	0.45	0.96	0.45	0.34	0.46	0.02	0.16	0.06	0.11	0	0.03	0.17	0.11	0.04	0.35	0.03	0.22	0.77	0.16	0.05	0.15	0.05	0.01	0.04	0.37	0.14	0.47	0.06	0.49	0.23	0.19	0.68	0.05	0.28	0.17	0.1	0.49	0.28	0.13	0.19	0.17	0.48	0.03	0.14	0.94	0.44	0.48	0.1	0.02	0.32	0.03	0.45
0.42	0.39	0.34	0.4	0.11	0.24	0.42	0.02	0	0.03	0.1	4.29	0.03	0.08	0.69	0.56	0.13	0.19	0.35	0.02	0.06	0.47	0.19	0.12	0.57	0.76	0.03	0.04	0.09	0.32	0.09	0.17	0.03	0.41	0.06	0.17	0.02	0.32	0.3	0.57	0.47	0.11	0.02	0.18	0.35	0.46	0.48	0.4	0.31	0.18	0.02	0.58	0.02	0.42	0.04	0.1	0.02	0.03	0.48	0.48	0.02	0.34	0.03	0.21	0.14	0.48	0.35	0.1	0.11	0.03	0.03	0.17	0.11	0.27	0.02	0.12	0.21	0.19	0.99	0.03	0.02	0.13	0.49	0.16	0.27	0.11	0.28	0.69	0.5	0	0.51	0.28	0.03	0.59	0.05	0.02	0.05	0.03	0.44
0.12	0.02	0.1	0.42	0.14	0.38	0.12	1.5	0.02	0	0.12	14.2	0.05	0.03	0.37	0.4	0.05	0.2	0.29	0.41	0.41	0.16	0.2	0.16	0.51	0.43	0.04	0.02	0.19	0.06	0.42	0.19	0.02	0.14	0.87	1.02	0.03	0.03	0.21	0.21	0.42	0.13	0.02	0.16	0.45	0.22	0.53	0.24	0.43	0.33	0.03	0.52	0.02	0.23	0.39	0.13	0.18	0.03	0.18	0.44	0.86	0.92	0.42	1.95	1.38	2.57	0.04	0.57	0.42	0.81	1.79	0.17	0.54	0.41	1.92	1.67	2.37	2.06	1.71	2.67	2.17	1.99	1.23	0.42	2.42	1.36	1	0.63	0.57	0.47	0.14	0.35	0.05	0.34	0.05	0.02	0.05	0.03	0.22
0.01	0.32	0.7	0.14	0.02	0.31	0.01	0.12	0.12	0.12	0	3.3	0.11	0.12	0.25	0.1	0.14	0.25	0.23	0.49	0.14	0.03	0.47	0.03	0.03	0.12	0.14	0.47	0.18	0.38	0.01	0.03	0.15	0.07	0.11	0.08	0.48	0.13	0.01	0.03	0.48	0.18	0.15	0.03	0.98	0.84	0.48	0.13	0.22	0.02	0.48	0.1	0.13	0.07	0.39	0.24	0.39	0.48	0.04	0.02	0.12	0.59	0.14	0.15	0.2	0.06	0.49	0.11	0.15	0.49	0.13	0.49	0.02	0.49	0.11	0.03	0.06	0.07	0.21	0.49	0.12	0.02	0.31	0.4	0.21	0.03	0.08	0.4	0.4	0.14	0.03	0.45	0.12	0.5	0.4	0.15	0.15	0.13	0.48
3.04	1.45	0.47	1.17	1.48	1.89	0.21	1.69	0.86	6.88	3.34	5.98	3.61	1.97	2.32	0.52	1.06	12.5	0.3	2.14	11.3	3.47	0.17	0.28	1.57	1.13	4.42	0.35	0.98	1.68	11.6	0.31	0.33	1.21	0.84	0.98	1.1	6.17	3.25	0.22	1.26	1.47	2.05	0.23	0.21	5.51	7.84	0.65	0.9	2.25	0.95	0.19	1.36	11.6	0.6	0.21	0.6	0.34	0.5	0.6	1.75	1.48	2.04	0.5	0.94	9.22	1.57	0.21	0.37	1.71	12.3	0.2	0.24	1.2	4.25	3.62	0.62	1.29	7.46	1.57	10.3	0.2	0.41	10.5	2.68	0.4	1.5	1.8	1.66	1.84	0.2	1.61	1.66	1.99	1.98	0.45	1.07	5.64	3.07
0.11	0.04	0.09	0.07	0.45	0.26	0.11	0.05	0.03	0.11	0.12	8.96	0	0.05	0.43	0.2	0.07	0.55	0.53	0.03	0.09	0.26	0.2	0.44	0.44	0.05	0.32	0.07	0.22	0.01	0.11	0.55	0.05	0.14	0.44	0.18	0.02	0.03	0.38	0.15	0.32	0.11	0.24	0.48	0.33	0.49	0.4	0.06	0.32	0.45	0.22	0.49	0.04	0.34	0.01	0.11	0.05	0.04	0.49	0.11	0.04	0.11	0.06	0.22	0.28	0.17	0.07	0.4	0.07	0.06	0.04	0.13	0.16	0.4	0.03	0.46	0.51	0.5	0.64	0	0.03	0.14	0.41	0.41	0.28	0.13	0.18	0.17	0.51	0.03	0.13	0.41	0	0.33	0.07	0.04	0.07	0.2	1
0.52	0.02	0.72	0.17	0.12	0.23	0.12	0.03	0.42	0.42	0.22	3.09	0.44	0	0.36	0.2	0.05	0.44	0.34	0.38	0.06	0.13	0.19	0.12	0.12	0.01	0.03	0.05	0.09	0.28	0.45	0.18	0.03	0.11	0.38	0.18	0.03	0.04	0.45	0.65	0.04	0.46	0.04	0.15	0.49	0.11	0.33	0.15	0.52	0.1	0.35	0.19	0.26	0.22	0.06	0.12	0.03	0.04	0.14	0.1	0.22	0.12	0.04	0.46	0.16	0.15	0.04	0.12	0.05	0.04	0.05	0.12	0.13	0.47	0.02	0.13	0.19	0.16	0.47	0.07	0.03	0.14	0.06	0.18	0.29	0.13	0.47	0.52	0.12	0.01	0.47	0.6	0.05	0.68	0.08	0.68	0.78	0.04	0.49
0.35	0.36	0.37	0.41	0.55	0.51	0.25	0.38	0.36	0.41	0.25	2.56	0.36	0.44	0	0.64	0.39	0.44	0.59	0.38	0.44	0.22	0.17	0.25	0.25	0.49	0.4	0.41	0.39	0.35	0.53	0.18	0.37	0.55	0.59	0.45	0.45	0.37	0.26	0.75	0.38	0.22	0.39	0.45	0.25	0.5	0.37	0.96	0.39	0.65	0.37	0.39	0.37	0.27	0.46	0.26	0.96	0.46	0.22	0.46	0.37	0.37	0.76	0.37	0.19	0.17	0.4	0.46	0.47	0.4	0.37	0.47	0.28	0.32	0.37	0.56	0.27	0.33	0.04	0.7	0.36	0.47	0.35	0.27	0.43	0.23	0.18	0.97	0.22	0.38	0.24	0.58	0.35	0.47	0.57	0.36	0.4	0.36	0.25
0.1	0.21	0.44	0.25	0.13	0.25	0.09	0.21	0.95	0.45	0.1	5.57	0.48	0.49	0.37	0	0.26	1	0.17	0.21	0.4	0.07	0.13	0.18	0.4	0.21	0.22	0.23	0.62	0.42	0.08	0.03	0.35	0.42	0.48	0.02	0.42	0.58	0.09	0.11	0.42	0.06	0.21	0.13	0.43	0.54	0.25	0.23	0.74	0.1	0.23	0.03	0.44	0.1	0.21	0.1	0.42	0.95	0.03	0.08	0.52	0.44	0.24	0.43	0.05	0.01	0.95	0.1	0.25	0.92	0.23	0.09	0.5	0.14	0.44	0.07	0.11	0.03	0.15	0.37	0.47	0.05	0.47	0.02	0.27	0.08	0.03	0.06	0.07	0.21	0.99	0.14	0.52	0.17	0.24	0.49	0.23	0.21	0.17
0.5	0.11	0.5	0.04	0.25	0.4	0.15	0.4	0.05	0.4	0.4	7.64	0.16	0.05	0.41	0.49	0	0.55	0.29	0.42	0.27	0.57	0.52	0.18	0.42	0.05	0.02	0.07	0.28	0.43	0.43	0.36	0.05	0.15	0.06	0.22	0.05	0.44	0.86	0.27	0.43	0.43	0.04	0.16	0.43	0.16	0.58	0.2	0.64	0.44	0.32	0.22	0.04	0.19	0.37	0.48	0.94	0.44	0.33	0.14	0.94	1.34	0.02	0.34	0.2	0.18	0.03	0.44	0.03	0.06	0.06	0.16	0.17	0.45	0.06	0.16	0.95	0.58	0.32	0.07	0.07	0.55	0.38	0.45	0.29	0.15	0.22	0.18	0.15	0.45	0.17	0.33	0.07	0.36	0.56	0.05	0.03	0.05	1.07
0.65	0.19	0.47	0.22	0.23	0.11	0.25	0.47	0.56	0.2	0.25	0.38	0.2	0.21	0.23	0.2	0.46	0.01	0.04	0.47	0.75	0.25	0.59	0.24	0.24	0.21	0.2	0.58	0.37	0.21	0.26	0.28	0.21	0.42	1.55	0.18	0.47	0.18	0.25	0.27	0.48	0.25	0.22	0.28	0.48	0.23	0.37	0.21	0.52	0.48	0.56	0.22	0.18	0.29	0.21	0.59	0.59	0.49	0.24	0.26	0.2	0.78	0.2	0.49	0.54	0.18	0.22	0.25	0.22	0.6	0.19	0.55	0.23	0.09	0.19	0.61	0.27	0.19	0.41	0.2	0.41	0.51	0.21	0.23	0.43	0.27	0.19	0.22	0.26	0.41	0.32	0.09	0.2	0.42	0.62	0.26	0.5	0.19	0.1
0.22	0.55	0.29	0.76	0.22	0.11	0.27	0.31	0.57	0.29	0.22	1.52	0.34	0.36	0.41	0.17	0.47	0.04	0	0.58	0.38	0.42	0.19	0.23	0.23	0.34	0.28	0.71	0.66	0.66	0.44	0.49	0.3	0.21	0.34	0.2	0.48	0.23	0.23	0.54	0.26	0.22	0.24	0.6	0.23	0.22	0.4	0.3	0.32	0.23	0.76	0.17	0.48	0.28	0.34	0.24	0.31	0.26	0.39	0.52	0.35	0.49	0.29	0.35	1.75	0.18	0.29	0.34	0.31	0.3	0.24	0.23	0.23	0.45	0.33	0.22	0.58	0.49	0.36	0.79	0.34	0.22	0.34	0.16	0.72	0.62	0.17	0.28	0.49	0.34	0.23	0.15	0.34	0.05	0.64	0.31	0.3	0.23	0.4
0.44	0.02	0.08	0.44	0.14	0.44	1.83	0.98	0.42	0.03	0.34	5.3	0.03	0.04	0.36	0.21	0.49	0.18	0.5	0	0.06	0.16	0.59	0.99	0.15	0.04	0.03	0.4	0.49	0.04	0.1	0.5	0.05	0.14	0.04	0.4	0.27	0.01	0.09	0.57	0.04	0.12	0.02	0.35	0.33	0.19	0.23	0.04	0.5	0.08	0.07	0.4	0.4	0.3	0.6	0.4	0.12	0.02	0.18	0.5	0.03	0.09	0.19	0.5	0.17	0.15	0.05	0.41	0.95	0.04	0.01	0.4	0.13	0.27	0.41	0.4	0.53	0.5	0.32	0.03	0.04	0.15	0.12	0.5	0.25	0.5	0.2	0.15	0.09	0.03	0.4	0.42	0.04	0.36	0.4	0.02	0.04	0.02	0.18
0.24	0.05	0.11	0.1	0.15	0.48	0.12	0.42	0.06	0.11	0.48	5.87	0.49	0.41	0.37	0.2	0.61	0.61	0.37	0.06	0	0.45	0.5	0.15	0.15	0.05	0.06	0.37	0.13	0.1	0.12	0.16	0.06	0.32	0.01	0.56	0.06	0.42	0.43	0.72	0.06	0.14	0.06	0.12	0.82	0.16	0.62	0.54	0.38	0.13	0.24	0.36	0.05	0.42	0.11	0.13	0.05	0.43	0.15	0.47	0.07	0.53	0.43	0.43	0.17	0.19	0.07	0.13	0.08	0.06	0.43	0.16	0.15	0.32	0.26	0.19	0.43	0.19	0.53	0.14	0.07	0.43	0.18	0.2	0.23	0.55	0.18	0.2	0.53	0.07	0.18	0.31	0.44	0.43	0.47	0.06	0.34	0.44	0.37
0.03	0.15	0.92	0.42	0.28	0.3	0.31	0.37	0.14	0.26	0.03	13.8	0.15	0.47	0.97	0.33	0.2	0.25	0.22	0.14	0.18	0	0.47	0.05	0.04	0.16	0.15	0.17	0.37	0.97	0.04	0.04	0.16	0.37	0.61	0.07	0.13	0.52	0.04	0.03	0.25	0.41	0.16	0.06	0.13	0.47	0.48	0.46	0.57	0.03	0.17	0.07	0.17	0.07	0.15	0.04	0.47	0.45	0.04	0.04	0.16	0.21	0.15	0.16	0.03	0.05	0.98	0.03	0.18	0.16	0.15	0.3	0.98	0.2	0.14	0.03	0.58	0.3	0.28	0.48	0.16	0.02	0.15	0.07	0.22	0.04	0.08	0.08	0.04	0.15	0.04	0.78	0.15	0.54	0.38	0.94	0.17	0.47	1.28
0.57	0.47	0.52	0.57	0.14	0.97	0.08	0.2	0.47	0.22	0.07	10.1	0.2	0.46	0.46	0.02	0.46	0.22	0.19	0.43	0.46	0.08	0	0.09	0.09	0.57	0.22	0.23	0.26	0.21	0.08	0.05	0.2	0.47	0.17	0.04	0.2	0.2	0.44	0.06	0.2	0.08	0.28	0.11	0.24	0.48	0.21	0.51	0.18	0.05	0.25	0.31	0.59	0.49	0.21	0.09	0.49	0.49	0.05	0.28	0.2	0.4	1	0.21	0.24	0.03	0.49	0.09	0.28	0.4	0.4	0.9	0.2	0.14	0.2	0.09	0.06	0.09	0.51	0.5	0.22	0.11	0.22	0.14	0.27	0.09	0.52	0.11	0.42	0.42	0.09	1.02	0.21	0.18	0.58	0.21	0.27	0.22	0.19
0.03	0.16	0.2	0.46	0.02	0.3	0.03	0.17	0.49	0.15	0.03	6.86	0.13	0.29	0.25	0.09	0.18	0.25	0.23	0.17	0.15	0.05	0.49	0	0.02	0.13	0.15	0.19	0.21	0.49	0.04	0.05	0.15	0.01	0.14	0.5	0.5	0.13	0.03	0.09	0.45	0.04	0.14	0.05	0.01	0.01	0.61	0.52	0.41	0.04	0.15	0.09	0.15	0.47	0.41	0.14	0.39	0.15	0.05	0.04	0.14	0.04	0.15	0.16	0.42	0.07	0.16	0.41	0.18	0.16	0.16	0.3	0.03	0.5	0.21	0.23	0.43	0.06	0.19	0.14	0.16	0.04	0.14	0.25	0.23	0.39	0.44	0.04	0.07	0.16	0.01	0.72	0.65	0.45	0.19	0.17	0.16	1.25	1.95
0.03	0.47	0.18	0.41	0.19	0.3	0.03	0.49	0.15	0.15	0.03	8	0.48	0.13	0.47	0.42	0.16	0.58	0.23	0.17	0.14	0.58	0.09	0.02	0	0.15	0.15	0.33	0.26	0.49	0.04	0.05	0.15	0.01	0.14	0.44	0.13	0.31	0.03	0.49	0.49	0.22	0.15	0.07	0.03	0.01	0.18	0.16	0.36	0.27	0.18	0.09	0.28	0.4	0.14	0.4	0.35	0.15	0.41	0.04	0.41	0.04	0.34	0.41	0.04	0.51	0.16	0.71	0.41	0.16	0.18	0.42	0.01	0.19	0.17	0.05	0.09	0.42	0.52	0.78	0.42	0.04	0.14	0.07	0.2	0.05	0.07	0.22	0.04	0.49	0.43	0.47	0.14	0.27	0.19	0.14	0.43	0.15	0.22
0.1	0.13	0.46	0.25	0.13	0.24	0.46	0.09	0.01	0.4	0.21	13.2	0.41	0.01	0.44	0.4	0.15	0.21	0.34	0.41	0.05	0.13	0.18	0.47	0.12	0	0.04	0.41	0.11	0.42	0.11	0.17	0.42	0.12	0.18	0.2	0.03	0.35	0.1	0.92	0.04	0.13	0.03	0.52	0.13	0.42	0.22	0.03	0.42	0.09	0.62	0.24	0.03	0.22	0.05	0.42	0.03	0.04	0.16	0.1	0.02	0.42	0.04	0.72	0.42	0.16	0.05	0.12	0.42	0.42	0.05	0.14	0.58	0.28	0.02	0.14	0.43	0.18	0.53	0.05	0.43	0.17	0.05	0.2	0.43	0.43	0.19	0.15	0.17	0.44	0.43	0.33	0.05	0.32	0.43	0	0.08	0.43	0.63
0.13	0.05	0.1	0.42	0.47	0.28	0.14	0.04	0.04	0.03	0.14	4.72	0.38	0.03	0.91	0.42	0.02	0.2	0.4	0.03	0.06	0.18	0.81	0.49	0.15	0.04	0	0.06	0.11	0.07	0.51	0.41	0.4	0.15	0.05	0.41	0.41	0.03	0.11	0.22	0.03	0.41	0.03	0.23	0.18	0.14	0.22	0.41	0.51	0.1	0.11	0.2	0.02	0.18	0.31	0.41	0.03	0.41	0.16	0.15	0.04	0.12	0.52	0.58	0.39	0.17	0.42	0.51	0.42	0.05	0.04	0.41	0.16	0.42	0.04	0.15	0.23	0.2	0.63	0.42	0.44	0.18	0.63	0.43	0.56	0.48	0.21	0.27	0.13	0.04	0.17	0.43	0.06	0.55	0.04	0.03	0.02	0.43	0.6
0.15	0.04	0.12	0.07	0.16	0.61	0.15	0.02	0.04	0.02	0.14	2.39	0.41	0.05	0.4	0.24	0.07	0.61	0.33	0.05	0.41	0.18	0.24	0.16	0.41	0.28	0.05	0	0.53	0.08	0.13	0.17	0.02	0.15	0.92	0.45	0.05	0.41	0.14	0.25	0.05	0.16	0.05	0.16	0.23	0.36	0.24	0.03	0.92	0.42	0.42	0.21	0.04	0.42	0.08	0.14	0.02	0.05	0.52	0.14	0.05	0.53	0.05	0.42	0.17	0.18	0.07	0.14	0.42	0.35	0.44	0.17	0.17	0.31	0.42	0.32	0.23	0.19	0.35	1.82	0.92	0.18	0.08	0.2	0.3	0.16	0.42	0.19	0.13	0.05	0.42	0.37	0.07	1.6	0.3	0.43	0.57	2.83	0.42
0.86	0.09	0.48	0.58	0.18	0.3	0.48	0.1	0.09	0.68	0.17	3.37	0.43	0.11	0.38	0.4	0.13	0.64	0.38	0.09	0.22	0.57	0.38	0.29	0.47	0.25	0.12	0.44	0	0.42	0.16	0.21	0.28	0.57	0.39	0.25	0.46	0.44	0.41	0.23	0.1	0.37	0.1	0.95	0.39	0.55	0.34	0.1	0.38	0.17	0.49	0.43	0.14	0.6	0.43	0.65	0.48	0.55	0.34	0.36	0.75	0.34	0.11	0.32	0.18	0.29	0.12	0.45	0.13	0.11	0.1	0.45	0.45	0.5	0.15	0.28	0.55	0.37	0.45	0.53	0.13	0.22	0.15	0.65	0.35	0.18	0.67	0.21	0.17	0.45	0.23	0.46	0.43	0.55	0.13	0.1	0.37	0.11	0.55
0.43	0.05	0.11	0.46	0.31	0.36	0.13	0.15	0.04	0.06	0.38	3.47	0.01	0.06	0.35	0.21	0.46	0.6	0.35	0.04	0.1	0.16	0.77	0.14	0.47	0.38	0.07	0.43	0.97	0	0.47	0.18	0.06	0.14	0.09	0.19	0.03	0.3	0.51	0.48	0.06	0.13	0.48	0.12	0.15	0.13	0.23	0.17	0.33	0.3	0.13	0.49	0.04	0.35	0	0.12	0.06	0.05	0.19	0.8	0.05	0.84	0.41	0.23	0.15	0.19	0.08	0.13	0.08	0.07	0.4	0.15	0.13	0.29	0.13	0.13	0.16	0.41	1.09	0.01	0.04	0.16	0	0.19	0.29	0.51	0.42	0.41	0.92	0.42	0.14	0.68	0.01	0.35	0.08	0.42	0.42	0.42	0.57
0.02	0.28	0.49	0.49	0.1	0.41	0.02	0.13	0.49	0.18	0.02	3.46	0.41	0.11	0.22	0.08	0.62	0.26	0.22	0.21	0.13	0.04	0.08	0.42	0.31	0.12	0.36	0.14	0.17	0.72	0	0.05	0.11	0.35	0.38	0.36	0.11	0.21	0.01	0.43	0.1	0.03	0.38	0.02	0.13	0.43	0.15	0.28	0.22	0.05	0.43	0.43	0.09	0.06	0.32	0.01	0.32	0.1	0.04	0.74	0.44	0.85	0.14	0.15	0.04	0.08	0.44	0.34	0.13	0.12	0.13	0.25	0.44	0.18	0.32	0.03	0.04	0.44	0.22	0.44	0.11	0.04	0.13	0.08	0.33	0.03	0.08	0.07	0	0.21	0.03	0.95	0.45	1.09	0.3	0.35	0.45	0.15	0.23
0.04	0.16	0.23	0.51	0.1	0.42	0.04	0.18	0.18	0.15	0.03	5.95	0.42	0.43	0.44	0.25	0.38	0.94	0.43	0.15	0.44	0.04	0.06	0.05	0.05	0.38	0.44	0.19	0.95	0.23	0.04	0	0.48	0.1	0.15	0.21	0.17	0.45	0.05	0.17	0.18	0.08	0.17	0.46	0.44	0.1	0.18	0.17	0.47	0.05	0.2	0.04	0.17	0.06	0.57	0.05	0.17	0.17	0	0.06	0.15	0.05	0.46	0.49	0.93	0.03	0.19	0.06	0.23	0.49	0.16	0.09	0.12	0.23	0.16	0.13	0.4	0.06	0.5	0.19	0.5	0.4	0.16	0.2	0.92	0.42	0.05	0.44	0.41	0.18	0.08	0.15	0.19	0.19	0.18	0.55	0.42	0.15	0.3
0.73	0.02	0.43	0.05	0.15	0.24	0.14	0.37	0.02	0.02	0.14	4.37	0.05	0.03	0.37	0.59	0.05	0.97	0.31	0.03	0.06	0.15	0.48	0.16	0.15	0.43	0.04	0.02	0.13	0.06	0.11	0.16	0	0.36	0.05	0.19	0.03	0.05	0.11	0.21	0.42	0.12	0.03	0.22	0.52	0.18	0.22	0.01	0.35	0.11	0.04	0.19	0.02	0.28	0.21	0.12	0.01	0.03	0.18	0.49	0.04	0.2	0.04	0.22	0.18	0.26	0.05	0.14	0.49	0.01	0.04	0.23	0.15	1.09	0.04	0.12	0.23	0.19	0.7	0.05	0.06	0.7	0.06	0.2	0.28	0.14	0.21	0.16	0.12	0.4	0.39	0.32	0.5	0.65	0.1	0.03	0.4	0.12	0.5
0.02	0.13	0.16	0.8	0	0.29	0.02	0.43	0.11	0.13	0.1	9.78	0.12	0.64	0.46	0.13	0.15	0.23	0.45	0.9	0.15	0.3	0.51	0.01	0.01	0.56	0.15	0.5	0.47	0.13	0.09	0.47	0.13	0	0.12	0.47	0.12	0.47	0.09	0.09	0.47	0.08	0.15	0.47	0.02	0	0.13	0.77	0.2	0.02	0.57	0.13	0.33	0.47	0.47	0.02	0.21	0.14	0.12	0.07	0.52	0.43	0.48	0.47	0.06	0.06	0.15	0.02	0.15	0.16	0.48	0.1	0	0.18	0.31	0.48	0.48	0.05	0.57	0.13	0.48	0.29	0.22	0.05	0.19	0.48	0.06	0.03	0.09	0.13	0.01	0.48	0.13	0.22	0.15	0.13	0.48	0.14	0.58
0.14	0.39	0.26	0.08	0.13	0.47	0.1	0.45	0.09	0.98	0.47	4.77	0.07	0.04	0.35	0.19	0.06	0.46	0.34	0.19	0.01	0.56	0.17	0.14	0.42	0.04	0.86	0.05	0.12	0.13	0.11	0.16	0.05	0.12	0	0.17	0.04	0.04	0.46	0.16	0.04	0.13	0.03	0.13	0.45	0.14	0.26	0.45	0.33	0.45	0.04	0.45	0.03	0.52	0.08	0.13	0.05	0.11	0.14	0.26	0.05	0.53	0.45	0.26	0.54	0.19	0.45	0.11	0.06	0.06	0.04	0.46	0.21	0.29	0.05	0.55	0.17	0.18	0.95	0.13	0.45	0.15	0.08	0.18	0.33	0.22	0.17	0.15	0.44	0.06	0.15	0.61	0.07	0.32	0.44	0.44	0.07	0.05	1.04
0.08	0.59	0.21	0.21	0.06	0.27	0.07	0.37	0.45	0.55	0.08	3.08	0.18	0.2	0.18	0.41	0.21	0.18	0.17	0.2	0.41	0.33	0.04	0.47	0.07	0.52	0.2	0.46	0.38	0.42	0.08	0.4	0.19	0.23	0.57	0.01	0.41	0.51	0.15	0.09	0.4	0.17	0.91	0.41	0.09	0.43	0.41	0.21	0.15	0.42	0.29	0.04	0.39	0.25	0.48	0.08	0.57	0.19	0.04	0.09	0.42	0.62	0.42	0.19	0.05	0.01	0.55	0.36	0.24	0.21	0.19	0.1	0.42	0.1	0.19	0.1	0.09	0.02	0.13	0.27	0.2	0.05	0.42	0	1.42	0.1	0.01	0.42	0.08	0.19	0.08	0.41	0.62	0.96	0.63	0.2	0.22	0.43	0.27
0.43	0.02	0.08	0.16	0.12	0.24	0.43	0.28	0.01	0.03	0.16	5.51	0.02	0.03	0.36	0.35	0.05	0.47	0.23	0.01	0.06	0.15	0.2	0.92	0.14	0.08	0.04	0.05	0.45	0.04	0.11	0.2	0.06	0.12	0.04	0.19	0.01	0.59	0.2	0.49	0.02	0.1	0.28	0.26	0.16	0.14	0.2	0.04	0.32	0.48	0.22	0.17	0.01	0.49	0.03	0.24	0.03	0.02	0.15	0.08	0.23	0.23	0.03	0.19	0.41	0.14	0.38	1.01	0.05	0.04	0.02	0.4	0.33	0.29	0.12	0.11	0.21	0.4	0.31	0.03	0.03	0.4	0.03	0.19	0.25	0.11	0.47	0.48	0.08	0.4	0.14	0.37	0.12	0.91	0.05	0.02	0.04	0.02	0.18
0.97	0.36	0.48	0.04	0.98	0.23	0.98	0.04	0.02	0.03	0.51	7.59	0.03	0.29	0.46	0.46	0.04	0.51	0.97	0.01	0.97	0.47	0.47	0.47	0.15	0.57	0.03	0.05	0.1	0.04	0.1	0.16	0.03	0.47	0.04	0.19	0.01	0.02	0.48	0.58	0.02	0.1	0.02	0.46	0.98	0.58	0.49	0.04	0.48	0.48	0.48	0.18	0.01	0.15	0.14	0.44	0.03	0.01	0.48	0.1	0.02	0.48	0.03	0.48	0.49	0.49	0.04	0.12	0.05	0.04	0.01	0.49	0.49	0.29	0.41	0.49	0.6	0.48	0.4	0.41	0.41	0.18	0.43	0.41	0.25	0.1	0.91	0.18	0.91	0.41	0.41	0.41	0.91	0.41	0.04	0.41	0.41	0.41	1.22
0.01	0.46	0.15	0.22	0.04	0.3	0.2	0.11	0.1	0.1	0.01	4.43	0.27	0.1	1.12	0.11	0.15	0.37	0.49	0.43	0.14	0.49	0.49	0.07	0.03	0.12	0.13	0.42	0.17	0.12	0.01	0.05	0.11	0.23	0.51	0.08	0.21	0.25	0	0.05	0.1	0.03	0.5	0	0.43	0.02	0.15	0.11	0.54	0.01	0.11	0.09	0.44	0.12	0.11	0	0.11	0.09	0.45	0.01	0.09	0.36	0.45	0.14	0.36	0.32	0.12	0.46	0.14	0.12	0.1	0.27	0.03	0.46	0.1	0.03	0.05	0.08	0.2	0.11	0.1	0.08	0.34	0.2	0.17	0.04	0.48	0.19	0.01	0.13	0.03	0.58	0.15	0.41	0.51	0.47	0.78	0.12	0.23
0.54	0.21	0.45	0.25	0.09	0.32	0.39	0.42	0.21	0.75	0.03	6.49	0.98	0.56	0.27	0.11	0.25	1.01	0.24	0.49	0.18	0.03	0.06	0.09	0.1	0.7	0.25	0.41	0.23	0.25	0.35	0.11	0.4	0.09	0.16	0.09	0.21	0.41	1.07	0	0.23	0.26	0.21	0.13	0.41	0.09	0.84	0.24	0.3	0.04	0.26	0.41	0.22	0.07	0.16	0.05	0.21	0.22	0.04	0.04	0.42	0.07	0.22	0.24	0.01	0.05	0.24	0.37	0.25	0.22	0.53	0.09	0.09	0.2	0.21	0.04	0.45	0.38	0.3	0.15	0.32	0.46	0.67	0.09	0.5	0.03	0.09	0.47	0.04	0.21	0.09	0.28	0.48	0.22	0.25	0.22	0.32	0.48	1.09
0.12	0.14	0.09	0.05	0.15	0.43	0.46	0.03	0.03	0.03	0.14	2.88	0.45	0.04	0.38	0.55	0.05	0.19	0.26	0.03	0.06	0.45	0.91	0.15	0.17	0.04	0.28	0.16	0.1	0.96	0.46	0.18	0.03	0.42	0.04	0.86	0.31	0.82	0.1	0.23	0	0.12	0.38	0.12	0.15	0.46	0.56	0.04	0.46	0.26	0.02	0.18	0.01	0.19	0.05	0.18	0.47	0.01	0.17	0.1	0.04	0.67	0.03	0.21	0.54	0.16	0.04	0.47	0.05	0.04	0.03	0.47	0.14	0.52	0.03	0.12	0.23	0.18	0.48	0.04	0.05	0.15	0.05	0.49	0.27	0.12	0.32	0.49	0.41	0.03	0.49	0.3	0.05	0.55	0.43	0.18	0.05	0.01	0.35
0.54	0.11	0.15	0.45	0.09	0.61	0.03	0.12	0.11	0.13	0.02	9.77	0.5	0.12	0.23	0.06	0.15	0.4	0.22	0.11	0.16	0.02	0.08	0.04	0.13	0.51	0.12	0.14	0.16	0.13	0.03	0.07	0.19	0.42	0.13	0.17	0.4	0.11	0.42	0.03	0.72	0	0.11	0.42	0.79	0.47	0.2	0.13	0.43	0.01	0.67	0.08	0.12	0.08	0.27	0.75	0.35	0.1	0.12	0.46	0.11	0.96	0.46	0.2	0.02	0.23	0.13	0.03	0.4	0.42	0.12	0.04	0.08	0.56	0.12	0.01	0.03	0.22	0.21	0.12	0.14	0.02	0.35	0.32	0.96	0.01	0.09	0.08	0.04	0.11	0.04	0.46	0.24	0.44	0.14	0.42	0.46	0.46	0.55
0.52	0.24	0.09	0.15	0.35	0.23	0.12	0.03	0.42	0.02	0.52	0.47	0.04	0.04	0.38	0.32	0.04	0.31	0.25	0.03	0.06	0.14	0.52	0.39	0.45	0.03	0.39	0.07	0.25	0.45	0.1	0.48	0.03	0.48	0.03	0.22	0.02	0.03	0.11	0.48	0.29	0.12	0	0.14	0.53	0.15	0.2	0.12	0.33	0.1	0.06	0.23	0	0.48	0.05	0.1	0.03	0.01	0.16	0.13	0.03	0.99	0.03	0.21	0.47	0.48	0.07	0.12	0.36	0.03	0.05	0.14	0.48	0.3	0.03	0.13	0.23	0.32	0.79	0.04	0.07	0.48	0.05	0.21	0.29	0.12	0.2	0.53	0.1	0.03	0.13	0.44	0.4	0.34	0.08	0.03	0.04	0.01	0.19
0.03	0.17	0.15	0.54	0.05	0.71	0.03	0.99	0.14	0.49	0.03	0.64	0.1	0.17	0.28	0.12	0.47	0.28	0.54	0.39	0.14	0.06	0.28	0.05	0.06	0.26	0.2	0.21	0.5	0.11	0.19	0.47	0.4	0.04	0.12	0.1	0.11	0.34	0	0.48	0.41	0.05	0.14	0	0.41	0.05	0.17	0.17	0.25	0.03	0.47	0.1	0.13	0.06	0.12	0.82	0.4	0.13	0.27	0.01	0.13	0.8	0.5	0.18	0.3	0.07	0.42	0.03	0.42	0.17	0.42	0.41	0.05	0.2	0.49	0.04	0.12	0.09	0.92	0.1	0.16	0.11	0.11	0.45	1.08	0.04	0.1	0.43	0.38	0.13	0.05	0.21	0.43	0.44	0.16	0.13	0.43	0.13	0.43
0.03	0.46	0.17	0.47	0.02	0.46	0.03	0.49	0.13	0.46	0.05	3.12	0.14	0.51	0.41	0.81	0.5	0.47	1.71	0.63	0.51	0.05	0.09	0.41	0.03	0.41	1	0.5	0.23	0.29	0.04	0.49	0.23	0.01	0.14	0.5	0.49	0.6	0.49	0.49	0.59	0.04	0.49	0.06	0.01	0.02	0.98	0.15	0.22	0.05	0.48	0.48	0.17	0.48	0.47	0.04	0.47	0.16	0.06	0.04	0.48	0.04	0.47	0.47	0.05	0.98	0.16	0.03	0.18	0.17	0.47	0	0.48	0.48	0.27	0.05	0.1	0.49	1	0.14	0.15	1	0.15	0.08	0.19	0.05	0.49	0.04	0.04	0.5	0.02	0.72	0.14	0.51	0.42	0.49	0.5	0.14	0.49
0.02	0.53	0.56	0.52	0.02	0.49	0.02	0.17	0.49	0.13	0.09	2.46	0.49	1.06	0.27	0.24	0.46	0.65	0.22	0.16	0.45	0.5	0.66	0.56	0.02	0.11	0.14	0.46	0.46	0.14	0.09	0.09	0.13	0.03	0.14	0.06	0.14	0.15	0.02	0.19	0.16	0.08	0.47	0.21	0.02	0	0.23	0.42	0.5	0.25	0.17	0.48	0.15	0.08	0.98	0.02	0.14	0.14	0.11	0.1	0.98	0.07	0.31	0.13	0.37	0.06	0.48	0.03	0.15	0.16	0.48	0.01	0	0.36	0.99	0.49	0.43	0.47	0.43	0.14	0.43	0.09	0.17	0.23	0.22	0.43	0.06	0.11	0.43	0.13	0.02	0.28	0.13	0.63	0.19	0.93	0.43	0.21	0.32
0.15	0.2	0.68	0.32	0.15	0.47	0.15	0.57	0.47	0.22	0.15	8.91	0.21	0.48	0.58	0.48	0.23	0.68	0.35	0.49	0.28	1.09	0.49	0.39	0.14	0.22	0.51	0.24	0.79	0.23	0.15	0.49	0.22	0.13	0.5	0.39	0.49	0.19	0.49	0.23	0.2	0.2	0.2	0.57	0.27	0.9	0	0.62	0.33	0.23	0.6	0.27	0.41	0.61	0.22	0.15	0.22	0.2	0.39	0.16	0.21	0.3	0.41	0.01	0.18	0.41	0.23	0.15	0.24	0.42	0.92	0.42	0.15	0.36	0.46	0.22	0.42	0.44	0.72	0.72	0.42	0.21	0.22	0.2	0.92	1.01	0.19	0.43	0.17	0.21	0.16	0.93	0.22	0.73	0.93	0.6	0.42	0.43	0.54
0.2	0.02	0.09	0.12	0.47	0.25	0.32	0.4	0.02	0.03	0.41	7.49	0.61	0.41	0.54	0.52	0.05	0.21	0.3	0.3	0.66	0.8	0.46	0.47	0.63	0.93	0.15	0.26	0.1	0.07	0.13	0.36	0.31	0.56	0.05	0.7	0.09	0.21	0.12	0.23	0.04	0.12	0.45	0.17	0.56	0.15	0.36	0	0.36	0.25	0.05	0.21	0.03	0.16	0.06	0.13	0.02	0.03	0.47	0.13	0.04	0.12	0.04	0.75	0.17	0.57	0.48	0.54	0.48	0.86	0.51	0.49	0.15	0.68	0.04	0.14	0.49	0.48	0.32	0.05	0.05	0.22	0.06	0.53	0.28	0.4	0.5	0.16	0.12	0.03	0.16	0.31	0.06	0.41	0.05	0.41	0.1	0.04	0.51
0.47	0.34	0.36	0.35	0.45	0.7	0.31	0.66	0.33	0.45	0.45	0.71	0.32	0.42	0.06	0.17	0.37	0.32	0.46	0.34	0.37	0.22	0.5	0.42	0.21	0.35	0.37	0.62	0.64	0.34	0.42	0.52	0.37	0.35	0.95	0.15	0.52	0.34	0.52	0.24	0.34	0.23	0.35	0.42	0.48	0.2	0.35	0.45	0	0.22	0.32	0.18	0.42	0.38	0.33	0.23	0.42	0.71	0.36	0.23	0.33	0.51	0.62	0.42	0.19	0.15	0.35	0.22	0.42	0.46	0.52	0.21	0.62	0.25	0.42	0.25	0.24	0.2	0.37	0.42	0.52	0.19	0.42	0.29	0.39	0.24	0.15	0.42	0.23	0.33	0.56	0.26	0.42	0.29	0.38	0.34	0.35	0.92	0.59
0.59	0.09	0.47	0.23	0.04	0.38	0.02	0.48	0.18	0.11	0.24	0.36	0.51	0.21	0.47	0.49	0.12	0.24	0.23	0.08	0.13	0.03	0.05	0.04	0.04	0.48	0.1	0.12	0.16	0.19	0.07	0.2	0.11	0.02	0.67	0.07	0.12	0.48	0.06	0.04	0.48	0.01	0.1	0.22	0.04	0.03	0.49	0.12	0.22	0	0.69	0.08	0.09	0.04	0.19	0.01	0.48	0.09	0.06	0.43	0.11	0.3	0.1	0.15	0.4	0.46	0.12	0.28	0.13	0.12	0.1	0.1	0.19	0.2	0.4	0.8	0.18	0.08	0.2	0.48	0.12	0.11	0.41	0.33	0.71	0.01	0.09	0.08	0	0.41	0.04	0.17	0.49	1.22	0.94	0.98	0.33	0.12	0.28
0.37	0.97	0.38	0.47	0.15	0.47	0.55	0.2	0.03	1.37	0.44	3.74	0.03	0.04	0.89	0.49	0.49	0.49	0.58	0.06	0.1	0.48	0.47	0.47	0.48	0.48	0.04	0.06	0.1	0.04	0.09	0.16	0.31	0.46	0.12	0.18	0.01	0.66	0.08	0.31	0.02	0.46	0.03	0.43	0.14	0.43	0.39	0.44	0.52	0.42	0.43	0.49	0.02	0.16	0.14	0.45	0.04	0.02	0.47	0.1	0.42	0.09	0.04	0.2	0.14	0.17	0.1	0.49	0.16	0.41	0.02	0.22	0.14	0.27	0.07	0.1	0.99	0.23	0.45	0.09	0.04	0.49	0.59	0.54	0.48	0.44	0.43	0.42	0.41	0.02	0.92	0.29	0.06	0.65	0.45	0.45	0.18	0.44	0.52
0.34	0.19	0.23	0.23	0.11	0.25	0.52	0.2	0.22	0.46	0.42	2.37	0.46	0.47	0.33	0.67	0.21	0.35	0.17	0.19	0.97	0.47	0.01	0.34	0.09	0.18	0.48	0.25	0.47	0.21	0.08	0.03	0.48	0.14	0.49	0.41	0.17	0.49	0.09	0.05	0.2	0.08	0.59	0.1	0.1	0.15	0.49	0.61	0.18	0.07	1	0	0.17	0.13	0.21	0.9	0.19	0.18	0.07	0.41	0.18	0.37	0.21	0.21	0.05	0.41	0.41	0.08	0.28	0.21	0.21	0.25	0.13	0.15	0.44	0.09	0.05	0.05	0.56	0.77	0.21	0.05	0.45	0.43	0.27	0.31	0.04	0.45	0.08	0.39	0.42	0.16	0.55	0.31	0.21	0.74	0.6	0.35	1.96
0.44	0.01	0.09	0.43	0.15	0.36	0.11	0.02	0.02	0.21	0.13	13.4	0.05	0.03	1	0.22	0.04	0.18	0.25	0.01	0.23	0.44	0.5	0.13	0.15	0.08	0.02	0.04	0.09	0.13	0.1	0.16	0.02	0.23	0.03	0.21	0.01	0.01	0.1	0.22	0.18	0.11	0	0.49	0.17	0.19	1	0.43	0.34	0.09	0.41	0.17	0	0.31	0.04	0.1	0.02	0.01	0.5	0.11	0.03	0.35	0.02	0.2	0.14	0.15	0.38	0.28	0.04	0.03	0.02	0.14	0.12	0.26	0.02	0.11	0.45	0.19	0.31	0.24	0.04	0.14	0.51	0.19	0.33	0.1	0.2	0.51	0.13	0.56	0.16	0.92	0.19	0.35	0.04	0.1	0.82	0.01	0.26
0.41	0.18	0.21	0.47	0.09	0.36	0.34	0.39	0.19	0.16	0.08	10.2	0.2	0.18	0.25	0.4	0.44	0.27	0.23	0.59	0.18	0.27	0.45	0.09	0.41	0.18	0.16	0.2	0.33	0.37	0.06	0.06	0.17	0.08	0.17	0.09	0.46	0.76	0.05	0.08	0.17	0.1	0.49	0.12	0.08	0.4	0.18	0.17	0.25	0.05	0.19	0.11	0.17	0	0.2	0.3	0.36	0.15	0.72	0.07	0.18	0.28	0.47	0.19	0.48	0.1	0.19	0.06	0.18	0.23	0.16	0.36	0.09	0.23	0.42	0.08	0.06	0.26	0.25	0.21	0.45	0.45	0.26	0.48	0.52	0.08	0.12	0.08	0.08	0.48	0.07	0.46	0.17	0.34	0.22	0.17	0.2	0.74	0.49
0.12	0.05	0.1	0.46	0.13	0.27	0.46	0.06	0.04	0.06	0.49	9.07	0.01	0.42	0.35	0.21	0.08	0.52	0.51	0.43	0.26	0.42	0.21	0.14	0.41	0.05	0.06	0.07	0.67	0.11	0.12	0.72	0.06	0.13	0.42	0.42	0.03	0.32	0.12	0.16	0.72	0.46	0.06	0.11	0.15	0.25	0.42	0.06	0.34	0.19	0.11	0.43	0.04	0.42	0	0.12	0.42	0.52	0.16	0.42	0.04	0.85	0.12	0.22	0.15	0.18	0.43	0.14	0.08	0.07	0.05	0.15	0.14	0.43	0.04	0.14	0.43	0.18	0.31	0.43	0.03	0.43	0	0.18	0.43	0.13	0.19	0.19	0.43	0.04	0.43	0.31	0.01	0.49	0.43	0.05	0.08	0.43	0.53
0.46	0.24	0.14	0.96	0.17	0.66	0.01	0.12	0.09	0.52	0.22	0.21	0.11	0.13	0.26	0.48	0.14	0.25	0.24	0.48	0.13	0.59	0.09	0.03	0.04	0.1	0.13	0.14	0.17	0.45	0.01	0.28	0.49	0.02	0.64	0.08	0.84	0.36	0.16	0.05	0.5	0.32	0.13	0.02	0.11	0.4	0.44	0.33	0.9	0.01	0.5	0.09	0.12	0.07	0.12	0.4	0.13	0.22	0.6	0.4	0.12	0.28	0.11	0.15	0.39	1.55	0.14	0.19	0.14	0.14	0.1	0.4	0.02	0.18	0.51	0.41	0.19	0.1	0.21	0.11	0.12	0.42	0.12	0.42	0.21	0.29	0.08	0.08	0.01	0.09	0.18	0.19	0.11	0.62	0.36	0.13	0.52	0.11	1.28
0.15	0.02	0.1	0.1	0.13	0.49	0.13	0	0.19	0.35	0.49	10.7	0.05	0.15	0.86	0.87	0.05	0.2	0.29	0.03	0.06	0.15	0.47	0.47	0.57	0.03	0.03	0.35	0.1	0.3	0.11	0.17	0.01	0.47	0.05	0.21	0.04	0.16	0.67	0.22	0.03	0.48	0.05	0.16	0.48	0.14	0.62	0.01	0.73	0.11	0.29	0.2	0.02	0.2	0.06	0.12	0	0.03	0.2	0.11	0.03	0.92	0.03	0.5	0.17	0.87	0.49	0.12	0.05	0.02	0.04	0.53	0.49	0.28	0.03	0.13	0.22	0.91	0.39	0.05	0.05	0.49	0.23	0.49	0.28	0.12	0.2	0.16	0.12	0.03	0.29	0.3	0.05	0.35	0.45	0.02	0.05	0.49	0.52
0.11	0.02	0.09	0.41	0.14	0.51	0.11	0.03	0.03	0.18	0.13	0.72	0.04	0.44	0.36	0.21	0.04	0.18	0.33	0.02	0.06	0.15	0.38	0.45	0.15	0.03	0.03	0.05	0.31	0.31	0.45	0.18	0.03	0.92	0.04	0.46	0.2	0.01	0.1	0.22	0.01	0.11	0.03	0.28	0.14	0.13	0.47	0.46	0.46	0.09	0.22	0.42	0.01	0.16	0.05	0.36	0.03	0	0.46	0.1	0.03	0.67	0.03	0.2	0.47	0.16	0.04	0.13	0.05	0.04	0.23	0.14	0.14	0.27	0.03	0.47	0.55	0.87	0.57	0.04	0.04	0.47	0.14	0.6	0.26	0.32	0.47	0.19	0.3	0.03	0.47	0.59	0.16	0.71	0.42	0.02	0.04	0.01	0.35
0.04	0.3	0.48	0.19	0.1	0.29	0.04	0.16	0.14	0.39	0.04	9.67	0.19	0.46	0.49	0.46	0.22	0.21	0.56	0.17	0.15	0.04	0.05	0.05	0.05	0.15	0.97	0.59	0.57	0.16	0.47	0	0.17	1.48	0.15	0.47	0.24	0.15	0.05	0.04	0.17	0.48	0.2	0.07	0.14	0.4	0.17	0.17	0.49	0.05	0.16	0.6	0.16	0.09	0.17	0.05	0.17	0.31	0	0.05	0.27	0.07	0.18	0.17	0.04	0.02	0.92	0.04	0.42	0.17	0.16	0.16	0.15	0.13	0.43	0.08	0.04	0.21	0.43	0.15	0.17	0.06	0.56	0.03	0.23	0.08	0.03	0.09	0.43	0.16	0.44	0.23	0.16	0.57	0.64	0.44	0.19	0.17	0.47
0.19	0.45	0.2	0.44	0.1	0.32	0.23	0.13	0.48	0.13	0.03	6.72	0.4	0.48	0.23	0.08	0.4	0.56	0.23	0.21	0.13	0.04	0.38	0.4	0.28	0.12	0.12	0.33	0.18	0.43	0.29	0.48	0.12	0.42	0.12	0.09	0.1	0.09	0.01	0.43	0.11	0.04	0.43	0.01	0.36	0.14	0.16	0.12	0.23	0.01	0.43	0.28	0.11	0.09	0.12	0.01	0.13	0.46	0.07	0	0.12	0.31	0.12	0.16	0.04	0.27	0.13	0.02	0.14	0.46	0.09	0.04	0.35	0.2	0.11	0.38	0.04	0.41	0.48	0.35	0.11	0.04	0.12	0.09	0.58	0.03	0.09	0.08	0.01	0.11	0.29	0.55	0.12	0.93	0.43	0.12	0.14	0.21	0.41
0.23	0.12	0.09	0.43	0.12	0.24	0.28	0.03	0.02	0.08	0.12	9.08	0.04	0.01	0.37	0.73	0.05	0.2	0.34	0.03	0.44	0.16	0.19	0.14	0.13	0.37	0.04	0.05	0.1	0.05	0.11	0.14	0.03	0.31	0.05	0.55	0.02	0.06	0.12	0.21	0.39	0.1	0.03	0.11	0.13	0.13	0.21	0.21	0.34	0.1	0.06	0.19	0.03	0.19	0.23	0.11	0.03	0.03	1.66	0.1	0	0.11	0.04	0.21	0.15	0.19	0.36	0.17	0.68	0.04	0.04	0.13	0.27	0.64	0.24	0.11	0.2	0.36	0.31	0.04	0.25	0.16	0.04	0.17	0.27	0.11	0.19	0.51	0.11	0.02	0.26	0.29	0.08	0.62	0.07	0.11	0.12	0.41	1.92
0.93	0.47	0.41	0.51	0.91	0.42	1.42	0.11	0.91	2.79	0.41	1.89	0.98	0.48	0.98	0.98	0.98	0.49	0.48	0.47	0.47	1.47	0.47	0.04	0.04	0.47	0.47	0.47	0.96	0.47	0.01	0.06	0.46	0.02	0.42	0.45	0.46	0.18	0	0.95	0.45	0.45	0.45	0.95	0.45	0.03	0.45	0.45	0.23	0.01	0.45	0.45	0.95	0.07	0.44	0.01	1.44	0.44	0.44	0.43	0.43	0.01	0.43	0.42	0.93	0.42	0.53	0.02	0.92	0.12	0.92	0.41	0.42	0.91	0.92	0.41	0.41	0.07	1.82	0.91	0.42	0.41	0.41	0.29	0.41	0.91	0.41	0.4	0.42	0.4	0.06	0.49	0.69	0.99	0.49	0.49	0.99	0.98	0.58
0.14	0.03	0.29	0.02	0.14	0.54	0.5	0.03	0.03	0.83	0.14	2.39	0.06	0.03	0.37	0.28	0.02	0.48	0.28	0.03	0.45	0.27	0.22	0.48	0.16	0.03	0	0.06	0.17	0.07	0.34	0.45	0.04	0.15	0.05	0.22	0.04	0.24	0.13	0.22	0.03	0.13	0.12	0.4	0.55	0.14	0.49	0.04	0.35	0.1	0.49	0.21	0.03	0.44	0.06	0.11	0.04	0.03	0.67	0.12	0.39	0.13	0	0.22	0.47	0.17	0.02	0.15	0.02	0.32	0.91	0.16	0.36	0.64	0.04	0.35	0.23	0.41	0.85	0.06	0.29	0.51	0.06	0.32	0.28	0.25	0.22	0.16	0.45	0.91	0.37	0.7	0.06	0.54	0.22	0.41	0.02	0.03	0.21
0.15	0.52	0.3	0.23	0.13	0.42	0.48	0.48	0.48	0.22	0.23	14.2	0.46	0.91	0.7	0.21	0.41	0.36	0.35	0.19	0.27	0.16	0.21	0.15	0.14	0.5	0.22	0.41	0.51	0.23	0.47	0.17	0.22	0.13	0.24	0.19	0.19	0.19	0.14	0.21	0.21	0.2	0.23	0.17	0.15	0.12	0.01	0.22	0.33	0.15	0.2	1.35	0.43	0.26	0.56	0.15	0.22	0.2	0.55	0.16	0.21	0.16	0.22	0	0.18	0.43	0.23	0.43	0.73	0.23	0.2	0.14	0.13	0.44	0.21	0.22	0.21	0.47	0.31	0.31	0.44	0.24	0.44	0.18	0.43	0.44	0.19	0.18	0.16	0.21	0.12	0.3	0.22	0.42	0.23	0.2	0.42	0.85	0.34
0.04	0.49	0.19	0.17	0.44	0.44	0.03	0.15	0.45	0.15	0.03	3.57	0.15	0.13	0.19	0.46	0.17	0.26	0.2	0.47	0.17	0.03	0.18	0.04	0.04	0.15	0.17	0.22	0.34	0.42	0.04	0.28	0.16	0.06	0.15	0.43	0.14	0.98	0.04	0.01	0.16	0.02	0.3	0.06	0.45	0.48	0.18	0.38	0.19	0.04	0.25	0.05	0.34	0.06	0.55	0.57	0.23	0.16	0.09	0.04	0.14	0.56	0.23	0.49	0	0.09	0.18	0.03	0.49	0.49	0.47	0.04	0.09	0.19	0.45	0.03	0.19	0.09	0.4	0.15	0.14	0	0.15	0.25	0.4	0.09	0.4	0.06	0.04	0.41	0.04	0.17	0.44	0.2	0.18	0.14	0.18	0.51	0.2
0.13	0.49	0.21	0.19	0.06	0.22	0.07	0.16	0.49	0.15	0.08	2.93	0.17	0.51	0.45	0.01	0.18	0.49	0.43	0.85	0.45	0.05	0.04	0.35	0.13	0.16	0.17	0.18	0.25	0.45	0.16	0.21	0.56	0.06	0.18	0.01	0.14	0.15	0.76	0.05	0.16	0.08	0.46	0.07	0.07	0.06	0.2	0.16	0.15	0.46	0.88	0.03	0.52	0.46	0.25	0.07	0.16	0.2	0.66	0.46	0.16	1.46	0.17	0.46	0.05	0	0.48	0.08	0.56	0.56	0.15	0.16	0.07	0.39	0.16	0.46	0.05	0.02	0.16	0.25	0.17	0.38	0.36	0.01	0.16	0.07	0.25	0.46	0.08	0.53	0.07	0.1	0.76	0.14	0.19	0.27	0.2	0.18	0.56
0.16	0.04	0.11	0.03	0.16	0.21	0.16	0.05	0.05	0.05	0.14	0.51	0.07	0.51	0.4	0.28	0.1	0.22	0.31	0.1	0.41	0.17	0.58	0.34	0.17	0.05	0.01	0.24	0.12	0.41	0.15	0.19	0.05	0.62	0.06	0.21	0.04	0.71	0.22	0.62	0.17	0.34	0.06	0.42	0.18	0.16	0.37	0.05	0.36	0.42	0.25	0.44	0.03	0.19	0.08	0.42	0.42	0.04	0.19	0.13	0.05	0.55	0.02	0.23	0.19	0.18	0	0.42	0.09	0.06	0.24	0.82	0.16	0.3	0.05	0.17	0.25	0.28	0.32	0.07	0.06	0.19	0.07	0.21	0.41	0.42	0.21	0.52	0.14	0.14	0.62	0.42	0.07	0.62	0.03	0.19	0.04	0.04	0.22
0	0.12	0.46	0.14	0.02	0.31	0	0.42	0.1	0.12	0.01	2.17	0.47	0.12	0.25	0.47	0.97	0.25	0.24	0.12	0.15	0.04	0.47	0.03	0.27	0.97	0.13	0.51	0.31	0.39	0.1	0.05	0.48	0.02	0.11	0.09	0.1	0.12	0.01	0.1	0.24	0.58	0.12	0.03	0.03	0.02	0.48	0.13	0.58	0.02	0.13	0.08	0.11	0.43	0.13	0.02	0.31	0.11	0.05	0.02	0.49	0.43	0.14	0.15	0.03	0.07	0.17	0	0.49	0.16	0.12	0.03	0.5	0.19	0.11	0.4	0.1	0.34	0.2	0.11	0.5	0.07	0.4	0.46	0.21	0.04	0.27	0.05	0.02	0.41	0.02	0.19	0.12	0.23	0.41	1.03	0.51	0.11	0.41
0.17	0.4	0.12	0.27	0.17	0.22	0.41	0.06	0.05	0.51	0.15	1	0.07	0.05	0.7	0.51	0.03	0.22	0.31	0.05	0.11	0.42	0.52	0.17	0.16	0.42	0.2	0.07	0.12	0.43	0.13	0.25	0.05	0.15	0.12	0.23	0.05	0.05	0.45	0.25	0.45	0.15	0.13	0.46	0.18	0.17	0.4	0.31	1.07	0.14	0.06	0.23	0.04	0.19	0.08	0.47	0.05	0.39	0.58	0.16	0.06	0.48	0.03	0.24	0.48	0.18	0.01	0.24	0	0.06	0.06	0.5	0.15	0.29	0.7	0.4	0.4	0.45	0.32	0.07	0.07	0.22	0.41	0.24	0.29	0.16	0.5	0.42	0.13	0.42	0.17	0.58	0.07	0.36	0.03	0.05	0.17	0.44	0.22
0.13	0.03	0.11	0.28	0.48	0.25	0.14	0.01	0.03	0.06	0.13	5.67	0.06	0.04	0.38	0.45	0.06	0.25	0.32	0.04	0.09	0.19	0.31	0.35	0.17	0.04	0.04	0.02	0.29	0.66	0.12	0.46	0.01	0.16	0.14	0.47	0.04	0.04	0.12	0.23	0.04	0.12	0.05	0.48	0.17	0.14	0.22	0.02	0.35	0.47	0.06	0.54	0.03	0.57	0.06	0.12	0.22	0.04	0.18	0.37	0.04	0.14	0.04	0.43	0.25	0.16	0.06	0.17	0.06	0	0.05	0.15	0.48	0.28	0.05	0.13	0.24	0.45	0.58	0.06	0.06	0.17	0.07	0.48	0.29	0.16	0.48	0.17	0.12	0.14	0.24	0.47	0.06	0.54	0.06	0.03	0.41	0.04	0.21
0.64	0.03	0.42	0.44	0.15	0.24	0.44	0.04	0.03	0.44	0.14	2.7	0.22	0.4	0.4	0.23	0.06	0.7	0.24	0.4	0.06	0.41	0.2	0.15	0.16	0.4	0.31	0.4	0.5	0.26	0.11	0.6	0.4	0.13	0.27	0.21	0.23	0.4	0.5	0.23	0.31	0.12	0.04	0.13	0.33	0.4	0.39	0.46	0.4	0.09	0.03	0.19	0.02	0.4	0.05	0.1	0.04	0.05	0.4	0.09	0.09	0.19	0.4	0.2	0.38	0.35	0.4	0.12	0.06	0.05	0	0.16	0.13	0.49	0.03	0.13	0.22	0.48	0.34	0.04	0.05	0.18	0.21	0.19	0.26	0.4	0.22	0.16	0.1	0.03	0.14	0.41	0.04	0.36	0.06	1.11	0.61	0.41	0.22
0.03	0.43	0.17	0.41	0.02	0.95	0.9	0.21	0.14	0.14	0.03	9.18	0.13	0.41	0.3	0.26	0.24	0.91	0.23	0.41	0.46	0.05	0.42	0.01	0.42	0.52	0.15	0.19	0.36	0.25	0.04	0.12	0.16	0.01	0.15	0.09	0.13	0.43	0.07	0.09	0.43	0.04	0.15	0.05	0.3	0.35	0.44	0.15	0.21	0.44	0.44	0.09	0.47	0.44	0.47	0.04	0.16	0.17	0.05	0.45	0.13	0.95	0.45	0.14	0.05	0.33	0.45	0.03	0.18	0.15	0.15	0	0.02	0.19	0.13	0.07	0.09	0.56	0.22	0.33	0.16	0.31	0.27	0.32	0.54	0.05	0.09	0.04	0.04	0.46	0.01	1.05	0.14	0.3	0.18	0.14	0.47	0.14	0.64
0.09	0.16	0.19	0.17	0.3	0.36	0.08	0.46	0.13	0.15	0.04	0.29	0.46	0.11	0.64	0.13	0.15	0.23	0.22	0.67	0.46	0.33	0.13	0.01	0.01	0.25	0.14	0.16	0.47	0.19	0.09	0.47	0.47	0	0.14	0.06	0.13	0.29	0.04	0.09	0.74	0.08	0.49	0.05	0.29	0	0.57	0.47	0.47	0.03	0.47	0.29	0.47	0.11	0.54	0.61	0.43	0.24	0.43	0.1	0.13	0.53	0.53	0.13	0.49	0.54	0.43	0.02	0.43	0.19	0.53	0.27	0	0.18	0.46	0.26	0.48	0.05	0.33	0.14	0.48	0.44	0.89	0.23	0.2	0.11	0.11	0.44	0.1	0.12	0.01	0.57	0.12	0.72	0.51	0.49	0.15	0.69	0.41
0.18	0.28	0.29	0.31	1	0.5	0.46	0.3	0.27	0.3	0.18	2.46	0.51	0.27	0.22	0.13	0.3	0.09	0.05	0.27	0.32	0.2	0.14	0.19	0.28	0.27	0.66	0.29	0.35	0.28	0.19	0.13	0.29	0.18	0.29	0.1	0.27	0.29	0.18	0.2	0.42	0.42	0.26	0.19	0.82	0.47	0.92	0.42	0.25	0.2	0.39	0.14	0.27	0.23	0.28	0.18	0.28	0.26	0.13	0.43	0.43	0.45	0.29	0.33	0.19	0.43	0.31	0.63	0.59	0.31	0.29	0.19	0.43	0	0.25	0.19	0.2	0.12	0.54	0.91	0.28	0.44	0.42	0.18	0.65	0.44	0.11	0.15	0.19	0.26	0.55	0	0.27	0.03	0.31	0.56	0.3	0.66	0.46
0.44	0.02	0.07	0.06	0.5	0.24	0.44	0.03	0.31	0.03	0.11	1.22	0.31	0.02	1.46	1.05	0.08	0.19	0.35	0.02	0.07	0.14	0.26	0.14	0.14	0.02	0.04	0.06	0.46	0.04	0.47	0.19	0.04	0.47	0.05	0.47	0.08	0.02	0.1	0.21	0.47	0.12	0.03	0.12	1.08	0.14	0.21	0.05	0.35	0.48	0.08	0.19	0.02	0.48	0.68	0.13	0.03	0.03	0.16	0.1	0.12	0.49	0.38	0.38	0.49	0.16	0.45	0.1	0.06	0.05	0.22	0.42	0.12	0.27	0	0.12	0.21	0.49	0.38	0.49	0.34	0.55	0.6	0.18	0.27	0.11	0.5	0.18	0.09	0.02	0.14	0.64	0.32	1.08	0.29	0.35	0.06	0.03	0.32
0.04	0.74	0.22	0.48	0.09	0.31	0.4	0.13	0.13	0.12	0.43	11.4	0.13	0.13	0.23	0.08	0.36	0.27	0.44	0.11	0.54	0.41	0.09	0.05	0.05	0.12	0.16	0.14	0.32	0.4	0.4	0.09	0.14	0.09	0.18	0.1	0.42	0.11	0.04	0.04	0.12	0.01	0.14	0.17	0.46	0.41	0.22	0.98	0.25	0.67	0.39	0.09	0.1	0.47	0.13	0.48	0.14	0.38	0.09	0.04	0.11	0.23	0.5	0.21	0.42	0.4	0.24	0.04	0.15	0.42	0.14	0.44	0.72	0.19	0.4	0	0.04	0.42	0.41	0.13	0.15	0.04	0.13	0.43	0.27	0	0.47	0.16	0.03	0.11	0.05	0.23	0.14	0.23	0.16	0.47	0.54	0.11	0.46
0.1	0.2	0.57	0.8	0.09	0.32	0.1	0.21	0.19	0.22	0.03	3.09	0.15	0.21	0.46	0.11	0.24	0.78	0.23	0.47	0.26	0.03	0.06	0.34	0.48	0.21	0.22	0.23	0.51	0.16	0.04	0.27	0.49	0.43	0.17	0.09	0.43	0.42	0.05	0	0.21	0.4	0.54	0.3	0.44	0.09	0.24	0.41	0.46	0.04	0.58	0.05	0.22	0.06	0.34	0.05	0.21	0.24	0.08	0.4	0.2	0.35	0.23	0.23	0.01	0.4	0.23	0.44	0.4	0.24	0.59	0.1	0.09	0.21	0.93	0.43	0	0.09	0.38	0.15	0.97	0.01	0.16	0.09	0.47	0.04	0.09	0.06	0.04	0.49	0.09	0.21	0.32	0.22	0.47	0.21	0.26	0.22	0.27
0.93	0.83	0.21	0.76	0.42	0.23	0.06	0.48	0.42	0.21	0.71	2.01	0.17	0.18	0.26	0.03	0.2	0.54	0.18	0.99	0.25	0.07	0.49	0.06	0.06	0.17	0.57	0.47	0.23	0.19	0.46	0.05	0.46	0.04	0.18	0.01	0.16	0.45	0.45	0.42	0.28	0.44	0.17	0.1	0.39	0.43	0.17	0.19	0.33	0.42	0.21	0.06	0.41	0.08	0.18	0.07	0.4	0.49	0.03	0.4	0.5	0.07	0.49	0.49	0.05	0.02	0.22	0.06	0.59	0.19	0.34	0.06	0.04	0.12	0.48	0.08	0.08	0.01	0.46	0.37	0.18	0.24	0.46	0.03	0.65	0.45	0.01	0.03	0.07	0.45	0.06	0.13	0.54	0.44	0.94	0.43	0.82	0.42	0.42
0.2	0.32	0.34	0.45	0.24	0.5	0.55	0.32	0.55	0.86	0.46	6	0.4	0.29	0.03	0.32	0.41	0.61	0.26	0.4	0.45	0.21	0.16	0.19	0.19	0.31	0.4	0.7	0.5	0.5	0.56	0.17	0.32	0.24	0.47	0.13	0.5	0.33	0.4	0.22	0.71	0.21	0.33	0.22	0.5	0.23	0.31	1	0.02	0.38	0.42	0.5	0.6	0.23	0.31	0.2	0.33	0.5	0.4	0.23	0.46	0.86	0.3	0.31	0.41	0.38	0.33	0.2	0.33	0.42	0.34	0.19	0.47	0.43	0.63	0.54	0.22	0.14	0	0.31	0.31	0.19	0.94	0.13	0.64	0.22	0.13	0.16	0.22	0.55	0.19	0.48	0.31	0.57	0.32	0.7	0.66	1.97	0.5
0.12	0.95	0.27	0.07	0.22	0.94	0.12	0.05	0.03	0.56	0.37	4.86	0	0.05	0.34	0.21	0.44	1.34	2.03	0.43	0.09	0.44	0.35	0.42	0.14	0.05	0.41	0.08	0.17	0.01	0.4	0.24	0.4	0.5	0.46	0.19	0.99	1.19	0.11	0.48	0.04	0.47	0.04	0.47	0.47	0.12	0.29	0.05	0.96	0.75	0.38	0.42	0.03	0.16	0.94	0.44	0.05	0.04	0.16	0.43	0.04	0.16	0.42	0.22	0.35	0.51	0.41	0.11	0.71	0.06	0.9	0.14	0.12	0.41	0.03	0.33	0.39	1.2	0.61	0	0.03	0.14	0.01	0.5	0.48	0.48	0.31	0.18	0.47	0.04	0.13	1.03	0	0.66	0.07	0.04	0.09	0.26	0.95
0.15	0.04	0.41	0.85	0.13	0.25	0.12	0.05	0.18	2.27	0.14	9.69	0.11	0.03	0.48	0.22	0.07	0.24	0.68	0.34	0.07	0.24	0.2	0.15	0.22	0.39	0.05	0.46	0.13	0.23	0.11	0.34	0.05	0.13	0.05	0.19	0.03	0.13	0.15	0.46	0.05	0.48	0.04	0.5	0.15	0.13	0.57	0.06	0.37	0.13	0.04	0.21	0.04	0.19	0.25	0.12	0.05	0.04	0.16	0.12	0.03	0.26	0.05	0.23	0.15	0.16	0.06	0.36	0.07	0.06	0.38	0.14	0.26	0.28	0.04	0.15	0.48	0.18	0.31	0.4	0	0.19	0.03	0.18	0.48	0.13	0.24	0.48	0.15	0.04	0.14	0.58	0.18	0.88	0.07	0.04	0.06	0.2	0.28
0.27	0.43	0.19	0.41	0.08	0.28	0.04	0.46	0.43	0.16	0.02	0.21	0.14	0.18	0.47	0.22	0.17	0.24	0.21	0.17	0.17	0.03	0.4	0.05	0.04	0.14	0.17	0.21	0.69	0.16	0.04	0.04	0.49	0.08	0.15	0.09	0.15	0.53	0.05	0.13	0.2	0.23	0.53	0.08	0.27	0.46	0.28	0.4	0.19	0.1	0.14	0.4	0.17	0.1	0.15	0.04	0.15	0.8	0.4	0.05	0.22	0.06	0.4	0.21	0	0.06	0.16	0.6	0.32	0.19	0.16	0.38	0.18	0.19	0.5	0.05	0.01	0.07	0.21	0.15	0.49	0	0.15	0.27	0.53	0.12	0.05	0.06	0.03	0.5	0.08	0.17	0.14	0.38	0.17	1.4	0.42	0.4	0.4
0.57	0.42	0.1	0.73	0.13	0.98	0.12	0.06	0.04	0.06	0.12	7.26	0.01	0.06	0.48	0.21	0.43	0.48	0.49	0.04	0.1	0.92	0.21	0.22	0.14	0.05	0.06	0.45	0.32	0.39	0.49	0.22	0.06	0.49	0.08	0.25	0.03	0.49	0.11	0.49	0.05	0.5	0.05	0.5	0.15	0.13	0.36	0.4	0.7	0.18	0.4	0.4	0.11	0.19	0	0.46	0.4	0.05	0.54	0.12	0.04	0.15	0.4	0.22	0.91	0.41	0.41	0.44	0.1	0.07	0.15	0.41	0.32	0.28	0.33	0.13	0.41	0.18	0.31	0.32	0.41	0.91	0	0.19	0.28	0.14	0.19	0.18	0.41	0.04	0.14	0.56	0.24	1.1	0.32	0.38	0.42	0.05	0.28
0.07	0.58	0.21	0.74	0.24	0.55	0.07	0.58	0.16	0.21	0.45	1.4	0.18	0.19	0.48	0.02	0.98	0.18	0.17	0.75	0.27	0.07	0.04	0.08	0.98	0.18	0.58	0.21	0.41	0.31	0.08	0.07	0.54	0.05	0.19	0.08	0.17	0.52	0.69	0.21	0.2	0.49	0.18	0.37	0.08	0.49	0.2	0.21	0.51	0.16	0.41	0.07	0.5	0.1	0.9	0.17	0.2	0.43	0.4	0.23	0.19	0.08	0.22	0.18	0.05	0.4	0.27	0.07	0.24	0.2	0.5	0.33	0.06	0.23	0.2	0.09	0.09	0.4	0.52	0.18	0.17	0.05	0.9	0	0.23	0.1	0.01	0.34	0.4	0.51	0.07	0.12	0.18	0.61	0.51	0.23	0.24	0.41	0.15
0.21	0.27	0.26	0.49	0.15	0.48	0.21	0.28	0.79	0.28	0.21	12.7	0.28	0.29	0.43	0.27	0.45	0.82	0.41	0.26	0.23	0.22	0.34	0.15	0.2	0.55	0.95	0.61	0.55	0.29	0.21	0.6	0.28	0.19	0.52	0.48	0.25	0.25	0.39	0.23	0.59	0.2	0.27	0.38	0.34	0.49	0.16	0.28	0.59	0.14	0.59	0.57	0.26	0.19	0.47	0.29	0.9	0.4	0.23	0.22	0.51	0.48	0.28	0.06	0.18	0.41	0.29	0.41	0.29	0.42	0.62	0.19	0.15	0.42	0.35	0.28	0.3	2.84	0.64	0.28	0.54	0.43	0.36	0.2	0	1.17	0.54	0.17	0.22	0.27	0.14	0.64	0.65	0.65	0.65	0.26	0.45	0.35	1.95
0.03	0.56	0.16	0.19	0.1	0.66	0.08	0.13	0.46	0.12	0.03	1.19	0.13	0.15	0.36	0.55	0.55	0.28	0.45	0.44	0.75	0.04	0.4	0.05	0.19	0.45	0.14	0.15	0.18	0.14	0.03	0.09	0.14	0.09	0.14	0.47	0.87	0.39	0.67	0.03	0.47	0.01	0.12	0.04	0.07	0.48	0.22	0.13	0.24	0.01	0.48	0.09	0.48	0.07	0.14	0.06	0.33	0.48	0.13	0.16	0.12	0.04	0.49	0.48	0.49	0.07	0.49	0.03	0.19	0.14	0.99	0.35	1.09	0.59	0.23	0	0.04	0.32	0.22	0.49	0.19	0.03	0.14	0.2	0.49	0	0.29	0.09	0.03	0.12	0.05	0.27	0.13	0.23	0.2	0.53	0.14	0.13	0.43
0.08	0.18	0.45	0.21	0.06	0.46	0.08	0.25	0.17	0.36	0.08	0.35	0.19	0.92	0.18	0.36	0.44	0.18	0.18	0.92	0.32	0.08	0.44	0.09	0.07	0.2	1.04	0.21	0.29	0.51	0.44	0.04	0.38	0.06	0.17	0.18	0.59	0.95	0.45	0.45	0.19	0.09	0.2	0.46	0.15	0.1	0.19	0.46	0.15	0.25	0.46	0.04	0.2	0.12	0.19	0.16	0.47	0.2	0.05	0.09	0.35	1.15	0.48	0.53	0.05	0.01	0.21	0.08	0.23	0.21	0.7	0.09	0.62	0.43	0.18	0.1	0.09	0.4	0.13	0.44	0.6	0.4	0.2	0	0.25	0.4	0	0.04	0.08	0.19	0.42	0.12	0.19	0.15	0.4	0.42	0.38	0.22	0.32
0.31	0.3	0.48	0.48	0.09	0.27	0.04	0.52	0.48	0.39	0.2	0.44	0.18	0.24	0.47	0.09	0.47	0.23	0.21	0.15	0.47	0.08	0.11	0.04	0.04	0.14	0.21	0.3	0.56	0.87	0.47	0.09	0.46	0.03	0.15	0.04	0.16	0.18	0.05	0.06	0.23	0.08	0.17	0.07	0.9	0.16	0.47	0.2	0.18	0.09	0.87	0.47	0.47	0.08	0.19	0.07	0.47	0.57	0.09	0.08	0.16	0.11	0.18	0.18	0.17	0.05	0.2	0.05	0.18	0.17	0.18	0.04	0.67	0.15	0.18	0.09	0.07	0.03	0.16	0.17	0.47	0.06	0.18	0.04	0.47	0.09	0.4	0	0.08	0.47	0.04	0.15	0.18	0.22	0.36	0.15	0.19	0.17	0.19
0.02	0.17	0.16	0.15	0.1	0.31	0.02	0.11	0.09	0.12	0.02	1.77	0.38	0.24	0.23	0.08	0.43	0.26	0.23	0.35	0.14	0.04	0.23	0.43	0.04	0.11	0.43	0.13	0.17	0.12	0	0.05	0.14	0.73	0.46	0.08	0.08	0.09	0.02	0.04	0.1	0.11	0.43	0.01	0.04	0.43	0.16	0.54	0.42	0.01	0.1	0.08	0.12	0.07	0.44	0.32	0.12	0.44	0.11	0.44	0.11	0.01	0.12	0.54	0.19	2.35	0.13	0.55	0.13	0.13	0.18	0.45	0.1	0.19	0.48	0.03	0.04	0.07	0.5	1.15	0.12	0.03	0.12	0.27	0.3	0.1	0.08	0.15	0	0.1	0.03	0.2	0.12	0.23	0.45	0.46	0.13	0.24	0.23
0.12	0.04	0.09	0.05	0.48	0.24	0.13	0.03	0	0.03	0.33	5.28	0.04	0.04	0.35	0.46	0.05	0.2	0.35	0.03	0.06	0.13	0.2	0.37	0.14	0.02	0.04	0.26	0.09	0.05	1.49	0.45	0.48	0.35	0.06	0.49	0.02	0.02	0.12	0.21	0.99	0.24	0.03	0.16	0.51	0.46	0.21	0.69	0.32	0.18	0.02	0.49	0.02	0.31	0.04	0.21	0.29	0.03	0.25	0.4	0.02	0.2	0.4	0.21	0.4	0.18	0.05	0.39	0.41	0.37	0.41	0.14	0.37	0.28	0.02	0.41	0.45	0.17	0.41	0.04	0.01	0.16	0.04	0.35	0.41	0.27	0.19	0.41	0.11	0	0.48	0.52	0.04	0.93	0.05	0.1	0.05	0.2	0.32
0.02	0.52	0.28	0.19	0.01	0.47	0.19	0.14	0.15	0.22	0.03	2.49	0.13	0.12	0.98	0.75	0.19	0.24	0.23	0.48	0.18	0.11	0.09	0.01	0.02	0.12	0.49	0.16	0.4	0.14	0.03	0.07	0.49	0.03	0.16	0.08	0.51	0.53	0.25	0.11	0.14	0.04	0.49	0.05	0.37	0.42	0.2	0.17	0.6	0.04	0.13	0.39	0.61	0.41	0.14	0.03	0.15	0.14	0.32	0.04	0.13	0.48	0.41	0.15	0.15	0.07	0.41	0.41	0.16	0.16	0.16	0.01	0.42	0.19	0.13	0.07	0.97	0.05	0.19	0.35	0.15	0.04	0.14	0.42	0.14	0.34	0.41	0.04	0.52	0.42	0	0.58	0.14	0.63	0.16	0.15	0.43	0.15	0.55
0.19	0.64	0.32	0.53	0.45	0.28	0.44	0.46	0.44	0.6	0.19	2.36	0.32	0.3	0.47	0.14	0.32	0.09	0.05	0.3	0.87	0.46	0.18	0.44	0.22	0.66	0.5	0.32	0.77	0.46	0.19	0.46	0.32	0.17	0.46	0.5	0.31	0.93	0.46	0.46	0.7	0.18	0.46	0.21	0.57	1.06	0.39	0.32	0.53	0.17	0.46	0.15	0.29	0.25	0.66	0.19	0.31	0.46	0.96	0.2	0.3	0.76	0.31	0.3	0.51	0.46	0.39	0.46	0.66	0.46	0.66	0.56	0.17	0.34	0.31	0.23	0.43	0.46	0.96	0.96	0.33	0.16	0.3	0.4	0.46	0.19	0.12	0.46	0.2	0.29	0.57	0.01	0.51	0.03	0.32	0.78	1	0.31	0.13
0.12	0.04	0.1	0.1	0.13	0.26	0.46	0.05	0.03	0.28	0.12	1.29	0.47	0.05	0.57	0.46	0.47	0.53	0.34	0.04	0.09	0.41	0.47	0.14	0.47	0.05	0.06	0.47	0.12	0.02	0.48	0.22	0.05	0.48	0.07	0.48	0.03	0.03	0.39	0.48	0.05	0.12	0.04	0.35	0.44	0.49	0.26	0.06	0.65	0.18	0.03	0.43	0.28	0.49	0.01	0.5	0.05	0.04	0.5	0.12	0.04	0.4	0.4	0.22	0.15	0.17	0.07	0.41	0.07	0.06	0.04	0.14	0.52	0.61	0.41	0.14	0.15	0.41	0.31	0	0.03	0.15	0.01	0.41	0.28	0.41	0.19	0.46	0.12	0.43	0.13	0.42	0	0.52	0.42	0.58	0.07	0.15	0.66
0.43	0.52	0.92	0.36	0.5	0.15	0.43	0.43	0.44	0.5	0.22	11.6	0.41	0.5	0.32	0.41	0.36	0.2	0.05	0.34	0.41	0.22	0.18	0.41	0.23	0.32	0.61	0.36	0.39	1.42	0.23	0.58	0.56	0.21	0.32	0.15	0.33	0.36	0.45	0.92	0.37	0.93	0.34	0.25	0.6	0.22	0.63	0.43	0.54	0.63	0.33	0.54	0.33	0.26	0.34	0.49	0.47	0.34	0.18	0.52	0.54	0.65	0.45	0.35	0.45	0.14	0.36	0.23	0.48	0.35	0.66	0.46	0.51	0.03	0.55	0.22	0.22	0.16	0.64	0.57	0.35	0.2	0.46	0.15	0.57	0.87	0.47	0.22	0.47	0.33	0.23	0.06	0.48	0	0.36	0.34	0.4	0.34	0.49
0.45	0.45	0.1	0	0.45	0.22	0.14	0.05	0.05	0.4	0.14	4.85	0.07	0.08	0.43	0.23	0.03	0.63	0.44	0.05	0.09	0.17	0.96	0.16	0.44	0.08	0.02	0.07	0.13	0.44	0.13	0.19	0.05	0.55	0.07	0.22	0.05	1.06	0.13	0.23	0.05	0.46	0.06	0.56	0.21	0.17	0.24	0.48	0.37	0.47	0.09	0.47	0.04	0.21	0.47	0.14	0.27	0.35	0.23	0.48	0.07	0.58	0.02	0.23	0.18	0.19	0.03	0.29	0.1	0.06	0.06	0.49	0.49	0.31	0.06	0.16	0.59	0.2	0.37	0.31	0.07	0.18	0.42	0.22	0.9	0.4	0.21	0.18	0.13	0.05	0.56	0.42	0.07	0.62	0	0.05	0.01	0.05	1.41
0.48	0	0.38	0.49	0.13	0.98	0.11	0.33	0.02	0.02	0.49	12.7	0.04	0.04	0.46	0.46	0.05	0.47	0.22	0.45	0.08	0.47	0.57	0.34	0.15	0	0.03	0.04	0.1	0.05	0.25	0.31	0.29	0.13	0.04	0.47	0.02	0.02	0.11	0.21	0.02	0.12	0.02	0.13	0.58	1.6	1.1	0.41	0.33	0.49	0.26	0.19	0.4	0.5	0.05	0.18	0.02	0.02	0.4	0.11	0.37	0.5	0.03	0.21	0.41	0.51	0.04	0.11	0.41	0.03	0.41	0.16	0.14	0.54	0.27	0.11	0.21	0.62	0.92	0.04	0.04	0.14	0.05	0.18	0.51	0.11	0.19	0.17	0.43	0.03	0.15	0.58	0.04	0.43	0.11	0	0.05	0.02	0.19
0.14	0.4	0.1	0.18	0.4	0.21	0.5	0.4	0.05	0.05	0.2	6.35	0.07	0.08	0.4	0.57	0.04	0.51	0.28	0.47	0.1	0.49	0.58	0.4	0.16	0.58	0.02	0.07	0.47	0.09	0.14	0.19	0.47	0.47	0.07	0.22	0.27	0.04	0.23	0.23	0.05	0.47	0.04	0.15	0.18	0.15	0.52	0.05	0.43	0.12	0.47	0.21	0.04	0.56	0.08	0.15	0.05	0.04	0.18	0.14	0.07	0.13	0.48	0.23	0.19	0.19	0.04	0.27	0.48	0.06	0.27	0.48	0.56	0.32	0.47	0.16	0.25	0.19	0.47	0.07	0.06	0.19	0.07	0.58	0.33	0.14	0.22	0.47	0.15	1.47	0.97	0.97	0.47	0.36	0.01	0.05	0	0.04	0.21
0.25	0.3	0.49	0.3	0.99	0.57	0.49	0.34	0.03	0.08	0.13	9.73	0.04	0.4	0.38	0.7	0.05	0.4	0.23	0.02	0.06	0.16	0.4	0.17	0.52	0	1.21	0.04	0.48	0.06	0.41	0.43	0.91	0.13	0.44	0.2	0.41	0.41	0.34	0.5	0.61	0.41	0.03	0.41	0.16	0.13	0.21	0.34	0.72	0.37	0.42	0.19	0.06	0.47	0.05	0.28	0.03	0.01	0.17	0.11	0.03	0.48	0.43	0.21	0.15	0.18	0.13	0.15	0.05	0.43	0.1	0.16	0.43	0.28	0.27	0.51	0.24	0.17	0.44	0.04	0.44	0.18	0.44	0.2	0.41	0.44	0.19	0.16	0.44	0.03	0.16	0.39	0.05	0.95	0.05	0.02	0.04	0	0.95
0.22	0.24	0.35	0.22	0.23	0.16	0.48	0.21	0.19	0.2	0.49	9.14	0.27	0.38	0.5	0.18	0.3	0.21	0.04	0.2	0.36	0.41	0.19	0.22	0.41	0.21	0.21	0.51	0.91	0.51	0.62	0.42	0.2	0.56	0.52	0.53	0.18	0.48	0.23	0.24	0.44	0.23	0.45	0.75	0.22	0.23	0.46	0.22	0.62	0.56	0.47	0.46	0.18	0.26	0.46	0.23	0.2	0.18	0.28	0.47	0.2	0.23	0.47	0.34	0.47	0.47	0.22	0.32	0.49	0.22	0.19	0.98	0.98	0.48	0.47	0.24	0.24	0.36	0.99	0.48	0.21	0.2	0.59	0.49	0.4	0.25	0.15	0.19	0.5	0.28	0.6	0.14	0.6	0.4	0.22	0.41	0.41	0.42	0.01
