0	0.11	0.36	0.17	0.4	0.39	0	0.44	0.37	1.01	0.01	6.65	0.12	0.13	0.25	0.35	0.15	0.44	0.23	0.22	0.27	0.03	0.44	0.03	0.03	0.1	0.13	0.44	0.18	0.13	0.02	0.04	0.32	0.02	0.44	0.07	0.11	0.39	0.36	0.1	0.45	0.03	0.12	0.03	0.62	0.02	0.15	0.13	0.45	0.02	0.45	0.08	0.12	0.05	0.12	0.02	0.15	0.45	0.04	0.02	0.46	0.27	0.14	0.15	0.04	0.07	0.15	0	0.16	0.13	0.52	0.03	0.46	0.56	0.77	0.3	0.76	0.66	0.2	0.12	0.12	0.03	0.46	0.07	0.54	0.03	0.3	0.04	0.02	0.42	0.1	0.54	0.13	1.07	0.15	0.12	0.15	0.43	0.23
0.14	0	0.44	0.44	0.16	0.23	0.13	0.02	0.02	1.31	0.12	4.43	0.04	0.02	0.37	0.35	0.04	0.22	0.21	0.02	0.06	0.14	0.2	0.47	0.13	0	0.03	0.04	0.1	0.05	0.1	0.47	0.02	0.53	0.04	0.57	0.02	0.02	0.1	0.2	0.02	0.48	0.37	0.15	0.48	0.57	0.76	0.03	0.46	0.09	0.12	0.48	0.01	0.18	0.05	0.12	0.02	0.02	0.48	0.38	0.02	0.47	0.03	0.51	0.16	0.49	0.04	0.11	0.5	0.03	0.29	0.15	0.4	0.29	0.4	0.12	0.23	0.9	0.4	0.28	0.04	0.9	0.05	0.19	0.27	0.4	0.47	0.4	0.11	0.41	0.29	0.51	0.41	0.31	0.04	0	0.04	0.02	0.43
0.15	0.4	0	0.1	0.16	0.36	0.15	0.5	0.08	1.11	0.4	3.98	0.1	0.08	0.37	0.26	0.12	0.63	0.61	0.13	0.11	0.17	0.19	0.2	0.44	0.06	0.1	0.11	0.21	0.11	0.45	0.85	0.11	0.75	0.09	0.21	0.08	0.08	0.92	0.48	0.1	0.15	0.1	0.15	0.45	0.45	0.31	0.09	0.75	0.14	0.16	0.48	0.45	0.35	0.1	0.15	0.11	0.09	0.44	0.14	0.34	0.46	0.1	0.46	0.25	0.21	0.11	0.15	0.12	0.12	0.09	0.17	0.17	0.31	0.46	0.57	0.2	0.56	0.34	0.1	0.08	0.46	0.11	0.21	0.26	0.16	0.21	0.46	0.16	0.09	0.17	0.32	0.46	0.34	0.1	0.09	0.1	0.1	1.01
0.15	0.04	1.45	0	0.45	0.22	0.15	0.58	0.35	1.78	0.16	1.39	0.07	0.49	0.46	0.26	0.03	0.22	0.42	0.5	0.1	0.36	0.37	0.5	0.16	0.24	0.41	0.07	0.13	0.08	0.13	0.19	0.05	0.41	0.07	0.61	0.05	2.73	0.42	0.42	0.42	0.45	0.04	0.17	0.93	0.16	0.53	0.18	0.76	0.13	0.05	0.44	0.04	0.44	0.46	0.45	1.06	0.04	0.19	0.13	0.45	0.46	0.02	0.54	0.17	0.46	0.15	0.47	0.08	0.06	0.06	0.47	0.87	0.57	0.48	0.16	0.58	0.19	1.18	0.07	0.07	0.17	0.1	0.34	0.29	0.16	0.49	0.49	0.39	0.05	0.16	1	0.07	0.4	0	0.13	0.4	0.21	0.51
0.02	0.14	0.18	0.16	0	0.29	0.02	0.13	0.11	1.46	0.02	7.06	0.25	0.12	0.28	0.41	0.15	0.28	0.22	0.16	0.27	0.09	0.43	0.01	0.01	0.12	0.25	0.15	0.18	0.48	0.1	0.1	0.15	0	0.46	0.46	0.15	0.14	0.04	0.09	0.53	0.08	0.14	0.04	0.38	0.02	0.15	0.14	0.21	0.04	0.14	0.49	0.54	0.79	0.13	0.62	0.15	0.14	0.49	0.1	0.14	0.92	0.14	0.4	0.09	0.06	0.51	0.02	0.17	0.16	0.14	0.16	0.01	0.47	0.12	0.09	0.09	0.21	0.42	0.43	0.13	0.08	0.23	0.06	0.15	0.1	0.06	0.44	0.1	0.13	0.31	0.18	0.13	0.81	0.24	0.15	0.17	0.25	2
0.32	0.61	0.47	0.22	0.56	0	0.68	0.62	0.24	1.14	0.48	2.61	0.64	0.51	0.12	0.41	0.53	0.21	0.48	0.24	0.3	0.43	0.27	0.53	0.66	0.24	0.2	0.26	0.29	0.27	0.31	0.53	0.24	0.29	0.56	0.83	0.24	0.63	0.53	0.53	0.43	0.41	0.39	0.34	0.41	0.31	0.42	0.49	0.54	0.68	0.24	0.25	0.44	0.33	0.27	0.31	0.44	0.23	0.44	0.32	0.24	0.71	0.2	0.42	0.44	0.54	0.21	0.55	0.22	0.44	0.24	0.3	0.29	0.12	0.3	0.44	0.32	0.3	0.49	0.44	0.25	0.64	0.27	0.23	0.84	0.32	0.24	0.27	0.44	0.58	0.3	0.34	0.44	0.15	0.22	0.24	0.5	0.23	1.02
0	0.14	0.42	0.43	0.02	0.3	0	0.26	0.12	1.04	0.01	6.99	0.12	0.1	0.54	0.26	0.46	0.29	0.22	0.47	0.18	0.03	0.08	0.03	0.03	0.12	0.13	0.17	1.5	0.41	0.02	0.04	0.43	0.02	0.47	0.07	0.11	0.71	0.16	0.47	0.14	0.03	0.31	0.03	0.03	0.13	0.15	0.14	0.22	0.02	0.68	0.08	0.11	0.05	0.16	0.16	0.13	0.23	0.04	0.02	0.48	0.37	0.13	0.15	0.03	0.07	0.16	0.68	0.14	0.13	0.12	0.03	0.49	0.19	0.12	0.03	0.1	1.29	0.2	0.57	0.13	0.03	0.48	0.07	0.21	0.04	0.08	0.04	0.02	0.12	0.02	0.42	0.49	0.49	0.14	0.19	0.14	0.11	0.28
0.42	0.02	0.52	0.05	0.42	0.24	0.15	0	0.02	1.12	0.14	9.21	0.42	0.03	0.38	0.33	0.05	0.2	0.49	0.03	0.06	0.49	0.2	0.49	0.17	0.03	0.04	0.42	0.1	0.06	0.12	0.18	0.01	0.14	0.05	0.19	0.03	0.03	0.95	0.62	0.03	0.43	0.03	0.17	0.51	0.27	0.22	0.01	0.74	0.42	0.04	0.87	0.11	0.17	0.07	0.12	0	0.03	0.28	0.11	0.03	0.5	0.03	0.45	0.16	0.16	0.05	0.13	0.05	0.02	0.04	0.51	0.22	0.99	0.03	0.12	0.23	0.18	0.56	0.87	0.05	0.17	0.45	0.19	0.28	0.13	0.47	0.17	0.13	0.03	0.47	0.32	0.4	0.45	0.05	0.02	0.4	0.03	0.2
0.12	0.02	0.47	0.05	0.11	0.24	0.17	0.47	0	1.6	0.47	7.99	0.03	0.02	0.35	0.59	0.05	0.2	0.35	0.37	0.08	0.14	0.19	0.13	0.12	0.01	0.49	0.04	1.66	0.05	0.45	0.17	0.02	0.36	0.06	0.18	0.01	0.02	0.1	0.21	0.03	0.11	0.35	0.56	0.6	0.34	0.4	0.35	0.31	0.18	0.02	0.21	0.41	0.19	0.04	0.48	0.07	0.03	0.15	0.12	0.02	0.42	0.03	0.21	0.42	0.52	0.05	0.53	0.05	0.15	0.16	0.42	0.13	0.27	0.02	0.12	0.21	0.43	0.31	0.05	0.02	0.43	0.23	0.31	0.27	0.12	0.18	0.43	0.09	0.1	0.52	1.04	0.03	0.32	0.13	0.21	0.05	0.03	0.48
1.23	1.45	0.95	0.84	1.15	1.25	1.16	0.48	1	0	1.82	2.27	1.98	2.04	2.73	2.35	2.44	2.35	1.34	1.94	1.91	1.96	2.03	3.3	1.85	1.36	1.75	1.53	2.86	1.49	1.79	1.82	1.73	2.33	2.64	2.87	2.58	2.62	2.87	2.97	2.07	1.2	1.74	1.35	1.43	1.06	1.75	1.67	1.9	1.51	2.16	2.03	1.89	2.88	2.38	2.75	2.39	2.39	1.1	1.81	1.07	2.09	2.59	2.54	2.09	1.59	1.09	1.01	0.94	0.92	0.84	1.1	1.03	1.08	0.99	1.39	1.16	1.29	1.27	0.97	1.09	1.7	1.2	1.1	1.34	1.21	1.5	1.4	1.37	1.68	0.61	1.05	0.86	2.31	1.13	0.82	0.9	1.03	1.48
0.01	0.11	0.45	0.16	0.12	0.31	0.27	0.44	0.1	1.05	0	3.55	0.11	0.5	0.25	0.1	0.14	1.4	0.44	0.4	0.49	0.12	0.08	0.4	0.03	0.12	0.14	0.4	0.19	0.13	0.01	0.03	0.4	0.02	0.7	0.08	0.11	0.11	0.02	0.41	0.14	0.41	0.12	0.03	0.04	0.04	0.15	0.41	0.22	0.08	0.15	0.46	0.13	0.09	0.12	0.01	0.12	0.41	0.03	0.02	0.12	0.02	0.51	0.41	0.41	0.32	0.14	0.91	0.16	0.14	0.41	0.03	0.02	0.24	1.21	0.03	0.03	0.06	0.41	0.46	0.12	0.02	0.12	0.41	0.46	0.41	0.41	0.06	0.3	0.41	0.03	0.19	0.12	0.5	0.41	0.33	0.15	0.15	0.23
4.95	0.91	0.35	4.25	0.25	0.25	1.04	0.43	0.3	1.86	3.06	7.5	1.41	3.42	6.08	0.16	5.77	7.51	0.31	0.44	1.15	7.47	1.81	0.2	0.2	5.16	2.76	2.47	0.4	0.32	1.09	1.67	2.11	1.09	10.6	1.18	0.33	0.5	7.87	5.7	13.9	0.22	0.34	0.84	1.8	1.88	7.96	1.67	2.85	1.05	0.44	0.19	1.27	0.94	5.62	4.98	0.45	1.7	1.02	5.96	3.55	0.61	2.21	6.22	0.2	0.47	0.9	9.85	0.48	13.1	0.5	1.17	3.95	4.27	4.82	0.23	1.98	1.1	3.51	0.31	1.2	13.4	0.33	9.88	0.42	1.16	6.54	0.5	1.8	1.95	10.3	0.55	2.04	1.92	1.21	0.32	0.33	13.2	0.74
0.16	0.05	0.1	0.42	0.42	0.26	0.12	0.05	0.42	0.87	0.12	6.68	0	0.43	0.34	0.47	0.07	1.19	0.33	0.33	0.49	0.14	0.36	0.14	0.13	0.05	0.06	0.45	0.12	0.01	0.44	0.15	0.42	0.4	0.07	0.19	0.02	0.05	0.9	0.15	0.29	0.11	0.04	0.41	0.47	0.12	0.22	0.05	0.41	0.18	0.05	0.2	0.17	0.16	0.14	0.41	0.05	0.04	0.16	0.41	0.04	0.11	0.06	0.49	0.5	0.4	0.42	0.3	0.07	0.06	0.41	0.14	0.12	0.51	0.41	0.13	0.15	0.16	0.31	0.14	0.03	0.46	0.01	0.18	0.28	0.12	0.18	0.17	0.11	0.04	0.13	0.29	0	0.34	0.4	0.04	0.07	0.04	0.27
0.12	0.02	0.08	0.35	0.55	0.24	0.13	0.03	0.01	0.89	0.12	3.98	0.05	0	0.36	0.2	0.05	0.33	0.34	0.04	0.06	0.45	0.45	0.12	0.14	0.01	0.03	0.25	0.66	0.4	0.46	0.14	0.03	0.11	0.46	0.29	0.04	0.04	0.46	0.19	0.04	0.12	0.04	0.14	0.13	0.47	0.23	0.03	0.34	0.47	0.15	0.19	0.03	0.42	0.06	0.48	0.48	0.1	0.15	0.16	0.02	0.24	0.03	0.23	0.14	0.48	0.04	0.3	0.05	0.04	0.05	0.5	0.19	0.29	0.03	0.15	0.19	0.16	0.74	0.05	0.03	0.13	0.06	0.18	0.29	0.14	0.36	0.5	0.12	0.41	0.12	0.31	0.05	0.34	0.08	0.4	0.26	0.4	0.21
0.25	0.47	0.37	0.48	0.28	0.48	0.88	0.38	0.36	1.35	0.25	1.95	1.09	0.59	0	0.16	0.39	0.19	0.69	0.49	0.49	0.22	0.49	0.25	1	0.5	0.39	0.4	0.9	0.4	0.22	0.44	0.6	0.56	0.34	0.4	0.35	1.02	0.6	0.27	0.74	0.22	0.61	0.41	1.92	0.27	0.91	0.41	0.06	0.46	0.62	0.18	0.42	0.25	0.68	0.26	0.38	0.64	0.52	0.23	0.38	0.98	0.37	0.37	0.19	0.24	0.43	0.25	0.4	0.4	0.37	0.25	0.43	0.22	0.4	0.34	0.27	0.19	0.42	0.34	0.63	0.22	0.43	0.18	0.44	0.23	0.18	0.22	0.22	0.64	0.24	0.44	1.13	0.31	0.39	0.38	0.75	0.36	0.95
0.48	0.48	0.23	0.26	0.13	0.48	0.09	0.49	0.19	1.26	0.1	9	0.49	0.49	0.27	0	0.23	0.41	0.17	0.59	0.2	0.47	0.02	0.59	0.09	0.19	0.23	0.59	0.25	0.21	0.07	0.03	0.21	0.12	0.56	0.02	0.49	0.52	0.09	0.11	0.24	0.06	0.4	0.22	0.39	0.12	0.21	1.07	0.56	0.1	0.4	0.09	0.23	0.51	0.21	0.41	0.22	0.45	0.03	0.41	0.21	0.3	0.24	0.41	0.12	0.01	0.23	0.1	0.23	0.38	0.23	0.24	0.92	0.13	0.2	0.07	0.24	0.53	0.43	0.53	0.21	0.04	0.21	0.02	0.27	0.93	0.03	0.06	0.43	0.53	0.09	0.14	0.45	0.22	0.26	0.22	0.44	0.21	0.22
0.4	0.05	0.12	0.1	0.5	0.5	0.14	0.05	0.4	1.23	0.6	12.7	0.07	0.05	0.4	0.44	0	0.55	0.29	0.05	0.49	0.24	0.22	0.66	0.46	0.05	0.02	0.07	0.66	0.46	0.15	0.18	0.05	0.54	0.32	0.21	0.05	0.04	0.13	0.24	0.05	0.16	0.04	0.16	0.58	0.16	0.23	0.59	0.35	0.99	0.05	0.24	0.04	0.17	0.08	0.41	0.05	0.04	0.25	0.13	0.42	0.14	0.02	0.23	0.19	0.18	0.42	0.14	0.03	0.06	0.06	0.16	0.15	0.43	0.05	0.43	0.29	0.43	0.33	0.07	0.07	0.19	0.43	0.22	0.43	0.14	0.24	0.18	0.14	0.05	0.16	0.33	0.07	0.75	0.36	0.26	0.04	0.44	0.27
0.42	0.19	1.05	0.22	0.52	0.11	0.25	0.2	0.57	1.1	0.56	3.59	0.6	0.61	0.21	0.25	0.29	0.01	0.04	0.2	0.46	0.3	0.25	0.27	0.27	0.48	0.2	0.22	0.37	0.21	0.57	0.2	0.21	0.23	0.56	0.18	0.18	0.48	0.25	0.27	0.19	0.25	0.19	0.27	0.25	0.23	0.36	0.21	0.32	0.24	0.48	0.22	0.88	0.27	0.21	0.25	0.48	0.23	0.2	0.26	0.2	0.88	0.48	0.36	0.23	0.23	0.25	0.48	0.52	0.21	0.48	0.48	0.49	0.47	0.19	0.27	0.69	0.19	0.26	0.2	0.21	0.49	0.21	0.18	0.65	0.59	0.18	0.49	0.26	0.2	0.24	0.49	0.69	0.06	0.56	0.19	0.31	0.19	0
0.26	0.45	0.29	0.29	0.22	0.11	0.23	0.4	0.35	1.84	0.33	4.39	0.34	0.36	0.32	0.16	0.29	0.04	0	0.23	0.39	0.21	0.19	0.23	0.28	0.33	0.28	0.31	1.37	0.34	0.23	0.19	0.45	0.21	0.35	0.17	0.23	0.3	0.23	0.24	0.26	0.22	0.22	0.25	0.54	0.46	0.35	0.52	0.32	0.73	0.23	0.5	0.54	0.85	0.34	0.69	0.31	0.46	0.2	0.23	0.34	0.99	0.37	0.35	0.46	0.54	0.29	0.24	0.31	0.31	0.4	0.23	0.24	0.36	0.4	0.37	0.23	0.25	0.26	0.33	0.34	0.5	0.72	0.16	0.41	0.51	0.17	0.21	0.22	0.71	0.23	0.41	0.42	0.72	0.66	0.21	0.58	0.22	0.31
0.12	0.02	0.08	0.05	0.14	0.24	0.11	0.47	0.02	1.88	0.12	3.7	0.03	0.04	0.6	0.5	0.05	0.23	0.23	0	0.15	0.17	0.21	0.49	0.17	0.04	0.03	0.14	0.09	0.04	0.5	0.29	0.04	0.15	0.28	0.5	0.01	0.01	0.9	0.22	0.02	0.12	0.4	0.13	0.9	0.4	0.19	0.23	1	0.08	0.71	0.7	0.01	0.41	0.04	0.1	0.03	0.02	0.29	0.4	0.03	0.4	0.03	0.19	0.43	0.15	0.04	0.11	0.34	0.41	0.01	0.15	0.13	0.49	0.41	0.11	0.21	0.41	0.33	0.03	0.41	0.91	0.41	0.18	0.25	0.13	0.19	0.15	0.41	0.03	0.13	0.31	0.73	0.35	0.41	0.02	0.05	0.02	0.33
0.17	0.37	0.11	0.4	0.47	0.3	0.12	0.46	0.37	1.6	0.12	2.88	0.46	0.07	0.97	0.2	0.08	0.46	0.37	0.07	0	0.17	0.2	0.46	0.45	0.05	0.08	0.28	0.87	0.11	0.13	0.29	0.07	0.46	0.47	0.18	0.06	0.73	0.12	0.46	0.34	0.33	0.06	0.12	0.46	0.54	0.4	0.06	0.37	0.13	0.3	0.21	0.06	0.18	0.46	0.14	0.08	0.35	0.4	0.46	0.12	0.4	0.08	0.66	0.47	0.19	0.57	0.12	0.09	0.06	0.07	0.16	0.17	0.32	0.09	0.27	0.47	0.3	0.51	0.47	0.07	0.17	0.63	0.2	0.23	0.16	0.47	0.47	0.14	0.08	0.18	0.31	0.47	0.33	0.47	0.11	0.09	0.06	0.49
0.03	0.16	0.34	0.48	0.47	0.67	0.03	0.52	0.13	1.48	0.03	0.42	0.42	0.48	0.44	0.07	0.18	0.47	0.21	0.16	0.42	0	0.21	0.11	0.42	0.42	0.17	0.17	0.19	0.52	0.04	0.04	0.17	0.09	0.16	0.07	0.54	0.15	0.04	0.28	0.43	0.42	0.16	0.06	0.05	0.43	0.25	0.17	0.43	0.12	0.15	0.45	0.16	0.43	0.48	0.04	0.18	0.15	0.43	0.04	0.15	0.05	0.15	0.43	0.03	0.05	0.17	0.43	0.39	0.17	0.15	0.04	0.09	0.2	0.43	0.04	0.03	0.07	0.43	0.17	0.15	0.04	0.43	0.07	0.24	0.04	0.09	0.31	0.53	0.15	0.04	0.38	0.48	0.43	0.45	0.14	0.17	0.22	0.22
0.45	0.45	0.19	0.65	0.45	0.45	0.08	0.2	0.19	1	0.07	0.57	0.47	0.47	0.17	0.12	0.24	0.47	0.19	0.21	0.19	0.48	0	0.39	0.48	0.48	0.34	0.21	0.65	1.08	0.08	0.2	0.79	0.13	0.17	0.04	0.39	0.49	0.09	0.06	0.31	0.08	0.19	0.11	0.18	0.49	0.49	0.23	0.18	0.05	0.57	0.01	0.22	0.11	0.21	0.49	0.47	0.21	0.06	0.24	0.37	0.24	0.5	0.21	0.05	0.43	0.21	0.08	0.8	0.22	0.49	0.09	0.4	0.14	0.44	0.09	0.06	0.4	0.4	0.2	0.54	0.05	0.9	0.4	0.6	0.5	0.21	0.29	0.08	0.18	0.41	0.55	0.51	0.19	0.51	0.51	0.21	0.3	0.53
0.23	0.16	0.2	0.41	0.01	0.3	0.03	0.4	0.13	1.52	0.07	1.51	1.01	0.5	0.71	0.09	0.41	0.91	3.32	0.15	0.51	0.4	0.09	0	0.02	0.12	0.41	0.17	0.21	0.46	0.04	0.05	0.16	0.01	0.41	0.15	0.13	0.34	0.03	0.09	0.45	0.42	0.18	0.06	0.11	0.01	0.42	0.16	0.42	0.04	0.62	0.09	0.43	0.09	0.49	0.43	0.26	0.14	0.05	0.43	0.43	0.71	0.15	0.13	0.04	0.07	0.16	0.03	0.18	0.15	0.16	0.01	0.01	0.19	0.5	0.45	0.09	0.37	0.19	0.37	0.16	0.04	0.45	0.08	0.15	0.45	0.45	0.04	0.04	0.14	0.01	0.52	0.37	0.96	0.45	0.15	0.16	0.14	0.46
0.39	0.13	0.18	0.17	0.02	0.3	0.03	0.48	0.15	1.43	0.03	7.46	0.14	0.13	0.58	0.31	0.5	0.3	0.23	0.15	0.15	0.47	0.09	0.02	0	0.47	0.16	0.18	1.56	0.48	0.03	0.24	0.5	0.09	0.48	0.07	0.15	0.77	0.04	0.09	0.16	0.59	0.38	0.49	0.03	0.09	0.24	0.21	0.5	0.04	0.14	0.09	0.15	0.08	0.14	0.4	0.15	0.14	0.5	0.44	0.41	0.41	0.41	0.14	0.04	0.07	0.41	0.03	0.18	0.15	0.16	0.03	0.35	0.19	0.51	0.05	0.09	0.94	0.19	0.24	0.35	0.62	0.26	0.42	0.2	0.05	0.93	0.04	0.04	0.49	0.15	0.93	0.14	0.54	0.49	0.63	0.43	0.17	0.22
0.5	0	0.06	0.08	0.13	0.24	0.13	0.91	0.26	1.14	0.26	3.58	0.05	0.01	0.42	0.21	0.05	0.26	0.34	0.04	0.05	0.41	0.18	0.42	0.52	0	0.04	0.05	0.07	0.42	0.11	0.72	0.03	0.12	0.42	0.51	0.03	0.15	0.1	0.22	0.43	0.14	0.03	0.43	0.43	0.43	0.36	0.24	0.33	0.43	0.43	0.17	0.43	0.43	0.43	0.28	0.03	0.43	0.43	0.38	0.02	0.73	0.43	0.22	0.13	0.16	0.42	0.43	0.05	0.43	0.43	0.53	0.13	0.43	0.02	0.43	0.19	0.17	1.46	0.57	0.03	0.46	0.44	0.29	0.6	0.39	0.19	0.16	0.44	0.02	0.14	0.37	0.44	0.64	0.08	0	0.17	0	0.21
0.13	0.03	0.1	0.02	0.15	0.46	0.15	0.04	0.04	0.78	0.14	0.34	0.48	0.03	0.48	0.6	0.02	0.5	0.48	0.03	0.4	0.48	0.22	0.15	0.3	0.48	0	0.09	0.14	0.07	0.13	0.98	0.04	0.15	0.31	0.19	0.03	0.91	0.11	0.26	0.03	0.59	0.03	0.18	0.49	0.14	0.22	0.04	0.34	0.49	0.2	0.21	0.03	0.49	0.06	0.34	0.04	0.03	0.16	0.15	0.4	1.71	0	0.22	0.17	0.22	0.02	0.4	0.03	0.04	0.04	0.57	0.15	0.36	0.04	0.16	0.22	0.51	0.32	0.92	0.05	0.41	0.06	0.21	0.81	0.15	0.45	0.18	0.41	0.28	0.17	0.43	0.06	0.36	0.42	0.42	0.03	0.03	0.59
0.16	0.04	0.49	0.07	0.16	0.25	0.14	0.02	0.04	0.82	0.16	1.62	0.07	0.05	0.66	0.24	0.07	0.52	0.31	0.46	0.11	0.18	0.34	0.46	0.18	0.3	0.05	0	1.95	0.15	0.46	0.46	0.02	0.15	0.05	0.21	0.05	0.15	0.14	0.46	0.05	0.46	0.05	0.17	1.27	0.18	0.24	0.03	0.38	0.13	0.47	0.22	0.04	0.18	0.47	0.14	0.32	0.05	0.47	0.16	0.32	0.48	0.05	0.24	0.48	0.18	0.07	0.14	0.07	0.32	0.06	0.46	0.15	0.32	0.58	0.17	0.23	0.2	0.34	0.07	0.48	0.48	0.23	0.33	0.54	0.48	0.21	0.18	0.14	0.05	0.16	0.48	0.07	0.52	0.13	0.04	0.07	0.04	0.59
0.38	0.82	0.2	0.39	0.49	0.6	0.54	0.4	0.43	1.05	0.31	11.7	1.92	0.3	0.39	0.45	0.21	0.37	0.41	1.56	1.35	0.51	0.42	2.32	1.82	1.31	0.45	0.12	0	0.45	1.45	0.47	1.46	0.95	0.45	0.54	0.09	0.09	0.17	2.22	2.56	1.65	0.74	0.65	0.45	0.42	0.51	0.45	2.13	1.53	0.66	0.32	1.48	0.23	0.13	0.25	2.17	2.02	0.82	0.34	0.11	0.95	0.45	0.32	0.19	2.35	1.85	0.95	0.13	0.11	0.1	0.19	0.18	0.35	0.45	0.27	0.23	0.45	0.39	0.34	0.51	0.22	0.31	0.95	0.8	1.05	0.38	0.31	0.17	0.09	0.21	0.35	0.13	0.95	0.13	0.09	0.41	0.12	0.65
0.13	0.05	0.11	0.98	0.14	0.27	0.49	0.4	0.04	0.92	0.13	2.31	0.01	0.06	0.61	0.44	0.08	0.25	0.35	0.04	0.28	0.15	0.22	0.97	0.47	0.06	0.37	0.08	0.47	0	0.12	0.17	0.06	0.13	0.47	0.19	0.04	0.23	0.98	0.16	0.07	0.13	0.07	0.32	0.24	1.18	0.28	0.95	0.99	0.49	0.06	0.22	0.05	0.17	0	0.13	0.06	0.05	0.17	0.13	0.49	0.77	0.07	0.5	0.15	0.19	0.08	0.13	0.08	0.07	0.05	0.15	0.9	0.29	0.04	0.41	0.16	0.41	0.31	0.01	0.41	0.15	0	0.19	0.29	0.42	0.39	0.42	0.13	0.05	0.42	0.3	0.22	0.92	0.42	0.05	0.83	0.43	0.35
0.02	0.11	0.14	0.45	0.1	0.31	0.06	0.12	0.1	1.09	0.44	2.56	0.11	0.42	0.22	0.4	0.47	0.31	0.22	0.48	0.13	0.04	0.36	0.04	0.04	0.11	0.48	0.13	0.17	0.37	0	0.04	0.12	0.09	0.35	0.08	0.49	0.27	0.49	0.27	0.1	0.3	0.1	0.01	0.08	0.4	0.15	0.49	0.23	0.01	0.15	0.08	0.11	0.4	0.31	0.01	0.11	0.4	0.04	0	0.11	0.51	0.13	0.15	0.04	0.4	0.14	0.02	0.14	0.16	0.41	0.04	0.09	0.18	0.41	0.04	0.41	0.07	1.41	0.5	0.43	0.03	0.43	0.45	0.21	0.41	0.41	0.07	0.61	0.62	0.34	0.19	0.11	0.41	0.13	0.1	0.6	0.4	1.02
0.04	0.15	0.59	0.29	0.99	0.28	0.04	0.17	0.5	1.07	0.04	12.3	0.15	0.42	0.52	0.03	0.42	0.2	0.19	0.24	0.43	0.04	0.19	0.05	0.05	0.14	0.43	0.17	0.21	0.16	0.04	0	0.16	0.1	0.14	0.03	0.16	0.29	0.05	0.12	0.16	0.08	0.17	0.84	0.06	0.12	0.17	0.16	0.17	0.15	0.45	0.03	0.16	0.07	0.16	0.45	0.17	0.15	0	0.05	0.16	0.95	0.18	0.56	0.31	0.02	0.19	0.48	0.21	0.17	0.16	0.05	0.29	0.48	0.38	0.33	0.43	0.48	0.34	0.51	0.16	0.38	0.38	0.03	0.48	0.08	0.14	0.69	0.04	0.28	0.05	0.14	0.16	0.41	0.49	0.15	0.17	0.16	0.5
0.39	0.44	0.24	0.24	0.15	0.24	0.12	0.37	0.03	1.49	0.25	4.85	0.43	0.03	0.37	0.21	0.05	0.7	2.09	0.29	0.34	0.16	0.38	0.56	0.23	0.03	0.34	0.02	0.18	0.06	0.12	0.54	0	0.13	0.05	0.19	0.04	0.54	0.44	0.23	0.04	0.13	0.03	0.17	0.55	0.19	0.36	0.12	0.33	0.11	0.04	0.19	0.03	0.22	0.45	0.33	0.46	0.03	0.47	0.12	0.04	0.16	0.04	0.48	0.17	1.49	0.1	0.14	0.06	0.01	0.04	0.16	0.15	0.49	0.05	0.12	0.49	0.53	0.32	0.42	0.22	0.16	0.5	0.39	0.6	0.15	0.19	0.49	0.11	0.63	0.15	0.32	0.05	0.4	0.05	0.34	0.07	0.03	0.4
0.02	0.13	0.4	0.33	0.21	0.29	0.4	0.13	0.9	2.24	0.02	1.47	0.43	0.38	0.27	0.12	0.47	0.43	0.43	0.14	0.13	0.09	0.13	0.01	0.01	0.11	0.15	0.18	0.43	0.14	0.48	0.43	0.13	0	0.12	0.06	0.12	0.54	0.02	0.09	0.13	0.08	0.53	0.06	0.31	0.07	0.13	0.16	0.2	0.02	0.43	0.13	0.73	0.07	0.13	0.37	0.14	0.13	0.09	0.43	0.53	0.02	0.43	0.13	0.06	0.43	0.83	0.02	0.15	0.15	0.13	0.01	0	0.18	0.43	0.45	0.09	0.05	0.53	0.13	0.13	0.4	0.57	0.44	0.19	0.1	0.06	0.03	0.09	0.13	0.01	0.44	0.51	0.54	0.5	0.2	0.34	0.13	0.47
0.1	0.04	0.49	0.38	0.41	0.29	0.1	0.45	0.59	1.75	0.11	6.4	0.07	0.04	0.44	0.48	0.06	0.44	0.34	0.55	0.17	0.17	0.17	0.14	0.14	0.19	0.05	0.05	0.12	0.08	0.12	0.48	0.34	0.12	0	0.43	0.04	0.09	0.11	0.16	0.04	0.13	0.03	0.11	0.98	0.48	0.26	0.05	0.33	0.47	0.47	0.2	0.03	0.55	0.47	0.13	0.05	0.47	0.14	0.12	0.05	0.47	0.05	0.26	0.16	0.97	0.07	0.11	0.4	0.06	0.04	0.24	0.14	0.47	0.05	0.57	0.17	0.21	0.56	0.07	0.05	0.15	0.08	0.18	0.22	0.14	0.17	0.15	0.56	0.06	0.22	0.27	0.46	0.43	0.26	0.04	0.07	0.05	1.22
0.96	0.46	0.6	0.21	0.06	0.46	0.07	0.42	0.17	0.97	0.46	5.86	0.53	0.26	0.26	0.38	0.43	0.22	0.17	0.18	0.18	0.07	0.92	0.09	0.22	0.34	0.19	0.24	0.59	0.19	0.08	0.03	0.2	0.31	0.17	0	0.19	0.21	0.08	0.11	0.21	0.09	0.48	0.43	0.63	0.09	0.56	0.21	0.62	0.42	0.2	0.04	0.21	0.42	0.19	0.25	0.19	0.19	0.42	0.09	0.43	0.15	0.2	0.42	0.05	0.01	0.42	0.08	0.23	0.2	0.28	0.09	0.15	0.21	0.18	0.09	0.09	0.14	0.42	0.19	0.2	0.43	1.02	0	0.25	0.1	0.01	0.42	0.42	0.19	0.08	0.17	0.19	0.28	0.22	0.18	0.62	0.59	0.15
0.11	0.02	0.24	0.34	0.49	0.24	0.44	0.04	0.5	1.08	0.11	2.62	0.12	0.4	0.37	0.28	0.4	0.18	0.23	0.01	0.4	0.16	0.18	0.14	0.5	0.37	0.03	0.05	0.1	0.03	0.47	0.17	0.03	0.5	0.04	0.32	0.01	0.01	1.12	0.5	0.39	0.28	0.02	0.12	0.31	0.13	0.51	0.04	0.51	0.09	0.01	0.55	0.01	0.17	0.03	0.36	0.03	0.02	0.14	0.08	0.02	0.19	0.03	0.19	0.5	0.14	0.05	0.5	0.05	0.05	0.02	0.5	0.34	0.65	0.01	0.31	0.41	0.54	0.7	0.93	0.04	0.16	0.43	0.3	0.25	0.41	0.18	0.16	0.08	0.02	0.14	1.21	0.03	0.63	0.32	0.02	0.05	0.43	0.18
0.47	0.02	0.08	0.47	0.14	0.23	0.12	0.04	0.02	0.92	0.44	6.16	0.39	0.4	0.37	0.41	0.91	0.41	0.41	0.01	0.59	0.48	0.19	0.48	0.38	0.04	0.03	0.05	0.41	0.04	0.48	0.48	0.03	0.15	0.04	0.19	0.08	0.49	0.09	0.2	0.02	0.13	0.02	0.36	0.14	0.79	0.19	0.03	0.5	0.08	0.05	0.49	0.01	0.5	0.04	0.09	0.42	0.01	0.16	0.6	0.18	0.45	0.03	0.99	0.17	0.49	0.04	0.11	0.05	0.04	0.5	0.15	0.9	0.6	0.02	0.41	1.02	0.41	0.57	0.4	0.04	0.4	0.04	0.41	0.6	0.9	0.56	0.51	0.41	0.41	0.5	0.62	0.41	0.92	0.41	0.41	0.05	0.02	0.93
0.01	0.48	0.44	0.48	0.04	0.29	0.01	0.48	0.25	1.13	0.01	3.57	0.46	0.46	0.96	0.46	0.46	0.47	0.46	0.09	0.12	0.04	0.09	0.03	0.27	0.11	0.14	0.14	0.18	0.12	0.01	0.13	0.12	0.02	0.11	0.48	0.08	0.1	0	0.05	0.09	0.03	0.1	0	0.49	0.03	0.51	0.5	0.22	0.07	0.2	0.09	0.46	0.4	0.63	0.43	0.32	0.1	0.05	0.01	0.09	0	0.14	0.14	0.04	0.41	0.93	0.01	0.46	0.12	0.11	0.03	0.02	0.18	0.43	0.03	0.05	0.08	0.2	0.23	0.1	0.04	0.48	0.08	0.17	0.03	0.08	0.05	0.27	0.11	0.03	0.44	0.11	0.29	0.33	0.1	0.44	0.1	0.31
0.1	0.23	0.46	0.5	0.09	0.32	0.1	0.24	0.22	1.01	0.48	4.06	0.15	0.22	0.76	1	0.26	2.08	0.46	0.21	0.44	0.03	0.06	0.47	0.09	0.21	0.35	0.54	0.49	0.16	0.07	0.5	0.61	0.1	0.16	0.09	0.2	0.49	0.05	0	0.24	0.03	0.21	0.12	0.1	0.2	0.35	0.4	0.24	0.42	1.05	0.05	0.23	0.44	0.16	0.19	0.22	0.44	0.04	0.04	0.23	0.05	0.22	0.45	0.01	0.05	0.24	0.1	0.45	0.22	0.47	0.1	0.13	0.2	0.62	0.04	0	0.17	0.22	0.15	0.23	0	0.16	0.4	0.23	0.03	0.3	0.06	0.04	0.38	0.49	0.21	0.49	0.39	0.26	0.21	0.5	0.21	0.71
0.22	0.02	0.44	0.25	0.15	0.23	0.45	0.03	0.03	0.93	0.16	5.39	0.48	0.04	0.74	0.23	0.05	0.24	0.26	0.02	0.07	0.16	0.65	0.16	0.17	0.04	0.03	0.11	0.1	0.48	0.1	0.16	0.03	0.48	0.04	0.2	0.02	0.02	0.1	0.48	0	0.15	0.01	0.13	0.15	0.22	0.2	0.04	0.33	0.1	0.21	0.18	0.49	0.15	0.05	0.11	0.12	0.01	0.49	0.18	0.04	0.49	0.03	0.21	0.15	0.16	0.05	0.49	0.05	0.13	0.03	0.49	0.15	0.27	0.03	0.11	0.49	0.79	0.32	0.04	0.05	0.49	0.05	0.32	0.27	0.49	0.91	0.17	0.49	0.03	0.16	0.3	0.05	0.5	0.5	0.72	0.44	0.83	0.44
0.03	0.12	0.55	0.14	0.09	0.3	0.35	0.12	0.11	0.9	0.15	2.17	0.44	0.12	0.22	0.06	0.15	0.29	0.22	0.43	0.15	0.02	0.43	0.43	0.27	0.63	0.12	0.14	0.74	0.13	0.37	0.11	0.55	0.2	0.34	0.09	0.64	0.09	0.19	0.03	0.15	0	0.12	0.06	0.42	0.54	0.45	0.12	0.23	0.01	0.29	0.08	0.46	0.06	0.19	0.04	0.2	0.12	0.39	0.04	0.2	0.2	0.45	0.2	0.02	0.08	0.45	0.24	0.16	0.66	0.12	0.04	0.16	0.18	0.12	0	0.03	0.07	0.62	0.12	0.14	0.02	0.12	0.09	0.2	0.09	0.09	0.48	0.04	0.11	0.04	0.19	0.58	0.48	0.2	0.5	0.21	0.48	0.27
0.12	0.01	0.09	0.14	0.2	0.23	0.12	0.02	0.33	0.84	0.23	1.94	0.14	0.13	0.44	0.2	0.04	0.75	0.22	0.02	0.24	0.16	0.19	0.14	0.14	0.03	0.04	0.23	0.1	0.19	0.1	0.18	0.03	0.14	0.03	0.18	0.02	0.94	0.44	0.74	0.01	0.13	0	0.12	0.25	0.44	0.21	0.03	0.33	0.1	0.44	0.21	0	0.18	0.05	0.44	0.02	0.01	0.17	0.1	0.44	0.36	0.03	0.21	0.14	0.17	0.04	0.44	0.36	0.03	0.08	0.22	0.2	0.44	0.15	0.12	0.54	0.26	0.31	0.36	0.04	0.15	0.05	0.2	0.26	0.14	0.19	0.44	0.12	0.03	0.15	0.39	0.04	0.94	0.44	0.02	0.34	0.01	0.19
0.03	0.15	0.46	0.15	0.04	0.37	0.03	0.48	0.15	0.96	0.03	5.55	0.27	0.14	0.49	0.12	0.17	0.28	0.25	0.4	0.78	0.41	0.11	0.35	0.14	0.18	0.18	0.58	0.17	0.12	0.01	0.4	0.16	0.04	0.7	0.22	0.12	0.36	0	0.12	0.91	0.41	0.4	0	0.19	0.05	0.51	0.41	0.24	0.03	0.12	0.41	0.11	0.41	0.11	0	0.41	0.41	0.07	0.01	0.14	0.01	0.15	0.41	0.06	0.07	0.17	0.04	0.42	0.17	0.12	0.72	0.92	0.42	0.11	0.04	0.12	0.42	0.22	0.1	0.49	0.1	0.11	0.42	0.42	0.04	0.18	0.07	0.06	0.15	0.42	0.22	0.11	0.26	0.16	0.13	0.42	0.12	0.3
0.03	0.15	0.47	0.47	0.02	0.3	0.03	0.46	0.48	1.38	0.03	1.43	0.14	0.94	0.45	0.43	0.44	0.83	0.42	0.42	0.16	0.05	0.43	0.01	0.03	0.14	0.51	0.18	0.62	0.21	0.04	0.91	0.91	0.01	0.15	0.32	0.53	0.47	0.41	0.33	0.42	0.04	0.15	0.42	0.01	0.42	0.42	0.5	1.02	0.32	0.42	0.92	0.41	0.11	0.41	0.42	0.42	0.16	0.42	0.04	0.13	0.41	1.41	0.49	0.05	0.41	0.51	0.41	0.42	0.49	0.49	0	0.49	0.49	1	0.05	0.27	0.06	0.2	0.5	0.16	0.04	0.15	0.08	0.19	0.91	0.09	0.9	0.4	0.41	0.41	0.38	0.41	0.41	0.52	0.42	0.16	0.92	0.22
0.02	0.24	0.95	1.01	0	0.5	0.45	0.14	0.14	1.38	0.02	8.7	0.12	0.13	0.28	0.52	0.16	0.28	0.23	0.87	0.23	0.11	0.47	0.01	0.04	0.47	0.35	0.18	0.47	0.14	0.47	0.1	0.44	0.98	0.14	0.06	0.15	0.14	0.02	0.47	0.97	0.47	0.3	0.06	0.02	0	0.47	0.28	0.2	0.97	0.13	0.13	0.98	0.08	0.13	0.02	0.14	0.16	0.09	0.49	0.12	0.02	0.14	0.13	0.09	0.06	0.15	0.02	0.17	0.15	0.99	0.01	0.39	0.49	0.12	0.09	0.09	0.05	0.42	0.13	0.14	0.09	0.13	0.06	0.48	0.09	0.06	0.09	0.49	0.5	0.01	0.17	0.13	0.22	0.5	0.13	0.35	0.41	0.23
0.36	0.58	0.31	0.45	0.46	0.42	0.15	0.65	0.96	1.35	0.15	2.28	0.5	0.23	0.37	0.48	0.23	0.49	0.35	0.48	0.57	0.48	0.21	0.15	0.48	0.42	0.22	0.68	0.33	0.34	0.15	0.42	0.6	0.13	0.27	0.19	0.48	0.48	0.15	0.23	0.2	0.51	0.2	0.17	0.14	1.06	0	0.79	0.49	0.18	0.2	0.2	0.2	0.49	0.22	0.15	0.51	0.5	0.17	0.16	0.9	1.41	0.22	0.4	0.6	0.2	0.7	0.4	0.23	0.22	0.2	0.5	0.4	0.36	0.21	0.22	0.6	0.18	0.52	0.22	0.91	0.21	0.22	0.2	0.07	0.91	0.19	0.17	0.16	0.21	0.15	0.41	0.22	0.7	0.23	0.2	0.41	0.25	1.01
0.47	0.35	0.09	0.06	0.48	0.24	0.48	0.01	0.02	0.99	0.48	8.64	0.11	0.03	0.39	0.42	0.05	0.57	0.32	0.29	0.67	0.4	0.2	0.16	0.21	0.82	0.04	0.42	0.1	0.07	0.11	0.17	0.01	0.92	0.36	0.21	0.08	0.33	0.12	0.24	0.04	0.12	0.03	0.15	0.16	0.14	0.4	0	0.55	0.12	0.1	0.41	0.03	0.17	0.06	0.41	0.42	0.03	0.21	0.12	0.04	0.52	0.04	0.42	0.33	0.16	0.05	0.14	0.06	0.02	0.04	0.16	0.16	0.44	0.44	0.14	0.23	0.18	0.45	1.18	0.24	0.17	0.55	0.52	0.46	0.13	0.2	0.46	0.12	0.03	0.14	0.47	0.15	0.36	0.06	0.04	0.05	0.13	0.98
0.47	0.35	0.67	0.97	0.2	0.74	0.22	0.34	0.39	1.69	0.47	4.09	0.5	1.5	0.06	0.53	0.35	0.35	0.32	0.47	0.37	0.22	0.18	0.6	0.4	0.33	0.37	0.38	0.39	0.34	0.4	0.52	0.35	0.2	0.9	0.68	0.32	0.7	0.22	0.23	0.33	0.24	0.35	0.79	0.22	0.4	0.7	0.34	0	0.4	0.47	0.23	0.34	0.24	0.7	0.22	0.35	0.36	0.17	0.23	0.9	1.3	0.35	0.33	0.19	0.15	0.4	0.22	0.37	0.4	0.35	0.21	0.2	0.25	0.6	0.41	0.24	0.16	0.02	0.44	0.35	0.2	0.34	0.15	0.39	0.24	0.15	0.18	0.23	0.35	0.21	0.26	0.33	0.29	0.42	0.42	0.42	0.47	0.69
0.02	0.09	0.14	0.13	0.18	0.43	0.1	0.48	0.22	1.88	0.02	4.85	0.18	0.09	0.47	0.09	0.12	0.24	0.23	0.37	0.13	0.27	0.44	0.04	0.48	0.09	0.1	0.12	0.16	0.19	0.49	0.05	0.49	0.3	0.46	0.47	0.09	0.08	0.01	0.04	0.1	0.01	0.4	0.02	0.04	0.32	0.18	0.12	0.22	0	0.9	0.4	0.4	0.04	0.41	0.4	0.11	0.09	0.05	0.01	0.1	0.51	0.14	0.15	0.09	0.08	0.3	0.41	0.14	0.26	0.09	0.12	0.12	0.2	0.1	0.51	0.04	0.1	0.2	0.42	0.12	0.09	0.19	0.22	0.42	0.01	0.15	0.17	0.06	0.93	0.42	0.88	0.37	0.42	0.13	0.24	0.12	0.12	0.43
0.12	0.57	1.09	0.05	0.47	0.99	0.12	0.58	0.02	2.71	0.13	2.87	0.41	0.04	0.56	0.23	0.45	0.54	0.43	0.71	0.07	0.14	0.43	0.15	0.23	0.03	0.04	0.05	0.47	0.04	0.13	0.47	0.04	0.45	0.05	0.18	0.01	2.57	0.53	0.4	0.33	0.5	0.02	0.95	0.38	0.42	0.2	0.41	1.44	0.91	0.03	0.49	0.02	0.18	0.03	0.48	0.04	0.05	0.15	0.97	0.02	1.77	0.4	0.44	0.14	0.54	0.05	0.94	0.06	0.43	0.03	0.16	0.42	0.25	0.02	0.51	0.39	1.4	0.89	0.03	0.04	0.57	0.03	0.46	0.45	0.49	0.46	0.95	0.09	0.34	0.44	0.56	0.03	0.42	0.05	0.42	0.62	0.03	0.31
0.08	0.58	0.26	0.21	0.48	0.25	0.08	0.21	0.8	2.82	0.07	0.49	0.2	0.17	0.2	0.03	0.21	0.3	0.26	0.19	0.51	0.34	0.01	0.09	0.09	0.18	0.2	0.49	0.46	0.22	0.08	0.03	0.21	0.13	0.41	0.04	0.17	0.23	0.09	0.4	0.18	0.08	0.2	0.19	0.1	0.15	0.41	0.21	0.35	0.07	0.32	0	0.18	0.41	0.21	0.08	0.2	0.45	0.03	0.41	0.18	0.51	0.21	0.56	0.05	0.41	0.21	0.08	0.63	0.23	0.19	0.42	0.13	0.14	0.18	0.42	0.05	0.42	0.17	0.92	0.19	0.04	0.22	0.42	0.27	0.09	0.17	0.42	0.08	0.52	0.08	0.15	0.42	0.2	0.36	0.2	0.63	0.2	0.43
0.32	0.01	0.09	0.04	0.42	0.23	0.11	0.1	0.02	1.55	0.14	2.94	0.03	0.46	0.37	0.2	0.43	0.22	0.25	0.01	0.07	0.15	0.2	0.44	0.37	0.03	0.02	0.04	0.44	0.42	0.12	0.42	0.03	0.12	0.03	0.2	0.01	0.02	0.32	0.51	0.01	0.45	0.02	0.66	0.17	0.12	0.48	0.66	0.32	0.09	0.01	0.17	0	0.15	0.04	0.46	0.02	0.03	0.51	0.2	0.03	0.87	0.02	0.2	0.14	0.16	0.03	0.14	0.04	0.03	0.02	0.47	0.47	0.62	0.08	0.47	0.21	0.18	0.68	0.43	0.04	0.48	0.04	0.21	0.25	0.1	0.2	0.15	0.49	0.02	0.15	0.31	0.04	0.33	0.04	0.01	0.67	0.01	0.56
0.05	0.44	0.21	0.45	0.09	0.47	0.28	0.2	0.38	1.03	0.47	0.94	0.44	0.15	0.42	0.1	0.18	0.27	0.24	0.44	0.23	0.11	0.98	0.06	0.1	0.48	0.18	0.19	0.68	0.18	0.05	0.06	0.51	0.42	0.16	0.09	0.14	0.46	0.11	0.06	0.15	0.05	0.45	0.45	0.45	0.49	0.27	0.44	0.54	0.04	0.16	0.1	0.16	0	0.19	0.07	0.42	0.17	0.08	0.45	0.15	0.06	0.16	0.16	0.06	0.1	0.46	0.05	0.18	0.19	0.17	0.08	0.07	0.27	0.17	0.42	0.1	0.21	0.29	3.12	0.16	0.31	0.18	0.12	0.27	0.1	0.48	0.08	0.06	0.4	0.05	0.22	0.16	0.24	0.19	0.17	0.41	0.18	1.42
0.12	0.05	0.1	0.45	0.13	0.58	0.13	0.06	0.04	1.31	0.12	7.68	0.03	0.06	0.39	1.03	0.4	0.47	0.34	0.04	0.28	0.48	0.4	0.33	0.15	0.41	0.06	0.07	1.41	0.06	0.41	0.16	0.06	0.13	0.08	0.19	0.41	0.29	0.12	0.16	0.41	0.41	0.06	0.12	0.15	0.15	0.22	0.41	0.91	0.41	0.03	0.21	0.04	0.16	0	0.23	0.41	0.21	0.55	0.13	0.41	0.44	0.06	0.51	0.41	0.18	0.14	0.39	0.08	0.41	0.05	0.14	0.27	0.68	0.04	0.14	0.41	1.35	0.68	0.01	0.03	0.15	0	0.19	0.41	0.27	0.41	0.18	0.12	0.04	0.14	0.51	0.01	0.35	0.08	0.41	0.1	0.05	0.3
0.01	0.11	0.14	0.46	0.18	0.31	0.02	0.11	0.47	1.37	0.01	1.48	0.98	0.12	0.26	0.1	0.2	0.3	0.58	0.12	0.13	0.04	0.09	0.03	0.03	0.1	0.11	0.42	0.49	0.11	0.01	0.49	0.25	0.39	0.49	0.08	0.55	0.09	0.01	0.05	0.49	0.04	0.1	0.4	0.18	0.16	0.15	0.29	0.41	0.08	0.17	0.41	0.41	0.41	0.11	0	0.42	0.1	0.05	0.01	0.11	0.42	0.11	0.53	0.04	0.08	0.43	0.02	0.2	0.14	0.1	0.07	0.26	0.18	0.09	0.04	0.05	0.07	0.2	0.44	0.44	0.04	0.44	0.26	0.21	0.03	0.08	0.09	0.4	0.1	0.03	0.47	0.11	0.23	0.35	0.1	0.4	0.1	0.23
0.16	0.02	0.38	0.05	0.45	0.61	0.13	0.12	0.18	1.06	0.12	1.7	0.05	0.03	0.39	0.21	0.26	0.4	0.61	0.03	0.06	0.15	0.2	0.42	0.14	0.43	0.03	0.02	1.83	0.06	0.44	0.2	0	0.14	0.05	0.45	0.03	0.14	0.11	0.22	0.03	0.34	0.02	0.16	0.44	0.23	0.57	0.14	0.33	0.49	0.04	0.2	0.07	0.16	0.38	0.11	0	0.03	0.5	0.11	0.03	0.46	0.04	0.44	0.4	0.16	0.16	0.33	0.4	0.02	0.33	0.33	0.13	0.29	0.03	0.13	0.4	0.17	0.44	0.41	0.41	0.14	0.06	0.41	0.81	0.41	0.31	0.16	0.41	0.03	0.15	0.32	0.05	0.5	0.41	0.02	0.05	0.03	0.61
0.12	0.02	0.09	0.08	0.13	0.61	0.11	0.22	0.03	2.16	0.12	10.1	0.04	0.42	0.38	0.59	0.52	0.51	0.43	0.02	0.1	0.15	0.21	0.14	0.43	0.09	0.03	0.05	0.43	0.05	0.1	0.56	0.03	0.43	0.04	0.2	0.33	0.28	0.09	0.24	0.02	0.1	0.01	0.13	0.89	0.14	0.2	0.03	0.33	0.09	0.02	0.17	0.01	0.44	0.05	0.12	0.03	0	0.35	0.11	0.04	0.94	0.33	0.2	0.28	0.16	0.04	0.44	0.05	0.04	0.02	0.36	0.15	0.27	0.1	0.12	0.24	0.2	0.32	0.44	0.19	0.55	0.05	0.2	0.26	0.13	0.19	0.55	0.11	0.03	0.53	0.31	0.04	0.55	0.04	0.01	0.04	0.01	0.18
0.06	0.31	0.46	0.18	0.1	0.26	0.04	0.17	0.14	1.17	0.03	6.84	0.15	0.14	0.18	0.03	0.27	0.2	0.19	0.46	0.46	0.04	0.05	0.2	0.05	0.34	0.18	0.47	1.17	0.17	0.08	0	0.17	0.09	0.48	0.35	0.47	0.56	0.05	0.04	0.17	0.47	0.17	0.07	0.47	0.24	0.17	0.17	0.17	0.06	0.16	0.03	0.15	0.1	0.73	0.05	0.18	0.15	0	0.42	0.53	0.33	0.18	0.69	0.03	0.02	0.59	0.36	0.25	0.17	0.49	0.05	0.35	0.13	0.5	0.08	0.04	0.26	0.17	0.41	0.4	0.09	0.16	0.4	0.23	0.08	0.03	0.09	0.04	0.16	0.25	0.14	0.47	0.18	0.18	0.17	0.51	0.41	0.21
0.02	0.99	0.49	0.69	0.49	0.32	0.02	0.11	0.49	1.21	0.25	4.89	0.12	0.11	0.23	0.08	0.16	0.59	0.98	0.48	0.14	0.06	0.25	1.72	0.04	0.4	0.12	0.48	0.33	0.58	0.38	0.05	0.25	0.06	0.12	0.09	0.09	0.45	0.05	0.04	0.41	0.31	0.32	0.07	0.05	0.1	0.16	0.13	0.41	0.01	0.29	0.1	0.11	0.06	0.13	0.02	0.13	0.1	0.05	0	0.1	0.02	0.42	0.16	0.04	0.07	0.42	0.02	0.42	0.14	0.09	0.04	0.1	0.19	0.42	0.4	0.3	0.35	0.22	0.11	0.11	0.11	0.43	0.14	0.22	0.03	0.7	0.43	0.01	0.34	0.04	0.3	0.12	0.43	0.43	0.11	0.36	0.43	0.53
0.12	0.22	0.21	0.1	0.12	0.24	0.1	0.03	0.3	0.98	0.2	0.95	0.04	0.3	0.38	0.2	0.05	0.22	0.49	0.03	0.21	0.26	0.23	0.13	0.13	0.02	0.04	0.06	0.1	0.25	0.11	0.16	0.13	0.12	0.32	0.18	0.35	0.22	0.1	0.22	0.04	0.42	0.03	0.11	0.13	0.13	0.42	0.04	0.33	0.1	0.02	0.19	0.55	0.16	0.04	0.1	0.04	0.06	0.46	0.34	0	0.32	0.04	0.21	0.15	0.16	0.28	0.11	0.06	0.04	0.05	0.15	0.12	0.27	0.01	0.36	0.38	0.77	0.3	2.92	0.03	0.24	0.04	0.19	0.46	0.11	0.21	0.16	0.1	0.02	0.13	0.29	0.39	0.33	0.07	0.03	0.07	0.03	1.48
0.02	0.99	0.97	0.47	0.03	0.46	0.02	0.66	0.96	2.58	0.33	3.56	0.11	0.44	0.44	0.94	0.14	0.44	0.43	0.43	0.43	0.93	0.43	0.92	0.43	0.42	0.92	0.52	0.44	0.92	0.91	0.07	0.41	0.41	0.51	1.41	0.41	0.91	0.01	0.45	0.4	0.4	0.4	0	1.5	0.03	0.5	0.49	0.5	0.01	0.49	0.1	0.99	0.06	0.48	0.48	0.12	0.49	0.06	0.02	0.48	0.02	1.48	0.48	0.05	0.98	0.47	0.02	0.46	0.96	0.46	0.04	0.04	0.56	0.45	0.44	0.43	0.92	0.43	0.42	0.92	0.1	0.44	0.41	0.41	0.41	0.41	0.43	0.01	0.42	0.45	0.93	0.72	0.41	0.41	0.41	0.42	0.91	0.43
0.14	0.87	0.1	0.02	0.14	0.4	0.13	0.22	0.03	1.79	0.14	0.81	0.44	0.03	0.52	0.23	0.02	0.24	0.44	0.03	0.07	0.17	0.28	0.15	0.24	0.04	0.23	0.05	0.11	0.07	0.45	0.16	0.04	0.15	0.27	0.21	0.03	0.33	0.13	0.22	0.03	0.46	0.03	0.16	0.45	0.14	0.22	0.04	0.35	0.1	0.96	0.45	0.14	0.16	0.06	0.46	0.03	0.03	0.18	0.12	0.04	0.12	0	0.41	0.17	0.28	0.01	0.14	0.46	0.05	0.76	0.15	0.46	0.29	0.04	0.14	0.23	0.19	0.3	0.06	0.05	0.46	0.38	0.41	0.3	0.13	0.97	0.51	0.13	0.04	0.5	0.31	0.43	0.96	0.02	0.04	0.42	0.03	0.2
0.48	0.21	0.49	0.23	0.13	0.42	0.15	0.22	0.21	1.86	0.15	0.72	0.23	0.23	0.37	0.21	0.3	0.44	0.35	0.44	0.27	0.47	0.21	0.16	0.9	0.22	0.22	0.24	0.32	0.23	0.15	0.67	0.22	0.94	0.6	0.19	0.19	0.2	0.44	0.27	0.21	0.57	0.54	0.17	0.43	0.24	0.01	0.94	0.44	0.15	0.2	0.74	0.5	0.17	0.58	0.16	0.34	0.45	0.46	0.45	0.21	0.24	0.22	0	0.18	0.2	0.45	0.55	0.24	0.23	0.2	0.14	0.38	0.61	0.3	0.22	0.21	0.18	0.31	0.22	0.23	0.21	0.55	0.36	0.06	0.21	0.19	0.18	0.16	0.45	0.95	0.34	0.22	0.38	0.27	0.38	0.23	0.21	0.45
0.03	0.14	0.19	0.17	0.09	0.28	0.39	0.15	0.14	1.21	0.26	0.91	0.15	0.13	0.55	0.08	0.18	0.23	1.74	0.47	0.17	0.03	0.12	0.04	0.05	0.45	0.17	0.18	0.45	0.15	0.04	0.08	0.16	0.45	0.55	0.44	0.13	0.45	0.39	0.04	0.16	0.65	0.32	0.07	0.25	0.18	0.19	0.96	0.19	0.04	0.15	0.05	0.52	0.16	0.5	0.04	0.46	0.17	0.25	0.04	0.14	0.05	0.46	0.18	0	0.44	0.46	0.04	0.56	0.16	0.26	0.38	0.09	0.19	0.14	0.03	0.1	0.38	0.19	0.18	0.14	0.4	0.16	0.83	0.18	0.03	0.05	0.06	0.04	0.13	0.04	0.47	0.15	0.45	0.48	0.16	0.18	0.16	0.2
0.07	0.44	0.2	0.47	0.06	0.22	0.45	0.49	0.28	1.63	0.45	0.49	0.51	0.15	0.44	0.01	0.18	0.18	0.49	0.19	0.24	0.17	0.49	1.44	0.07	0.52	0.33	0.18	0.56	0.89	0.99	0.03	0.16	0.06	0.18	0.01	0.14	0.15	0.49	0.05	0.16	0.08	0.48	1.3	0.6	0.23	0.5	0.81	0.38	0.33	0.27	0.03	0.41	0.1	1	0.07	0.16	0.16	0.32	0.07	0.5	0.08	0.55	0.18	0.05	0	0.18	0.4	0.19	0.43	0.15	0.07	0.06	0.12	0.16	0.44	0.11	0.02	0.45	0.95	0.17	0.07	0.47	0.01	0.16	0.07	0.01	0.05	0.47	0.18	0.07	0.12	0.48	0.15	0.45	0.16	0.19	0.26	0.76
0.15	0.04	0.11	0.03	0.17	0.21	0.49	0.12	0.05	1.36	0.48	4.82	0.4	0.29	0.65	0.24	0.03	0.27	0.41	0.4	0.39	0.18	0.21	0.41	0.16	0.05	0.02	0.07	0.41	0.08	0.15	0.41	0.05	0.26	0.07	0.41	0.04	0.05	0.14	0.24	0.04	0.13	0.04	0.41	0.19	0.15	0.23	0.05	0.41	0.12	0.51	0.22	0.03	0.2	0.07	0.15	0.04	0.04	0.52	0.13	0.41	0.51	0.02	0.33	0.92	0.42	0	0.14	0.01	0.06	0.42	0.16	0.16	0.3	0.39	0.47	0.23	0.42	0.33	0.07	0.06	0.16	0.42	0.2	0.29	0.17	0.54	0.19	0.13	0.05	0.92	0.62	0.37	0.55	0.13	0.04	0.42	0.04	0.48
0	0.14	0.15	0.35	0.22	0.3	0.13	0.13	0.1	1.57	0.01	1.49	0.11	0.43	0.25	0.1	0.45	0.3	0.24	0.11	0.13	0.04	0.08	0.03	0.03	0.12	0.14	0.15	0.17	0.13	0.42	0.04	0.12	0.02	0.11	0.47	0.11	0.52	0.02	0.47	0.15	0.04	0.57	0.04	0.21	0.07	0.15	0.78	0.48	0.03	0.48	0.08	0.11	0.05	0.13	0.02	0.49	0.49	0.37	0.27	0.14	0.02	0.16	0.15	0.04	0.39	0.23	0	0.53	0.14	0.51	0.03	0.02	0.18	0.1	0.04	0.1	0.4	0.2	0.4	0.81	0.06	0.41	0.07	0.21	0.03	0.08	0.4	0.42	0.11	0.07	0.62	0.12	0.42	0.15	0.43	0.43	0.13	0.22
0.49	0.05	0.12	0.51	0.16	0.22	0.14	0.41	0.05	1.07	0.16	1.67	0.07	0.05	0.42	0.24	0.03	0.72	2.09	0.31	0.37	0.17	0.68	0.98	0.49	0.05	0.02	0.07	0.49	0.08	0.14	0.32	0.05	0.17	0.06	0.21	0.4	0.19	0.13	0.24	0.05	0.89	0.04	0.56	0.48	0.4	0.23	0.14	0.72	0.14	0.05	0.21	0.04	0.17	0.08	0.14	0.43	0.05	0.44	0.15	0.06	0.94	0.03	0.24	0.17	0.19	0.17	0.16	0	0.06	0.45	0.17	0.15	0.31	0.46	0.56	0.49	0.21	0.32	0.42	0.47	0.36	0.08	0.24	0.29	0.18	0.47	0.18	0.58	0.05	0.48	0.6	0.08	0.43	0.03	0.05	0.03	0.05	0.22
0.13	0.91	0.11	0.18	0.46	0.53	0.14	0.01	0.03	0.83	0.15	3.31	0.22	0.09	0.38	0.29	0.06	0.26	0.3	0.04	0.12	0.17	0.21	0.4	0.17	0.04	0.04	0.4	0.24	0.07	0.13	0.53	0.01	0.14	0.41	0.2	0.04	0.41	0.12	0.41	0.04	0.12	0.04	0.48	0.16	0.14	0.23	0.06	0.62	0.12	0.05	0.22	0.03	0.17	0.1	0.39	0.41	0.04	0.17	0.14	0.04	0.42	0.04	0.26	0.18	0.42	0.39	0.45	0.06	0	0.42	0.16	0.42	0.34	0.31	0.13	0.58	0.44	0.33	0.06	0.42	0.17	0.43	0.42	0.56	0.13	0.21	0.17	0.13	0.03	0.43	0.32	0.06	1.22	0.06	0.03	0.45	0.04	0.21
0.46	0.49	0.09	0.07	0.49	0.24	0.13	0.04	0.03	1.5	0.99	3.51	0.04	0.05	0.48	0.24	0.17	0.22	0.24	0.01	0.06	0.48	0.2	0.32	0.16	0.15	0.05	0.06	0.48	0.05	0.1	0.66	0.04	0.13	0.04	0.48	0.02	0.16	0.1	0.48	0.09	0.12	0.03	0.14	0.48	0.13	0.32	0.04	0.35	0.09	0.54	0.41	0.02	0.44	0.05	0.1	0.04	0.08	0.55	0.1	0.04	0.11	0.04	0.41	0.2	0.15	0.05	0.48	0.06	0.2	0	0.16	0.49	0.26	0.05	0.13	0.22	0.18	0.58	0.04	0.05	0.49	0.05	0.59	0.26	0.12	0.21	0.49	0.11	0.19	0.14	0.33	0.04	0.65	0.06	0.69	0.09	0.03	0.59
0.03	0.13	0.5	0.38	0.02	0.3	0.03	0.44	0.14	1.44	0.03	0.43	0.18	0.41	0.25	0.09	0.18	0.25	0.23	0.28	1.04	0.05	0.09	0.01	0.03	0.41	0.41	0.42	1.21	0.15	0.04	0.05	0.14	0.41	0.18	0.09	0.17	0.14	0.42	0.09	0.16	0.16	0.42	0.05	0	0.02	0.14	0.42	0.21	0.04	0.69	0.45	0.14	0.42	0.14	0.03	0.14	0.16	0.05	0.04	0.13	0.18	0.15	0.14	0.26	0.07	0.17	0.03	0.18	0.15	0.43	0	0.12	0.19	0.13	0.05	0.43	0.06	0.2	0.37	0.43	0.06	0.15	0.08	0.19	0.05	0.43	0.43	0.33	0.4	0.01	0.19	0.14	0.43	0.84	0.15	0.17	0.16	0.44
0.02	0.94	0.54	0.17	0	0.44	0.41	0.13	0.11	1.07	0.02	13.4	0.13	0.45	0.45	0.16	0.96	0.31	0.75	0.55	0.15	0.1	0.46	0.02	0.46	0.38	0.46	0.2	0.2	0.22	0.1	0.28	0.46	0.01	0.46	0.06	0.12	0.46	0.02	0.09	0.46	0.08	0.13	0.04	0.02	0.97	0.46	0.57	0.2	0.47	0.47	0.47	0.14	0.57	0.47	0.02	0.38	0.47	0.09	0.48	0.41	0.36	0.14	0.12	0.48	0.06	0.15	0.02	0.48	0.49	0.15	0.01	0	0.18	0.14	0.48	0.09	0.05	0.23	2.94	0.21	0.27	0.49	0.06	0.99	0.09	0.45	0.09	0.49	0.12	0.01	0.49	0.13	0.22	0.49	0.13	0.49	0.38	0.96
0.18	0.28	0.44	0.32	0.18	0.23	0.18	0.45	0.44	2.16	0.18	7.66	0.27	0.49	0.22	0.34	0.45	0.09	0.05	0.27	0.32	0.2	0.27	0.19	0.19	0.27	0.29	0.29	0.46	0.64	0.18	0.13	0.28	0.18	0.51	0.46	0.27	0.27	0.18	0.2	0.27	0.21	0.52	0.46	0.46	0.21	0.55	0.87	0.25	0.3	0.47	0.14	0.38	0.22	0.28	0.57	0.47	0.65	0.13	0.19	0.63	0.21	0.47	0.68	0.46	0.31	0.3	0.18	0.31	0.31	0.35	0.56	0.18	0	0.25	0.19	0.4	0.12	0.21	0.27	0.29	0.18	0.28	0.15	0.93	0.35	0.36	0.15	0.19	0.41	0.33	0.5	0.28	0.03	0.41	0.56	0.69	0.46	0.91
0.46	0.02	0.07	0.06	0.14	0.25	0.96	0.03	0.02	1.48	0.11	7.68	0.42	0.02	0.48	0.2	0.05	0.48	0.48	0.02	0.98	0.48	0.55	0.13	0.48	0.02	0.04	0.05	0.1	0.04	0.1	0.17	0.04	0.13	0.05	0.37	0.01	0.99	0.1	0.23	0.03	0.11	0.59	0.11	0.44	0.49	0.21	0.38	0.49	0.49	0.13	0.5	0.02	0.17	0.04	0.09	0.03	0.03	0.16	0.1	0.4	0.2	0.04	0.21	0.14	0.9	0.05	0.1	0.06	0.05	0.4	0.13	0.12	0.5	0	0.11	0.56	0.16	0.41	0.51	0.04	0.17	0.41	0.22	0.91	0.41	0.24	0.16	0.09	0.02	0.13	0.29	0.42	1.12	0.06	0.35	0.37	0.03	1.88
0.04	0.13	0.32	0.49	0.26	0.5	0.03	0.13	0.13	2.21	0.03	2.24	0.13	0.13	0.43	0.08	0.36	0.42	0.22	0.12	0.27	0.04	0.09	0.43	0.05	0.13	0.15	0.14	0.29	0.51	0.03	0.2	0.14	0.1	0.77	0.1	0.11	0.2	0.16	0.04	0.45	0.01	0.12	0.04	0.1	0.14	0.22	0.51	0.24	0.1	0.1	0.09	0.11	0.49	0.13	0.4	0.48	0.41	0.09	0.03	0.11	0.04	0.16	0.62	0.42	0.2	0.15	0.04	0.15	0.44	0.12	0.05	0.1	0.19	0.11	0	0.44	0.08	0.23	0.13	0.15	0.03	0.46	0.1	0.46	0	0.1	0.48	0.04	0.11	0.05	0.2	0.14	0.23	0.54	0.11	0.16	0.13	0.53
0.1	0.46	0.2	0.31	0.26	0.7	0.1	0.21	0.19	2.03	0.06	0.68	0.15	0.19	0.27	0.11	0.43	0.31	0.24	0.44	0.57	0.03	0.06	0.46	0.34	0.47	0.22	0.23	0.23	0.16	0.11	0.04	0.48	0.23	0.17	0.09	0.21	0.22	0.05	0.16	0.21	0.03	0.6	0.12	0.41	0.49	0.24	0.23	0.24	0.04	0.2	0.27	0.42	0.06	0.16	0.05	0.3	0.22	0.04	0.04	0.2	0.44	0.54	0.21	0.27	0.05	0.44	0.11	0.23	0.24	0.22	0.1	0.09	0.2	0.47	0.29	0	0.29	0.35	0.15	0.21	0.01	0.16	0.09	0.26	0.24	0.09	0.07	0.12	0.2	0.09	0.21	0.16	0.49	0.23	0.21	0.24	0.22	0.4
0.06	0.9	0.45	0.5	0.32	0.49	0.06	0.48	0.16	1.49	0.06	6.73	0.43	0.17	0.18	0.15	0.43	0.24	0.18	0.42	0.41	0.06	1.11	0.4	0.4	0.33	0.2	1.01	2.32	0.39	0.41	0.41	0.41	0.04	0.5	0.4	0.16	0.57	0.08	0.41	0.19	0.07	0.5	0.09	0.06	0.3	0.55	0.18	0.22	0.09	0.48	0.05	0.18	0.17	0.48	0.57	0.19	0.19	0.03	0.07	0.44	0.93	0.4	0.56	0.05	0.02	0.22	0.06	0.36	0.44	0.52	0.06	0.07	0.43	0.47	0.43	0.08	0	0.52	0.17	0.18	0.42	0.27	0.03	0.41	0.09	0.01	0.17	0.4	0.16	0.26	0.13	0.9	0.16	3	0.2	0.9	0.4	0.17
0.2	0.69	1.13	0.32	0.54	0.21	0.2	0.95	0.85	2.48	0.2	5	0.58	0.39	0.48	0.48	0.49	0.35	0.5	0.45	0.33	0.21	0.16	0.19	0.19	0.58	0.3	0.51	0.39	0.31	0.22	0.42	0.32	0.61	0.71	0.41	0.31	0.38	0.2	0.41	0.33	0.42	0.33	0.22	0.46	1.22	0.42	0.32	0.02	0.21	0.47	0.62	0.92	0.42	0.67	0.2	0.33	0.82	0.17	0.23	0.42	0.21	0.52	0.82	0.19	0.16	0.33	0.45	0.68	0.33	0.48	0.19	0.47	0.21	0.31	0.53	0.22	0.15	0	0.6	0.36	0.19	0.32	0.47	0.37	0.22	0.13	0.16	0.22	1.48	0.19	0.21	0.31	0.3	0.78	0.49	0.32	0.33	0.24
0.11	0.91	0.5	0.4	0.13	0.5	0.12	0.05	0.1	1.26	0.12	5.71	0.4	3.5	0.34	0.2	0.07	0.2	0.33	0.03	0.13	0.14	0.2	0.52	0.14	0.05	0.06	0.07	0.78	0.01	0.46	0.16	0.05	0.21	0.45	0.75	0.54	0.44	1.22	0.15	0.04	0.44	0.04	0.1	0.54	0.43	0.43	0.05	0.42	0.48	0.05	0.2	0.43	0.17	0.51	0.4	0.05	0.04	0.7	0.4	0.04	0.11	0.06	0.5	0.49	2.49	0.07	0.11	0.07	0.06	0.48	0.14	0.13	0.28	0.47	0.13	0.15	0.96	0.55	0	0.03	0.45	0.45	0.22	0.44	0.44	0.24	0.18	0.11	0.15	0.44	0.3	0	0.41	0.07	0.43	0.07	0.04	0.68
0.13	0.04	0.08	0.21	0.14	0.53	0.12	0.05	0.02	0.82	0.12	4.42	0.03	0.03	0.46	0.21	0.07	0.96	0.46	0.04	0.2	0.45	0.52	0.51	0.46	0.03	0.05	0.46	0.41	0.56	0.18	0.27	0.05	0.13	0.05	0.55	0.14	0.22	0.11	0.21	0.05	0.13	0.04	0.29	0.16	0.56	0.23	0.05	0.66	0.13	0.96	0.46	0.04	0.16	0.03	0.11	0.05	0.46	0.47	0.12	0.03	1.11	0.05	0.23	0.46	0.17	0.18	0.14	0.07	0.46	0.25	0.16	0.56	0.66	0.04	0.13	0.21	0.18	0.31	0.03	0	0.33	0.13	0.17	0.29	0.13	0.19	0.17	0.12	0.08	0.14	0.32	0.28	0.69	0.09	0.04	0.06	0.08	0.97
0.47	0.45	0.18	0.52	0.08	0.28	0.41	0.46	0.68	1.34	0.21	1.11	0.34	0.16	0.33	0.35	0.16	0.28	0.2	0.15	0.41	0.02	0.12	0.04	0.04	0.14	0.17	0.17	0.61	0.17	0.17	0.11	0.15	0.08	0.15	0.05	0.13	0.41	0.04	0	0.15	0.02	0.14	0.39	0.24	0.26	0.42	0.2	0.51	0.45	0.15	0.42	0.41	0.07	0.31	0.04	0.14	0.14	0.3	0.04	0.54	0.41	0.42	0.21	0	0.05	0.16	0.06	0.2	0.17	0.18	0.16	0.46	0.37	0.53	0.04	0.01	0.1	0.19	0.16	0.18	0	0.15	0.05	0.21	0.04	0.05	0.06	0.03	0.42	0.04	0.17	0.47	0.8	0.16	0.17	0.93	0.42	2.01
0.12	0.05	0.11	0.08	0.5	0.9	0.4	0.96	0.4	1.2	0.12	3.25	0	0.06	0.45	0.46	0.08	1.1	0.34	0.04	0.5	0.45	0.45	0.14	0.14	0.05	0.39	0.08	0.46	0.3	0.12	0.16	0.06	0.13	0.46	0.42	0.03	0.46	0.12	0.16	0.1	0.13	0.05	0.12	0.15	0.47	0.7	0.06	0.69	0.18	0.47	0.21	0.04	0.21	0.47	0.12	0.06	0.05	0.16	0.12	0.04	0.59	0.43	0.97	0.15	0.19	0.07	0.48	0.98	0.07	0.05	0.14	0.48	0.28	0.1	0.14	0.16	0.68	0.32	0.41	0.17	0.16	0	0.51	0.28	0.48	0.68	0.33	0.12	0.04	0.14	0.59	0.35	0.79	0.46	0.05	0.1	0.49	0.28
0.07	0.19	0.21	0.21	0.06	0.57	0.68	0.21	0.48	1.01	0.07	2.92	0.18	0.18	0.18	0.31	0.62	0.41	0.16	0.21	0.2	0.42	0.04	0.08	0.07	0.18	0.21	0.21	0.42	0.19	0.37	0.03	0.43	0.05	0.18	0.15	0.19	0.44	0.24	0.09	0.2	0.09	0.44	0.18	0.17	0.06	0.2	0.35	0.14	0.49	0.59	0.04	0.18	0.29	0.41	0.08	0.2	0.51	0.27	0.09	0.18	1.27	0.22	0.18	0.05	0.24	0.22	0.07	0.6	0.21	0.19	0.11	0.06	0.42	0.19	0.18	0.09	0.1	0.31	0.43	0.17	0.07	0.19	0	0.2	0.1	0	0.04	0.43	0.18	0.07	0.12	0.33	0.15	0.21	0.2	0.4	0.2	0.16
0.49	0.46	0.47	0.29	0.15	0.48	0.54	0.54	0.46	1.6	0.21	14.8	0.28	0.52	0.48	0.27	0.68	0.42	0.79	0.26	0.23	0.23	0.28	0.15	0.2	0.28	0.63	1.33	2.14	0.36	1	0.23	0.28	0.19	0.22	0.25	0.28	0.25	1.6	0.23	0.26	0.2	0.27	0.62	0.2	0.6	0.07	0.28	0.39	0.4	0.27	0.27	0.26	0.4	0.28	0.21	0.28	0.26	0.23	0.61	0.27	0.21	0.37	0.07	0.18	0.16	0.29	0.41	0.3	0.81	0.91	0.48	0.33	0.71	0.44	0.27	0.41	0.3	0.37	0.28	0.47	0.21	0.47	0.2	0	1.02	0.25	0.51	0.41	0.27	0.14	0.39	0.28	1.02	0.56	0.27	0.29	0.27	1.7
0.03	0.11	0.16	0.16	0.1	0.31	0.04	0.12	0.49	1.8	0.03	0.49	0.13	0.13	0.22	0.07	0.14	0.59	0.6	0.47	0.91	0.4	0.25	1.73	0.05	0.51	0.41	0.61	0.18	0.13	0.4	0.09	0.41	0.43	0.15	0.1	0.13	0.12	0.03	0.04	0.22	0.01	0.14	0.41	0.5	0.16	0.39	0.41	0.44	0.01	0.19	0.09	0.12	0.07	0.42	0.03	0.12	0.42	0.35	0.92	0.14	0.13	0.13	0.22	0.42	0.09	0.16	0.52	0.16	0.16	0.13	0.43	0.43	0.53	0.31	0	0.12	0.84	0.22	0.46	0.13	0.05	0.44	0.1	0.28	0	0.1	0.08	0.03	0.12	0.04	0.53	0.13	0.55	0.14	0.15	0.14	0.88	0.25
0.08	0.42	0.42	0.23	0.06	0.51	0.42	0.45	0.19	2.08	0.08	2.92	0.19	0.17	0.18	0.03	0.21	0.92	0.17	0.19	0.28	0.35	0.42	0.09	0.47	0.19	0.2	0.21	0.62	0.54	0.3	0.43	0.21	0.06	0.52	0.01	0.21	0.54	0.36	0.42	0.92	0.09	0.2	0.1	0.09	0.42	0.19	0.21	0.15	0.94	0.44	0.04	0.51	0.13	0.19	0.09	0.19	0.19	0.44	0.44	0.19	0.09	0.21	0.44	0.05	0.01	0.21	0.45	0.21	0.21	0.19	0.09	0.45	0.45	0.18	0.1	0.1	0.21	0.46	0.18	0.46	0.05	0.52	0	0.25	0.47	0	0.04	0.09	0.57	0.47	0.27	0.19	0.15	0.21	0.49	0.33	0.22	0.47
0.43	0.15	0.43	0.18	0.09	0.27	0.04	0.18	0.15	1.56	0.18	12.1	0.5	0.16	0.22	0.06	0.19	0.52	0.21	0.47	0.21	0.34	0.49	0.05	0.04	0.16	0.4	0.49	0.21	0.19	0.07	0.09	0.48	0.03	0.15	0.04	0.16	0.18	0.05	0.06	0.17	0.26	0.58	0.07	0.05	0.1	0.18	0.18	0.18	0.09	0.19	0.08	0.9	0.47	0.19	0.11	0.4	0.25	0.09	0.08	0.39	0.9	0.4	0.15	0.06	0.4	0.5	0.33	0.22	0.17	0.37	0.13	0.19	0.9	0.49	0.08	0.07	0.7	0.16	0.47	0.51	0.06	0.54	0.04	0.29	0.09	0.04	0	0.4	0.15	0.04	0.15	0.35	0.5	0.19	0.17	0.41	0.19	0.31
0.02	0.47	0.16	0.25	0.1	0.31	0.02	0.4	0.47	0.97	0.01	0.93	0.46	0.4	0.22	0.08	0.63	0.26	0.22	0.11	0.14	0.04	0.4	0.04	0.04	0.11	0.53	0.33	0.17	0.28	0.12	0.4	0.13	0.35	0.4	0.09	0.08	0.5	0.01	0.4	0.4	0.03	0.1	0.21	0.06	0.09	0.16	0.4	0.46	0	0.16	0.08	0.12	0.07	0.12	0.01	0.41	0.11	0.19	0.01	0.12	0.42	0.42	0.16	0.22	0.08	0.14	0.03	0.15	0.17	0.42	0.04	0.35	0.19	0.42	0.39	0.04	0.07	0.52	0.7	0.14	0.05	0.25	0.08	0.62	0.11	0.08	0.28	0	0.21	0.03	0.43	0.11	0.62	0.13	0.22	0.43	0.12	0.4
0.19	0.47	0.16	0.16	0.12	0.24	0.48	0.48	0.03	1.39	0.11	0.49	0.03	0.19	0.35	0.49	0.05	0.2	2.92	0.03	0.07	0.49	0.42	0.14	0.27	0.37	0.19	0.4	0.09	0.05	0.1	0.4	0.03	0.13	0.18	0.18	0.02	0.14	0.12	0.41	0.41	0.1	0.38	0.15	0.41	0.12	0.21	0.03	0.41	0.18	0.24	0.2	0.42	0.42	0.04	0.34	0.1	0.42	0.16	0.11	0.02	0.18	0.04	0.42	0.15	0.18	0.05	0.12	0.1	0.04	0.04	0.14	0.13	0.28	0.02	0.86	0.62	0.45	0.68	0.34	0.02	0.42	0.04	0.17	0.27	0.51	0.18	0.43	0.1	0	0.38	0.5	0.04	0.34	0.05	0.03	0.53	0.03	0.2
0.02	0.13	0.38	0.17	0.23	0.44	0.02	0.14	0.12	0.94	0.03	8.41	0.13	0.13	0.46	0.09	0.18	0.56	0.24	0.56	0.46	0.46	0.11	0.01	0.02	0.17	0.17	0.47	0.47	0.15	0.03	0.05	0.47	0.01	0.4	0.43	0.14	0.2	0.03	0.47	0.14	0.04	0.15	0.05	0.07	0.48	0.33	0.17	0.21	0.04	0.48	0.08	0.48	0.08	0.17	0.03	0.33	0.14	0.05	0.04	0.13	0.04	0.89	0.15	0.04	0.07	0.15	0.16	0.49	0.54	0.35	0.01	0.34	0.19	0.49	0.04	0.09	0.08	0.19	0.13	0.37	0.04	0.49	0.23	0.14	0.04	0.08	0.04	0.03	0.4	0	0.18	0.13	0.23	0.57	0.4	0.4	0.15	0.43
0.19	0.29	0.42	1.18	0.18	0.12	0.42	0.42	0.31	1.38	0.19	2.45	0.3	1	0.49	0.5	0.32	0.09	0.05	0.91	0.49	0.19	0.49	0.18	0.49	0.6	0.32	0.32	0.99	0.31	0.79	0.49	0.3	0.31	0.27	0.12	0.32	0.7	0.5	0.21	0.33	1.07	0.48	0.59	0.45	0.48	0.3	0.32	0.26	0.48	0.29	0.15	0.59	0.23	0.69	0.48	1.41	0.71	0.59	0.2	0.32	1.09	0.49	0.3	0.48	0.11	0.49	0.19	0.69	0.34	0.54	0.48	0.18	0	0.3	0.48	0.48	0.13	0.29	0.68	0.32	0.48	0.47	0.12	0.48	0.25	0.12	0.15	0.98	0.3	0.58	0	0.48	0.03	0.58	0.31	0.68	0.99	0.48
0.12	0.04	0.1	0.07	0.13	0.4	0.12	0.05	0.37	2.26	0.44	3.86	0	0.45	0.71	0.21	0.07	0.24	0.34	0.03	0.09	0.15	0.51	0.14	0.14	0.05	0.06	0.07	1.01	0.01	0.11	0.56	0.05	0.12	0.07	0.18	0.02	0.9	0.11	0.47	0.13	0.13	0.04	0.11	0.14	0.17	0.56	0.06	0.77	0.47	0.03	0.57	0.04	0.15	0.01	0.11	0.05	0.14	0.48	0.12	0.3	0.57	0.06	0.58	0.43	0.18	0.07	0.12	0.07	0.24	0.04	0.32	0.69	0.27	0.03	0.13	0.15	0.17	0.71	0.09	0.03	0.5	1	0.5	0.32	0.13	0.4	0.18	0.12	0.04	0.3	0.3	0	0.34	0.4	0.11	0.07	0.24	2.11
0.23	0.58	0.98	0.37	0.22	0.15	0.22	0.46	0.34	1.49	0.59	8.98	0.34	0.44	0.75	0.17	0.96	0.45	0.05	0.66	1.06	0.66	0.46	0.23	0.51	0.87	0.96	0.77	0.47	0.34	0.67	0.47	0.34	0.47	0.33	0.15	0.5	0.7	0.43	0.22	0.68	0.22	0.98	0.48	1.49	0.52	0.49	0.34	0.49	0.43	0.69	0.55	0.49	0.26	0.49	0.23	0.35	0.49	0.18	0.22	0.5	0.25	0.36	0.49	0.48	0.31	0.36	0.23	0.51	0.36	0.36	0.4	0.22	0.1	0.6	0.23	0.55	0.16	0.41	0.41	0.41	0.2	0.34	0.18	0.41	0.91	0.15	0.22	0.23	0.92	0.23	0.03	0.69	0	0.42	0.62	0.6	1	0.43
0.14	0.23	0.1	0.06	0.15	0.24	0.48	0.05	0.05	0.94	0.14	9.74	0.46	0.24	0.65	0.42	0.03	0.22	2.46	0.05	0.45	0.56	0.22	0.86	0.18	0.45	0.02	0.07	0.3	0.08	0.13	0.47	0.57	0.15	0.07	0.24	0.05	0.04	0.21	0.47	0.09	0.15	0.04	0.98	0.48	0.68	0.23	0.48	0.38	0.31	0.05	0.22	0.49	0.41	0.26	0.23	0.05	0.04	0.19	0.13	0.07	0.73	0.02	0.23	0.17	0.4	0.03	0.17	0.4	0.29	0.06	0.16	0.36	0.31	0.41	0.37	0.23	0.78	0.72	0.07	0.07	0.42	0.38	0.22	0.29	0.42	0.43	0.18	0.42	0.05	0.17	0.53	0.19	0.39	0	0.15	0.01	0.43	0.52
0.13	0	0.09	0.17	0.19	0.24	0.11	0.02	0.02	1.1	0.59	2.3	0.04	0.04	0.37	1.1	0.14	0.67	0.21	0.11	0.07	0.14	0.91	0.41	0.15	0	0.03	0.05	0.1	0.41	0.12	0.17	0.03	0.13	0.42	0.72	0.02	0.32	0.11	0.42	0.02	0.14	0.63	0.12	0.15	0.53	0.75	0.42	0.33	0.09	0.3	0.43	0.01	0.17	0.05	0.11	0.02	0.19	0.38	0.11	0.03	0.64	0.03	0.21	0.17	0.16	0.04	0.11	0.05	0.03	0.38	0.15	0.15	0.45	0.84	0.35	0.55	0.31	0.33	0.18	0.04	0.46	0.26	0.46	0.98	0.11	0.2	0.57	0.1	0.03	0.16	0.32	0.04	0.32	0.08	0	0.05	0.28	0.51
0.15	0.04	0.47	0.01	0.24	0.21	0.47	0.05	0.1	0.98	0.48	4.37	0.43	0.08	0.38	1.13	0.04	0.21	0.28	0.05	0.09	0.2	0.23	0.43	0.16	0.07	0.02	0.07	0.93	0.43	0.53	0.19	0.63	0.63	0.43	0.21	0.04	0.42	0.26	0.23	0.05	0.14	0.06	0.77	0.57	0.16	0.5	0.06	1.07	0.14	0.07	0.49	0.05	0.22	0.07	0.48	0.05	0.04	0.48	0.14	0.36	0.32	0.02	0.23	0.18	0.19	0.3	0.16	0.03	0.06	0.05	0.17	0.36	0.31	0.41	0.4	0.4	0.93	0.36	0.44	0.41	0.18	0.91	0.22	0.29	0.16	0.42	0.18	0.15	0.05	0.62	0.92	0.07	0.37	0.01	0.05	0	0.04	0.56
0.33	0.46	0.46	0.05	0.31	0.46	0.16	0.6	0.19	1.01	0.47	3.03	0.42	0.04	0.72	0.21	0.04	0.42	0.22	0.02	0.07	0.18	0.21	0.42	0.42	0.09	0.03	0.05	0.44	0.05	0.13	0.92	0.26	0.62	0.05	0.2	0.02	0.02	0.49	0.42	0.62	0.36	0.24	0.42	0.42	0.18	0.21	0.42	0.33	0.12	0.03	0.19	0.43	0.17	0.05	0.38	0.42	0.01	0.53	0.49	0.04	1.29	0.03	0.21	0.15	0.73	0.43	0.13	0.05	0.43	0.03	0.15	0.43	0.28	0.03	0.43	0.22	2.3	0.43	0.43	0.04	0.16	0.05	0.18	0.43	0.13	0.43	0.16	0.4	0.03	0.16	0.43	0.15	1.1	0.43	0.02	0.04	0	0.2
0.3	0.49	0.5	0.35	0.28	0.6	0.36	0.41	0.4	2.77	0.26	7.24	0.27	0.21	0.91	0.29	0.55	0.41	0.04	0.18	1.42	0.23	0.42	0.48	0.53	0.21	0.2	0.22	0.42	0.28	0.23	0.24	0.44	0.23	0.65	0.16	0.46	0.18	0.23	0.24	0.97	0.46	0.46	0.25	0.28	0.52	0.34	0.47	0.47	0.22	0.67	0.48	0.18	0.48	0.48	0.49	0.48	0.19	0.51	0.9	0.2	0.23	0.2	0.41	0.51	0.58	0.51	0.42	0.22	0.21	0.19	0.22	0.24	0.28	0.19	0.42	0.53	0.43	0.24	0.65	0.43	0.53	0.63	0.15	0.55	0.25	0.16	0.19	0.43	0.54	0.6	0.09	0.29	0.5	0.44	0.25	0.25	0.23	0
