0	0.11	0.15	0.53	0.04	0.3	0	0.12	0.1	0.93	0.14	6.32	0.12	0.46	0.25	0.1	0.46	0.46	0.23	0.12	0.22	0.04	0.46	0.03	0.03	0.18	0.46	0.15	0.21	0.17	0.17	0.04	0.47	0.02	0.47	0.08	0.13	0.1	0.01	0.47	0.12	0.03	0.13	0.03	0.57	0.16	0.15	0.13	0.48	0.02	0.1	0.46	0.11	0.08	0.48	0.02	0.15	0.48	0.04	0.02	0.52	0.02	0.48	0.15	0.03	0.07	0.15	0	0.14	0.13	0.13	0.32	0.02	0.49	0.11	0.03	0.36	0.45	0.49	0.12	0.13	0.03	0.18	0.07	0.21	0.04	0.08	0.04	0.02	0.11	0.02	0.19	0.49	0.37	0.5	0.16	0.25	0.33	0.22
0.49	0	0.49	0.05	0.14	0.23	0.49	0.02	0.02	0.48	0.49	3.42	0.08	0.03	0.99	0.49	0.04	0.57	0.21	0.02	0.08	0.49	0.49	0.13	0.49	0.2	0.03	0.04	0.09	0.06	0.47	0.16	0.02	0.15	0.04	0.5	0.02	0.04	0.1	0.2	0.25	0.4	0.01	0.9	0.27	0.45	0.91	0.41	0.35	0.29	0.03	0.43	0.41	0.18	0.31	0.12	0.16	0.41	0.14	0.12	0.41	0.23	0.33	0.42	0.15	0.17	0.04	0.92	0.04	0.32	0.03	0.42	0.43	0.26	0.02	0.26	0.44	0.43	0.41	0.04	0.04	0.15	0.05	0.18	0.43	0.12	0.19	0.18	0.44	0.02	0.14	0.54	0.44	0.64	0.05	0.33	0.51	0.02	0.19
0.15	0.37	0	0.1	0.16	0.36	0.15	0.71	0.08	1.13	0.15	7.24	0.42	0.08	0.37	0.45	0.35	0.43	0.43	0.08	1	0.17	0.22	0.2	0.43	0.27	0.28	0.11	0.93	0.43	0.14	0.25	0.11	0.93	0.43	0.21	0.08	0.08	0.27	0.19	0.43	0.42	0.09	0.53	0.5	0.43	0.46	0.19	0.36	0.25	0.98	0.38	0.09	0.21	0.43	0.5	0.11	0.09	0.52	0.14	0.09	0.41	0.1	0.3	0.19	0.2	0.11	0.44	0.12	0.11	0.08	0.44	0.17	0.3	0.44	0.4	0.2	0.42	0.34	0.32	0.08	0.18	0.44	0.43	0.64	1.01	0.5	0.44	0.16	0.09	0.17	0.94	0.44	0.34	0.1	0.09	0.1	0.51	0.35
1	0.04	0.43	0.4	0.18	0.37	0.6	0.05	0.05	0.05	0.42	3.69	0.41	0.45	0.39	0.48	0.04	0.22	0.29	0.05	0.16	0.48	0.49	0.38	0.18	0.56	0.23	0.07	0.13	1	0.13	0.19	0.05	0.17	0.07	0.21	0.4	0.05	0.13	0.61	0.4	0.41	0.41	0.4	0.18	0.15	0.41	0.26	0.35	0.13	0.06	0.23	0.41	0.2	0.08	0.14	0.42	0.42	0.42	0.43	0.07	0.89	0.02	0.23	0.44	0.19	0.04	0.14	0.17	0.06	0.95	0.18	0.17	0.46	0.06	0.16	0.56	0.19	0.47	0.07	0.07	0.17	0.26	0.47	0.29	0.48	0.48	0.98	0.14	0.05	0.54	0.78	0.07	0.43	0	0.05	0.01	0.05	0.22
0.02	0.14	0.45	0.83	0	0.29	0.02	0.2	0.47	0.14	0.02	4.03	0.13	0.45	0.28	0.13	0.39	0.4	0.56	0.25	0.52	0.09	0.14	0.02	0.01	0.12	0.18	0.4	0.18	0.49	0.1	0.99	0.13	0	0.13	0.27	0.15	0.4	0.04	0.09	0.14	0.09	0.13	0.07	0.02	0.3	0.16	0.14	0.2	0.04	0.49	0.43	0.29	0.09	0.13	0.03	0.15	0.13	0.1	0.13	0.13	0.39	0.15	0.15	0.09	0.07	0.47	0.06	0.18	0.16	0.26	0.02	0.5	0.5	0.12	0.09	0.09	0.05	0.23	0.12	0.13	0.09	0.42	0.33	0.42	0.1	0.06	0.43	0.1	0.28	0.01	0.18	0.37	0.23	0.96	0.46	0.46	0.14	0.23
0.84	0.44	0.36	1.04	0.54	0	0.3	0.4	0.44	0.24	0.31	6.87	0.48	0.24	0.12	0.25	0.22	0.45	0.49	0.34	0.4	0.66	0.27	0.3	0.3	0.24	0.2	0.26	0.96	0.47	0.31	0.96	0.46	0.6	0.55	0.46	0.24	0.54	0.29	0.32	0.56	0.3	0.23	0.46	1.11	0.29	0.42	0.97	0.6	0.46	0.27	0.26	0.23	0.34	0.56	0.64	0.56	0.23	0.67	0.32	0.25	0.43	0.2	0.47	0.28	0.22	0.21	0.47	0.22	0.25	0.48	0.97	0.29	0.47	0.24	0.48	0.43	0.24	0.21	0.26	0.35	0.48	0.39	0.23	0.48	0.48	0.24	0.27	0.31	0.88	0.48	0.35	0.26	0.84	0.22	0.52	0.25	0.23	0.49
0	0.12	0.15	0.14	0.39	0.3	0	0.33	0.12	0.21	0.01	5.73	0.12	0.12	0.46	0.16	0.14	0.79	0.22	0.12	0.11	0.04	0.28	0.03	0.03	0.12	0.35	0.37	0.47	0.57	0.13	0.36	0.2	0.02	0.36	0.07	0.12	0.1	0.25	0.1	0.48	0.03	0.26	0.4	0.03	0.31	0.15	0.15	0.22	0.36	0.49	0.08	0.11	0.08	0.26	0.01	0.12	0.23	0.04	0.2	0.4	0.89	0.13	0.15	0.03	0.43	0.15	0	0.14	0.15	0.11	0.16	0.16	0.18	0.4	0.04	0.1	0.58	0.31	0.12	0.45	0.7	0.12	0.08	0.35	0.04	0.41	0.04	0.02	0.12	0.02	0.41	0.12	0.41	0.14	0.11	0.41	0.41	0.51
0.7	0.02	0.4	0.05	0.13	0.24	0.4	0	0.02	0.02	0.49	0.33	0.22	0.03	0.39	0.51	0.05	0.52	0.63	0.03	0.05	0.15	1.07	0.43	0.17	0.03	0.04	0.36	0.35	0.07	0.59	0.45	0.02	0.44	0.05	0.19	0.03	0.7	0.7	0.21	0.03	0.78	0.02	0.16	0.14	0.22	0.22	0.01	1.56	0.11	0.52	9.16	0.91	0.16	7.66	7.16	0	0.3	4.36	0.11	0.03	0.99	0.03	0.22	1.36	0.92	0.05	0.12	0.05	0.02	0.73	0.16	0.16	0.29	0.03	0.5	0.43	0.4	0.32	0.15	0.05	0.25	0.06	0.19	0.28	0.44	0.2	0.16	0.43	0.48	0.14	0.3	0.05	0.53	0.15	0.46	0.34	0.03	0.26
0.41	0.36	0.47	0.05	0.37	0.42	0.1	0.02	0	1.43	0.92	0.3	0.31	0.01	0.35	0.19	0.42	0.42	0.4	0.43	0.37	0.13	0.2	0.44	0.54	0.01	0.04	0.44	0.19	0.22	0.1	0.15	0.03	0.14	0.46	0.17	0.02	0.46	0.2	0.55	0.1	0.11	0.36	0.47	0.19	0.47	0.51	0.15	0.33	0.18	0.02	0.2	0.02	0.19	0.04	0.1	0.02	0.03	0.18	0.13	0.13	0.56	0.04	0.21	0.28	0.18	0.05	0.23	0.54	1.1	0.5	0.15	0.13	0.27	0.13	0.46	0.2	0.17	0.91	0.41	0.02	0.14	0.41	0.17	1	0.11	0.19	0.14	0.09	0.01	0.12	0.4	0.43	0.94	0.06	0.02	0.05	0.03	0.42
0.21	0.58	0.11	0.48	0.14	0.24	0.45	0.1	1.12	0	0.14	1.76	0.07	0.03	0.46	0.21	0.07	0.2	0.31	0.03	0.05	0.57	0.19	0.16	0.16	0.03	0.03	0.02	0.1	0.06	0.11	0.18	0.03	0.47	0.05	0.2	0.04	0.33	0.21	0.21	0.03	0.5	0.02	0.47	0.22	0.13	0.21	0.02	0.33	0.11	0.03	0.19	0.1	0.48	0.06	0.12	0.54	1.08	1.84	1.43	1.38	1.83	1.68	0.22	1.15	1.19	0.75	0.71	0.52	0.93	0.84	0.99	1.39	1.09	0.85	1.49	1.61	2.36	2.5	2.17	2.19	2.27	1.97	0.64	0.49	0.99	1.12	1.78	1.77	1.9	2.4	2.38	2.19	2.55	2.32	2.31	2.25	1.78	1.71
0.01	0.45	0.15	0.16	0.02	0.31	0.35	0.25	0.1	0.57	0	6.17	0.47	0.1	0.25	0.1	0.47	0.25	0.23	0.47	0.47	0.03	0.07	0.03	0.03	0.11	0.47	0.14	0.17	0.3	0.01	0.03	0.15	0.02	0.47	0.08	0.48	0.79	0.01	0.03	0.15	0.02	0.12	0.03	0.03	0.08	0.48	0.13	0.23	0.02	0.16	0.07	0.18	0.05	0.12	0.01	0.12	0.48	0.03	0.02	1.53	0.27	0.13	0.48	0.03	0.06	0.14	0.01	0.56	0.15	0.53	0.03	0.32	0.19	0.41	0.03	0.63	0.06	0.2	0.41	0.12	0.02	0.41	0.07	0.21	0.03	0.42	0.06	0.02	0.14	0.03	0.19	0.37	0.42	0.62	0.27	0.45	0.42	0.23
2.66	1.93	8.8	1.27	0.56	1	1.84	0.43	0.32	0.79	1.88	0	0.31	0.32	0.04	0.45	0.61	0.27	0.31	0.32	0.46	0.42	0.46	0.2	0.56	0.32	0.46	0.35	0.45	0.33	0.23	0.18	0.66	0.52	0.35	0.51	0.34	0.56	0.45	0.22	0.36	0.22	0.77	0.23	0.56	0.24	0.57	0.47	0.01	0.21	0.58	0.48	0.44	0.22	0.32	0.48	0.52	0.34	0.78	0.49	0.31	0.46	0.49	0.32	0.24	0.51	0.5	0.21	1	0.34	0.4	0.2	1.01	0.5	0.64	0.23	0.22	0.41	0.01	0.41	0.32	0.2	0.86	0.13	0.41	0.24	0.41	0.25	0.91	0.41	0.2	0.61	0.38	0.41	0.34	0.71	0.33	0.34	0.42
0.12	0.04	0.47	0.25	0.12	0.26	0.37	0.05	0.04	0.07	0.11	7.93	0	0.11	0.34	0.2	0.07	0.2	0.33	0.4	0.19	0.4	0.2	0.18	0.41	0.05	0.06	0.07	0.13	0.01	0.41	0.91	0.05	0.51	0.07	0.44	0.03	0.03	0.41	0.15	0.04	0.21	0.04	0.41	0.41	0.23	0.71	0.05	0.32	0.22	0.88	0.2	0.42	0.18	0.13	0.42	0.05	0.04	0.92	0.12	0.04	0.11	0.06	0.22	0.14	0.17	0.14	0.11	0.07	0.42	0.04	0.14	0.12	0.42	0.35	0.42	0.15	0.17	0.93	0.93	0.03	0.14	0.01	0.22	0.28	0.19	0.43	0.53	0.11	0.04	0.13	0.43	0.28	0.34	0.07	0.08	0.43	0.28	0.62
0.1	0.02	0.45	0.09	0.11	0.24	0.45	0.03	0.02	0.96	0.45	3.52	0.34	0	0.64	0.55	0.05	0.43	0.44	0.04	0.64	0.13	0.2	0.12	0.12	0.01	0.06	0.05	0.45	0.06	0.42	0.61	0.03	0.45	0.04	0.17	0.03	0.66	0.44	0.21	0.04	0.12	0.04	0.47	1.01	0.15	0.23	0.03	0.34	0.1	0.16	0.57	0.03	0.17	0.06	0.47	0.03	0.04	0.14	0.25	0.02	0.48	0.03	0.23	0.14	0.48	0.43	0.25	0.06	0.04	0.05	0.12	0.98	0.27	0.02	0.15	0.19	0.56	0.31	0.19	0.29	0.28	0.06	0.2	0.9	0.4	0.2	0.16	0.12	0.4	0.13	0.3	0.11	0.39	0.09	0.04	0.08	0.4	0.22
0.25	0.46	0.37	0.39	0.28	0.26	0.25	0.71	0.46	0.42	0.46	1.54	0.39	0.76	0	0.32	0.39	0.46	0.32	0.38	0.37	0.22	1.06	0.25	0.25	0.36	0.47	0.4	0.4	0.36	0.22	0.18	0.37	0.28	0.77	0.47	0.37	1.08	0.47	0.27	0.37	0.22	0.67	0.37	0.73	0.41	0.68	0.77	0.43	0.24	1.08	0.58	0.37	0.27	0.48	0.26	0.41	0.55	0.18	0.68	0.48	0.48	0.37	0.37	0.19	0.17	0.38	0.48	0.78	0.39	0.38	0.25	0.27	0.49	0.75	0.22	0.61	0.55	0.04	0.52	1.2	0.49	0.42	0.18	0.6	0.23	0.49	0.22	0.4	0.61	0.58	0.49	0.34	0.5	0.6	0.36	0.5	0.5	0.25
0.1	0.47	0.22	0.57	0.13	0.62	0.09	0.22	0.58	0.21	0.47	5.27	0.2	0.65	0.16	0	0.45	0.2	0.16	0.45	0.55	0.26	0.55	0.48	0.09	0.19	0.23	0.56	0.46	0.21	0.07	0.18	0.22	0.12	0.19	0.02	0.47	0.22	0.09	0.12	0.56	0.06	0.2	0.12	0.09	1.28	0.21	0.21	0.17	0.34	0.49	0.03	0.59	0.11	0.49	0.5	0.24	0.54	0.03	0.08	0.56	0.11	0.23	0.41	0.04	0.02	0.23	0.1	0.62	0.42	0.23	0.1	0.36	0.92	0.53	0.07	0.42	0.03	0.42	0.2	0.21	0.93	0.21	0.02	0.44	0.07	0.53	0.06	0.08	0.21	0.09	0.14	0.21	0.93	0.49	0.29	0.88	0.22	0.18
0.14	0.04	0.12	0.04	0.17	0.55	0.14	0.57	0.05	0.15	0.17	8.06	0.07	0.05	0.75	0.3	0	0.22	0.31	0.05	0.66	0.17	0.23	0.19	0.26	0.46	0.02	0.46	0.12	0.46	0.16	0.19	0.46	0.16	0.35	0.21	0.05	0.04	0.52	0.55	0.15	0.48	0.04	0.19	0.19	0.18	0.48	0.05	0.36	0.12	0.05	0.22	0.04	0.24	0.08	0.15	0.05	0.11	0.5	0.15	0.05	0.36	0.4	0.23	0.28	0.4	0.03	0.15	0.03	0.4	0.05	0.41	0.17	0.4	0.05	0.5	0.24	0.2	0.6	0.07	0.07	0.19	0.08	0.4	0.29	0.15	0.22	0.41	0.14	0.06	0.17	0.41	0.46	0.41	0.41	0.05	0.2	0.04	0.22
0.54	0.19	0.54	0.28	0.23	0.48	0.94	0.2	0.19	0.2	0.45	2.54	0.46	0.21	0.16	0.31	0.28	0	0.04	0.96	0.56	0.31	0.22	0.46	0.63	0.21	0.2	0.22	0.47	0.21	0.26	0.31	0.21	0.23	0.47	0.18	0.27	0.83	0.25	0.27	0.19	0.44	0.48	0.48	0.43	0.24	0.76	0.31	0.32	0.98	0.18	0.58	0.48	0.27	0.21	0.25	0.2	0.27	0.48	0.26	0.49	0.51	0.21	0.36	0.23	0.6	0.22	0.25	0.49	0.21	0.19	0.25	1	0.09	0.2	0.41	0.53	0.91	0.41	0.51	0.21	0.4	0.21	0.4	0.42	0.53	0.4	0.22	0.26	0.4	0.24	0.24	0.2	0.41	0.4	0.19	1.21	0.41	0.39
0.22	0.21	0.29	0.29	0.22	0.19	0.23	0.63	0.45	0.61	0.22	3.54	0.34	1	0.5	0.17	0.63	0.04	0	0.6	0.37	0.21	0.79	0.23	0.23	0.33	0.28	0.31	0.74	0.58	0.23	0.19	0.3	0.41	0.35	0.22	0.23	0.23	0.59	0.24	0.37	0.22	0.22	0.26	0.23	0.23	0.69	0.3	0.55	0.23	0.47	0.17	0.36	0.23	0.34	0.27	0.31	0.37	0.2	0.23	0.34	0.61	0.28	0.35	0.2	0.18	0.29	0.23	0.54	0.3	0.93	0.23	0.22	0.1	0.33	0.23	0.23	0.18	0.61	0.33	0.46	0.2	0.35	0.32	0.41	0.25	0.19	0.21	0.22	0.34	0.23	0.39	0.46	0.05	0.29	0.22	0.29	0.28	0.14
0.12	0.17	0.08	0.07	0.49	0.42	0.6	0.03	0.02	0.09	0.12	0.32	0.03	0.1	0.52	0.59	0.05	0.53	0.43	0	0.06	0.43	0.21	0.14	0.15	0.04	0.03	0.05	0.54	0.04	0.1	0.44	0.04	0.16	0.64	0.94	0.01	0.01	0.44	0.59	0.02	0.11	0.02	0.45	0.16	0.44	0.19	0.22	0.95	0.08	0.42	0.19	0.21	0.19	0.04	0.35	0.65	0.28	0.56	0.1	0.03	0.09	0.03	0.46	0.16	0.15	0.05	0.11	0.05	0.04	0.01	0.46	0.13	0.56	0.47	0.46	0.26	0.47	0.33	0.03	0.04	0.47	0.07	0.55	0.25	0.13	0.19	0.15	0.43	0.04	0.13	0.36	0.04	0.67	0.05	0.35	0.26	0.48	0.28
0.11	0.28	0.12	0.45	0.16	0.31	0.12	0.05	0.28	0.89	0.12	3.28	0.08	0.06	0.57	0.47	0.47	0.88	0.73	0.06	0	0.18	0.18	0.15	0.15	0.08	0.06	0.06	0.13	0.38	0.25	0.49	0.12	0.49	0.01	0.79	0.06	0.47	1.49	0.18	0.07	0.35	0.06	0.49	0.49	0.25	0.6	0.06	0.49	0.49	0.34	0.21	0.05	0.19	0.49	0.13	0.05	0.06	0.49	0.14	0.07	1	0.06	0.25	0.17	0.36	0.08	0.44	0.49	0.06	0.06	0.5	0.19	0.32	0.06	0.24	0.7	0.51	0.32	0.5	0.08	0.16	0.09	0.2	0.63	0.33	0.18	0.6	0.4	0.06	0.5	0.9	0.09	0.81	0.1	0.65	0.09	0.06	0.95
0.03	0.53	0.49	0.18	0.09	0.3	0.15	0.15	0.46	0.2	0.17	7.54	0.49	0.16	0.22	0.07	0.18	0.25	0.49	0.43	0.17	0	0.49	0.04	0.04	0.31	0.17	0.61	0.19	0.41	0.04	0.4	0.4	0.09	0.29	0.07	0.14	0.51	0.04	0.04	0.15	0.4	0.16	0.07	0.18	0.81	0.25	0.4	0.41	0.4	0.17	0.45	0.24	0.09	0.16	0.28	0.44	0.16	0.04	0.04	0.4	0.05	0.15	0.16	0.4	0.05	0.18	0.03	0.17	0.28	0.44	0.4	0.09	0.2	0.14	0.03	0.03	0.24	0.6	0.4	0.16	0.02	0.16	0.08	0.22	0.04	0.08	0.5	0.04	0.15	0.4	0.19	0.4	0.22	0.17	0.4	0.71	0.15	0.48
0.4	0.9	0.4	0.48	0.4	0.29	0.08	0.59	0.19	0.21	0.07	0.53	0.21	0.18	0.17	0.02	0.5	0.7	0.51	0.19	0.19	0.16	0	0.09	0.91	0.41	0.51	0.21	0.27	0.22	0.21	0.25	0.41	0.46	0.17	0.38	0.2	0.5	0.1	0.05	0.2	0.08	0.19	0.42	0.09	0.13	0.21	0.43	0.18	0.43	0.23	0.01	0.2	0.48	0.21	0.63	0.93	0.22	0.15	0.09	0.2	0.11	0.22	0.21	0.44	0.44	0.44	0.08	0.23	0.22	0.21	0.94	0.44	0.14	0.2	0.45	0.06	0.94	0.17	0.21	0.22	0.45	0.21	0.04	0.27	0.09	0.04	0.46	0.08	0.18	0.46	0.15	0.46	0.36	0.56	0.46	0.21	0.46	1.05
0.03	0.43	0.2	0.18	0.01	0.3	0.03	0.17	0.44	0.45	0.34	5.35	0.14	0.34	0.46	0.43	0.19	0.45	0.23	0.46	0.46	0.38	0.17	0	0.09	0.13	0.15	0.18	0.22	0.46	0.04	1.02	0.16	0.01	0.46	0.46	0.46	0.14	0.03	0.46	0.15	0.57	0.15	0.05	0.01	0.01	0.15	0.25	0.21	0.05	0.46	0.09	0.15	0.07	0.47	0.28	0.48	0.14	0.05	0.36	0.14	0.16	0.15	0.13	0.04	0.29	0.16	0.03	0.18	0.48	0.48	0.21	0.02	0.48	0.13	0.05	0.09	0.17	0.19	0.48	0.53	0.04	0.14	0.34	0.15	0.05	0.09	0.22	0.48	0.14	0.01	0.36	0.14	0.76	0.45	0.15	0.49	0.34	0.23
0.03	0.13	0.18	0.47	0.01	0.3	0.03	0.17	0.15	0.16	0.03	1.3	0.14	0.12	0.25	0.13	0.54	0.38	0.23	0.15	0.48	0.04	0.09	0.02	0	0.15	0.15	0.26	0.48	0.48	0.03	0.05	0.14	0.01	0.14	0.07	0.14	0.29	0.03	0.09	0.21	0.04	0.15	0.05	0.49	0.01	0.52	0.17	0.21	0.99	0.15	0.09	0.13	0.08	0.14	0.03	0.42	0.5	0.05	0.04	0.4	0.4	0.19	0.14	0.04	0.07	0.54	0.03	0.41	0.41	0.16	0.03	0.01	0.22	0.14	0.05	0.09	0.41	0.28	0.14	0.41	0.04	0.42	0.07	0.52	0.39	0.07	0.42	0.04	0.13	0.09	0.18	0.14	0.24	0.18	0.14	0.43	0.15	0.22
0.1	0	0.28	0.47	0.13	0.47	0.51	0.41	0.01	0.03	0.12	2.32	0.41	0.18	0.7	0.21	0.41	0.21	0.41	0.41	0.25	0.13	0.19	0.14	0.36	0	0.04	0.05	0.46	0.16	0.12	0.92	0.41	0.11	0.04	0.2	0.41	0.04	0.11	0.21	0.04	0.41	0.03	0.14	0.8	0.25	0.92	0.03	0.59	0.29	0.03	0.17	0.03	0.15	0.52	0.1	0.03	0.43	0.15	0.1	0.02	1.32	0.42	0.22	0.14	0.72	0.42	0.31	0.05	0.04	0.05	0.52	0.53	0.28	0.2	0.42	0.43	0.16	0.31	0.93	0.03	0.16	0.05	0.2	0.93	0.13	0.2	0.16	0.39	0.01	0.13	0.31	0.27	0.32	0.08	0	0.07	0	0.5
0.55	0.38	0.2	0.44	0.14	0.2	0.14	0.04	0.25	0.03	0.14	10	0.06	0.17	0.46	0.23	0.01	0.21	0.51	0.03	0.06	0.17	0.22	0.15	0.15	0.09	0	0.06	0.56	0.07	0.13	0.46	0.04	0.14	0.05	0.55	0.03	0.03	0.11	0.22	0.04	0.14	0.6	0.18	0.21	0.47	0.22	0.04	0.34	0.16	0.04	0.21	0.02	0.16	0.06	0.11	0.03	0.03	0.51	0.48	0.04	0.32	0	0.22	0.23	0.17	0.34	0.48	0.03	0.04	0.27	0.38	0.14	0.48	0.04	0.14	0.22	0.33	0.93	0.15	0.05	0.16	0.06	0.19	0.49	0.49	0.35	0.16	0.16	0.14	0.17	0.49	0.06	0.72	0.02	0.03	0.02	0.03	0.4
0.15	0.04	0.12	0.07	0.15	0.26	0.47	0.51	0.04	0.46	0.15	0.36	0.07	0.27	0.4	0.23	0.07	0.23	0.43	0.32	0.47	0.74	0.52	1.34	0.44	0.44	0.17	0	0.12	0.08	0.13	0.43	0.02	0.27	0.33	0.21	0.05	0.05	0.44	0.23	0.32	0.16	0.04	0.2	0.44	0.17	0.24	0.03	0.64	0.13	0.78	0.21	0.04	0.18	0.47	0.45	0.04	0.05	0.51	0.15	0.06	0.46	0.05	0.24	0.17	0.46	0.06	0.15	0.35	0.02	0.06	0.18	0.21	0.31	0.06	0.16	0.77	0.97	0.47	0.29	0.3	0.31	0.08	0.22	0.52	0.57	0.21	0.19	0.13	0.31	0.16	0.68	0.07	0.37	0.07	0.05	0.08	0.05	0.22
0.17	0.43	0.15	0.47	0.18	0.97	0.47	0.1	0.09	0.31	0.46	4.59	0.36	0.43	0.42	0.54	0.43	0.37	0.62	0.09	0.13	0.43	0.23	0.53	0.2	0.08	0.44	0.12	0	0.14	0.16	0.21	0.16	0.2	0.11	0.3	0.09	0.27	0.43	0.23	0.23	0.16	0.43	0.16	1.46	0.5	0.34	0.43	0.38	0.17	0.22	0.43	0.09	0.22	0.43	0.17	0.1	0.23	0.2	0.16	0.11	1.01	0.11	0.31	0.19	0.24	0.12	0.17	0.13	0.11	0.63	0.24	0.18	0.35	0.1	0.3	0.23	0.23	0.41	0.43	0.13	0.31	0.13	0.83	0.3	0.19	0.25	0.22	0.17	0.09	0.43	0.35	0.13	0.44	0.13	0.1	0.13	0.11	0.42
0.13	0.05	0.1	0.08	0.13	0.45	1.03	0.06	0.04	0.06	0.13	2.94	0.01	0.41	0.35	0.22	0.09	0.83	0.82	0.28	0.1	0.28	0.43	0.15	0.15	0.36	0.07	0.45	0.13	0	0.2	0.17	0.24	0.13	0.09	0.46	0.03	0.04	0.46	0.46	0.06	0.46	0.05	0.12	0.52	0.14	0.23	0.06	0.45	0.19	0.04	0.22	0.46	0.17	0.11	0.96	0.06	0.45	0.56	0.13	0.05	1.26	0.17	0.23	0.26	0.19	0.08	0.32	0.08	0.07	0.22	0.48	0.13	0.28	0.68	0.14	0.48	0.19	0.31	0.01	0.04	0.2	0	0.19	0.29	0.17	0.99	0.19	0.12	0.05	0.18	0.31	0.26	1	0.5	0.5	0.3	0.05	0.3
0.24	0.43	0.14	0.14	0.1	0.45	0.02	0.12	0.11	0.12	0.02	5.08	0.11	0.2	0.37	0.07	0.47	0.26	0.23	0.13	0.13	0.96	0.08	0.03	0.03	0.11	0.12	0.13	0.23	0.12	0	0.04	0.11	0.46	0.11	0.08	0.11	0.23	0.01	0.04	0.46	0.03	0.11	0.01	0.14	0.42	0.49	0.46	0.49	0.01	0.1	0.21	0.09	0.47	0.49	0.01	0.16	0.11	0.47	0	0.11	0.01	0.14	0.15	0.04	0.07	0.14	1.4	0.48	0.12	0.1	0.04	0.1	0.58	0.09	0.03	0.48	0.07	0.24	0.11	0.12	0.03	0.49	0.08	0.49	0.03	0.08	0.1	0	0.35	0.03	0.49	0.49	0.23	0.13	0.32	0.25	0.5	0.24
0.05	0.14	0.61	0.19	0.1	0.26	0.04	0.17	0.17	0.16	0.03	4.02	0.15	0.14	0.91	0.41	0.61	0.41	0.19	0.41	0.15	0.04	0.41	0.05	0.05	0.14	0.41	0.42	0.46	0.16	0.04	0	0.41	0.52	0.15	0.03	0.19	0.43	0.05	0.04	0.42	0.46	0.15	0.08	0.42	0.49	0.17	0.16	0.17	0.05	0.92	0.04	0.16	0.07	0.17	0.42	0.18	0.15	0	0.93	0.18	1.45	0.18	0.57	0.04	0.44	0.19	0.39	0.44	0.18	0.16	0.94	0.09	0.13	0.16	0.44	0.44	0.44	0.44	0.29	0.16	0.03	0.38	0.42	0.23	0.45	0.03	0.45	0.05	0.14	0.05	0.14	0.46	0.28	0.57	0.16	0.46	0.15	0.28
0.15	0.03	0.11	0.42	0.16	0.24	0.14	0.01	0.42	0.01	0.14	3.31	0.05	0.03	0.66	0.38	0.37	0.2	0.3	0.53	0.17	0.54	0.43	0.16	0.14	0.03	0.04	0.02	0.1	0.43	0.12	0.16	0	0.15	0.05	0.19	0.03	0.03	0.73	0.21	0.03	0.12	0.03	0.15	0.44	0.53	0.22	0.01	0.35	0.11	0.93	0.42	0.02	0.17	0.06	0.13	0.01	0.03	0.16	0.12	0.04	0.43	0.04	0.22	0.44	0.33	0.05	0.15	0.05	0	0.04	0.16	0.16	0.29	0.04	0.45	0.23	0.45	0.45	0.4	0.05	0.44	0.06	0.6	0.28	0.37	0.19	0.16	0.47	0.03	0.45	0.56	0.05	0.37	0.05	0.03	0.05	0.82	0.25
0.02	0.49	0.16	0.15	0	0.49	0.02	0.36	0.49	0.28	0.02	1.4	0.41	0.5	0.27	0.12	0.15	0.23	0.49	0.49	0.14	0.23	0.14	0.01	0.02	0.11	0.26	0.27	0.21	0.43	0.27	0.28	0.42	0	0.12	0.43	0.12	0.14	0.02	0.42	0.19	0.16	0.14	0.04	0.02	0	0.65	0.15	0.54	0.02	0.12	0.13	0.64	0.1	0.13	0.02	0.16	0.43	0.09	0.44	0.46	0.09	0.94	0.13	0.06	0.06	0.94	0.02	0.15	0.44	0.15	0.44	0	0.54	0.12	0.44	0.09	0.07	0.74	0.13	0.14	0.4	0.13	0.05	0.19	0.55	0.06	0.03	0.09	0.13	0.01	0.65	0.12	0.45	0.15	0.13	1.01	0.13	0.23
0.4	1.44	0.09	0.07	0.53	0.3	0.4	0.05	0.06	0.45	0.11	0.7	0.07	0.04	0.35	0.49	0.06	0.35	0.69	0.2	0.01	0.49	0.37	1.09	0.14	0.49	0.05	0.05	0.12	0.08	0.89	0.49	0.06	0.12	0	0.48	0.04	0.48	0.48	0.16	0.2	0.13	0.03	0.11	0.38	0.48	0.98	0.05	0.33	0.34	0.04	0.2	0.03	0.48	0.08	0.13	0.05	0.48	0.14	0.48	0.05	0.28	0.05	0.26	0.15	0.18	0.22	0.11	0.98	0.06	0.04	0.15	0.48	0.58	0.05	0.25	0.17	0.78	0.3	0.07	0.05	0.17	0.08	0.18	0.48	0.2	0.2	0.15	0.12	0.06	0.15	0.48	0.07	0.68	0.08	0.04	0.07	0.05	0.8
0.07	0.21	0.43	0.21	0.06	0.24	0.43	0.47	0.17	0.19	0.08	0.65	0.18	0.2	0.18	0.42	0.3	0.18	0.18	0.36	0.43	0.63	0.04	0.09	0.07	0.49	0.19	0.22	0.25	0.53	0.17	0.03	0.2	0.33	0.43	0	0.17	0.19	0.08	0.43	0.2	0.09	0.18	0.23	0.44	0.06	0.19	0.21	0.15	0.38	0.18	0.04	0.19	0.09	0.19	0.08	0.25	0.2	0.03	0.09	0.18	0.13	0.45	0.19	0.22	0.01	0.58	0.1	0.23	0.2	0.61	0.29	0.06	0.1	0.18	0.1	0.09	0.1	0.48	0.18	0.22	0.39	0.46	0.01	0.25	0.1	0.23	0.04	0.49	0.19	0.08	0.15	0.19	0.15	0.48	0.19	0.22	0.19	0.31
0.28	0.02	0.48	0.11	0.12	0.29	0.11	0.03	0.02	0.03	0.47	2.02	0.42	0.03	0.35	0.35	0.42	0.62	0.23	0.39	0.06	0.15	0.42	0.39	0.42	0.08	0.37	0.05	0.11	0.2	0.21	0.16	0.04	0.12	0.04	0.43	0	0	0.09	0.2	0.12	0.1	0.02	0.12	0.43	0.14	0.19	0.04	0.32	0.09	0.43	0.17	0.01	0.14	0.03	0.28	0.03	0.02	0.47	0.08	0.02	0.43	0.44	0.58	0.15	1.97	0.05	0.1	0.44	0.04	0.02	0.15	0.13	0.28	0.01	0.34	0.2	0.2	0.31	0.42	0.03	0.13	0.03	0.17	0.58	0.11	0.44	0.53	0.1	0.02	0.19	0.38	0.44	0.34	0.31	0.02	0.05	0.26	0.18
0.99	0.02	0.49	0.04	0.14	0.49	0.12	0.55	0.5	0.42	0.13	3.08	0.98	0.04	0.37	0.48	0.04	0.45	0.48	0.01	0.43	0.69	0.19	0.13	0.15	0.04	0.03	0.05	0.09	0.04	0.49	0.49	0.03	0.14	0.04	0.18	0.08	0	0.26	0.2	0.02	0.11	0.02	1.1	0.49	0.8	0.43	0.2	0.34	0.08	0.01	0.5	0.01	0.45	0.4	0.09	0.4	0.4	0.4	0.51	0.41	0.91	0.03	0.19	0.41	0.41	0.29	0.51	0.42	0.81	0.41	0.17	0.92	0.42	0.02	0.12	0.53	0.17	0.43	0.43	0.43	0.54	0.04	1.04	0.25	0.44	0.51	0.18	0.44	0.14	0.44	0.44	0.94	0.36	0.04	0.02	0.04	0.02	0.45
0.01	0.7	0.14	0.31	0.04	0.59	0.01	0.31	0.12	0.91	0.41	3.5	0.1	0.1	0.26	0.49	0.14	0.62	0.24	0.09	0.5	0.04	0.09	0.13	0.05	0.1	0.49	0.2	0.31	0.11	0.01	0.05	0.49	0.02	0.35	0.08	0.24	0.1	0	0.05	0.1	0.47	0.11	0	0.04	0.38	0.48	0.12	0.22	0.01	0.08	0.48	0.21	0.04	0.11	0	0.48	0.46	0.31	0	0.11	1.6	0.48	0.4	0.04	0.07	0.12	0.47	0.48	0.13	0.1	0.06	0.02	0.48	0.09	0.04	0.05	0.08	0.48	0.11	0.1	0.04	0.12	0.09	0.34	0.03	0.08	0.05	0.01	0.1	0.03	0.31	0.11	0.22	0.14	0.11	0.48	0.1	0.23
0.1	0.22	0.19	0.47	0.09	0.48	0.1	0.22	0.35	1.15	0.36	4.7	0.42	0.19	0.55	0.11	0.62	0.27	0.23	0.45	0.18	0.03	0.3	0.45	0.27	0.23	0.23	0.23	0.56	0.36	0.04	1.16	0.21	0.17	0.16	0.09	0.21	0.22	0.05	0	0.24	0.03	0.21	0.12	0.46	0.45	0.24	0.23	0.24	0.04	0.31	0.05	0.45	0.06	0.5	0.4	0.55	0.22	0.04	0.41	0.21	0.3	0.23	0.24	0.01	0.05	0.23	0.1	0.25	0.29	0.43	0.09	0.43	0.31	0.22	0.03	0.08	0.08	0.22	0.41	0.24	0	0.33	0.09	0.46	0.03	0.1	0.06	0.04	0.47	0.23	0.21	0.15	0.48	0.58	0.44	0.23	0.42	0.24
0.13	0.02	0.37	0.05	0.46	0.24	0.18	0.03	0.04	0.96	0.45	4.27	0.04	0.04	0.6	0.92	0.05	0.46	0.45	0.02	0.27	0.45	0.47	0.14	0.16	0.04	0.03	0.43	0.1	0.29	0.48	0.45	0.09	0.15	0.09	0.42	0.32	0.36	0.45	0.21	0	0.49	0.39	0.12	0.51	0.15	0.21	0.29	0.33	0.41	0.07	0.18	0.01	0.26	0.27	0.11	0.03	0.41	0.17	0.1	0.41	0.99	0.03	0.41	0.15	0.16	0.14	0.13	0.05	0.04	0.41	0.26	0.33	0.28	0.03	0.13	0.96	0.3	0.33	0.04	0.06	0.18	0.15	0.47	0.27	0.13	0.44	1.08	0.15	0.03	0.15	0.54	0.59	0.43	0.06	0.38	0.05	0.01	0.42
0.03	0.11	0.15	0.93	0.43	0.3	0.03	0.12	0.11	0.24	0.02	1.57	0.12	0.12	0.29	0.31	0.15	1.4	0.49	0.1	0.17	0.02	0.08	0.42	0.79	0.26	0.12	0.14	0.17	0.13	0.03	0.43	0.12	0.08	0.53	0.81	0.1	0.43	0.15	0.03	0.54	0	0.11	0.45	0.45	0.08	0.2	0.12	0.66	0.01	0.12	0.46	0.11	0.06	0.13	0.04	0.13	0.21	0.08	0.04	0.1	0.06	0.14	0.2	0.49	0.08	0.31	0.03	0.15	0.4	0.12	0.04	0.08	0.4	0.11	0.01	0.28	0.07	0.22	0.12	0.12	0.02	0.13	0.09	0.2	0.45	0.09	0.08	0.2	0.11	0.04	0.18	0.46	0.22	0.14	0.11	0.15	0.14	0.47
0.12	0.01	0.09	0.67	0.14	0.23	0.12	0.02	0.02	1.39	0.12	3.54	0.34	0.04	0.65	1.07	0.04	0.19	0.23	0.02	0.24	0.14	0.31	0.15	0.34	0.17	0.03	0.07	0.1	0.13	0.1	0.17	0.03	0.48	0.03	0.2	0.02	0.02	0.48	0.23	0.22	0.12	0	0.2	0.17	0.48	0.2	0.03	0.58	0.1	0.03	0.38	0	0.18	0.05	0.1	0.14	0.01	0.31	0.12	0.03	0.11	0.03	0.21	0.14	0.17	0.04	0.49	0.04	0.03	0.26	0.14	0.13	0.49	0.03	0.13	0.23	0.2	0.59	0.04	0.04	0.15	0.05	0.35	0.27	0.13	0.19	0.17	0.1	0.03	0.8	0.34	0.4	0.52	0.05	0.02	0.41	0.29	0.19
0.03	0.41	0.99	0.17	0.05	0.36	0.81	0.17	0.16	0.56	0.51	3.24	0.1	0.13	0.62	0.12	0.53	0.36	0.25	0.72	0.14	0.06	0.27	0.05	0.05	0.42	0.44	0.37	0.18	0.42	0.01	0.07	0.42	0.04	0.11	0.1	0.4	0.48	0.12	0.43	0.14	0.05	0.14	0	0.06	0.44	0.17	0.16	0.24	0.44	0.12	0.11	0.23	0.11	0.43	0.01	0.44	0.14	0.07	0.33	0.13	0.65	0.15	0.37	0.06	0.07	0.45	0.03	0.17	0.17	0.12	0.45	0.05	0.21	0.14	0.06	0.13	0.45	0.58	0.15	0.14	0.05	0.46	0.1	0.23	0.04	0.1	0.46	0.01	0.46	0.05	0.22	0.33	0.57	0.53	0.26	0.77	0.15	0.26
0.4	0.34	0.18	0.2	0.02	0.41	0.03	1.5	0.34	1.01	0.41	1.37	0.46	0.13	0.49	1.66	0.18	0.62	0.45	0.44	0.44	0.06	0.94	0.01	0.03	0.44	0.44	0.44	0.44	0.15	0.04	0.1	0.15	0.01	0.41	0.45	0.44	1.24	0.43	0.1	0.44	0.44	0.15	0.44	0.01	0.52	0.54	0.15	0.58	0.17	0.43	0.43	0.54	0.07	1.44	0.43	0.14	0.43	0.38	0.44	0.13	0.44	0.54	0.28	0.05	0.45	0.85	0.65	0.43	0.45	0.45	0	0.1	0.44	0.45	0.44	0.1	0.94	0.54	0.45	0.15	0.45	1.15	0.08	0.19	0.44	0.09	0.04	0.55	0.44	0.01	0.44	0.45	0.48	0.95	0.55	0.16	0.94	0.44
0.02	0.24	0.47	0.47	0.38	0.29	0.36	0.43	0.13	1.77	0.02	7.81	0.48	0.13	0.48	0.12	0.48	0.23	0.56	0.48	0.16	0.09	0.48	0.48	0.58	0.11	0.14	0.18	0.41	0.14	0.09	0.49	0.13	0	0.14	0.47	0.51	0.47	0.03	0.09	0.47	0.3	0.14	0.35	0.02	0	0.47	0.14	0.47	0.21	0.47	0.47	0.12	0.07	0.13	0.03	0.28	0.16	0.48	0.46	0.12	0.75	0.14	0.15	0.09	0.59	0.15	0.02	0.17	0.14	0.51	0.4	0.4	0.4	0.12	0.09	0.09	0.41	0.61	0.12	0.14	0.08	0.41	0.06	0.15	0.41	0.06	0.09	0.09	0.42	0.01	0.17	0.13	0.22	1.42	0.92	0.42	0.14	0.57
0.45	0.2	0.31	0.29	0.16	0.46	0.46	0.99	0.21	0.24	0.15	4.46	0.66	0.23	0.66	0.52	0.23	0.36	0.46	0.36	0.66	0.46	0.21	0.15	0.14	0.46	0.22	0.23	0.47	0.23	0.42	0.47	0.41	0.23	0.27	0.47	0.57	0.24	0.47	0.23	0.47	0.59	0.2	0.29	0.54	0.15	0	0.54	0.48	0.18	0.88	0.2	0.2	0.2	0.23	0.58	0.48	0.49	0.27	0.16	0.21	0.16	0.22	0.01	0.38	0.2	0.52	0.15	0.23	0.49	0.2	0.14	0.36	0.36	0.22	0.4	0.23	0.17	0.31	0.4	0.59	0.21	0.61	0.51	0.07	0.22	0.19	0.42	0.16	0.21	0.41	0.88	0.96	0.46	0.71	0.21	0.91	0.21	0.34
0.95	0.02	0.09	0.06	0.55	0.24	0.46	0.48	0.02	0.05	0.14	4.51	0.2	0.4	0.37	0.23	0.4	0.21	0.71	0.04	0.46	0.41	0.39	0.15	0.41	0.41	0.04	0.42	0.1	0.07	0.13	0.42	0.01	0.62	0.42	0.21	0.04	0.04	0.12	0.24	0.43	0.12	0.03	0.15	0.16	0.33	0.44	0	0.35	0.12	0.44	0.25	0.19	0.19	0.06	0.12	0.01	0.03	0.18	0.12	0.04	0.45	0.38	0.22	0.31	0.46	0.05	0.14	0.06	0.02	0.05	0.16	0.16	0.57	0.04	0.13	0.22	0.2	0.62	0.57	0.05	0.48	0.06	0.68	1.03	0.51	0.2	0.49	0.13	0.03	0.49	0.64	0.06	0.49	0.05	0.03	0.15	0.5	0.23
0.24	0.72	0.36	0.37	0.42	0.37	0.22	0.34	0.52	0.34	0.22	10.8	0.32	0.55	0.06	0.46	0.35	0.32	0.32	0.56	0.37	0.22	0.49	0.21	0.33	0.34	0.35	0.37	0.87	0.87	0.46	0.17	0.33	0.2	0.33	0.47	0.32	0.71	0.22	0.29	0.47	0.47	0.33	0.52	0.22	0.47	0.33	0.41	0	0.58	0.33	0.47	0.32	0.26	0.59	0.22	0.47	0.34	0.97	0.23	1.17	0.23	0.35	0.33	0.19	0.47	0.35	0.22	0.54	0.34	0.68	0.21	0.2	0.25	0.32	0.25	0.48	0.41	0.02	0.58	0.58	0.48	0.34	0.38	0.39	0.48	0.35	0.18	0.23	0.33	0.48	0.27	0.33	0.68	0.68	0.33	0.35	0.36	0.56
0.46	0.09	0.14	0.13	0.04	0.29	0.02	0.11	0.18	0.46	0.02	0.42	0.48	0.1	0.24	0.11	0.12	0.24	0.48	0.43	0.13	0.03	0.45	0.34	0.04	0.49	0.31	0.12	0.49	0.55	0.01	0.05	0.11	0.03	0.49	0.07	0.09	0.08	0.01	0.04	0.5	0.22	0.1	0.15	1.1	0.6	0.5	0.12	0.4	0	0.9	0.07	0.09	0.4	0.19	0.25	0.11	0.8	0.05	0.22	0.11	0.4	0.1	0.4	0.04	0.95	0.5	0.41	0.41	0.12	0.61	0.04	0.41	0.2	0.1	0.09	0.04	0.41	0.26	0.18	0.13	0.09	0.42	0.07	0.44	0.42	0.14	0.4	0.29	0.18	0.1	0.35	0.25	0.34	0.42	0.09	0.46	0.11	0.59
0.1	0.48	0.08	0.47	0.12	1.04	0.12	0.05	0.02	0.46	0.48	10	0.05	0.04	0.94	0.49	0.05	0.49	0.48	0.01	0.06	0.14	0.4	0.67	0.46	0.03	0.04	0.46	0.11	0.93	0.09	0.16	0.04	0.52	0.59	0.52	0.52	0.83	0.91	0.22	0.02	0.47	0.27	0.32	0.49	0.46	0.76	0.37	0.46	0.95	0.03	1.04	0.01	0.18	0.41	0.1	0.41	0.02	0.91	0.61	0.02	0.4	0.04	0.49	0.49	0.14	0.05	0.12	0.05	0.05	0.02	0.15	0.99	0.25	0.02	0.11	0.47	0.48	0.36	0.03	0.04	0.3	0.03	0.58	0.26	0.25	0.58	0.48	0.48	0.02	0.47	0.29	0.03	0.46	0.19	0.02	0.05	0.03	0.56
0.08	0.5	0.22	0.21	0.5	0.4	0.08	0.27	0.6	0.22	0.07	1.86	0.57	0.26	0.18	0.03	0.48	0.56	0.48	0.69	0.21	0.07	0.07	0.49	0.34	0.17	0.5	0.79	0.64	0.22	0.36	0.03	0.29	0.49	0.58	0.07	0.49	0.34	0.09	0.05	0.7	0.41	0.4	0.1	0.09	0.47	0.2	0.7	0.23	0.4	0.17	0	0.17	0.41	0.21	0.08	0.51	0.19	0.03	0.09	0.35	0.15	0.2	0.36	0.05	0.42	0.21	0.28	0.24	0.23	0.21	0.1	0.42	0.39	0.19	0.09	0.05	0.05	1.17	0.19	0.19	0.29	0.21	0.43	0.27	0.1	0.36	0.08	0.46	0.21	0.08	0.15	0.21	0.44	0.64	0.19	0.22	0.4	0.19
0.35	0.01	0.12	0.04	0.14	0.27	0.14	0.02	0.02	0.86	0.14	4.64	0.03	0.03	0.37	0.2	0.04	0.41	0.73	0.23	0.05	0.24	0.19	0.53	0.15	0.2	0.02	0.2	0.1	0.06	0.12	0.15	0.06	0.42	0.03	0.2	0.01	0.34	0.42	0.2	0.01	0.11	0	0.13	0.17	0.43	0.46	0.12	0.6	0.49	0.29	0.17	0	0.17	0.04	0.1	0.02	0	0.18	0.12	0.41	1.14	0.63	0.43	0.15	0.44	0.03	0.11	0.44	0.03	0.02	0.5	0.44	0.26	0.9	0.11	0.2	0.34	0.32	0.34	0.04	0.32	0.04	0.19	0.26	0.46	0.2	0.52	0.09	0.02	0.16	0.31	0.04	0.36	0.05	0.01	0.04	0.02	0.46
0.07	0.31	0.48	0.22	0.09	0.34	0.05	0.4	0.4	0.64	0.05	6.45	0.18	0.4	0.35	0.13	0.22	0.27	0.25	0.15	0.18	0.05	0.11	0.05	0.47	0.46	0.19	0.58	0.23	0.18	0.06	0.47	0.16	0.07	0.15	0.12	0.15	0.15	0.43	0.26	0.16	0.07	0.16	0.09	0.65	0.07	0.17	0.28	0.25	0.23	0.48	0.12	0.66	0	0.56	0.07	0.19	0.42	0.07	0.19	0.17	0.45	0.19	0.17	0.39	0.3	0.19	0.3	0.49	0.17	0.52	0.05	0.07	0.22	0.15	0.43	0.42	0.09	0.43	0.17	0.19	0.44	0.17	0.11	0.21	0.07	0.16	0.08	0.06	0.58	0.08	0.24	0.18	0.26	0.22	0.47	0.29	0.16	0.26
0.13	0.05	0.1	0.4	0.5	0.56	0.13	0.06	0.04	0.41	0.4	0.59	0.01	0.06	0.54	0.21	0.08	0.21	0.58	0.04	0.44	0.15	0.44	0.14	0.24	0.05	0.44	0.07	0.13	0.33	0.12	0.16	0.06	0.44	0.44	0.19	0.03	0.11	0.12	0.16	0.9	0.12	0.05	0.12	0.14	0.47	0.46	0.47	0.38	0.25	0.03	0.21	0.04	0.16	0	0.12	0.47	0.05	0.16	0.13	0.19	0.51	0.06	0.68	0.15	0.55	0.07	0.75	0.08	0.07	0.05	0.19	0.48	0.28	0.04	0.47	0.16	0.33	0.31	0.3	0.03	0.43	0	0.18	0.48	0.44	0.19	0.19	0.12	0.04	0.47	0.3	0.01	0.34	0.08	0.68	0.52	0.3	0.37
0.02	0.48	0.49	0.79	0.03	0.34	0.21	0.12	0.15	0.8	0.2	3.65	0.11	0.12	0.26	0.48	0.14	0.31	0.24	0.1	0.6	0.04	0.09	0.42	0.34	0.28	0.19	0.15	0.51	0.12	0.01	0.41	0.11	0.02	0.26	0.08	0.51	0.09	0	0.05	0.1	0.36	0.1	0	0.04	0.02	0.46	0.13	0.41	0.01	0.24	0.08	0.42	0.06	0.47	0	0.13	0.42	0.61	0.01	0.11	0.42	0.2	0.15	0.42	0.08	0.36	0.02	0.16	0.13	0.1	0.03	0.02	0.18	0.15	0.93	0.05	0.4	0.21	0.5	0.12	0.43	0.73	0.08	0.21	0.04	0.43	0.07	0.14	0.43	0.03	0.34	0.22	0.63	0.16	0.5	0.45	0.1	0.23
0.44	0.02	0.51	0.61	0.15	0.41	0.15	0	0.02	0.11	0.41	1.46	0.05	0.43	0.42	0.32	0.43	0.2	0.31	0.03	0.05	0.47	0.21	0.35	0.37	0.43	0.03	0.02	0.1	0.06	0.43	0.5	0.15	0.43	0.05	0.19	0.03	0.03	0.1	0.44	0.11	0.44	0.02	0.16	0.16	0.15	0.22	0.01	0.34	0.11	0.23	0.25	0.02	0.45	0.44	0.11	0	0.1	0.65	0.11	0.04	0.75	0.43	0.22	0.17	0.65	0.04	0.39	0.05	0.01	0.31	0.45	0.14	0.28	0.03	0.14	0.21	0.27	0.33	0.05	0.05	0.15	0.06	0.34	0.6	0.18	0.58	0.33	0.96	0.03	0.15	0.3	0.06	0.37	0.05	0.02	0.05	0.03	0.31
0.11	0.4	0.09	0.43	0.13	0.23	0.11	0.03	0.91	0.11	0.12	0.32	0.04	0.43	0.63	0.46	0.04	0.2	3.15	0.08	0.43	0.15	0.41	0.39	0.53	0.03	0.03	0.46	0.09	0.7	0.1	0.17	0.03	0.44	0.04	0.2	0.02	0.38	0.09	0.22	0.44	0.49	0.17	0.13	0.64	0.15	0.44	0.77	0.34	0.44	0.02	0.54	0.01	0.25	0.05	0.44	0.22	0	0.18	0.12	0.03	0.45	0.03	0.2	0.17	0.16	0.04	0.45	0.04	0.77	0.02	0.15	0.13	0.27	0.03	0.37	0.22	0.23	0.32	0.93	0.04	0.16	0.05	0.52	0.9	0.12	0.2	0.17	0.11	0.03	0.15	0.52	0.2	0.96	0.04	0.02	0.04	0.01	0.42
0.04	0.51	0.22	0.51	0.47	0.31	0.47	0.16	0.3	0.32	0.03	2.72	0.98	0.47	0.53	0.16	0.19	1.48	0.19	0.15	0.48	0.04	0.42	0.05	0.37	0.15	0.16	0.19	0.59	0.16	0.49	0.46	0.17	0.09	0.14	0.03	0.49	0.15	0.05	0.04	0.22	0.07	0.17	0.07	0.06	0.09	0.17	0.16	0.41	0.21	0.61	0.21	0.24	0.1	0.16	0.26	0.16	0.21	0	0.41	0.23	0.44	0.18	0.17	0.41	0.03	0.17	0.04	0.41	0.17	0.42	0.05	0.52	0.42	0.15	0.08	0.04	0.03	0.42	0.54	0.17	0.04	0.42	0.03	0.23	0.42	0.03	0.43	0.15	0.16	0.26	0.51	0.16	0.51	0.94	0.43	0.24	0.15	0.43
0.06	0.11	0.14	0.47	0.1	0.32	0.05	0.11	0.71	0.19	0.36	4.01	0.11	0.38	0.45	0.27	0.15	0.26	0.23	0.09	0.45	0.04	0.09	0.05	0.04	0.47	0.47	0.86	0.17	0.13	0.25	0.08	0.12	0.06	0.48	0.09	0.08	0.46	0.47	1.17	0.67	0.04	0.47	0.17	0.65	0.47	0.26	0.2	0.47	0.49	0.09	0.09	0.1	0.49	0.12	0.01	0.5	0.35	0.05	0.01	0.1	0.02	0.12	0.17	0.05	0.07	0.49	0.05	0.15	0.15	0.11	0.27	0.41	0.5	0.11	0.04	0.04	0.07	0.23	0.11	0.11	0.04	0.51	0.09	0.51	0.04	0.09	0.08	0.01	0.1	0.41	0.2	0.12	0.23	0.27	0.11	0.41	0.34	0.4
0.36	0.02	0.09	0.44	0.13	0.54	0.1	0.34	0.02	0.04	0.12	10.8	0.04	0.01	0.38	0.2	0.15	0.2	0.34	0.03	0.07	0.22	0.53	0.14	0.42	0.02	0.04	0.05	0.1	0.05	0.12	0.16	0.04	0.18	0.05	0.19	0.02	0.02	0.1	0.22	0.04	0.93	0.03	0.13	0.21	0.37	0.22	0.43	0.35	0.11	0.03	0.18	0.03	0.21	0.3	0.11	0.03	0.1	0.14	0.44	0	0.11	0.04	0.21	0.55	0.16	0.05	0.11	0.17	0.04	0.04	0.13	0.12	0.45	0.01	0.11	0.2	0.16	0.31	0.04	0.04	0.43	0.04	0.19	0.28	0.43	0.19	0.15	0.49	0.02	0.13	0.34	0.14	0.53	0.39	0.33	0.06	0.03	0.47
0.98	0.48	0.98	0.48	0.03	0.58	0.07	0.48	0.98	0.48	0.02	0.44	0.94	0.44	0.64	0.44	0.94	0.94	0.94	0.93	0.43	0.43	1.43	0.43	0.04	0.43	0.43	0.92	1.92	0.42	0.01	0.06	0.42	0.02	0.42	0.42	0.42	0.42	0	0.42	0.42	0.91	0.53	0.01	0.41	0.1	0.91	0.51	0.42	0.02	0.5	0.91	0.5	0.06	1	0	1	0.5	0.06	0.99	0.98	0.02	0.48	0.99	0.05	0.08	0.14	0.02	0.58	0.35	0.48	1.48	0.36	0.47	0.47	0.04	0.05	0.47	0.47	0.47	0.12	0.04	0.47	0.97	0.97	0.04	1.46	0.47	0.97	0.96	0.46	0.21	0.97	0.47	0.47	0.46	1.47	0.46	0.96
0.14	0.35	0.48	0.78	0.15	0.2	0.13	0.04	0.03	0.12	0.14	0.31	0.13	0.44	0.44	0.21	0.24	0.53	0.38	0.22	0.06	0.41	0.41	0.23	0.95	0.04	0	0.08	0.11	0.45	0.24	0.16	0.04	0.16	0.05	0.19	0.04	0.03	0.13	0.35	0.58	0.13	0.03	0.52	0.17	0.14	0.46	0.09	0.35	0.45	0.46	0.22	0.02	0.31	0.4	0.11	0.04	0.03	0.51	0.12	0.04	0.46	0	0.22	0.35	0.17	0.01	0.55	0.29	0.47	0.04	0.15	0.47	0.29	0.28	0.15	0.47	0.18	0.47	0.22	0.28	0.19	0.35	0.22	0.47	0.13	0.21	0.28	0.13	0.04	0.16	0.31	0.06	0.37	0.02	0.03	0.02	0.03	0.2
0.15	0.38	0.53	0.23	0.13	0.93	0.52	0.22	0.48	0.38	0.23	5.07	0.22	0.56	0.37	0.48	0.36	0.71	0.35	0.51	0.28	0.46	0.21	0.47	0.14	0.46	0.22	2.16	0.5	0.86	0.15	0.17	0.22	0.13	0.24	0.2	0.37	0.53	0.39	0.52	0.61	0.2	0.21	0.48	0.48	0.12	0.01	0.22	0.33	0.3	0.2	0.21	0.2	0.17	0.22	0.25	0.22	0.36	0.17	0.16	0.49	0.44	0.22	0	0.46	0.49	0.23	0.15	0.23	0.23	0.56	0.14	0.13	0.35	0.26	0.22	0.21	0.49	0.35	0.22	0.23	0.24	0.25	0.52	0.07	0.21	0.19	0.18	0.16	0.21	0.12	0.3	0.4	0.4	0.31	0.21	0.23	0.21	0.45
0.04	0.14	0.65	0.66	0.46	0.28	0.17	0.16	0.14	0.28	0.03	0.2	0.15	0.45	0.41	0.44	0.45	0.23	0.56	0.16	0.46	0.03	0.16	0.04	0.32	0.13	0.47	0.17	0.18	0.34	0.04	0.04	0.16	0.06	0.15	0.05	0.47	0.43	0.04	0.01	0.57	0.22	0.16	0.3	0.55	0.47	0.58	0.17	0.2	0.05	0.15	0.48	0.17	0.06	0.15	0.69	0.16	0.15	0.49	0.04	0.49	0.05	0.15	0.29	0	0.05	0.99	0.03	0.2	0.45	0.5	0.05	0.9	0.19	0.14	0.4	0.01	0.05	0.19	0.15	0.14	0.01	0.91	0.26	0.18	0.04	0.05	0.06	0.18	0.13	0.04	0.19	0.15	0.41	0.17	0.15	0.92	0.17	0.2
0.42	0.17	0.54	0.19	0.42	0.22	0.07	0.16	0.18	0.16	0.42	1.33	0.18	0.43	0.17	0.01	0.18	0.18	0.54	0.15	0.5	0.43	0.05	0.22	0.33	0.15	0.17	0.43	0.25	0.19	0.07	0.34	0.16	0.06	0.18	0.01	0.14	0.24	0.47	0.32	0.16	0.08	0.17	0.09	0.15	0.06	0.2	0.16	0.15	0.08	0.15	0.03	0.47	0.11	0.19	0.1	0.42	0.48	0.09	0.07	0.16	0.31	0.48	0.17	0.05	0	0.18	0.07	0.48	0.17	0.15	0.07	0.06	0.12	0.26	0.2	0.05	0.02	0.16	0.18	0.17	0.98	0.18	0.01	0.16	0.08	0.01	0.05	0.08	0.18	0.22	0.35	0.18	0.14	0.59	0.16	0.19	0.49	0.46
0.17	0.25	0.12	0.04	0.16	0.61	0.17	0.05	0.05	0.91	0.14	3.47	0.07	0.04	0.73	0.23	0.03	0.22	0.29	0.4	0.2	0.17	0.21	0.41	0.33	0.05	0.01	0.37	0.13	0.34	0.51	0.2	0.05	0.15	0.06	0.22	0.4	0.31	0.15	0.26	0.04	0.13	0.04	0.18	0.18	0.4	0.23	0.05	0.36	0.25	0.59	0.21	0.04	0.19	0.07	0.71	0.05	0.17	0.3	0.37	0.4	0.14	0.02	0.23	0.18	0.18	0	0.41	0.14	0.06	0.05	0.27	0.15	0.41	0.05	0.51	0.58	0.21	0.42	0.07	0.06	0.51	0.41	0.22	0.29	0.16	0.42	0.19	0.14	0.05	0.16	0.61	0.42	0.4	0.05	0.04	0.12	0.38	0.32
0.12	0.13	0.15	0.14	0.02	0.3	0	0.14	0.43	0.12	0.02	0.68	0.11	0.41	0.35	0.15	0.14	0.25	0.22	0.11	0.13	0.04	0.08	0.03	0.03	0.42	0.5	0.43	0.17	0.13	0.02	0.43	0.12	0.02	0.45	0.07	0.11	0.43	0.01	0.1	0.13	0.03	0.11	0.03	0.48	0.14	1.04	0.14	0.37	0.02	0.42	0.46	0.44	0.05	0.13	0.02	0.45	0.45	0.39	0.02	0.11	0.22	0.13	0.15	0.03	0.07	0.15	0	0.33	0.16	0.12	0.05	0.02	0.46	0.97	0.03	0.28	0.25	0.47	0.47	0.14	0.03	0.12	0.07	0.57	0.47	0.08	0.14	0.02	0.11	0.02	0.19	0.48	0.51	0.14	1.48	0.14	0.19	0.51
0.16	0.05	0.46	0.63	0.16	0.46	0.16	0.05	0.14	1.06	0.14	7.79	0.08	0.45	0.44	0.25	0.03	0.22	0.46	0.21	0.1	0.17	0.41	0.53	0.16	0.05	0.02	0.07	0.21	0.08	0.13	0.24	0.23	0.15	0.48	0.48	0.05	0.05	0.49	0.23	0.05	0.14	0.05	0.49	0.43	0.8	0.54	0.06	0.37	0.41	0.05	0.21	0.04	0.41	0.08	0.42	0.05	0.04	0.21	0.16	0.05	0.42	0.07	0.52	0.17	0.19	0.01	0.15	0	0.07	0.43	0.18	0.44	0.44	0.44	0.44	0.9	0.2	0.32	0.45	0.1	0.18	0.08	0.22	0.3	0.46	0.23	0.56	0.15	0.05	0.18	0.34	0.41	0.97	0.04	0.19	0.68	0.05	0.23
0.13	0.03	0.11	0.06	0.17	0.25	0.14	0.48	0.76	0.62	0.15	9.81	0.43	0.87	0.54	0.23	0.43	0.21	0.44	0.04	0.08	0.58	0.43	0.17	0.44	0.57	0.04	0.02	0.11	0.44	0.12	0.55	0.01	0.94	0.44	0.38	0.17	0.04	0.12	0.23	0.04	0.12	0.03	0.15	0.44	0.14	0.23	0.02	0.34	0.12	0.04	0.45	0.03	0.44	0.07	0.12	0.02	0.37	0.22	0.45	0.37	0.5	0.2	0.23	0.46	0.56	0.46	0.13	0.27	0	0.05	0.27	0.14	0.47	0.38	0.13	0.47	0.2	0.34	0.2	0.05	0.47	0.07	0.2	0.29	0.15	0.47	0.28	0.12	0.94	0.33	0.35	0.13	0.57	0.06	0.41	0.36	0.03	1.04
0.5	0.03	0.08	0.06	1.1	0.24	0.13	0.41	0.03	0.18	0.13	4.81	0.42	0.05	0.38	0.24	0.5	0.19	0.24	0.01	0.07	0.17	0.2	0.16	0.5	0.05	0.04	0.06	0.11	0.05	0.1	0.19	0.71	0.7	0.04	0.21	0.02	0.11	0.1	0.4	0.75	0.7	0.4	0.15	0.18	0.13	0.93	0.05	0.81	0.41	0.02	0.2	0.02	0.41	0.05	0.11	0.04	0.35	0.53	0.09	0.04	0.3	0.04	0.73	0.22	0.31	0.06	0.44	0.06	0.05	0	0.44	0.13	0.27	0.03	0.47	0.21	0.44	0.74	0.04	0.44	0.18	0.44	0.19	0.54	0.13	0.22	0.17	0.21	0.03	0.44	0.32	0.04	0.54	0.06	0.03	0.05	0.18	0.54
0.03	0.33	0.17	0.18	0.03	0.3	0.03	0.16	0.49	1.7	0.03	3.44	0.14	0.13	0.48	0.32	0.16	0.25	0.23	0.14	0.17	0.05	0.28	0.01	0.03	0.35	0.35	0.19	0.2	0.14	0.31	0.05	0.15	0.01	0.16	0.09	0.14	0.15	0.49	0.09	0.15	0.44	0.15	0.07	0	0.01	0.14	0.15	0.21	0.04	0.28	0.36	0.15	0.07	0.14	0.03	0.41	0.15	0.05	0.36	0.81	0.41	0.15	0.14	0.09	0.41	0.16	0.03	0.41	0.15	0.16	0	0.01	0.19	0.92	0.42	0.09	0.06	0.2	0.47	0.16	0.42	0.32	0.08	0.2	0.05	0.93	0.04	0.04	0.31	0.01	0.38	0.14	0.63	0.17	0.28	0.18	0.57	0.64
0.02	0.12	0.46	0.52	0	0.97	0.46	0.58	0.46	0.14	0.38	0.44	0.48	0.48	0.45	0.25	0.16	0.78	0.48	0.58	0.15	0.09	0.99	0.25	0.01	0.46	0.15	0.18	0.19	0.14	1.57	1.07	0.57	0	0.47	0.06	0.53	0.34	0.02	0.42	0.13	0.47	0.14	0.04	0.97	0	0.15	0.47	0.2	0.21	0.17	0.48	0.12	0.07	0.13	0.02	0.29	0.31	0.09	0.11	0.48	0.35	0.48	0.37	0.09	0.06	0.15	0.02	0.49	0.41	0.13	0.49	0	0.46	0.49	0.1	0.09	0.49	0.23	0.12	0.49	0.08	0.69	0.43	0.49	0.15	0.09	0.09	0.09	0.13	0.01	0.4	0.12	0.23	0.36	0.14	0.5	0.5	0.4
0.18	0.47	0.3	0.54	0.47	0.32	0.18	0.29	0.27	0.3	0.18	3.62	0.31	0.28	0.41	0.39	0.71	0.09	0.05	0.27	0.38	0.2	0.31	0.38	0.59	0.28	0.4	0.6	0.35	0.28	0.18	0.4	0.4	0.41	0.29	0.38	0.28	0.39	0.18	0.2	0.64	0.18	0.65	0.19	0.2	0.39	0.41	0.29	0.25	0.2	0.27	0.14	0.26	0.22	0.41	0.18	0.3	0.26	0.13	0.25	0.27	0.28	0.28	0.42	0.52	0.12	0.31	0.42	0.3	0.42	0.28	0.25	0.56	0	0.64	0.41	0.2	0.12	0.34	0.28	0.29	0.92	0.42	0.1	0.35	0.2	0.13	0.15	0.2	0.42	0.19	0	0.28	0.21	0.32	0.29	0.43	0.29	0.86
0.11	0.02	0.07	0.12	0.12	0.47	0.98	0.91	0.02	0.03	0.11	3.82	0.91	0.02	0.61	0.24	0.05	0.71	0.34	0.02	0.39	0.15	0.21	0.42	0.52	0.02	0.72	0.17	0.1	0.04	0.09	0.17	0.04	0.12	0.05	0.42	0.01	0.02	0.44	0.21	0.43	0.11	0.03	0.43	0.53	0.15	0.21	0.04	0.33	0.1	0.02	0.44	0.22	0.19	0.43	0.1	0.03	0.03	0.14	0.44	0.01	0.41	0.04	0.21	0.52	0.16	0.05	0.45	0.45	0.05	0.03	0.13	0.12	0.26	0	0.4	0.21	0.45	0.32	0.09	0.04	0.22	0.04	0.46	0.56	0.1	0.2	0.96	0.09	0.02	0.67	0.41	0.03	0.34	0.06	0.03	0.06	0.03	0.19
0.04	0.13	0.33	0.53	0.1	0.4	0.06	0.13	0.13	0.51	0.08	2.98	0.27	0.13	0.45	0.44	0.16	0.65	0.43	0.24	0.52	0.04	0.09	0.23	0.05	0.12	0.39	0.14	0.62	0.14	0.03	0.48	0.35	0.42	0.27	0.11	0.4	0.23	0.04	0.04	0.12	0.61	0.49	0.42	0.05	0.09	0.54	0.13	0.24	0.09	0.15	0.09	0.11	0.46	0.13	0.04	0.14	0.12	0.09	0.57	0.11	0.41	0.13	0.47	0.04	0.21	0.16	0.04	0.15	0.49	0.12	0.06	0.09	0.19	0.12	0	0.42	0.1	0.22	0.13	0.43	0.04	0.43	0.13	0.27	0.07	0.44	0.09	0.04	0.12	0.45	0.6	0.29	0.24	0.15	0.47	0.46	0.36	0.38
0.1	0.2	0.2	0.31	0.47	0.47	0.91	0.21	0.21	0.97	0.03	0.23	0.15	0.45	0.27	0.11	0.4	0.55	0.23	0.5	0.19	0.03	0.06	0.09	0.09	0.22	0.22	0.23	0.36	0.16	0.04	0.04	0.44	0.1	0.17	0.09	0.21	0.76	0.05	0	0.21	0.03	0.35	0.37	0.96	0.09	0.66	0.24	0.96	0.1	0.22	0.05	0.2	0.15	0.32	0.05	0.21	0.22	0.32	0.43	0.43	0.41	0.23	0.24	0.01	0.05	0.23	0.1	0.42	0.34	0.23	0.1	0.23	0.42	0.2	0.04	0	0.08	0.22	0.44	0.21	0.1	0.36	0.09	0.23	0.03	0.09	0.07	0.04	0.21	0.09	0.32	0.46	0.67	0.65	0.36	0.64	0.23	0.47
0.37	0.99	0.22	0.19	0.05	0.48	0.23	0.17	0.47	0.19	0.46	2.39	0.44	0.18	0.18	0.03	0.43	0.19	0.18	0.44	0.19	0.14	0.06	0.43	0.25	0.17	0.21	0.92	0.23	0.19	0.07	0.41	0.18	0.04	0.18	1.4	0.16	0.17	0.08	0.08	0.19	0.07	0.48	0.09	0.2	0.16	0.47	0.18	0.47	0.08	0.46	0.05	0.17	0.13	0.46	0.07	0.39	0.19	0.45	0.23	0.18	0.45	0.2	0.18	0.33	0.5	0.22	0.63	0.19	0.43	0.19	0.06	0.05	0.42	0.82	0.08	0.08	0.4	0.14	0.7	0.4	0.03	0.18	0.03	0.5	0.14	0.01	0.49	0.07	0.16	0.58	0.13	0.98	0.17	0.19	0.57	0.47	0.47	0.37
0.2	0.32	0.34	0.67	0.53	0.21	0.47	0.32	0.69	0.78	0.58	1.91	0.49	0.29	0.03	0.15	0.6	0.38	0.26	0.32	0.61	0.21	0.41	0.19	0.2	0.72	0.42	1.03	0.52	0.93	0.43	0.17	0.93	0.24	0.66	0.13	0.31	0.49	0.21	0.21	0.55	0.21	0.66	0.22	0.2	0.23	0.46	0.32	0.02	0.2	0.97	0.47	0.31	0.25	0.31	0.48	0.33	0.31	0.17	0.32	0.34	0.42	0.31	0.31	0.19	0.54	0.33	0.2	0.41	0.51	0.34	0.46	0.23	0.21	0.58	0.23	0.22	0.14	0	0.51	1.01	0.23	0.41	0.13	0.44	0.62	0.13	0.16	0.72	0.35	0.19	0.52	0.31	0.52	0.33	0.33	0.32	0.43	1.93
0.67	0.04	0.67	0.47	0.25	0.45	0.12	0.05	0.03	0.06	0.12	5.36	0	0.05	0.34	0.45	0.28	0.21	0.33	0.03	0.1	0.33	0.44	0.14	0.14	0.19	0.42	0.07	0.13	1.42	0.44	0.35	0.05	0.91	0.07	0.4	0.02	0.4	0.11	0.15	0.04	0.12	0.04	0.1	0.44	0.58	0.48	0.05	0.33	0.57	0.39	0.47	0.21	0.56	0.01	0.76	0.05	0.04	0.45	0.12	0.04	0.94	0.06	0.22	0.15	0.93	0.07	0.49	0.42	0.42	0.04	0.14	0.41	0.61	0.28	0.2	0.15	0.53	0.3	0.4	0.03	0.15	0.01	0.18	0.28	0.69	0.49	0.18	0.12	0.04	0.14	0.62	0	0.47	0.2	0.66	0.46	0.04	0.45
0.22	0.04	0.08	0.4	0.13	0.56	0.13	0.05	0.02	0.5	0.12	4.19	0.03	0.03	0.35	0.21	0.07	0.21	0.7	0.15	0.07	0.15	0.2	0.48	0.46	0.03	0.05	0.22	0.48	0.04	0.46	0.48	0.05	0.13	0.05	0.2	0.03	0.17	0.48	0.21	0.05	0.14	0.04	0.18	0.58	0.36	0.23	0.05	0.4	0.13	0.23	0.21	0.04	0.17	0.03	0.49	0.05	0.2	0.17	0.12	0.03	0.94	0.05	0.23	0.14	0.16	0.06	0.39	0.07	0.06	0.05	0.14	0.43	0.35	0.21	0.49	0.21	0.38	0.32	0.03	0	0.16	0.03	0.17	0.29	0.49	0.49	0.17	0.12	0.01	0.48	0.48	0.03	0.34	0.16	0.04	0.9	0.04	0.51
0.41	0.5	0.18	0.42	0.38	0.28	0.21	0.14	0.15	0.79	0.32	2.85	0.18	0.14	0.45	0.04	0.45	0.23	0.2	0.16	0.16	0.03	0.08	0.46	0.04	0.16	0.29	0.17	0.22	0.48	0.05	0.03	0.15	0.3	0.17	0.07	0.14	0.28	0.04	0	0.23	0.02	0.5	0.13	0.04	0.48	0.21	0.42	0.19	0.48	0.33	0.08	0.15	0.07	0.17	0.05	0.48	0.16	0.05	0.04	0.15	0.04	0.15	0.21	0.13	0.05	0.48	0.06	0.19	0.49	0.16	0.04	0.62	0.48	0.13	0.4	0	0.19	0.19	0.15	0.17	0	0.48	0.1	0.48	0.45	0.13	0.12	0.03	0.53	0.04	0.16	0.15	0.2	0.18	0.14	0.19	0.14	0.49
0.4	0.15	0.1	0.45	0.3	0.53	0.27	0.06	0.04	1.46	0.56	0.33	0.01	0.11	0.35	0.45	0.08	0.96	1.91	0.04	0.45	0.15	0.21	0.14	0.14	0.05	0.06	0.07	0.13	0	0.12	0.56	0.06	0.46	0.08	0.19	0.03	0.66	0.11	0.16	0.05	0.13	0.35	0.11	0.97	0.3	0.22	0.06	0.34	0.19	0.31	0.47	0.17	0.17	0	0.47	0.06	0.05	0.47	0.48	0.04	0.48	0.06	0.22	0.18	0.18	0.07	0.48	0.08	0.06	0.05	0.14	0.48	0.28	0.04	0.13	0.49	0.18	0.31	0.07	0.03	0.15	0	0.18	0.49	0.98	0.19	0.18	0.12	0.04	0.14	0.69	0.01	0.47	0.08	0.05	0.5	0.05	0.28
0.33	0.18	0.21	0.79	0.06	0.7	0.49	0.2	0.66	0.89	0.07	0.13	0.38	0.76	0.18	0.23	0.48	0.56	0.16	0.21	0.46	0.07	0.04	0.08	0.85	0.18	0.19	0.21	0.24	0.56	0.08	0.03	0.2	0.05	0.19	0	0.17	0.97	0.08	0.09	0.46	0.09	0.47	0.11	0.54	0.06	0.5	0.22	0.42	0.47	0.59	0.04	0.18	0.11	0.19	0.48	0.19	0.19	0.03	0.08	0.19	0.55	0.22	0.48	0.22	0.01	0.48	0.07	0.22	0.52	0.69	0.08	0.06	0.1	0.2	0.49	0.09	0.26	0.49	0.31	0.61	0.1	0.4	0	0.21	0.26	0	0.42	0.08	0.34	0.07	0.47	0.23	0.46	0.21	0.2	0.43	0.21	1.44
0.21	0.27	0.42	0.44	0.15	0.48	0.43	0.28	0.27	1.1	0.21	3.93	0.4	0.29	0.43	0.27	0.29	1.3	0.41	0.25	0.53	0.22	0.41	0.47	0.2	0.28	0.51	0.41	0.31	0.29	1.01	0.42	0.31	0.19	0.41	0.25	0.41	0.28	0.17	0.23	0.26	0.55	0.61	0.23	0.19	0.15	0.91	0.66	0.71	0.14	0.41	0.27	0.57	0.44	0.41	0.21	0.28	0.26	0.42	0.22	0.92	0.21	0.67	0.07	0.92	0.16	0.29	0.21	0.29	0.29	0.52	0.43	0.15	0.45	0.33	0.27	0.43	0.24	0.37	0.28	0.29	0.93	0.28	0.22	0	0.44	0.25	0.36	0.22	0.6	0.14	0.5	0.45	0.95	0.55	0.27	0.29	0.67	0.68
0.03	0.4	0.16	0.29	0.1	0.31	0.04	0.49	0.63	0.43	0.03	3.56	0.41	0.13	0.23	0.07	0.29	0.41	0.25	0.1	0.19	0.04	0.41	0.36	0.05	0.53	0.51	0.14	0.57	0.37	0.19	0.27	0.51	0.09	0.2	1.32	0.42	0.15	0.14	0.04	0.28	0.04	0.11	0.24	0.05	0.42	0.53	0.33	0.53	0.01	0.19	0.43	0.12	0.07	0.93	0.03	0.12	0.12	0.08	0.04	0.13	0.43	0.13	0.53	0.43	0.08	0.54	0.03	0.44	0.15	0.13	0.05	0.44	0.44	0.31	0.03	0.44	0.65	0.22	0.8	0.13	0.04	0.52	0.5	0.28	0	0.45	0.08	0.03	0.13	0.04	0.55	0.13	0.55	0.15	0.13	0.14	0.12	0.96
0.08	0.2	0.21	0.6	0.06	0.46	0.4	0.58	0.17	0.28	0.5	3.95	0.18	0.49	0.29	0.03	0.21	0.18	0.4	0.44	0.2	0.08	0.57	0.09	0.07	1.11	0.2	0.21	0.61	0.81	0.41	0.41	0.19	0.18	0.17	0.42	0.19	0.33	0.08	0.45	0.2	0.09	0.2	0.42	0.92	0.42	0.46	0.23	0.15	0.09	0.43	0.04	0.19	0.43	0.19	0.54	0.56	0.19	0.03	0.44	0.44	0.08	0.23	0.19	0.05	0.01	0.22	0.08	0.45	0.5	0.2	0.17	0.76	0.1	1.38	0.1	1.16	0.01	0.46	0.19	0.19	0.05	0.45	0.49	0.25	0.26	0	0.05	0.09	0.5	0.12	0.12	0.21	0.15	0.5	0.2	0.21	0.49	0.92
0.04	0.16	0.19	0.18	0.43	0.27	0.04	0.37	0.15	0.43	0.07	4.75	0.17	0.16	0.22	0.06	0.47	0.22	0.21	0.28	0.57	0.38	0.11	0.04	0.05	0.47	0.47	0.18	0.28	0.19	0.13	0.47	0.32	0.03	0.15	0.04	0.16	0.47	0.05	0.26	0.16	0.47	0.39	0.07	0.47	0.24	0.57	0.18	0.18	0.47	0.47	0.2	0.47	0.1	0.56	0.11	0.57	0.47	0.09	0.47	0.29	0.77	0.47	0.49	0.06	0.14	0.47	0.05	0.2	0.17	0.16	0.04	0.57	0.15	0.16	0.37	0.06	0.16	0.16	0.18	0.15	0.06	0.18	0.26	0.17	0.09	0.23	0	0.08	0.15	0.04	0.15	0.98	0.53	0.52	0.46	0.19	0.48	0.33
0.22	0.16	0.16	0.47	0.1	0.44	0.3	0.03	0.85	0.79	0.01	3.39	0.49	0.94	0.6	0.07	0.43	0.26	0.49	0.49	0.48	0.04	0.4	0.04	0.31	0.65	0.36	0.13	0.17	0.12	0	0.05	0.32	0.09	0.4	0.08	0.08	0.49	0.16	0.13	0.1	0.4	0.1	0.01	0.04	0.1	0.51	0.98	0.23	0.61	0.09	0.08	0.11	0.41	0.12	0.01	0.22	0.1	0.05	0.01	0.41	0.01	0.78	0.16	0.04	0.08	0.13	0.42	0.47	0.42	0.1	0.16	0.42	0.19	0.94	0.03	0.04	0.07	0.23	0.52	0.12	0.09	0.12	0.08	0.54	0.04	0.08	0.42	0	0.21	0.12	0.43	0.31	0.42	0.14	0.1	0.13	0.1	0.63
0.15	0.02	0.49	0.05	0.13	0.49	0.89	0.03	0	0.56	0.5	0.54	0.03	0.45	0.35	0.21	0.05	0.45	0.35	0.03	0.06	0.15	0.39	0.13	0.95	0.33	0.04	0.05	0.1	0.05	0.45	0.16	0.03	0.5	0.06	0.45	0.02	0.05	0.13	0.21	0.03	0.11	0.03	0.45	0.85	0.13	0.67	0.13	0.33	0.39	0.08	0.42	0.02	0.45	0.04	0.26	0.03	0.03	0.96	0.46	0.38	0.25	0.04	0.47	0.15	0.17	0.21	0.46	0.17	0.04	0.31	0.16	0.12	0.46	0.11	0.12	0.2	0.19	0.3	0.31	0.01	0.45	0.11	0.66	0.27	0.46	0.76	0.14	0.11	0	0.14	0.47	0.26	0.75	0.05	0.03	0.05	0.03	1.16
0.03	0.14	0.17	0.18	0.01	0.47	0.02	0.16	0.14	0.14	0.48	1.91	0.13	0.13	0.26	0.27	0.17	1.01	0.23	0.48	0.54	0.04	0.13	0.49	0.02	0.12	0.41	0.16	0.21	0.34	0.16	0.23	0.14	0.01	0.16	0.08	0.15	0.49	0.03	0.09	0.9	0.44	0.15	0.13	0.01	0.34	0.37	0.9	0.4	0.04	0.13	0.08	0.16	0.41	0.89	0.03	0.15	0.15	0.41	0.11	0.13	0.13	0.16	0.12	0.04	0.62	0.16	0.08	0.16	0.15	0.41	0.01	0.01	0.19	0.14	0.04	0.09	0.05	0.41	0.14	0.15	0.04	0.14	0.07	0.14	0.04	0.41	0.04	0.03	0.44	0	0.18	0.63	0.72	0.16	0.15	0.42	0.14	0.42
0.27	0.45	0.32	0.75	0.17	0.12	0.95	0.32	0.3	1.96	0.45	2.92	0.52	0.43	0.22	0.43	0.32	0.09	0.43	0.43	0.43	0.49	0.15	0.18	0.18	0.42	0.43	0.32	0.34	0.42	0.52	0.52	0.32	0.42	0.27	0.12	0.51	0.42	0.19	0.2	0.36	0.18	0.52	0.42	0.43	0.41	0.42	0.82	0.93	0.27	0.48	0.42	0.42	0.22	0.62	0.19	0.44	0.42	0.47	0.2	0.42	0.2	0.31	0.52	0.17	0.41	0.44	0.36	0.58	0.34	0.72	0.54	0.17	0	0.96	0.2	0.76	0.41	0.41	0.3	0.41	0.51	0.41	0.49	0.36	0.42	0.91	0.15	0.91	0.41	0.18	0.01	0.49	0.03	0.41	0.3	0.61	0.3	0.41
0.46	0.38	0.1	0.07	0.13	0.26	0.46	0.38	0.04	0.15	0.14	9.17	0	0.05	0.52	0.44	0.07	0.74	0.34	0.04	0.09	0.16	0.21	0.44	0.14	0.05	0.44	0.07	0.12	0.27	0.44	0.16	0.05	0.12	0.07	0.54	0.33	0.03	0.11	0.45	0.32	0.12	0.44	0.11	0.14	0.45	0.22	0.06	0.33	0.3	0.07	0.75	0.04	0.45	0.01	0.45	0.32	0.04	0.16	0.45	0.04	0.18	0.45	0.45	0.55	0.18	0.07	0.45	0.07	0.06	0.04	0.14	0.46	0.45	0.03	0.95	0.15	0.17	0.46	0.31	0.03	0.15	0.01	0.46	0.28	0.45	0.18	0.18	0.12	0.04	0.13	1.46	0	0.46	0.07	0.04	0.07	0.05	0.4
0.72	0.31	0.42	0.66	0.22	0.15	0.42	0.38	1.12	1.19	0.49	4.06	0.34	0.59	0.33	0.17	0.5	0.06	0.05	0.42	0.41	0.4	0.9	0.24	0.23	0.33	0.71	0.37	0.51	0.35	0.53	0.42	0.35	0.22	0.52	0.42	0.34	0.42	0.26	0.92	0.42	0.22	0.71	0.62	0.63	0.24	0.35	0.5	0.43	0.22	0.74	0.18	0.43	0.24	0.35	0.54	0.94	0.34	0.55	0.22	0.64	0.64	0.44	0.95	0.49	0.23	0.54	0.45	0.45	0.75	0.37	0.65	0.22	0.03	0.45	0.23	0.56	0.45	0.32	0.35	0.71	0.2	0.96	0.15	0.46	0.46	0.15	0.96	0.46	0.33	0.23	0.04	0.35	0	0.56	0.47	0.38	0.97	0.21
0.14	0.14	0.1	0	0.17	0.5	0.14	0.44	0.12	0.91	0.15	8.83	0.07	0.41	0.72	0.23	0.03	0.9	0.29	0.05	0.42	0.17	0.51	0.28	0.18	0.43	0.02	0.07	0.14	0.43	0.41	0.19	0.05	0.44	0.07	0.24	0.05	0.04	0.13	0.44	0.05	0.16	0.04	0.45	0.28	0.45	0.5	0.06	0.85	0.23	0.95	0.65	0.04	0.33	0.08	0.14	0.05	0.04	0.18	0.13	0.46	1.48	0.02	0.23	0.17	0.19	0.03	0.14	0.03	0.06	0.06	0.18	0.48	0.31	0.06	0.16	0.25	0.49	0.48	0.3	0.07	0.18	0.08	0.79	0.49	0.49	0.41	0.18	0.14	0.05	0.17	0.34	0.08	1	0.01	0.05	0.01	0.41	0.24
0.19	0	0.09	0.38	0.13	0.23	0.11	0.02	0.02	0.02	0.77	5.47	0.2	0.04	0.5	0.6	0.05	0.4	0.21	0.02	0.4	0.15	0.19	0.51	0.15	0	0.43	0.05	0.1	0.91	0.41	0.41	0.03	0.92	0.04	0.21	0.42	0.02	0.11	0.42	0.02	0.13	0.02	0.42	0.52	0.21	0.41	0.42	0.64	0.09	0.27	0.19	0.01	0.16	0.05	0.1	0.43	0.01	0.15	0.11	0.04	0.47	0.03	0.54	0.16	0.44	0.04	0.11	0.05	0.43	0.03	0.17	0.14	0.55	0.03	0.45	0.59	0.17	0.45	0.14	0.04	0.47	0.05	0.2	0.4	0.12	0.46	0.18	0.1	0.03	0.46	0.31	0.04	0.46	0.05	0	0.05	0.02	0.41
0.14	0.04	0.33	0.12	1.01	0.45	0.15	0.05	0.05	0.14	0.5	4.09	0.07	0.08	0.78	0.49	0.03	0.22	0.98	0.04	0.09	0.18	0.48	0.16	0.17	0.07	0.02	0.07	0.13	0.48	0.14	0.48	0.05	0.54	0.07	0.48	0.59	1.69	0.14	0.23	0.05	0.14	0.04	0.49	0.54	0.15	0.23	0.05	0.36	0.12	1.29	0.42	0.04	0.49	0.08	0.49	0.05	1.09	0.54	0.49	0.06	0.13	0.02	0.4	0.55	0.19	0.41	0.51	0.41	0.06	0.42	0.42	0.39	0.31	0.42	0.14	0.37	0.44	0.32	0.07	0.06	0.18	0.45	0.42	0.43	0.15	0.22	0.18	0.14	0.05	0.43	0.33	0.8	0.52	0.01	0.54	0.01	0.43	0.21
0.11	0.02	0.1	0.05	0.48	0.23	0.14	0.03	0.03	0.03	0.52	3.35	0.04	0.04	0.54	0.21	0.04	0.19	0.22	0.54	0.06	0.16	0.22	0.15	0.15	0	0.03	0.04	0.42	0.45	0.45	0.65	0.24	0.13	0.05	0.2	0.02	0.02	0.1	0.21	0.01	0.11	0.28	0.13	0.17	0.46	0.21	0.03	0.33	0.12	0.2	0.2	0.01	0.52	0.05	0.11	0.03	0.01	0.17	0.5	0.47	0.52	0.03	0.21	0.47	0.56	0.05	0.47	0.05	0.04	0.03	0.16	0.16	0.28	0.19	0.47	0.22	0.48	0.32	0.15	0.04	0.23	0.37	0.18	0.27	0.13	0.2	0.16	0.48	0.03	0.15	0.58	0.05	0.36	0.05	0.02	0.04	0	0.48
0.49	0.19	1.03	0.22	0.6	0.4	0.51	1.51	0.41	0.27	0.23	7.86	0.44	0.44	0.45	0.45	0.56	0.01	0.45	0.18	1.16	0.22	0.58	0.56	0.49	0.21	0.2	0.22	0.47	0.67	0.51	0.18	0.53	0.68	0.38	0.48	0.22	0.17	0.23	0.24	0.48	0.49	0.19	0.25	1.21	0.28	0.5	0.6	0.41	0.22	0.34	0.41	0.18	0.42	0.27	0.23	0.32	0.42	0.53	0.42	0.2	0.64	0.2	0.44	0.54	0.55	0.22	0.46	0.22	0.21	0.45	0.22	0.23	0.46	0.19	0.46	0.47	0.22	0.57	1.47	0.21	0.48	0.49	0.48	0.48	0.59	0.49	0.19	0.23	0.49	0.22	0.09	0.27	0.12	0.28	0.19	0.21	0.23	0.01
