0	0.11	0.15	0.16	0.43	0.44	0	0.12	0.1	1.46	0.74	2.66	0.12	0.13	0.25	0.48	0.15	0.25	0.22	0.14	0.12	0.49	0.08	0.03	0.25	0.1	0.49	0.48	0.5	0.13	0.19	0.05	0.12	0.02	0.19	0.07	0.11	0.47	0.07	0.1	0.3	0.03	0.49	0.03	0.03	0.03	0.26	0.31	0.22	0.37	0.24	0.08	0.5	0.07	0.88	0.01	0.13	0.49	1.5	0.02	0.1	0.25	0.14	0.4	0.03	0.07	0.15	0.1	0.16	0.4	0.26	0.28	0.4	0.18	0.11	0.04	0.1	0.4	0.2	0.12	0.12	0.03	0.5	0.4	0.21	0.03	0.4	0.04	0.02	0.4	0.21	0.19	0.13	0.4	0.56	0.12	0.14	0.12	0.4
0.14	0	0.1	0.04	0.49	0.25	0.27	0.02	0.02	1.99	0.18	3.26	0.04	0.02	0.37	0.45	0.36	0.19	0.22	0.02	0.2	0.52	0.2	0.28	0.13	0	0.06	0.04	0.14	0.45	0.11	0.86	0.45	0.13	0.04	0.19	0.46	0.02	0.1	0.89	0.46	0.12	0.01	0.55	0.41	0.29	0.21	0.14	0.33	0.09	0.56	0.2	0.01	0.18	0.05	0.46	0.02	0.02	0.46	0.12	0.02	0.1	0.03	0.21	0.15	0.57	0.04	0.11	0.04	0.03	0.03	0.13	0.49	0.57	0.11	0.13	0.23	0.18	0.48	0.04	0.04	0.16	0.05	0.18	0.27	0.15	0.48	0.48	0.1	0.02	0.13	0.48	0.14	0.99	0.04	0.02	0.04	0.02	0.55
0.46	0.17	0	0.1	0.16	0.66	0.15	0.11	0.46	0.41	0.15	2.2	0.09	0.09	0.61	0.22	0.4	0.6	0.29	0.08	0.11	0.45	0.5	0.2	0.31	0.06	0.1	0.11	0.45	0.11	0.14	0.6	0.1	0.16	0.09	0.21	0.08	0.81	0.24	0.19	0.41	0.15	0.26	0.41	0.48	0.41	0.31	0.26	0.36	0.31	0.08	0.22	0.09	0.48	0.1	0.41	0.21	0.09	0.3	0.42	0.09	0.42	0.42	0.62	0.19	0.21	0.38	0.15	0.92	0.11	0.09	0.4	0.26	0.3	0.07	0.24	0.2	0.42	0.5	0.1	0.18	0.42	0.3	0.33	0.43	0.18	0.21	0.42	0.16	0.09	0.17	0.39	0.1	0.7	0.1	0.25	0.1	0.43	0.43
0.15	0.04	0.1	0	0.46	0.56	0.5	0.05	0.05	1.75	0.39	8.42	0.07	0.12	0.49	1	0.04	0.6	0.4	0.4	0.19	0.18	0.22	1.5	0.16	0.08	0.02	0.32	0.13	0.42	0.31	0.19	0.05	0.43	0.11	0.21	0.93	0.1	0.43	0.43	0.05	0.54	0.44	0.17	0.57	0.44	0.85	0.45	0.37	0.28	0.45	0.55	0.04	0.22	0.08	0.14	0.45	0.04	0.46	0.13	0.13	0.48	0.02	0.23	0.17	0.78	0.04	0.17	0.03	0.06	0.06	0.17	0.59	0.49	0.15	0.17	0.26	0.19	0.5	0.46	0.07	0.17	0.08	0.5	0.4	0.17	0.21	0.53	0.13	0.41	0.16	0.32	0.07	1.31	0	0.05	0.25	0.42	1.92
0.02	0.48	0.26	0.15	0	0.29	0.02	0.13	0.37	1.32	0.02	2.62	0.13	0.21	0.28	0.14	0.53	0.61	0.58	0.14	0.15	0.09	0.4	0.4	0.02	0.12	0.15	0.4	0.28	0.14	0.42	0.1	0.13	0	0.13	0.33	0.15	0.15	0.1	0.09	0.14	0.19	0.13	0.04	0.41	0	0.48	0.49	0.41	0.04	0.12	0.39	0.48	0.16	0.53	0.03	0.15	0.48	0.42	0.11	0.12	0.03	0.14	0.15	0.09	0.4	0.16	0.41	0.18	0.46	0.31	0.02	0.47	0.34	0.14	0.1	0.09	0.42	0.5	0.12	0.13	0.09	0.13	0.06	0.44	0.37	0.19	0.09	0.1	0.51	0.01	0.58	0.13	0.22	0.17	0.47	0.98	0.47	0.24
0.66	0.37	0.46	0.24	0.29	0	0.3	0.49	0.26	1.56	0.31	3.88	0.38	0.26	0.12	0.4	0.24	0.39	0.11	0.36	0.3	0.91	0.37	0.3	0.3	0.26	0.42	0.41	0.3	0.51	0.51	0.26	0.26	0.46	0.29	0.41	0.26	0.47	0.55	0.61	0.26	0.61	0.41	0.33	0.3	0.3	0.54	0.34	0.36	0.41	0.26	0.25	0.91	0.41	0.29	0.31	0.67	0.41	0.91	0.41	0.26	0.34	0.22	0.42	0.28	0.34	0.41	0.3	0.24	0.27	0.47	0.3	0.41	0.11	0.41	0.31	0.32	0.47	0.21	0.39	0.27	0.35	0.48	0.23	0.48	0.31	0.23	0.43	0.62	0.26	0.3	0.41	0.28	0.15	0.63	0.26	0.41	0.25	0.41
0	0.12	0.15	0.14	0.02	0.3	0	0.46	0.12	1.77	0.84	3.7	0.12	0.1	0.25	0.09	0.29	0.25	0.44	0.18	0.11	0.03	0.46	0.08	0.03	0.12	0.13	0.45	0.18	0.13	0.42	0.04	0.12	0.45	0.11	0.1	0.14	0.12	0.01	0.1	0.46	0.34	0.46	0.04	0.04	0.02	0.15	0.26	0.56	0.19	0.1	0.12	0.11	0.06	0.47	0.27	0.12	0.11	0.04	0.02	0.12	0.27	0.23	0.15	0.07	0.47	0.15	0	0.15	0.33	0.47	0.03	0.45	0.18	0.1	0.04	0.1	0.06	0.5	0.12	0.48	0.07	0.48	0.07	0.21	0.09	0.32	0.04	0.02	0.25	0.02	0.48	0.12	0.34	0.49	0.46	0.51	0.49	0.53
0.12	0.44	0.11	0.07	0.15	0.26	0.39	0	0.02	0.25	0.17	2.21	0.05	0.15	0.79	0.57	0.05	0.32	0.48	0.03	0.05	0.15	0.21	0.32	0.16	0.03	0.04	0.02	1.19	0.06	0.44	0.48	0.01	0.14	0.05	0.42	0.03	0.29	0.49	0.21	0.03	0.12	0.03	0.49	0.36	0.52	0.22	0.29	0.43	0.11	0.04	0.41	0.02	0.16	0.06	0.41	0	0.03	0.17	0.27	0.3	0.49	0.28	0.22	0.16	2.19	0.05	0.13	0.05	0.02	0.04	0.16	0.72	0.28	0.06	0.12	0.42	0.25	0.58	0.05	0.05	0.2	0.06	0.19	0.28	0.42	0.4	0.49	0.12	0.03	0.14	0.3	0.05	0.34	0.4	0.4	0.05	0.03	2.26
0.1	0.97	0.08	0.22	0.27	0.26	0.1	0.02	0	1.5	0.48	3.37	0.04	0.25	1.26	0.56	0.43	0.23	0.36	0.02	0.06	0.47	0.18	0.12	0.12	0.01	0.04	0.05	0.3	0.16	0.1	0.17	0.03	0.48	0.06	0.28	0.02	0.27	0.49	0.48	0.03	0.1	0.03	0.14	0.14	0.14	0.21	0.58	0.49	0.21	0.42	0.21	0.02	0.17	0.17	0.11	0.02	0.03	0.41	0.11	0.27	0.09	0.38	0.21	0.91	0.17	0.05	0.1	0.05	0.03	0.05	0.14	0.14	0.36	0.02	0.12	0.21	0.53	0.31	0.03	0.35	0.51	0.15	0.17	0.66	0.34	0.17	0.42	0.11	0.4	0.12	0.28	0.04	0.43	0.05	0.23	0.29	0.03	0.19
0.33	0.13	0.63	1.12	1.09	1.76	1.85	1.85	1.98	0	1.66	2.1	1.89	2.44	2.75	2.52	2.23	1.85	0.98	1.39	1.8	1.44	1.78	0.98	2.35	1.85	1.85	1.56	1.46	1.55	1.6	1.54	1.62	1.46	0.87	1.66	1.67	3.04	1.6	2.36	1.86	2.51	2.48	2.3	1.53	1.53	1.65	1.81	1.87	1.39	0.57	1.01	0.51	1.72	1.37	1.18	1.79	2.48	1.15	0.69	1.88	0.98	0.48	1.32	0.82	0.34	0.05	0.12	1.15	0.35	0.16	1.32	0.97	0.89	1.09	0.69	1.59	1.49	1.78	1.27	1.19	1.48	1.47	1.63	1.7	1.8	2.3	1.55	1.9	1.4	0.69	0.68	0.41	1.2	0.7	0.56	1	1.3	1.1
0.01	0.13	0.45	0.37	0.02	0.31	0.01	0.12	0.44	2.9	0	7.59	0.12	0.12	0.48	0.45	0.28	0.25	0.22	0.48	0.78	0.03	0.17	0.99	0.03	0.11	0.14	0.14	0.59	0.13	0.01	0.03	0.49	0.02	0.11	0.08	0.13	0.99	0.22	0.03	0.14	0.02	0.12	0.59	0.35	0.03	0.15	0.8	1.1	0.02	0.44	0.42	0.13	0.05	0.12	0.02	0.12	0.14	0.7	0.02	0.52	0.79	0.13	0.15	0.03	0.6	0.15	0.01	0.15	0.14	0.14	0.4	0.03	0.18	0.11	0.03	0.03	0.41	0.21	0.41	0.12	0.02	0.3	0.2	0.41	0.03	0.08	0.06	0.02	0.44	0.03	0.28	0.12	0.22	0.17	0.15	0.17	0.52	0.22
2.72	8.38	0.35	1.75	1.49	3.66	3.71	1.69	1.74	2.37	1.62	4.07	2.3	0.47	0.69	1.57	1.64	0.27	1.36	11.8	0.38	0.52	0.43	0.2	0.2	1.02	6.22	0.35	1.2	2.23	1.07	8.45	1.42	3.75	0.84	0.14	0.53	0.37	9.16	2.13	0.5	0.22	0.34	0.23	0.21	0.49	10.9	0.74	1.07	8.7	1.62	0.19	1.7	1.74	7.14	0.58	1.49	12.6	0.18	14.2	0.31	1.59	9.56	0.32	0.2	0.92	6.02	0.41	0.91	1.87	0.43	1.34	10.6	0.22	0.51	0.85	12.1	0.8	0.01	1.51	11.8	0.2	0.33	1.05	6.46	1.88	0.14	1.2	2.48	6.64	0.2	0.22	0.46	0.41	0.71	0.33	1.01	0.99	5.39
0.12	0.04	0.1	0.07	0.12	0.28	0.45	0.05	0.03	0.96	0.45	4.48	0	0.05	0.34	0.26	0.07	0.2	0.64	0.03	0.1	0.14	0.2	0.44	0.14	0.05	0.06	0.07	0.12	0.38	0.11	0.15	0.05	0.12	0.44	0.99	0.02	0.03	0.11	0.15	0.06	0.4	0.4	0.11	0.47	0.4	0.22	0.56	0.32	0.18	1.43	0.2	0.6	0.15	0.4	0.1	0.05	0.04	0.15	0.42	0.57	0.2	0.06	0.22	0.15	0.42	0.07	0.12	0.07	0.06	0.42	0.13	0.43	0.97	0.03	0.13	0.15	0.17	0.7	0	0.03	0.15	0.68	0.18	0.28	0.48	0.48	0.17	0.11	0.04	0.48	0.48	0	0.48	0.07	0.15	0.07	0.04	0.48
0.1	0.48	0.08	0.33	0.12	0.26	0.31	0.03	0.49	0.63	0.13	2.57	0.05	0	0.38	0.29	0.2	0.21	0.47	0.04	0.06	0.13	0.19	0.57	0.73	0.01	0.8	0.05	0.09	0.48	0.2	0.33	0.03	0.98	0.38	0.33	0.27	0.09	0.11	0.49	0.04	0.12	0.04	0.14	0.69	0.11	0.23	0.49	0.41	0.09	0.05	0.6	0.03	0.17	0.06	0.11	0.3	0.04	0.14	0.1	0.01	0.44	0.03	0.4	0.16	0.41	0.04	0.2	0.05	0.04	0.05	0.14	0.62	0.92	0.16	0.13	0.19	0.4	0.32	0.42	0.03	1.12	0.06	0.18	0.29	0.14	0.42	0.14	0.42	0.01	0.12	0.63	0.12	0.72	0.08	0.27	0.08	0.43	0.54
0.25	0.35	0.61	0.59	0.28	0.12	0.64	0.39	0.35	1.85	0.25	0.96	0.36	0.46	0	0.16	0.39	0.16	0.32	0.69	0.67	0.22	0.17	0.25	0.25	0.38	0.4	0.47	0.38	0.35	0.22	0.19	0.47	0.47	0.59	0.18	0.47	0.44	0.26	0.47	0.47	0.22	0.38	0.42	0.48	0.58	0.48	0.5	0.06	0.24	0.37	0.49	0.36	0.26	0.81	0.26	0.52	0.38	0.18	0.23	0.38	0.7	0.78	0.56	0.19	0.17	0.38	0.25	0.49	0.41	0.37	0.25	0.32	0.99	0.55	0.22	0.27	0.19	0.49	1.03	0.7	0.19	0.79	0.49	0.43	0.24	0.49	0.22	0.23	0.36	0.49	0.23	0.35	0.71	1	0.5	0.7	0.36	0.25
0.49	0.23	0.22	0.49	0.13	0.35	0.1	0.41	0.19	1.7	0.1	3.17	0.2	0.22	0.16	0	0.5	0.2	0.17	0.91	0.4	0.61	0.04	0.09	0.09	0.41	0.22	0.49	0.27	0.47	0.41	0.35	0.41	0.13	0.48	0.02	0.21	0.55	0.1	0.41	0.22	0.41	0.23	0.58	0.1	0.41	0.21	0.4	0.41	0.1	0.22	0.41	0.23	0.51	0.21	0.1	0.42	0.57	0.04	0.08	0.41	0.32	0.23	0.42	0.39	0.01	0.73	0.19	0.23	0.23	0.93	0.43	0.23	0.13	0.46	0.07	0.93	0.11	0.31	0.48	0.22	0.04	0.43	0.02	0.63	0.93	0.03	0.06	0.08	0.21	0.48	0.48	0.21	0.17	0.24	0.22	0.23	0.43	1.44
0.15	0.31	0.11	0.04	0.17	0.24	0.3	0.05	0.05	1.4	0.9	1.55	0.07	0.05	0.74	0.24	0	0.22	0.45	0.05	0.24	0.17	0.55	0.18	0.19	0.05	0.02	0.07	0.16	0.08	0.14	0.18	0.05	0.47	0.06	0.21	0.05	0.05	0.16	0.23	0.05	0.15	0.26	0.48	0.4	0.33	0.63	0.31	0.35	0.21	1.27	0.49	0.04	0.79	0.08	0.2	0.05	0.35	0.19	0.13	0.4	1.31	0.02	0.38	1.04	0.18	0.03	0.15	0.41	0.46	0.05	0.17	0.37	0.32	0.91	0.14	0.25	0.49	0.34	1.72	0.42	0.19	0.08	0.56	0.29	0.14	0.22	0.43	0.14	0.43	0.16	0.34	0.43	0.42	0.13	0.05	0.04	1.44	0.43
0.96	0.37	0.56	0.46	0.24	0.11	0.47	0.2	0.47	0.69	0.25	2.81	0.2	0.21	0.16	0.41	0.22	0.91	0.04	0.18	0.7	0.49	0.21	0.24	0.24	1.5	0.5	0.22	0.39	0.21	0.5	0.22	0.21	0.23	1.55	0.9	0.18	0.51	0.26	0.27	0.2	0.25	0.19	0.8	0.4	0.24	0.91	0.41	0.32	0.24	0.71	0.28	0.51	0.28	1.01	0.25	0.55	0.18	0.42	0.26	0.21	0.58	0.52	0.36	0.51	0.18	0.21	0.25	0.61	0.21	0.19	0.25	0.39	0.09	0.51	0.42	0.53	0.93	0.52	0.2	0.21	0.22	0.21	0.63	0.43	0.27	0.42	0.22	0.26	0.2	0.24	0.09	0.2	0.06	0.22	0.2	0.21	0.43	0
0.22	0.5	0.62	0.47	0.45	0.11	0.63	0.32	0.34	0.93	0.22	9.35	0.33	0.4	0.33	0.16	0.31	0.42	0	0.24	0.69	0.59	0.19	0.23	0.24	0.42	0.62	0.32	0.39	0.72	0.23	0.31	0.31	0.21	0.34	0.17	0.24	0.65	0.5	0.55	0.27	0.22	0.23	0.24	0.59	0.52	0.47	0.43	0.59	0.23	0.33	0.17	0.26	0.24	0.34	0.24	0.39	0.27	0.2	0.23	0.34	0.24	0.29	0.35	0.2	0.18	0.63	0.23	0.32	0.31	0.25	0.23	1.24	0.05	0.33	0.31	0.46	0.18	0.26	0.34	0.4	0.23	0.66	0.52	0.41	0.23	0.17	0.21	0.31	0.35	0.41	0.05	0.34	0.17	0.3	0.43	0.29	0.23	0.23
0.11	0.1	0.47	0.05	0.13	0.26	0.47	0.43	0.02	0.59	0.13	0.35	0.03	0.07	0.38	0.22	0.05	0.5	0.24	0	0.23	0.17	0.19	0.36	0.52	0.04	0.4	0.05	0.09	0.4	0.27	0.19	0.03	0.45	0.04	0.18	0.35	0.03	0.09	0.23	0.41	0.11	0.02	0.13	0.25	0.14	0.19	0.56	0.4	0.08	0.01	0.41	0.01	0.22	0.42	0.42	0.42	0.02	0.18	0.1	0.42	0.3	0.03	0.55	0.16	0.15	0.05	0.49	0.05	0.04	0.01	0.43	0.63	0.63	0.02	0.49	0.22	0.2	0.34	0.44	0.44	0.54	0.44	0.18	0.44	0.44	0.19	0.74	0.44	0.11	0.44	0.31	0.44	0.36	0.44	0.02	0.28	0.02	0.18
0.13	0.16	0.22	0.47	0.16	0.3	0.12	0.06	0.33	2.3	0.12	3.64	0.09	0.06	0.47	0.2	0.47	0.76	0.37	0.06	0	0.98	0.47	0.67	0.15	0.47	0.08	0.32	0.14	0.48	0.13	0.21	0.06	0.13	0.01	0.24	0.06	0.28	0.68	0.18	0.48	0.14	0.06	0.48	0.16	0.2	0.98	0.28	0.36	0.13	0.34	0.19	0.05	0.17	0.48	0.37	0.05	0.06	0.48	0.14	0.74	0.98	0.48	0.25	0.17	0.78	0.21	0.12	0.08	0.06	0.07	0.16	0.27	0.48	0.06	0.15	0.18	0.49	1.01	0.08	0.06	0.16	0.31	0.21	0.23	0.15	0.41	0.18	0.49	0.06	0.18	0.32	0.18	0.33	0.49	0.05	0.59	0.06	0.74
0.03	0.56	0.17	1.15	0.09	0.3	0.03	0.15	0.49	0.85	0.03	2.42	0.15	0.41	0.51	0.07	0.2	0.41	0.21	0.14	0.18	0	0.08	0.04	0.04	0.16	0.15	0.41	0.49	0.48	0.04	0.04	0.51	0.09	0.61	0.39	0.51	0.14	0.04	0.03	0.84	0.03	0.17	0.06	0.32	0.09	0.16	0.41	0.22	0.03	0.71	0.07	0.51	0.05	0.16	0.27	0.16	0.16	0.04	0.05	0.45	0.99	0.34	0.27	0.52	0.05	0.17	0.43	0.17	0.41	0.15	0.41	0.34	0.41	0.15	0.05	0.41	0.16	0.38	0.15	0.15	0.03	0.16	0.26	0.27	0.04	0.08	0.1	0.04	0.41	0.04	0.19	0.41	0.22	0.34	0.23	0.41	0.91	0.31
0.08	0.53	0.48	1.39	0.14	0.56	0.08	0.2	0.49	0.24	0.07	1.4	0.5	0.5	0.45	0.28	0.24	0.6	0.19	0.19	0.41	0.4	0	0.11	0.09	0.4	0.4	0.21	0.24	0.44	0.41	0.32	0.41	0.41	0.17	0.04	0.2	0.22	0.41	0.06	0.2	0.08	0.2	0.11	0.48	0.14	0.42	0.4	0.92	0.39	0.42	0.01	0.37	0.28	0.42	0.09	0.21	0.52	0.42	0.09	0.2	1.32	0.42	0.21	0.59	0.43	0.43	0.08	0.41	0.43	0.43	0.43	0.43	0.14	0.93	0.09	0.44	0.33	0.43	0.21	0.2	0.05	0.21	0.04	0.27	0.09	0.04	0.94	0.08	0.4	0.09	0.44	1.34	0.18	0.23	0.19	0.32	0.49	0.34
0.03	0.16	0.2	0.26	0.42	0.3	0.03	0.24	0.14	1.73	0.03	3.08	0.14	0.12	0.25	0.09	0.55	0.35	0.4	0.19	0.16	0.4	0.26	0	0.18	0.51	0.15	0.41	0.51	0.24	0.04	0.41	0.16	0.01	0.14	0.09	0.14	0.31	0.41	0.09	0.15	0.04	0.16	0.42	0.01	0.01	0.16	0.62	0.25	0.04	0.13	0.42	0.16	0.17	0.19	0.43	0.17	0.14	0.05	0.04	0.14	0.28	0.16	0.16	0.04	0.07	0.55	0.03	0.16	0.33	0.85	0.01	0.01	0.45	0.15	0.17	0.09	0.17	0.46	0.19	0.16	0.04	0.47	0.08	0.47	0.05	0.47	0.04	0.04	0.14	0.01	0.21	0.14	0.23	0.47	0.2	0.16	0.99	0.49
0.03	0.33	0.18	0.17	0.01	0.58	0.41	0.48	0.48	0.58	0.03	3.3	0.14	0.47	0.25	0.09	0.18	0.24	0.44	0.15	0.9	0.05	0.09	0.16	0	0.33	0.19	0.16	0.23	0.15	0.4	0.05	0.16	0.01	0.14	0.07	0.13	0.91	0.03	0.09	0.17	0.04	0.41	0.14	0.49	0.02	0.71	0.48	0.91	0.04	0.37	0.09	0.41	0.21	0.22	0.04	0.14	0.14	0.38	0.25	0.14	0.13	0.41	0.14	0.04	0.41	0.16	0.03	0.18	0.15	0.31	0.4	0.01	0.19	0.25	0.05	0.09	0.17	0.21	0.5	0.42	0.07	0.42	0.07	0.2	0.05	0.07	0.11	0.04	0.43	0.02	0.19	0.43	0.6	0.18	0.14	0.4	0.15	0.22
0.17	0	0.45	0.46	0.13	0.26	0.45	0.03	0.01	0.03	0.12	2.17	0.05	0.01	0.38	0.21	0.05	0.49	0.48	0.19	0.05	0.42	0.18	0.5	0.14	0	0.04	0.05	0.08	0.4	0.12	0.15	0.4	0.11	0.18	0.18	0.4	0.04	0.19	0.21	0.04	0.13	0.4	0.4	0.5	0.38	0.46	0.22	0.7	0.46	0.4	0.16	0.03	0.17	0.05	0.1	0.03	0.4	0.92	0.1	0.22	0.46	0.04	0.23	0.4	0.16	0.1	0.1	0.2	0.9	0.05	0.31	0.22	0.28	0.4	0.13	0.19	0.71	0.4	0.41	0.03	0.14	0.05	0.38	0.28	0.13	0.19	0.15	0.12	0.41	0.13	0.31	0.05	0.61	0.47	0	0.91	0.22	0.41
0.23	0.03	0.1	0.02	0.48	0.22	0.42	0.04	0.03	1.01	0.15	2.79	0.11	0.3	0.37	0.58	0.02	0.48	0.29	0.25	0.06	0.15	0.22	0.49	0.15	0.04	0	0.38	0.11	0.07	0.99	0.18	0.04	0.14	0.05	0.49	0.03	0.03	0.12	0.22	0.03	0.15	0.03	0.58	0.17	0.49	0.5	0.31	0.35	0.44	0.04	0.2	0.02	0.16	0.06	0.41	0.21	0.03	0.16	0.15	0.04	0.15	0.12	0.41	0.16	1.42	0.02	0.41	0.04	0.41	0.04	0.16	0.27	0.31	0.04	0.15	0.41	0.29	0.32	0.06	0.41	0.17	0.06	0.19	0.42	0.42	0.21	0.16	0.12	0.26	0.17	0.65	0.06	0.93	0.02	0.03	0.22	0.03	0.2
0.15	0.04	0.45	0.86	0.15	0.28	0.14	0.02	0.05	0.57	0.14	1.25	0.07	0.05	0.4	0.58	0.1	0.42	0.34	0.33	0.08	0.92	0.42	0.16	0.16	0.42	0.05	0	0.12	0.08	0.92	0.73	0.02	0.46	0.92	0.22	0.05	0.27	0.14	0.23	0.05	0.15	0.04	0.49	0.43	0.44	0.51	0.43	0.64	0.44	0.63	0.48	0.04	0.2	0.08	0.14	0.02	0.44	0.97	0.37	0.37	0.41	0.05	0.24	0.17	0.18	0.07	0.44	0.24	0.16	0.23	0.16	0.53	0.32	0.06	0.16	0.23	0.19	0.54	0.17	0.07	0.19	0.08	0.2	0.44	0.51	0.21	0.17	0.13	0.45	0.16	0.35	0.07	0.39	0.45	0.04	0.07	0.45	0.22
0.17	0.16	0.49	0.14	0.18	0.3	0.69	0.1	0.43	0.49	0.49	4.47	0.12	0.35	0.4	0.25	0.52	0.43	0.46	0.09	0.14	0.28	0.46	0.21	0.49	0.08	0.11	0.12	0	0.46	0.54	0.35	0.1	0.2	0.39	0.26	0.09	0.13	0.17	0.23	0.46	0.16	0.37	0.19	1.16	0.21	0.35	0.31	0.96	0.48	0.1	0.23	0.09	0.46	0.13	0.22	0.12	0.46	0.21	0.35	0.11	0.47	0.12	0.34	0.3	0.24	0.12	0.96	0.46	0.11	0.14	0.44	0.22	0.35	0.12	0.28	0.23	0.38	0.39	0.13	0.46	0.22	0.13	0.24	0.3	0.17	0.25	0.22	0.18	0.46	0.2	1.19	0.66	0.55	0.13	0.1	0.34	0.11	0.96
0.12	0.05	0.38	0.08	0.5	0.29	0.13	0.06	0.04	1.6	0.12	0.37	0.01	0.06	1.08	0.22	0.08	0.42	0.35	0.42	0.36	0.15	0.61	0.42	0.15	0.06	0.07	0.42	0.13	0	0.43	0.17	0.06	0.14	0.09	0.44	0.04	0.44	0.44	0.16	0.28	0.47	0.11	0.12	0.3	0.14	0.23	0.47	0.51	0.45	0.13	0.55	0.04	0.17	0	0.12	0.06	0.05	0.38	0.13	0.05	0.13	0.07	0.23	0.16	0.48	0.08	0.13	0.09	0.07	0.05	0.15	0.8	0.45	0.18	0.4	0.9	0.19	0.58	1.01	0.04	0.18	0.02	0.19	0.29	0.42	0.59	0.25	0.42	0.05	0.19	0.3	0.01	0.35	0.08	0.05	0.43	0.61	0.73
0.02	0.14	0.48	0.5	0.1	0.31	0.02	0.4	0.12	1.41	0.02	4.22	0.41	0.11	0.23	0.51	0.14	0.42	0.23	0.42	0.37	0.04	0.08	0.03	0.03	0.42	0.12	0.13	0.17	0.12	0	0.04	0.11	0.09	0.38	0.42	0.11	0.1	0.4	0.43	0.11	0.04	0.19	0.01	0.04	0.1	0.15	0.53	0.43	0.01	0.09	0.08	0.09	0.05	0.43	0.16	0.11	0.1	0.05	0.26	0.09	0.02	0.13	0.15	0.04	2.31	0.44	0.02	0.44	0.12	0.1	0.04	0.09	0.27	0.44	0.03	0.04	0.07	0.22	0.41	0.11	0.04	0.12	0.08	0.45	0.03	0.45	0.07	0	0.45	0.03	0.19	0.11	0.23	0.13	0.46	0.13	0.46	0.32
0.04	0.43	0.41	0.21	0.43	0.53	0.04	0.18	0.15	1.88	0.43	4.11	0.48	0.14	0.18	1	0.49	0.2	0.19	0.15	0.16	0.04	0.05	0.2	0.05	0.4	0.49	0.18	0.21	0.41	0.04	0	0.16	0.09	0.15	0.03	0.16	0.41	0.05	0.42	0.16	0.07	0.8	0.07	0.62	0.43	0.41	0.43	0.17	0.43	0.53	0.3	0.53	0.07	0.44	0.43	0.47	0.44	0	0.43	0.24	0.4	0.34	0.44	0.04	0.12	0.94	0.35	0.35	0.44	0.18	0.06	0.2	0.14	0.45	0.09	0.05	0.96	0.48	0.46	0.16	0.04	0.46	0.04	0.53	0.33	0.46	0.09	0.06	0.14	0.45	0.44	0.47	0.57	0.57	0.48	0.17	0.15	2.38
0.14	0.02	0.11	0.05	0.15	0.26	0.14	0.01	0.03	1.68	0.14	6.9	0.05	0.19	0.37	0.21	0.05	0.2	0.31	0.03	0.09	0.46	0.49	0.16	0.15	0.66	0.44	0.02	0.1	0.4	0.12	0.42	0	0.19	0.05	0.19	0.04	0.08	0.11	0.62	0.03	0.12	0.03	0.16	0.18	0.5	0.22	0.47	0.47	0.16	0.27	0.19	0.02	0.19	0.06	0.12	0.01	0.03	0.23	0.13	0.04	0.12	0.4	0.43	0.47	0.16	0.05	0.14	0.06	0	0.47	0.14	0.16	0.3	0.42	0.12	0.23	0.18	0.77	0.05	0.05	0.15	0.06	0.89	0.47	0.68	0.21	0.16	0.23	0.03	0.17	0.62	0.05	0.98	0.05	0.05	0.41	0.13	0.28
0.02	0.13	0.16	0.17	0	0.45	0.02	0.14	0.5	0.61	0.02	0.58	0.12	0.14	0.28	0.48	0.15	0.23	0.48	0.18	0.13	0.14	0.13	0.01	0.01	0.48	0.15	0.16	0.23	0.14	0.09	0.1	0.13	0	0.12	0.06	0.12	0.14	0.02	0.09	0.15	0.08	0.14	0.39	0.01	2.18	0.13	0.72	0.2	0.02	0.12	0.5	0.12	0.07	0.4	0.02	0.5	0.13	0.09	0.4	0.5	0.07	0.14	0.13	0.06	0.06	0.15	0.04	0.15	0.15	0.9	0.1	0.4	0.18	0.12	0.09	0.12	0.4	0.33	0.26	0.51	0.1	0.13	0.41	0.3	0.09	0.06	0.03	0.41	0.36	0.61	0.17	0.13	0.41	0.15	0.13	0.24	0.41	0.23
0.14	0.39	0.26	0.08	0.13	0.47	0.1	0.45	0.09	0.98	0.47	4.77	0.07	0.04	0.35	0.19	0.06	0.46	0.34	0.19	0.01	0.56	0.17	0.14	0.42	0.04	0.86	0.05	0.12	0.13	0.11	0.16	0.05	0.12	0	0.17	0.04	0.04	0.46	0.16	0.04	0.13	0.03	0.13	0.45	0.14	0.26	0.45	0.33	0.45	0.04	0.45	0.03	0.52	0.08	0.13	0.05	0.11	0.14	0.26	0.05	0.53	0.45	0.26	0.54	0.19	0.45	0.11	0.06	0.06	0.04	0.46	0.21	0.29	0.05	0.55	0.17	0.18	0.95	0.13	0.45	0.15	0.08	0.18	0.33	0.22	0.17	0.15	0.44	0.06	0.15	0.61	0.07	0.32	0.44	0.44	0.07	0.05	1.04
0.07	0.46	0.21	0.22	0.06	0.56	0.46	0.42	0.2	0.92	0.08	0.14	0.18	0.52	0.18	0.02	0.21	0.46	0.63	0.2	0.27	0.08	0.44	0.09	0.07	0.44	0.2	0.46	0.5	0.19	0.08	0.03	0.19	0.45	0.57	0	0.56	0.21	0.08	0.09	0.2	0.09	0.2	0.11	0.09	0.49	0.19	0.45	0.15	0.07	0.48	0.04	0.19	0.1	0.19	0.22	0.43	0.2	0.04	0.27	0.19	0.08	0.19	0.49	0.05	0.01	0.21	0.35	0.24	0.2	0.49	0.49	0.09	0.1	0.18	0.1	0.09	0.28	0.13	0.19	0.2	0.07	0.19	0	0.25	0.38	0.01	0.04	0.08	0.19	0.08	0.12	0.18	0.41	0.24	0.18	0.91	0.2	0.15
0.1	0.02	0.08	0.05	0.12	0.26	0.1	0.28	0.02	1.32	1.03	2.24	0.02	0.03	0.46	0.49	0.05	0.18	0.24	0.01	0.46	0.15	0.2	0.13	0.16	0.35	0.03	0.16	0.1	0.03	0.46	0.16	0.24	0.12	0.04	0.19	0	0.12	0.32	0.21	0.02	0.1	0.02	0.46	0.15	0.14	0.19	0.21	0.56	0.09	0.09	0.18	0.01	0.46	0.03	0.09	0.04	0.02	0.16	0.08	0.02	0.89	0.03	0.19	0.46	0.14	0.05	0.37	0.05	0.05	0.02	0.13	0.46	0.29	0.01	0.1	0.2	0.18	0.32	0.46	0.32	0.13	0.03	0.17	0.25	0.46	0.18	0.15	0.08	0.02	0.46	1.46	0.03	0.33	0.05	0.02	0.15	0.02	0.19
0.1	1.5	0.08	0.69	0.49	0.25	0.99	0.03	0.49	0.9	1.5	4.96	0.03	0.04	0.37	0.46	0.46	0.46	0.96	0.01	0.45	0.16	0.19	0.95	0.46	0.04	0.03	0.05	0.46	0.04	0.46	0.46	0.03	0.47	0.04	0.96	0.01	0.01	0.47	0.48	0.02	0.2	0.02	0.11	0.48	1.29	0.49	0.98	0.34	0.49	0.02	0.48	0.23	0.48	0.04	0.09	0.46	0.01	0.48	1.48	0.59	0.48	0.98	0.48	0.35	0.48	0.04	0.48	0.72	0.04	0.01	0.98	0.48	0.48	0.02	0.49	0.49	0.53	0.33	0.03	0.43	0.44	0.94	0.43	0.28	0.49	0.54	0.16	0.43	0.94	0.15	0.54	0.95	0.45	0.05	0.02	0.33	0.02	0.56
0.01	0.11	0.14	0.62	0.04	0.29	0.01	0.12	0.27	1.68	0.01	6.1	0.11	0.4	0.98	0.47	0.67	0.26	0.23	0.47	0.37	0.11	0.15	0.03	0.07	0.3	0.14	0.29	0.48	0.12	0.4	0.32	0.49	0.02	0.51	0.4	0.48	0.09	0	0.05	0.11	0.48	0.11	0	0.03	0.98	0.48	0.79	0.22	0.01	0.49	0.09	0.1	0.41	0.49	0	0.11	0.09	0.06	0	0.09	0.49	0.29	0.14	0.05	0.07	0.49	0.01	0.14	0.2	0.1	0.03	0.03	0.27	0.38	0.04	0.05	0.54	0.49	0.46	0.1	0.04	0.25	0.5	0.17	0.37	0.2	0.4	0.01	0.1	0.03	0.41	0.11	0.22	0.13	0.41	0.49	0.91	0.32
0.1	0.22	0.43	0.44	0.43	0.32	0.1	0.24	0.21	1.38	0.03	1.3	0.15	0.31	0.27	0.48	1.15	0.59	0.24	0.21	0.49	0.27	0.37	0.09	0.45	0.21	0.25	0.41	0.42	0.16	0.04	0.04	0.43	0.09	0.16	0.09	0.2	0.22	0.45	0	0.23	0.03	0.38	0.12	0.47	0.11	0.23	0.42	0.24	0.04	0.6	0.05	0.35	0.06	0.16	0.05	0.21	0.48	0.04	0.04	0.22	0.82	0.22	0.49	0.01	2.14	0.24	0.1	0.41	0.22	0.41	0.42	0.16	0.2	0.21	0.03	0	0.35	0.4	0.37	0.24	0.01	0.43	0.09	0.56	0.04	0.09	0.95	0.13	0.21	0.09	0.21	0.45	0.57	0.59	0.21	0.23	0.47	0.24
0.49	0.14	0.09	0.14	0.15	0.26	0.12	0.42	0.42	1.77	0.49	0.44	0.04	0.04	0.44	0.23	0.27	0.44	0.27	0.54	0.06	0.28	0.56	0.14	0.44	0.04	0.66	0.23	0.1	0.06	0.54	0.54	0.03	0.43	0.04	0.22	0.02	0.02	0.95	0.47	0	0.4	0.01	0.19	0.43	0.41	0.2	0.32	0.55	0.1	0.32	0.49	0.91	0.19	0.45	0.35	0.03	0.41	0.43	0.1	0.43	0.11	0.41	0.21	0.15	0.52	0.31	0.62	0.05	0.41	0.03	0.16	0.15	0.28	0.42	0.15	0.49	0.52	0.57	0.9	0.05	0.42	0.05	0.2	0.27	0.12	0.42	0.17	0.42	0.42	0.15	0.66	0.15	0.37	0.1	0.02	0.24	0.01	0.19
0.03	0.11	0.15	0.39	0.37	0.3	0.03	0.12	0.15	1.76	0.28	0.9	0.11	0.13	0.22	0.06	0.15	0.25	0.22	0.1	0.18	0.03	0.22	0.46	0.04	0.48	0.12	0.13	0.16	0.47	0.03	0.08	0.12	0.08	0.13	0.09	0.1	0.48	0.03	0.03	0.11	0	0.11	0.06	0.21	0.08	0.2	0.4	0.44	0.14	0.37	0.08	0.11	0.08	0.12	0.04	0.13	0.1	0.08	0.11	0.1	0.14	0.12	0.41	0.4	0.41	0.43	0.03	0.17	0.14	0.13	0.04	0.41	0.18	0.46	0.01	0.03	0.42	0.21	0.12	0.12	0.4	0.42	0.84	0.2	0.01	0.27	0.42	0.03	0.44	0.04	0.52	0.12	0.22	0.49	0.11	0.46	0.12	0.23
0.12	0.02	0.09	0.05	0.46	0.59	0.49	0.03	0.02	1.25	0.16	1.34	0.04	0.23	0.91	0.23	0.04	0.19	0.23	0.18	0.06	0.53	0.96	0.14	0.78	0.03	0.14	0.06	0.1	0.41	0.11	0.17	0.03	0.56	0.03	0.2	0.02	0.45	0.42	0.46	0.01	0.51	0	0.13	0.16	0.15	0.59	0.29	0.33	0.38	1.42	0.91	0.18	0.19	0.05	0.1	0.02	0.01	0.41	0.11	0.36	0.99	0.03	0.21	0.14	0.51	0.04	0.12	0.13	0.03	0.07	0.41	0.46	0.28	0.03	0.41	0.23	0.22	0.32	0.09	0.04	0.17	0.08	0.41	0.44	0.51	0.19	0.17	0.11	0.41	0.13	0.58	0.39	0.47	0.04	0.32	0.41	0.01	0.99
0.03	0.15	0.14	0.48	0.04	0.33	0.28	0.32	0.46	2.12	0.19	2.58	0.49	0.13	0.49	0.12	0.17	0.49	0.29	0.16	0.15	0.38	0.13	0.14	0.23	0.15	0.32	0.91	0.41	0.11	0.01	0.07	0.16	0.26	0.12	0.82	0.42	0.61	0.34	0.13	0.42	0.09	0.16	0	0.42	0.08	0.74	0.92	0.43	0.42	0.62	0.26	0.13	0.08	0.11	0	0.16	0.13	0.07	0.01	0.14	0.42	0.16	0.42	0.06	0.19	0.43	0.03	0.17	0.17	0.43	0.05	0.04	0.19	0.11	0.04	0.43	0.09	0.22	0.11	0.14	0.06	0.73	0.11	1.06	0.48	0.18	0.07	0.01	0.14	0.43	0.21	0.49	0.25	0.28	0.53	0.44	0.17	0.41
0.03	0.43	0.43	0.25	0.93	0.3	0.43	0.9	0.43	1.51	0.03	6.16	0.53	0.43	0.43	0.43	0.43	0.43	0.93	0.14	0.42	0.42	0.09	0.01	0.41	0.41	0.5	0.18	0.92	0.42	0.04	0.06	0.42	0.92	0.14	0.42	0.52	0.42	0.91	0.41	0.16	0.91	0.4	0.06	0.02	0.01	0.99	0.98	0.22	0.04	0.98	0.48	0.49	0.06	0.14	0.04	0.15	0.98	0.48	0.04	0.13	0.48	0.15	0.48	0.16	0.07	0.49	0.49	0.49	0.18	0.48	0	0.04	0.19	0.97	0.45	0.1	0.06	0.95	0.27	0.94	0.44	0.74	0.44	0.19	0.44	0.44	0.04	0.44	0.97	0.01	0.55	0.46	0.23	0.66	0.63	0.16	0.96	0.62
0.37	0.54	0.17	0.17	0.01	0.54	0.1	0.16	0.18	2.88	0.44	7.4	0.12	0.13	0.47	0.12	0.19	0.44	0.22	0.47	0.16	0.4	0.14	0.03	0.23	0.23	0.77	0.47	0.18	0.98	0.48	0.1	0.15	0.01	0.14	0.11	0.15	0.97	0.02	0.09	0.47	0.08	0.15	0.04	0.97	0	0.15	0.51	0.2	0.04	0.47	0.41	0.16	0.11	0.13	0.14	0.4	0.14	0.47	0.11	0.13	0.04	0.47	0.47	0.47	0.5	0.78	0.02	0.16	0.14	0.58	0.03	0.48	0.18	0.28	0.1	0.09	0.31	0.69	0.13	0.14	0.15	0.49	0.38	0.16	0.49	0.06	0.34	0.13	0.13	0.02	0.51	0.13	0.57	0.49	0.51	0.17	0.27	0.49
0.15	0.21	0.48	0.59	0.15	0.42	0.47	0.48	0.21	2.18	0.15	3.29	0.24	0.48	0.49	0.39	0.23	0.41	0.35	0.19	0.49	0.16	0.23	0.15	0.49	0.22	0.59	0.47	0.33	0.49	0.49	0.17	0.22	0.49	0.5	0.21	0.19	0.19	0.15	0.23	0.69	0.21	0.4	0.17	0.14	0.4	0	0.9	0.62	0.18	0.9	0.57	0.19	0.9	0.4	0.15	0.22	0.47	0.48	0.41	0.61	1.04	0.51	0.3	0.18	0.21	0.23	0.61	0.51	0.23	0.41	0.14	0.15	0.36	0.51	0.61	0.23	0.41	0.45	0.22	0.62	0.21	0.44	0.52	0.07	0.42	0.19	0.17	0.32	0.43	0.43	0.93	0.43	0.35	0.3	0.54	0.45	0.21	0.34
0.45	0.45	0.25	0.34	0.32	0.76	0.79	0.01	0.3	0.23	0.4	0.92	0.25	0.62	0.92	0.47	0.42	0.38	0.51	0.54	0.17	0.3	0.42	0.32	0.74	0.24	0.27	0.63	0.37	0.35	0.84	0.68	0.33	0.54	0.05	0.48	0.45	0.45	0.44	0.41	0.45	0.38	0.17	0.45	0.65	0.45	0.45	0	0.95	0.66	0.24	0.36	0.61	0.51	0.18	0.26	0.4	0.46	0.29	1.49	0.91	0.53	0.15	0.53	0.77	0.57	0.27	0.98	0.51	0.22	0.48	0.36	0.7	0.37	0.41	0.29	0.4	0.75	0.53	0.48	0.3	0.69	0.89	0.42	0.83	0.7	0.4	0.39	0.33	0.9	0.4	0.9	0.24	1.11	0.61	0.64	1.12	0.14	0.41
0.22	0.58	0.69	0.35	0.2	0.57	0.22	0.95	0.31	1.78	0.33	2.79	0.32	0.34	0.06	0.17	0.35	0.44	0.32	0.44	0.62	0.22	0.5	0.45	0.21	0.33	0.75	0.65	0.52	0.34	0.22	0.17	0.33	0.45	0.95	0.15	0.34	0.52	0.22	0.23	0.34	0.44	0.58	0.44	0.22	0.36	0.33	0.51	0	0.22	0.32	0.18	0.32	0.6	0.59	0.22	0.56	0.34	0.17	0.23	0.46	0.23	0.36	0.46	0.46	0.15	0.96	0.46	0.35	0.35	0.35	0.24	0.46	0.25	0.32	0.24	0.24	0.46	0.02	2.09	0.46	0.21	0.57	0.44	0.39	0.24	0.46	0.18	0.29	0.33	0.56	0.27	0.33	0.29	0.56	0.33	0.46	0.55	0.47
0.02	0.09	0.14	0.13	0.38	0.58	0.04	0.11	0.44	1.04	0.54	7.99	0.18	0.09	0.24	0.09	0.12	0.24	0.23	0.66	0.13	0.22	0.05	0.04	0.04	0.1	0.1	0.12	0.46	0.19	0.01	0.05	0.11	0.02	0.67	0.07	0.09	0.15	0.01	0.04	0.11	0.01	0.47	0.57	0.67	0.03	0.47	0.57	0.22	0	0.24	0.07	0.09	0.39	0.19	0.01	0.11	0.47	0.47	0.01	0.3	0.58	0.48	0.15	0.04	0.48	0.39	0.03	0.14	0.48	0.09	0.42	0.03	0.21	0.32	0.05	0.04	0.19	0.48	0.49	0.12	0.37	0.48	0.07	0.48	0.01	0.22	0.49	0	0.23	0.04	0.17	0.18	0.49	0.15	0.13	0.9	0.12	0.95
0.1	0.43	0.08	0.43	0.14	0.42	0.1	0.41	0.02	1.24	0.43	3.27	0.93	0.07	0.44	0.22	0.42	0.29	0.4	0.01	0.06	0.91	0.39	0.41	0.29	0.41	0.06	0.17	0.47	0.44	0.52	0.93	0.43	0.32	0.12	0.42	0.01	0.39	0.42	0.41	0.05	0.11	0.42	0.44	0.82	0.42	0.41	0.3	0.41	0.41	0.03	0.5	0.01	0.5	0.24	0.49	0.04	0.02	0.98	0.24	0.02	0.28	0.04	0.48	0.48	0.14	0.05	0.47	0.47	0.04	0.02	0.46	0.66	0.43	0.37	0.11	0.92	0.42	0.51	0.03	0.05	0.13	0.03	0.2	0.41	0.1	0.41	0.15	0.41	0.02	0.41	0.49	0.03	0.52	0.45	0.02	0.43	0.23	0.58
0.1	0.2	0.95	0.45	0.35	0.25	0.08	0.2	0.21	1.85	0.45	1.04	0.2	0.45	0.18	0.03	0.53	0.22	0.46	0.76	0.2	0.07	0.01	0.32	0.09	0.16	0.6	0.22	0.22	0.22	0.08	0.04	0.19	0.13	0.49	0.04	0.17	0.54	0.09	0.05	0.2	0.08	0.2	0.11	0.47	0.15	0.2	0.48	0.45	0.47	0.2	0	0.19	0.1	0.35	0.08	0.19	0.48	0.04	0.47	0.48	0.21	0.58	0.21	0.48	0.03	0.32	0.17	0.24	0.48	0.19	0.34	0.13	0.17	0.58	0.48	0.05	0.16	0.16	0.59	0.21	0.06	0.21	0.04	0.6	0.09	0.04	0.08	0.08	0.22	0.08	1.05	0.21	0.71	0.21	0.19	0.24	0.2	0.41
0.12	0.01	0.09	0.25	0.14	0.25	0.11	0.02	0.02	2.22	0.13	3.18	0.03	0.03	0.39	0.2	0.04	0.52	0.26	0.22	0.05	0.17	0.19	0.15	0.92	0.03	0.09	0.04	0.09	0.04	0.1	0.16	0.22	0.12	0.03	0.19	0.53	0.01	0.18	0.36	0.3	0.12	0	0.15	0.15	0.29	0.25	0.43	0.32	0.43	0.97	0.17	0	0.15	0.04	0.34	0.02	0.36	0.24	0.11	0.03	0.12	0.02	0.2	0.14	0.15	0.03	0.11	0.04	0.03	0.02	0.15	0.39	0.26	0.02	0.25	0.22	0.44	0.33	0.04	0.04	0.41	0.24	0.6	0.26	0.44	0.45	0.17	0.11	0.03	0.16	0.31	0.04	0.33	0.04	0.19	0.35	0.22	0.18
0.42	0.21	0.24	0.21	0.1	0.35	0.06	0.51	0.42	0.16	0.05	0.25	0.16	0.54	0.3	0.1	0.44	0.28	0.62	0.18	0.18	0.43	0.85	0.06	0.09	0.32	0.46	0.17	0.37	0.17	0.4	0.08	0.51	0.07	0.17	0.1	0.15	0.18	0.06	0.09	0.22	0.06	0.34	0.29	0.11	0.09	0.49	0.31	0.27	0.16	0.48	0.1	0.51	0	0.49	0.06	0.47	0.18	0.08	0.42	0.18	0.27	0.18	0.18	0.46	0.45	0.22	0.07	0.59	0.17	0.17	0.07	0.27	0.26	0.16	0.07	0.42	0.07	0.42	0.43	0.16	0.05	0.55	0.11	0.19	0.46	0.09	0.1	0.08	0.42	0.08	0.24	0.52	0.24	0.18	0.43	0.19	0.44	0.96
0.13	0.44	0.11	0.08	0.2	0.29	0.18	0.41	0.04	1.01	0.44	5.76	0.01	0.47	0.35	0.21	0.08	0.5	0.34	0.04	0.08	0.4	0.4	0.5	0.14	0.05	0.4	0.07	0.13	0.04	0.47	0.17	0.06	0.4	0.42	0.34	0.03	0.04	0.81	0.41	0.05	0.13	0.06	0.11	0.91	0.41	0.22	0.5	0.7	0.18	0.03	0.41	0.04	0.16	0	0.12	0.06	0.05	0.37	0.13	0.24	0.51	0.06	0.22	0.9	0.18	0.07	0.12	0.41	0.07	0.4	0.15	0.53	0.28	0.4	0.14	0.16	0.18	0.47	0.01	0.41	0.18	0	0.19	0.41	0.51	0.19	0.41	0.12	0.04	0.41	0.64	0.01	0.34	0.08	0.41	0.07	0.29	0.61
0.02	0.12	0.85	0.8	0.41	0.31	0.01	0.11	0.41	1.48	0.41	2.14	0.17	0.4	0.26	0.4	0.45	0.51	0.24	0.61	0.13	0.04	0.22	0.41	0.14	0.1	0.11	0.15	0.17	0.13	0.01	0.41	0.11	0.02	0.64	0.41	0.09	1.35	0.01	0.41	0.1	0.52	0.13	0.72	0.04	0.38	0.55	0.28	0.22	0.01	0.42	0.42	0.1	0.06	0.11	0	0.12	0.11	0.06	0.01	0.43	0.01	0.11	0.15	0.44	0.08	1.04	0.94	0.44	0.14	0.1	0.03	0.02	0.18	0.09	0.64	0.05	0.29	0.44	0.44	0.12	0.04	0.12	0.36	0.21	0.03	0.41	0.07	0.01	0.09	0.03	0.19	0.11	0.24	0.46	0.1	0.29	0.49	0.23
0.65	0.02	0.1	0.32	0.45	0.45	0.13	0.25	0.39	1.18	0.45	2.96	0.1	0.06	0.54	0.48	0.05	0.31	0.57	0.03	0.05	0.15	0.19	0.48	0.14	0.03	0.03	0.02	0.48	0.06	0.47	0.18	0.01	0.14	0.05	0.48	0.03	0.05	0.47	0.21	0.03	0.13	0.05	0.48	0.41	0.19	0.78	0.48	0.5	0.11	0.43	0.19	0.02	0.19	0.05	0.11	0	0.03	0.15	0.4	0.03	0.48	0.03	0.22	0.16	0.16	0.05	0.13	0.25	0.02	0.04	0.16	0.49	0.28	0.38	0.13	0.22	0.17	0.6	0.05	0.05	0.19	0.06	0.4	0.28	0.13	0.2	0.4	0.13	0.6	0.14	0.67	0.23	0.4	0.05	0.02	0.05	0.1	0.2
0.13	0.02	0.09	0.42	0.49	0.61	0.31	0.47	0.03	0.31	0.12	7.11	0.42	0.04	0.36	0.82	0.38	0.21	0.42	0.11	0.06	0.15	0.4	0.53	0.14	0.23	0.03	0.25	0.63	0.05	0.1	0.17	0.03	0.13	0.04	0.44	0.02	0.01	0.09	0.22	0.01	0.43	0.01	0.13	0.41	0.13	0.2	0.19	0.33	0.44	0.02	0.17	0.01	0.17	0.44	0.12	0.03	0	0.18	0.13	0.04	0.44	0.03	0.2	0.16	0.16	0.04	0.12	0.85	0.04	0.02	0.45	0.13	0.55	0.03	0.11	0.22	0.39	0.34	0.04	0.04	0.14	0.05	0.36	0.55	0.49	0.19	0.45	0.12	0.03	0.29	0.61	0.04	0.46	0.45	0.02	0.04	0.01	0.18
0.08	0.38	0.31	0.45	0.1	0.25	0.04	0.47	0.14	2.33	0.03	3.29	0.15	0.14	0.18	0.03	0.58	0.21	0.22	0.17	0.49	0.04	0.05	0.05	0.05	0.21	0.47	0.18	0.2	0.17	0.47	0	0.19	0.77	0.15	0.87	0.46	0.68	0.05	0.04	0.16	0.07	0.47	0.07	0.06	0.1	0.28	0.8	0.17	0.05	0.78	0.03	0.15	0.08	0.16	0.05	0.51	0.17	0	0.05	0.48	0.05	0.16	0.17	0.04	0.02	0.17	0.04	0.18	0.17	0.16	0.1	0.49	0.13	0.59	0.08	0.04	0.03	0.17	0.15	0.16	0.15	0.16	0.04	0.24	0.09	0.04	0.1	0.05	0.15	0.05	0.15	0.16	0.18	0.4	0.19	0.19	0.16	0.4
0.02	0.41	0.47	0.13	0.29	0.32	0.19	0.13	0.1	1.56	0.02	5.76	0.46	0.1	0.24	0.08	0.16	0.47	0.32	0.09	0.13	0.47	0.47	0.28	0.04	0.25	0.47	0.15	0.37	0.29	0.01	0.06	0.12	0.06	0.12	0.2	0.09	0.4	0	0.05	0.11	0.04	0.12	0.01	0.4	0.34	0.16	0.28	0.91	0.01	0.11	0.1	0.1	0.09	0.41	0.01	0.4	0.1	0.05	0	0.42	0.02	0.42	0.16	0.04	0.07	0.13	0.02	0.51	0.27	0.31	0.04	0.1	0.19	0.09	0.94	0.05	0.24	0.23	0.12	0.11	0.44	0.12	0.45	0.37	0.04	0.44	0.08	0.01	0.1	0.04	0.47	0.44	0.5	0.13	0.74	0.14	0.39	1.09
0.22	0.02	0.09	0.44	0.36	0.94	0.44	0.03	0.02	1.71	0.14	9.34	0.04	0.4	0.37	0.47	0.05	0.51	0.34	0.03	0.51	0.41	0.18	0.13	0.13	0.02	0.04	0.51	0.11	0.37	0.38	0.17	0.42	0.12	0.05	0.55	0.02	0.02	0.24	0.41	0.04	0.1	0.03	0.11	0.35	0.27	0.42	0.92	0.42	0.1	0.05	0.56	0.03	0.43	0.04	0.09	0.18	0.04	0.36	0.1	0	0.45	0.04	0.21	0.22	0.26	0.05	0.48	0.06	0.45	0.04	0.13	0.12	0.54	0.35	0.39	0.2	0.16	0.31	2.85	0.41	0.15	0.12	0.24	0.27	0.49	0.5	0.15	0.1	0.02	0.12	0.29	0.4	0.71	0.07	0.03	0.07	0.4	1.4
0.02	0.44	0.45	0.3	0.45	1.14	0.93	0.11	0.43	0.93	0.43	5.71	0.11	0.13	0.26	0.49	1.49	0.99	0.24	0.5	0.49	0.05	0.49	0.04	0.04	0.26	0.48	0.98	0.98	0.48	0.01	0.49	0.81	0.98	0.42	0.98	0.47	0.98	0.05	0.48	0.12	0.04	0.96	0.46	0.96	0.03	0.46	0.46	0.46	0.46	0.46	0.1	0.45	0.45	0.45	0	0.45	1.45	0.06	0.02	0.94	0.01	0.94	0.44	1.94	0.44	0.44	0.93	0.44	0.13	0.43	0.43	0.93	0.19	0.43	0.27	0.93	0.43	0.92	0.92	1.42	0.42	0.42	0.42	0.92	0.04	0.91	0.91	0.4	0.5	1.5	0.5	0.12	0.5	0.6	0.5	0.49	0.49	1.99
0.13	0.03	0.46	0.16	0.96	0.22	0.13	0.03	0.03	1.69	0.14	7.34	0.06	0.41	0.37	0.22	0.01	0.28	0.31	0.03	0.22	0.41	0.49	0.15	0.4	0.33	0	0.06	0.11	0.13	0.13	0.16	0.04	0.41	0.05	0.19	0.04	0.11	0.14	0.41	0.03	0.12	0.08	0.18	0.15	0.45	0.22	0.25	0.37	0.42	0.29	0.21	0.03	0.17	0.06	0.13	0.3	0.03	0.27	0.18	0.42	0.39	0	0.22	0.17	0.17	0.3	0.14	0.16	0.42	0.04	0.92	0.42	0.29	0.06	0.52	0.23	0.29	0.33	0.06	0.05	0.49	0.32	0.21	0.28	0.72	0.22	0.23	0.12	0.42	0.14	0.64	0.06	0.37	0.02	0.08	0.02	0.42	0.3
0.15	0.21	0.3	0.23	0.2	0.57	0.49	0.48	0.53	0.49	0.15	0.6	0.4	0.23	0.37	0.44	0.23	0.54	0.35	0.45	0.5	0.53	0.26	0.16	0.14	0.22	0.41	0.24	0.41	0.23	0.51	0.27	0.28	0.13	0.24	0.19	0.19	0.81	0.15	0.21	0.21	0.2	0.41	0.17	0.41	0.13	0.01	0.33	0.33	0.15	0.2	0.42	0.2	0.21	0.58	0.15	0.46	0.2	0.17	0.99	0.21	0.29	0.22	0	0.5	0.44	0.62	0.15	0.23	0.23	0.56	0.14	0.42	0.36	0.71	0.22	0.31	0.18	0.31	0.61	0.23	0.23	0.45	0.18	0.29	0.45	0.87	0.18	0.45	0.21	0.15	0.3	0.65	0.67	0.23	0.21	0.45	0.44	1.16
0.04	0.15	0.19	0.33	0.28	0.89	0.03	0.15	0.21	0.8	0.21	3.39	0.4	0.13	0.19	0.04	0.17	0.71	0.4	0.16	0.68	0.03	0.4	0.05	0.26	0.13	0.41	0.41	0.18	0.16	0.21	0.41	0.41	0.06	0.15	0.05	0.41	0.3	0.04	0.01	0.18	0.02	0.18	0.06	0.18	0.14	0.18	0.31	0.19	0.26	0.14	0.05	0.42	0.32	0.37	0.04	0.16	0.43	0.04	0.04	0.14	0.05	0.18	0.43	0	0.05	0.43	0.22	0.19	0.16	0.17	0.43	0.09	0.38	0.15	0.04	0.01	0.05	0.19	0.15	0.14	0	0.16	0.05	0.54	0.44	0.05	0.06	0.04	0.44	0.31	0.17	0.23	0.8	0.95	0.49	0.41	0.23	1.45
0.08	0.33	0.2	0.51	0.06	0.58	0.31	0.16	0.18	1.75	0.06	3.38	0.28	0.43	0.17	0.01	0.83	0.37	0.43	0.15	0.36	0.05	0.03	0.07	0.43	0.16	0.17	0.18	0.25	0.43	0.07	0.03	0.16	0.06	0.18	0.01	0.14	0.27	0.43	0.05	0.16	0.08	0.17	0.16	0.07	0.06	0.21	0.29	0.18	0.47	0.14	0.03	0.15	0.15	0.18	0.07	0.16	0.44	0.02	0.44	0.16	0.35	0.17	0.44	0.24	0	0.33	0.07	0.19	0.44	0.15	0.07	0.44	0.12	0.16	0.13	0.05	0.72	0.16	0.17	0.17	0.05	0.18	0.01	0.33	0.25	0.01	0.05	0.08	0.18	0.07	0.11	0.22	0.14	0.55	0.75	0.19	0.41	0.19
0.15	0.04	0.4	0.41	0.18	0.24	0.15	0.05	0.04	1.56	0.34	0.34	0.07	0.88	0.4	0.23	0.03	0.49	0.4	0.44	0.1	0.17	0.94	0.37	0.16	0.26	0.39	0.06	0.22	0.08	0.4	0.19	0.05	0.4	0.06	0.21	0.04	0.04	0.15	0.26	0.09	0.5	0.04	0.17	0.18	0.16	0.75	0.5	0.44	0.12	0.15	0.22	0.03	0.4	0.07	0.14	0.05	0.39	0.32	0.14	0.29	0.35	0.75	0.4	0.18	0.18	0	0.14	0.01	0.06	0.05	0.16	0.4	0.3	0.05	0.16	0.61	0.51	0.33	0.07	0.06	0.17	0.07	0.2	0.57	0.16	0.22	0.19	0.13	0.44	0.15	0.41	0.07	0.91	0.41	0.28	0.04	0.12	0.56
0	0.4	0.15	0.43	0.27	0.43	0.01	0.47	0.12	1.64	0.01	2.72	0.11	0.12	0.26	0.1	0.32	0.41	0.22	0.18	0.2	0.04	0.08	0.51	0.29	0.12	0.13	0.15	0.42	0.52	0.02	0.04	0.42	0.02	0.11	0.17	0.1	0.21	0.01	0.1	0.43	0.03	0.43	0.03	0.29	0.43	0.15	0.35	0.22	0.02	0.44	0.08	0.36	0.06	0.32	0.44	0.12	0.14	0.05	0.02	0.95	0.1	0.13	0.15	0.04	0.07	0.15	0	0.14	0.15	0.12	0.73	0.29	0.95	0.14	0.04	0.1	0.46	0.25	0.12	0.14	0.05	1	0.07	0.43	0.04	0.17	0.05	0.02	0.11	0.03	0.21	0.38	0.48	0.15	0.4	0.15	0.98	0.23
0.16	0.14	0.12	0.73	0.17	0.24	0.14	0.1	0.05	0.05	0.48	3.54	0.07	0.05	0.87	0.77	0.03	0.25	0.99	0.05	0.1	0.17	0.53	0.18	0.18	0.37	0.02	0.07	0.12	0.5	0.41	0.36	0.05	0.15	0.12	0.42	0.05	0.42	0.2	0.25	0.05	0.43	0.05	0.17	0.94	0.16	0.43	0.36	0.38	0.14	0.42	0.23	0.06	0.44	0.26	0.15	0.42	0.05	0.42	0.15	0.06	0.15	0.04	0.45	0.17	0.18	0.01	0.53	0	0.06	0.06	0.25	0.46	0.3	0.06	0.17	0.26	0.47	0.33	0.07	0.07	0.47	0.15	0.38	0.48	0.52	0.48	0.2	0.19	0.05	0.19	0.35	0.08	0.36	0.4	0.29	0.4	0.23	0.36
0.14	0.48	0.68	0.06	0.16	0.48	0.14	0.01	0.03	0.98	0.13	0.7	0.06	0.04	0.37	0.23	0.06	0.21	0.33	0.04	0.06	0.41	0.21	0.17	0.15	0.41	0.04	0.02	0.12	0.07	0.13	0.18	0.01	0.14	0.14	0.21	0.04	0.36	0.92	0.92	0.39	0.13	0.03	0.15	0.16	0.21	0.62	0.24	0.92	0.12	0.05	0.22	0.04	0.16	0.07	0.52	0.02	0.25	0.17	0.13	0.05	0.13	0.04	0.48	0.43	0.17	0.06	0.13	0.06	0	0.05	0.15	0.14	0.43	0.04	0.14	0.22	0.21	0.61	1.54	0.2	0.54	0.32	0.21	0.66	0.13	0.21	0.17	0.13	0.03	0.15	0.7	0.06	0.36	0.06	0.03	0.06	0.03	0.44
0.51	0.03	0.73	0.06	0.63	0.26	0.13	0.04	0.03	1.14	0.14	3.58	0.04	0.05	0.4	0.47	0.06	0.19	0.29	0.01	0.06	0.16	0.3	0.47	0.15	0.24	0.04	0.06	0.16	0.05	0.48	0.42	0.04	0.15	0.27	1.08	0.02	0.57	0.1	0.6	0.03	0.12	0.03	0.13	0.16	0.13	0.48	0.34	0.58	0.09	0.4	0.21	0.03	0.18	0.05	0.11	0.04	0.49	0.17	0.09	0.04	1	0.04	0.2	0.55	0.15	0.05	0.12	0.49	0.05	0	0.17	0.49	0.26	0.36	0.13	0.23	0.49	0.34	0.04	0.05	0.17	0.05	0.2	0.6	0.12	0.33	0.16	0.1	0.04	0.14	0.32	0.04	0.52	0.6	0.4	0.05	0.03	0.19
0.03	0.74	0.56	0.18	0.02	0.65	0.19	0.44	0.14	0.5	0.03	8.11	0.14	0.47	1	0.09	0.19	0.5	0.23	0.14	0.15	0.05	0.19	0.16	0.41	0.45	0.15	0.46	0.46	0.41	0.04	0.12	0.14	0.01	0.15	0.43	0.13	0.14	0.03	0.39	0.42	0.04	0.17	0.05	0.57	0.32	0.24	0.42	0.6	0.12	0.13	1.06	0.56	0.06	0.14	0.03	0.16	0.46	0.05	0.05	0.38	0.04	0.47	0.14	0.32	0.07	0.17	0.03	0.19	0.47	0.15	0	0.17	0.33	0.47	0.05	0.1	0.25	0.48	0.14	0.98	0.06	0.89	0.08	0.19	0.06	0.09	0.3	0.04	0.14	0.49	0.19	0.14	0.23	1	0.5	0.49	0.28	0.4
0.02	0.45	0.17	0.17	0.02	0.29	0.02	0.14	0.11	0.13	0.45	3.3	0.44	0.11	0.49	0.44	0.16	0.24	0.44	0.13	0.16	0.09	0.44	0.02	0.44	0.62	0.54	0.74	0.18	0.47	0.09	0.44	0.54	0	0.14	0.07	0.13	0.55	0.03	0.45	0.4	0.45	0.13	0.45	0.85	0	0.15	0.24	0.2	0.03	0.45	0.45	0.34	0.12	0.57	0.03	0.15	0.48	0.1	0.48	0.13	0.41	0.48	0.13	0.16	0.06	0.48	0.28	0.19	0.98	0.23	0.01	0.01	0.49	0.13	0.09	0.59	2.51	0.33	0.12	0.12	0.4	0.52	0.06	0.2	0.15	0.96	0.09	0.11	0.4	0.03	0.91	0.13	0.24	0.41	0.13	0.61	0.47	1.41
0.42	0.41	0.43	0.31	0.18	0.11	0.18	0.28	0.26	1.8	0.19	2.56	0.65	0.27	0.22	0.22	0.45	0.45	0.05	0.55	0.32	0.2	0.14	0.19	0.19	0.28	0.51	0.31	0.35	0.56	0.18	0.13	0.27	0.18	0.29	0.1	0.46	0.46	0.18	0.2	0.27	0.46	0.66	0.19	0.19	0.18	0.36	0.77	0.25	0.2	0.46	0.14	0.28	0.23	0.56	0.18	0.28	0.26	0.54	0.19	0.27	1.47	0.28	0.46	0.32	0.46	0.3	0.18	0.31	0.69	0.46	0.19	0.51	0	0.27	0.31	0.47	0.57	0.41	0.28	0.28	0.19	0.28	0.1	0.51	0.19	0.47	0.48	0.5	0.27	0.19	0	0.27	0.59	0.49	0.28	0.3	0.28	0.09
0.54	0.02	0.07	0.15	0.12	0.26	0.1	0.43	0.2	1.94	1.44	6.5	0.38	0.02	0.37	0.2	0.05	0.46	0.67	0.02	0.06	0.46	0.21	0.17	0.14	0.46	0.04	0.05	0.51	0.2	0.09	0.17	0.04	0.12	0.05	0.57	0.01	0.68	0.11	0.47	0.03	0.47	0.05	0.77	0.13	0.17	0.47	0.31	0.57	0.1	0.07	0.18	0.02	0.15	0.04	0.1	0.15	0.48	0.32	0.1	0.01	0.09	0.04	0.21	0.15	0.16	0.05	0.48	0.28	0.05	0.03	0.49	1.28	0.25	0	0.98	0.78	0.98	0.63	1.4	0.05	0.15	0.04	0.49	0.27	0.18	0.59	0.16	0.09	0.02	0.14	0.4	0.15	0.46	0.18	0.03	0.43	0.03	0.7
0.04	0.45	0.2	0.24	0.1	0.32	1.19	0.14	0.13	0.87	0.79	6.74	0.5	0.47	0.23	0.48	0.48	0.26	0.23	0.21	0.18	0.04	0.09	0.05	0.05	0.51	0.16	0.15	0.25	0.14	0.09	0.3	0.42	0.1	0.18	0.11	0.11	0.92	0.42	0.04	0.24	0.01	0.12	0.43	0.35	0.1	0.22	0.64	0.25	0.02	0.1	0.09	0.45	0.08	0.13	0.09	0.14	0.11	0.47	0.18	0.13	0.18	0.48	0.21	0.09	0.7	0.15	0.04	0.4	0.14	0.12	0.05	0.1	0.2	0.11	0	0.04	0.22	0.35	0.43	0.15	0.05	0.37	0.3	0.45	0	0.47	0.96	0.03	0.12	0.05	0.2	0.13	0.48	0.15	0.13	0.17	0.79	0.26
0.35	0.44	0.2	0.93	0.43	0.51	0.43	0.21	0.63	1.91	0.03	5.34	0.15	0.44	0.27	0.14	0.26	0.44	0.24	0.22	1.07	0.03	0.06	0.1	0.1	0.22	0.22	0.24	0.24	0.16	0.04	0.11	0.49	0.09	0.17	0.09	0.23	1.41	0.05	0	0.23	0.21	0.39	0.13	0.44	0.42	0.23	0.35	0.44	0.04	0.36	0.44	0.22	0.06	0.16	0.45	0.21	0.24	0.19	0.45	0.2	0.17	0.25	0.21	0.01	0.05	0.23	0.48	0.23	0.25	0.23	0.5	0.46	0.2	0.2	0.9	0	0.08	0.26	0.4	0.23	0.13	0.16	0.41	0.23	0.04	0.1	0.07	0.04	0.2	0.42	0.21	0.15	0.22	0.25	0.24	0.95	0.45	0.45
0.06	0.98	0.22	0.58	0.05	0.24	0.06	0.17	0.47	0.56	0.06	1.47	0.46	0.17	0.52	0.03	0.45	0.19	0.18	0.47	0.19	0.44	0.05	0.44	0.06	0.17	0.43	0.43	0.23	0.31	0.42	0.03	0.42	0.04	0.18	0.01	0.43	0.35	0.41	0.08	0.6	0.18	0.4	0.17	0.6	0.5	1.05	0.4	0.16	0.4	1	0.05	0.17	0.91	0.7	0.07	0.42	0.2	0.07	0.07	0.4	0.5	0.21	0.4	0.05	0.02	0.22	0.5	0.19	0.2	0.46	0.07	0.05	0.12	0.16	0.48	0.08	0	1.02	0.56	0.18	0.04	0.47	0.91	0.24	0.08	0.01	0.03	0.32	0.46	0.4	0.13	0.24	0.45	0.2	0.19	0.3	0.44	0.25
0.46	0.47	0.34	0.33	0.24	0.42	0.2	0.61	0.31	2.54	0.2	3.83	0.52	0.29	0.22	0.48	0.33	0.44	0.26	0.44	0.34	0.21	0.44	0.94	0.19	0.31	0.45	0.35	0.44	0.32	0.22	0.17	0.65	0.65	0.47	0.13	0.59	0.8	0.56	0.21	0.34	0.21	0.34	0.46	0.41	0.29	0.31	1.17	0.59	0.68	1.08	0.48	0.48	0.24	0.34	0.21	0.34	0.32	0.17	0.23	0.3	0.6	0.5	0.5	0.19	0.16	0.34	0.2	0.41	0.34	0.35	0.61	0.23	0.21	0.36	0.41	0.22	0.51	0	0.31	0.6	0.28	0.32	0.13	0.92	0.22	0.13	0.16	0.91	0.4	0.19	0.25	0.91	0.3	0.33	0.95	0.39	0.41	0.25
0.11	0.04	0.25	0.07	0.12	0.48	0.12	0.87	0.03	0.83	0.12	2.06	0.45	0.05	0.34	0.45	0.07	0.53	0.33	0.44	0.1	0.65	0.45	0.35	0.13	0.05	0.44	0.07	0.13	0.01	0.11	0.2	0.05	0.42	0.46	0.19	0.02	0.26	0.11	0.15	0.41	0.11	0.4	0.11	0.5	0.12	0.22	0.49	0.33	0.17	0.03	0.2	0.36	0.16	0.48	0.11	0.05	0.04	0.26	0.12	0.04	0.96	0.06	0.22	0.52	0.45	0.45	0.12	0.44	0.06	0.94	0.43	0.13	0.52	0.03	0.42	0.15	0.52	0.92	0	0.09	2.92	0.01	0.18	0.28	0.13	0.41	0.18	0.8	0.4	0.14	0.3	0	0.6	0.07	0.04	0.07	0.04	0.27
0.13	0.04	0.42	0.32	0.13	0.54	0.12	0.47	0.02	1.52	0.42	1.79	0.03	0.03	0.51	0.21	0.07	0.21	0.34	0.04	0.22	0.43	0.58	0.14	0.17	0.03	0.05	0.07	0.13	0.04	0.11	0.18	0.05	0.14	0.05	0.19	0.03	0.04	0.33	0.23	0.05	0.13	0.04	0.23	0.48	0.48	0.23	0.22	0.33	0.12	0.54	0.59	0.04	0.17	0.03	0.11	0.39	0.04	0.17	0.12	0.03	0.14	0.05	0.37	0.55	0.17	0.06	0.14	0.07	0.06	0.13	0.38	0.14	0.28	0.67	0.13	0.21	0.4	0.69	2.76	0	0.16	0.4	0.5	0.29	0.13	0.21	0.15	0.27	0.01	0.14	0.46	0.03	1.12	0.07	0.36	0.3	0.04	0.49
0.03	0.46	0.19	0.45	0.08	0.34	0.03	0.46	0.14	0.62	0.03	0.84	0.17	0.14	0.19	0.04	0.16	0.61	0.58	0.15	0.59	0.03	0.22	0.04	0.04	0.69	0.18	0.17	0.25	0.21	0.04	0.42	0.23	0.1	0.15	0.4	0.4	0.16	0.04	0	0.16	0.41	0.18	0.41	0.04	0.14	0.21	0.44	0.19	0.11	0.38	0.04	0.16	0.15	0.18	0.37	0.14	0.18	0.2	0.05	0.52	1.42	0.15	0.42	0.15	0.42	0.18	0.13	0.56	0.15	0.16	0.04	0.42	0.2	0.15	0.15	0.01	0.08	0.22	0.45	0.22	0	0.19	0.05	0.39	0.42	0.22	0.09	0.44	0.14	0.42	0.16	0.15	0.2	0.72	0.14	0.18	0.14	0.2
0.12	0.05	0.45	0.41	0.13	0.29	0.46	0.06	0.04	1.76	0.76	0.32	0.08	0.45	0.35	0.21	0.37	0.46	0.34	0.04	0.09	0.15	0.56	0.14	0.46	0.05	0.06	0.46	0.17	0.01	0.51	0.16	0.14	0.21	0.08	0.19	0.03	0.47	0.47	0.16	0.05	0.47	0.05	0.63	0.15	0.48	0.22	0.2	0.33	0.57	0.48	0.25	0.04	0.17	0	0.39	0.06	0.05	0.44	0.12	0.34	0.49	0.06	0.22	0.4	0.18	0.08	0.12	0.08	0.69	0.05	0.14	0.7	0.62	0.04	0.9	0.4	0.17	0.32	0.5	0.03	0.15	0	0.19	0.28	0.13	0.19	0.4	0.12	0.04	0.14	0.3	0.4	0.34	0.08	0.4	0.4	0.41	0.4
0.07	0.47	0.21	0.55	0.07	0.47	0.08	0.21	0.4	0.94	0.07	5.15	0.18	0.18	0.18	0.33	0.22	0.53	0.44	0.2	0.46	0.37	0.44	0.08	0.07	0.17	0.32	0.21	0.29	0.45	0.44	0.03	0.2	0.05	0.19	0.07	0.19	0.44	0.08	0.12	0.2	0.46	0.54	0.1	0.08	0.08	0.2	0.45	0.16	0.07	0.19	0.21	0.18	0.45	0.45	0.33	1.06	0.18	0.03	0.09	0.17	0.45	0.22	0.18	0.05	0.01	0.54	0.46	0.46	0.19	0.19	0.46	0.15	0.1	0.46	0.1	0.09	0.18	0.46	0.18	0.17	0.06	0.43	0	0.2	0.1	0	0.04	0.29	0.57	0.37	0.12	0.46	0.41	0.97	0.31	0.67	0.2	0.15
0.21	0.42	0.63	0.4	0.48	0.73	0.21	0.28	0.37	0.48	0.21	9.17	0.45	0.54	0.43	0.27	0.29	0.42	0.44	0.64	0.5	0.22	0.61	0.23	0.2	0.65	0.28	0.95	0.3	0.64	0.21	0.95	0.45	0.19	0.52	0.65	0.25	0.62	0.17	0.23	0.26	0.2	0.45	0.75	0.2	0.17	0.45	0.76	0.39	0.85	0.46	0.27	0.26	0.56	0.56	0.21	0.32	0.96	0.38	0.22	0.65	0.46	0.28	0.06	0.46	0.16	0.29	0.31	0.29	0.29	0.97	0.47	0.51	0.58	0.47	0.67	0.23	0.62	0.67	0.31	0.44	0.21	0.29	0.2	0	0.28	0.3	0.17	0.22	0.47	0.14	0.36	0.5	0.71	0.29	0.27	1.18	0.27	0.48
0.03	0.11	0.16	0.37	0.48	0.35	0.04	0.12	0.12	0.94	0.41	3.94	0.41	0.43	0.43	0.07	0.45	0.27	0.44	0.1	0.15	0.03	0.16	0.05	0.19	0.13	0.26	0.15	0.18	0.45	0.04	0.09	0.14	0.44	0.14	0.1	0.12	0.31	0.03	0.03	0.13	0.01	0.11	0.04	0.46	0.57	0.46	0.32	0.24	0.01	0.77	0.09	0.11	0.12	0.87	0.03	0.12	0.11	0.08	0.04	0.12	0.04	0.13	0.22	0.04	0.07	0.16	0.03	0.15	0.15	0.48	0.05	0.09	0.21	0.32	0	0.04	0.09	0.38	1.99	0.46	0.03	0.28	0.1	1.08	0	0.1	0.11	0.03	0.12	0.04	0.99	0.13	0.83	0.41	0.13	0.44	0.15	0.25
0.08	0.19	0.21	0.21	0.06	0.42	1.25	0.19	0.17	1.3	0.08	4.25	0.18	0.9	0.23	0.16	0.21	0.18	0.4	0.58	0.18	0.4	0.41	0.28	0.07	0.19	0.56	0.21	0.26	0.2	0.08	0.03	0.42	0.06	0.17	0.01	0.21	0.53	0.3	0.43	0.44	0.09	0.19	0.43	0.09	0.15	0.37	0.65	0.15	0.07	0.2	0.04	0.18	0.14	0.54	0.08	0.21	0.45	0.69	0.09	0.44	0.29	0.45	0.19	0.06	0.01	0.21	0.08	0.21	0.56	0.19	0.21	0.46	0.1	0.54	0.11	0.46	0.01	0.34	0.42	0.42	0.05	0.19	0	0.25	0.1	0	0.04	0.36	0.46	0.08	0.66	0.19	0.48	0.46	0.45	0.96	0.2	0.16
0.04	0.16	0.28	0.18	0.44	0.47	0.04	0.2	0.15	1.47	0.06	5.88	0.42	0.16	0.22	0.24	0.19	0.47	0.21	0.17	0.47	0.37	0.77	0.04	0.04	0.14	0.16	0.18	0.23	0.19	0.07	0.47	0.17	0.03	0.15	0.04	0.47	0.56	0.25	0.06	0.16	0.47	0.47	0.33	0.04	0.09	0.17	0.35	0.18	0.47	0.98	0.47	0.17	0.08	0.19	0.14	0.18	0.19	0.09	0.47	0.47	0.44	0.47	0.15	0.06	0.05	0.19	0.05	0.47	0.18	0.47	0.05	0.47	0.15	0.16	0.08	0.07	0.03	0.16	0.97	0.15	0.06	0.42	0.04	0.57	0.09	0.04	0	0.08	0.15	0.04	0.47	0.18	0.22	0.51	0.15	0.18	0.48	0.19
0.48	0.12	0.33	0.13	0.1	0.31	0.02	0.11	0.09	2.32	0.02	12.5	0.16	0.12	0.22	0.43	0.13	0.26	0.22	0.09	0.3	0.42	0.72	0.04	0.04	0.11	0.13	0.42	1.12	0.12	0.35	0.17	0.12	0.09	0.46	0.08	0.42	0.22	0.22	0.04	0.12	0.04	0.93	0.02	0.24	0.39	0.16	0.49	0.48	0	0.09	0.45	0.11	0.07	0.12	0.01	0.36	0.1	0.25	0.01	0.12	0.09	0.21	0.44	0.04	0.08	0.13	0.02	0.15	0.44	0.29	0.04	0.11	0.19	0.11	0.03	0.04	0.07	0.22	0.54	0.12	0.05	0.29	0.33	0.22	0.04	0.19	0.08	0	0.44	0.17	0.24	0.44	0.99	0.13	0.34	0.44	0.1	0.79
0.13	0.02	0.25	0.9	0.12	0.26	0.25	0.03	0	1.28	0.71	5.7	0.04	0.32	0.37	0.22	0.05	0.2	0.35	0.03	0.07	0.4	0.2	0.14	0.15	0.01	0.4	0.05	0.37	0.05	0.41	0.14	0.03	0.13	0.06	0.17	0.02	0.03	0.41	0.21	0.05	0.44	0.03	0.42	0.41	0.12	0.21	0.2	0.41	0.41	0.03	0.2	0.03	0.16	0.42	0.09	0.03	0.42	0.36	0.1	0.14	0.5	0.04	0.21	0.43	0.18	0.05	0.11	0.43	0.04	0.04	0.14	0.43	0.43	0.02	0.2	0.21	0.17	0.32	0.04	0.01	0.18	0.04	0.17	0.28	0.14	0.35	0.44	0.1	0	0.16	0.44	0.04	0.34	0.06	0.03	0.05	0.26	0.61
0.15	0.65	0.18	0.24	0.01	0.3	0.02	0.19	0.5	1.75	0.03	10	0.13	0.12	0.24	0.09	0.45	0.56	0.23	0.16	0.28	0.04	0.46	0.01	0.02	0.12	0.17	0.48	0.21	0.46	0.03	0.05	0.47	0.01	0.16	0.46	0.46	0.26	0.03	0.09	0.14	0.04	0.13	0.05	0.07	0.47	0.15	0.4	0.21	0.05	0.67	0.08	0.14	0.06	0.14	0.34	0.15	0.14	0.06	0.04	0.13	0.24	0.48	0.12	0.04	0.07	0.17	0.02	0.17	0.15	0.26	0.01	0.21	0.19	0.13	0.05	0.49	0.13	0.19	0.14	0.49	0.43	0.35	0.07	0.14	0.04	0.29	0.04	0.03	0.14	0	0.54	0.49	0.23	0.17	0.54	0.16	0.4	0.91
0.19	0.48	0.34	0.89	0.17	0.49	0.19	0.35	0.31	1.46	0.19	3.5	0.49	0.3	0.23	0.15	0.34	0.09	0.05	0.61	0.31	0.19	0.52	0.41	0.18	0.41	0.31	0.32	1.32	0.41	0.5	0.14	0.61	0.91	0.46	0.12	0.3	0.92	0.62	0.51	0.62	0.18	0.51	0.21	0.19	0.18	0.3	1.44	0.94	0.44	0.64	0.54	0.31	0.21	0.63	0.93	0.43	0.63	0.14	0.43	0.32	0.93	0.31	0.3	0.17	0.42	0.32	0.43	0.32	0.32	0.33	0.19	0.17	0	0.32	0.93	0.73	0.39	0.21	0.43	0.44	0.18	0.44	0.12	0.36	0.19	0.12	0.44	0.54	0.3	0.44	0	0.3	0.17	0.55	0.3	0.33	0.46	0.66
0.23	0.04	0.46	0.56	0.13	0.28	0.22	0.05	0.03	1.79	0.12	4.63	0	0.05	0.34	0.21	0.07	0.58	0.43	0.03	0.08	0.41	0.21	0.58	0.14	0.05	0.06	0.4	0.52	0.01	0.32	0.16	0.06	0.12	0.07	0.18	0.03	0.2	0.11	0.16	0.05	0.49	0.04	0.49	0.51	0.25	0.26	0.62	0.33	0.5	0.08	0.2	0.08	0.29	0.01	0.4	0.13	0.29	0.4	0.14	0.4	0.4	0.06	0.22	0.15	0.17	0.07	0.43	0.3	0.4	0.05	0.52	0.13	0.28	0.03	0.41	0.5	0.17	0.41	0	0.03	0.19	0.02	0.41	0.28	0.14	1.03	0.18	0.12	0.41	0.13	0.41	0	0.41	0.07	0.04	0.42	0.41	0.41
0.23	0.37	0.49	0.47	0.22	0.47	0.26	0.44	0.32	1.78	0.48	0.44	0.33	0.54	0.32	0.17	0.37	0.06	0.05	0.58	0.45	0.22	0.18	0.23	0.35	0.34	0.35	0.36	0.82	0.66	0.23	1.36	0.46	0.21	0.32	0.16	1.06	0.76	0.97	0.46	0.57	0.45	1.19	0.47	0.34	0.28	0.74	0.82	0.43	0.42	0.33	0.21	0.72	0.24	0.58	0.23	0.43	0.34	0.93	0.23	0.33	0.43	0.44	0.53	0.2	0.44	0.36	0.44	0.55	0.71	0.64	0.37	0.95	0.03	0.34	0.4	0.48	0.65	0.47	0.61	0.55	0.2	0.34	0.46	0.46	0.32	0.15	0.46	0.24	0.33	0.96	0.03	0.46	0	0.97	0.32	0.77	0.67	0.47
0.14	0.04	0.1	0	0.15	0.49	0.34	0.49	0.4	2.21	0.44	3	0.07	0.08	0.75	0.54	0.04	0.46	0.46	0.05	0.09	0.17	0.46	0.16	0.57	0.2	0.02	0.41	0.13	0.08	0.13	0.35	0.05	0.47	0.07	0.23	0.32	0.69	0.13	0.25	0.05	0.16	0.05	0.17	0.27	0.15	0.58	0.32	0.38	0.16	0.05	0.9	0.04	0.2	0.21	0.5	0.05	0.05	0.19	0.45	0.4	0.5	0.02	0.32	0.4	0.41	0.03	0.14	0.03	0.42	0.06	0.18	0.41	0.31	0.42	0.16	0.61	0.2	0.45	0.07	0.07	0.19	0.62	0.21	0.29	0.16	0.21	0.18	0.43	0.43	0.17	0.32	0.07	0.39	0	0.05	0.01	0.44	0.37
0.14	0	0.09	0.45	0.14	0.26	0.12	0.03	0.02	1.08	0.24	2.03	0.48	0.04	0.37	1.49	0.53	0.25	0.23	0.05	0.06	0.49	0.2	0.17	0.15	0	0.03	0.59	0.1	0.05	0.31	0.18	0.03	0.5	0.04	0.2	0.02	1.11	0.11	0.41	0.41	0.12	0.02	0.51	0.42	0.42	0.21	0.28	0.33	0.62	0.68	0.29	0.01	0.17	0.05	0.42	0.19	0.01	0.16	0.11	0.03	0.43	0.04	0.21	0.16	0.63	0.04	0.11	0.53	0.25	0.03	0.52	0.57	0.27	0.03	0.42	0.22	0.27	0.45	0.04	0.04	0.36	0.44	0.2	0.27	0.13	0.19	0.17	0.1	0.03	0.15	0.31	0.04	0.32	0.17	0	0.42	0.02	2.96
0.22	0.04	0.1	0.01	0.18	0.24	0.28	0.05	0.05	0.9	0.15	5.32	0.08	0.4	0.7	0.24	0.04	0.21	0.4	0.05	0.4	0.4	0.23	0.16	0.16	0.41	0.02	0.07	0.52	0.08	0.41	0.19	0.05	0.92	0.07	0.83	0.05	0.34	0.42	0.23	0.22	0.43	0.04	0.53	0.53	0.54	0.54	0.43	0.36	0.12	0.05	0.43	0.04	0.21	0.43	0.14	0.05	0.44	0.44	0.44	0.06	0.33	0.02	0.44	0.19	0.57	0.04	0.16	0.04	0.28	0.05	0.16	0.2	0.48	0.49	0.48	0.23	0.19	0.33	0.26	0.06	0.49	0.24	0.22	0.34	0.49	0.49	0.35	0.19	0.07	0.17	1.11	0.41	0.48	0.36	0.05	0	0.41	0.41
0.26	0.02	0.1	0.05	0.14	0.25	0.41	0.03	0.03	1.41	0.13	12.8	0.04	0.21	0.7	0.45	0.28	0.47	0.23	0.02	0.5	0.16	0.47	0.49	0.48	0	0.36	0.05	0.48	0.05	0.31	0.48	0.68	0.48	0.44	0.48	0.02	0.29	0.1	0.48	0.01	0.12	0.01	0.39	0.54	0.4	0.21	0.32	0.33	0.12	0.49	0.99	0.01	0.62	0.05	0.46	0.03	0.01	0.23	0.11	0.31	0.13	0.11	0.4	0.15	0.18	0.5	0.12	0.33	0.04	0.03	0.4	0.16	0.6	0.6	0.52	0.24	0.17	0.4	0.18	0.04	0.17	0.05	0.41	0.27	0.13	0.51	0.16	0.12	0.4	0.15	0.3	0.05	0.41	0.05	0.41	0.1	0	0.25
0.27	0.19	0.47	0.49	0.23	0.47	0.48	0.6	0.19	1.36	0.48	3.08	0.27	0.47	0.24	0.3	0.48	0	0.04	0.45	0.99	0.23	0.19	0.5	0.22	0.21	0.2	0.36	0.42	0.49	0.53	0.17	0.27	0.49	0.52	0.41	0.18	0.42	0.23	0.49	0.19	0.49	0.49	0.53	0.31	0.59	0.59	0.6	0.51	0.22	0.18	0.91	0.18	0.41	0.41	0.23	0.52	0.27	0.3	0.24	0.56	0.5	0.2	0.34	0.26	0.19	0.21	0.43	0.36	0.38	0.19	0.52	0.35	0.09	0.19	0.24	0.78	0.54	0.26	0.64	0.44	0.27	0.28	0.45	0.4	0.52	0.16	0.19	0.23	0.45	0.26	0.45	0.27	0.54	0.22	0.45	0.45	0.31	0
