0	0.41	0.15	0.29	0.02	0.57	0	0.4	0.12	0.91	0.41	3.64	0.12	0.43	0.25	0.1	0.17	0.25	0.22	0.44	0.13	0.04	0.47	0.23	0.44	0.12	0.42	0.44	2.03	0.23	0.03	0.04	0.12	0.41	0.19	0.44	0.12	0.12	0.01	0.44	0.13	0.41	0.12	0.03	4.89	0.02	0.15	0.16	0.22	0.02	0.1	0.9	0.11	0.55	0.45	0.02	0.13	0.11	0.38	0.02	0.45	0.02	0.13	0.15	0.03	0.07	0.15	1.16	0.16	0.25	0.14	0.16	0.5	0.53	0.46	0.04	0.1	0.06	0.2	0.12	0.26	0.46	0.13	0.08	0.21	0.46	0.08	0.42	0.02	0.47	0.11	0.19	0.47	0.22	0.47	0.14	0.14	0.23	0.29
0.12	0	0.44	0.43	0.14	0.25	0.44	0.4	0.02	0.05	0.12	1.74	0.04	0.02	0.37	0.48	0.04	0.22	0.48	0.02	0.42	0.92	0.2	0.14	0.59	0	0.03	0.04	0.49	0.05	0.99	0.49	0.05	0.13	0.04	0.19	0.02	0.38	0.09	0.49	0.02	0.12	0.01	0.2	0.33	0.12	0.2	0.39	0.35	0.09	0.5	0.47	0.01	0.16	0.05	0.11	0.02	0.02	0.15	0.11	0.02	0.47	0.03	0.21	0.17	0.49	0.04	0.11	0.27	0.03	0.03	0.15	0.13	0.26	0.03	0.13	0.49	0.9	0.47	0.5	0.04	0.13	0.05	0.93	0.53	0.12	0.49	0.16	0.1	0.02	0.5	0.39	0.04	0.32	0.4	0	0.3	0.02	0.46
0.43	0.48	0	0.44	0.53	0.67	0.14	0.11	0.07	0.1	0.47	1.37	0.33	0.15	0.37	0.62	0.11	0.4	0.29	0.47	0.47	0.24	0.22	0.2	0.19	0.14	0.1	0.47	2.04	0.11	0.14	1.02	0.1	0.15	0.09	0.47	0.08	0.08	0.47	0.19	0.48	0.48	0.09	0.28	1.85	1.2	0.35	0.38	0.48	0.14	0.28	0.56	0.09	0.26	0.1	0.14	0.74	0.09	0.36	0.16	0.48	0.58	0.1	0.98	0.48	0.2	0.11	0.52	0.11	0.59	0.08	0.18	0.54	0.3	0.07	0.99	0.52	0.21	0.34	0.49	0.08	0.21	0.11	0.92	0.49	0.16	0.21	0.18	0.16	0.49	0.49	0.56	0.1	0.79	0.39	0.12	0.57	0.37	0.5
0.46	0.05	0.1	0	0.17	0.24	0.46	0.38	0.47	0.05	0.16	2.71	0.4	0.4	0.46	0.26	0.41	0.73	0.3	0.28	0.41	0.19	0.23	0.52	0.42	0.08	0.52	0.43	0.53	0.08	0.13	0.21	0.09	0.43	0.11	0.21	0.43	0.2	0.32	0.44	0.05	0.15	0.45	0.29	5.14	0.45	0.75	0.44	0.56	0.46	0.17	0.24	0.04	0.38	0.08	0.47	0.26	0.04	0.21	0.13	0.07	0.63	0.02	0.48	0.18	0.58	0.04	0.14	0.48	0.06	0.49	0.17	0.15	0.31	0.06	0.15	0.25	0.19	0.33	0.27	0.5	0.32	0.08	0.51	0.41	0.16	1.61	0.53	0.13	0.05	0.92	0.67	0.07	0.42	0	0.05	0.34	0.05	0.42
0.02	0.14	0.47	0.47	0	0.29	0.39	0.15	0.11	0.13	0.47	4.77	0.41	0.11	0.28	0.74	0.15	0.23	1.33	0.16	0.15	0.48	0.14	0.01	0.02	0.45	0.43	0.46	0.51	0.14	0.1	0.1	0.14	0.21	0.13	0.3	0.13	0.45	0.04	0.09	0.41	0.49	0.13	0.16	1.65	0	0.16	0.69	0.2	0.04	0.22	0.11	0.49	0.56	0.19	0.02	0.44	0.44	0.13	0.15	0.12	0.41	0.5	0.13	0.09	0.06	0.41	0.16	0.17	0.43	0.4	0.02	0.01	0.54	0.12	0.1	0.09	0.05	0.44	0.16	0.37	0.09	0.13	0.06	0.15	0.46	0.06	0.09	0.1	0.12	0.01	0.47	0.13	0.47	0.16	0.32	0.48	0.58	0.25
0.3	0.25	0.4	0.24	0.29	0	0.4	0.5	0.26	0.26	0.31	8.09	0.47	0.26	0.12	0.48	0.24	0.11	0.15	0.47	0.6	0.46	0.48	0.3	0.3	0.87	0.38	0.28	0.67	0.35	0.31	0.26	0.47	0.29	0.29	0.23	0.26	0.48	0.29	0.32	0.59	0.3	0.52	0.39	0.71	0.53	0.47	0.26	0.37	0.29	0.26	0.51	0.47	0.48	0.29	0.47	0.26	0.25	0.25	0.39	0.27	0.47	0.39	0.47	0.28	0.22	0.47	0.34	0.24	0.27	0.26	0.67	0.29	0.11	0.26	0.97	0.47	0.24	0.21	0.67	0.47	0.29	0.98	0.47	0.48	0.31	0.23	0.27	0.31	0.26	0.3	0.12	0.94	0.15	0.24	0.47	0.23	0.28	0.16
0	0.14	0.14	0.5	0.02	0.45	0	0.12	0.13	0.17	0.01	1.83	0.43	0.43	0.49	0.1	0.43	0.25	0.43	0.43	0.35	0.04	0.29	0.03	0.03	0.1	0.13	0.43	0.43	0.12	0.02	0.35	0.51	0.43	0.11	0.2	0.73	0.11	0.43	0.1	0.13	0.03	0.12	0.1	0.1	0.02	0.15	0.44	0.22	0.02	0.44	0.41	0.35	0.05	0.52	0.02	0.13	0.12	0.55	0.02	0.45	0.21	0.34	0.15	0.03	0.45	0.15	0	0.75	0.16	0.34	0.03	0.02	0.55	0.41	0.03	0.1	0.06	0.65	0.45	0.13	0.06	0.12	0.07	0.21	0.04	0.35	0.04	0.02	0.11	0.02	0.46	0.12	0.23	0.14	0.12	0.5	0.4	0.46
0.12	0.79	0.11	0.42	0.15	0.42	0.13	0	0.24	0	0.3	4.57	0.05	0.58	0.42	0.78	0.05	0.45	0.48	0.03	0.05	0.4	0.95	0.14	0.16	0.04	0.1	0.25	0.41	0.25	0.13	0.17	0.01	0.42	0.05	0.53	0.03	0.13	0.31	0.59	0.03	0.12	0.02	0.35	1.67	0.36	0.49	0.02	0.35	0.11	0.36	0.19	0.02	0.61	0.06	0.11	0	0.03	0.17	0.11	0.03	0.4	0.04	0.44	0.4	0.16	0.05	0.12	0.05	0.02	0.04	0.36	0.17	0.29	0.03	0.41	0.22	0.18	0.62	0.05	0.05	0.16	0.06	0.51	0.28	0.14	0.19	0.52	0.43	0.03	0.14	0.31	0.05	0.7	0.05	0.42	0.05	0.03	0.48
0.12	0.11	0.07	0.45	0.13	0.26	0.12	0.02	0	0.02	0.1	0.3	0.03	0.01	0.35	0.48	0.11	0.19	0.35	0.02	0.16	0.46	0.48	0.12	0.48	0.01	0.31	0.04	0.09	0.04	0.09	0.36	0.03	0.13	0.06	0.17	0.02	0.58	0.48	0.22	0.31	0.1	0.14	0.32	0.16	0.37	0.48	0.23	0.31	0.32	0.18	0.2	0.02	0.6	0.04	0.41	0.02	0.03	0.17	0.11	0.01	0.3	0.03	0.46	0.14	0.18	0.05	0.18	0.05	0.03	0.03	0.15	0.13	0.26	0.02	0.4	0.21	0.19	0.42	0.5	0.02	0.42	0.18	0.16	0.27	0.12	0.19	0.31	0.11	0	0.42	0.28	0.03	0.32	0.42	0.31	0.87	0.03	0.53
0.13	0.25	0.14	0.05	0.15	0.91	0.41	0.23	0.02	0	0.13	1.31	0.05	0.91	0.38	0.21	0.28	0.2	0.31	0.24	0.05	1.22	0.2	0.41	0.51	0.04	0.61	0.22	0.1	0.41	0.2	0.19	0.33	0.13	0.87	0.2	0.42	0.29	0.1	0.23	0.03	0.41	0.02	0.17	0.42	0.13	0.22	0.01	0.33	0.11	0.42	0.2	0.02	0.24	0.06	0.43	0	0.03	0.17	0.13	0.03	0.97	0.04	0.22	0.24	0.15	0.44	0.12	0.05	0.02	0.04	0.16	0.15	0.3	0.03	0.14	0.44	0.34	0.37	0.07	0.05	0.24	0.45	0.21	0.35	0.14	0.45	0.17	0.51	0.03	0.17	0.45	0.05	0.68	0.11	0.11	0.05	0.61	0.76
0.01	0.11	0.15	0.77	0.02	0.31	0.11	0.47	0.1	0.12	0	2.07	0.11	0.4	0.25	0.1	0.14	0.25	0.4	0.15	0.4	0.41	0.4	0.41	0.11	0.12	0.51	0.51	0.18	0.12	0.71	0.04	0.15	0.41	0.11	0.08	0.11	0.2	0.01	0.4	0.14	0.03	0.14	0.18	3.61	0.4	0.15	0.14	0.6	0.02	0.18	0.28	0.13	0.08	0.38	0.01	0.12	0.15	0.03	0.42	0.49	0.82	0.42	0.15	0.03	0.06	0.14	0.01	0.42	0.14	0.14	0.03	0.02	0.18	0.43	0.03	0.06	0.06	0.2	0.12	0.12	0.02	0.12	0.08	0.21	0.03	0.08	0.43	0.02	0.14	0.03	0.19	0.12	0.6	0.16	0.15	0.17	0.53	0.23
3.35	0.42	13.4	0.34	2.58	0.89	10.2	1.63	1.45	1.63	2.14	0	1.26	1.19	3.19	2.06	0.87	2.84	3.55	4.38	0.36	9.93	2.3	3.04	3.64	0.6	1.44	1.35	4.31	5.36	0.48	5.6	7.98	0.24	0.84	1.37	10.3	0.69	0.21	1.72	3.5	2.66	3.8	0.26	4.7	1.5	1.96	1.47	1.36	1.46	8.39	1.96	0.33	7.49	1.56	0.43	0.35	1.68	1.02	6.36	2.77	1.81	2.36	1.16	1.04	1.41	10.8	0.49	1.31	0.76	2.01	6.48	3.29	0.22	8.05	1.74	2.75	0.15	4.65	0.31	1.26	2.24	9.77	0.13	0.38	2.33	1.99	5.66	1.37	12.7	0.2	1.01	12	0.95	0.46	3.17	1.97	1.2	0.48
0.12	0.3	0.09	0.17	0.16	0.28	0.45	0.05	0.03	0.05	0.12	1.55	0	0.05	0.34	0.63	0.07	0.2	0.7	0.38	0.15	0.17	0.2	0.14	0.14	0.78	0.06	0.14	1.97	0.01	0.48	0.23	0.05	0.39	0.44	0.24	0.34	0.09	0.11	0.49	0.04	0.12	0.04	0.14	7.68	0.15	0.34	0.05	0.69	0.18	0.03	0.2	0.03	0.47	0.01	0.49	0.05	0.04	0.16	0.11	2.21	0.18	0.06	0.22	0.14	0.4	0.07	0.11	0.07	0.06	0.04	0.14	0.78	0.51	0.03	0.13	0.15	0.55	0.31	0	0.03	0.91	0.41	0.26	0.66	0.13	0.18	0.17	0.11	0.03	0.13	0.69	0	0.33	0.21	0.04	0.41	0.04	0.27
0.33	0.02	0.09	0.08	0.15	0.96	0.77	0.03	0.01	0.03	0.45	1.99	0.28	0	0.36	0.44	0.37	0.47	0.34	0.47	0.21	0.48	0.77	0.12	0.47	0.01	0.03	0.05	0.98	0.41	0.12	0.58	0.03	0.26	0.38	1.08	0.03	0.04	0.11	0.19	0.04	0.12	0.04	0.49	0.77	0.11	0.24	0.19	0.33	0.99	0.04	0.19	1.09	1	0.06	0.29	0.03	0.04	0.4	0.4	0.02	0.26	0.03	0.23	0.14	0.15	0.04	0.32	0.4	0.04	0.05	0.4	0.19	0.27	0.16	0.41	0.19	0.17	0.67	0.41	0.03	0.13	0.06	0.72	0.42	0.12	0.49	0.42	0.14	0.42	0.13	0.31	0.05	0.53	0.4	0.04	0.23	0.23	0.21
0.45	0.56	0.37	0.4	0.45	0.46	0.25	0.78	0.45	0.38	0.26	0.04	0.34	0.56	0	0.16	0.46	0.76	0.32	0.67	0.47	0.22	0.34	0.34	0.25	0.36	0.4	0.67	1.29	0.47	0.22	0.57	0.98	0.48	0.59	0.18	0.43	0.39	0.98	0.38	0.53	0.22	0.37	0.48	0.93	0.28	0.36	0.78	0.06	0.23	0.99	0.49	0.49	0.55	0.35	0.26	0.99	0.71	0.18	0.23	0.99	0.35	0.37	0.37	0.19	0.5	0.7	0.25	0.39	0.4	0.37	0.25	0.27	0.5	0.36	0.41	0.27	0.41	0.04	0.34	0.37	0.91	0.43	0.18	0.62	0.23	0.18	0.22	0.41	0.51	0.24	0.58	0.41	0.32	0.39	0.71	0.41	0.36	0.42
0.21	0.32	0.22	0.51	0.13	0.25	0.1	0.41	0.19	0.22	0.41	0.16	1.22	0.22	0.16	0	0.23	0.58	0.17	0.41	0.19	0.08	0.02	0.09	0.09	0.19	0.42	0.23	0.52	0.47	0.07	0.33	0.23	0.12	0.48	0.42	0.21	0.44	0.09	0.11	0.24	0.17	0.22	0.43	0.44	0.27	0.21	0.56	0.88	0.44	0.21	0.03	0.22	0.1	0.44	0.1	0.22	0.44	0.03	0.08	0.2	1.15	0.24	0.45	0.05	0.01	0.75	0.45	0.23	0.23	0.24	0.48	0.13	0.13	0.46	0.07	0.11	0.05	0.15	0.56	0.21	0.14	0.97	0.02	0.27	0.09	0.03	0.06	0.47	0.47	0.09	0.14	0.21	0.17	0.47	0.22	0.39	0.21	0.18
0.15	0.4	0.11	0.43	0.17	0.24	0.42	0.05	0.05	0.05	0.44	8.3	0.46	0.12	0.39	0.24	0	0.57	0.31	0.05	0.17	0.18	0.29	0.18	0.68	0.05	0.02	0.17	0.12	0.08	0.14	0.48	0.05	0.51	0.06	0.21	0.05	0.12	0.23	0.23	0.05	0.15	0.42	0.17	0.45	0.18	0.43	0.05	0.35	0.12	0.05	0.52	0.42	0.18	0.12	0.53	0.05	0.04	0.43	0.13	0.05	0.82	0.02	0.55	0.95	0.45	0.26	0.14	0.03	0.06	0.45	0.18	0.45	0.32	0.05	0.15	0.26	0.46	0.66	0.07	0.46	0.18	0.27	0.47	0.29	0.29	0.54	0.49	0.47	0.05	0.16	0.34	0.07	0.5	0.03	0.11	0.04	0.16	0.49
0.25	0.19	0.84	0.94	0.24	0.44	0.54	0.54	0.54	0.2	0.44	0.43	0.2	0.23	0.76	0.2	0.43	0.01	0.04	0.45	0.36	0.78	0.22	0.43	0.25	0.21	0.2	0.54	0.37	0.21	0.5	0.2	0.56	0.23	1.55	0.18	0.18	0.57	1.55	0.44	0.19	0.26	0.19	0.95	0.94	0.26	0.54	0.45	0.51	0.24	0.23	0.22	0.18	1.02	0.59	0.26	0.2	0.19	0.2	0.26	0.97	0.4	0.2	0.36	0.47	0.18	0.27	0.47	0.22	0.21	0.19	0.25	0.98	0.48	0.19	0.26	0.48	0.19	0.26	0.33	0.21	0.29	0.54	0.18	0.42	0.27	0.49	0.22	1.12	0.2	0.24	0.09	0.22	0.26	0.22	0.49	0.21	0.19	0
0.56	0.31	0.29	0.3	0.22	0.11	0.23	0.6	0.34	0.3	0.22	5.49	0.34	0.46	0.33	0.95	0.31	0.04	0	0.24	0.7	0.21	0.55	0.23	0.23	0.33	0.29	0.32	0.38	0.34	0.23	0.35	0.31	0.34	0.34	0.17	0.24	0.62	0.58	0.24	0.28	0.22	0.23	0.26	0.6	0.22	0.35	0.9	0.51	0.23	0.56	0.17	0.27	0.57	0.67	0.24	0.32	0.46	0.2	0.23	0.35	0.45	0.61	0.35	0.21	0.5	0.3	0.32	0.32	0.31	0.25	0.39	0.44	0.05	0.37	0.45	0.23	0.18	0.26	0.34	0.76	0.21	0.34	0.16	0.41	0.24	0.17	0.34	0.61	0.34	0.23	0.05	0.34	0.05	0.3	0.23	0.3	0.23	0.04
0.12	0.22	0.45	0.05	0.13	0.65	0.11	0.03	0.02	0.26	0.22	2.68	0.03	0.04	0.48	0.21	0.05	0.18	0.24	0	0.25	0.47	0.48	0.23	0.54	0.04	0.22	0.15	0.48	0.04	0.12	0.55	0.03	0.15	0.04	0.18	0.26	0	0.42	0.49	0.69	0.35	0.02	0.14	0.63	0.97	0.37	0.04	0.89	0.08	0.49	0.5	0.01	0.49	0.04	0.49	0.03	0.02	0.18	0.49	0.03	0.11	0.03	0.49	0.16	0.15	0.99	0.11	0.05	0.05	0.01	0.49	0.54	0.26	0.02	0.12	0.49	0.27	0.33	0.17	0.04	0.15	0.04	0.49	0.25	0.49	0.49	0.17	1.49	0.03	0.15	0.31	0.25	0.49	0.23	0.49	0.49	0.02	0.21
0.76	0.56	0.11	1.19	0.46	0.47	0.2	0.53	0.06	0.05	0.12	2.06	0.08	0.06	0.38	0.58	0.08	0.48	0.68	0.06	0	0.39	0.2	0.48	0.15	0.05	0.06	0.07	0.48	0.09	0.12	0.16	0.06	0.13	0.01	0.18	0.06	0.06	0.11	0.18	0.06	0.49	0.06	0.17	2	0.22	0.59	0.06	0.49	0.13	0.06	0.37	0.05	1	0.09	0.13	0.5	0.06	0.49	0.49	0.18	0.9	0.06	0.5	0.16	0.18	0.08	0.12	0.58	0.06	0.06	0.16	0.15	0.32	0.3	0.36	0.18	0.5	0.59	0.16	0.06	0.19	0.26	0.5	0.23	0.14	0.19	0.18	0.13	0.4	0.39	0.33	0.09	0.4	0.1	0.06	0.23	0.45	0.36
0.09	0.81	0.18	0.4	0.44	0.3	0.04	0.15	0.15	0.4	0.03	4.36	0.16	0.5	0.22	0.07	0.27	1.68	0.56	0.16	0.18	0	0.4	0.06	0.09	0.15	0.17	0.18	1.5	0.16	0.15	0.09	0.21	0.09	0.61	0.07	0.52	0.45	1	0.11	0.37	0.03	0.52	0.06	0.4	0.62	0.16	0.41	0.58	0.03	0.17	0.07	0.16	0.46	0.41	0.41	0.16	0.15	0.04	0.06	0.16	0.25	0.51	0.51	0.03	0.38	0.18	0.42	0.4	0.23	0.49	0.08	0.3	0.21	0.18	0.29	0.03	0.38	0.21	0.5	0.15	0.51	0.4	0.4	0.22	0.4	0.08	0.09	0.04	0.34	0.04	0.19	0.55	0.43	0.17	0.25	0.18	0.28	0.23
0.08	0.45	0.19	0.57	0.14	0.32	0.08	0.41	0.18	0.46	0.76	7.62	0.21	0.5	0.17	0.4	0.23	0.45	0.5	0.42	0.2	0.08	0	0.4	0.12	0.18	0.41	0.4	0.64	0.55	0.71	0.05	0.41	0.43	0.17	0.2	0.2	0.41	0.09	0.06	0.6	0.08	0.21	0.62	0.41	0.42	0.92	0.23	0.18	0.05	1.43	0.09	0.2	0.84	0.21	0.09	0.43	0.22	0.24	0.43	0.53	0.43	0.23	0.21	0.34	0.28	0.57	0.08	0.56	0.29	0.3	0.09	0.44	0.14	0.54	0.44	0.06	0.15	0.19	0.44	0.2	0.05	0.22	0.04	0.27	0.09	0.04	0.45	0.45	0.18	0.45	0.15	0.45	0.18	0.56	0.21	0.21	0.21	0.56
0.03	0.16	0.2	0.44	0.01	0.3	0.03	0.42	0.3	0.2	0.53	2.46	0.27	0.46	0.43	0.25	0.46	0.24	0.38	0.36	0.47	0.08	0.47	0	0.18	0.13	0.16	0.35	0.21	0.14	0.04	0.05	0.54	0.37	0.14	0.09	0.14	0.47	0.03	0.09	0.14	0.04	0.29	0.48	0.03	0.04	0.16	0.48	0.22	0.12	0.13	0.09	0.48	0.54	0.14	0.03	0.41	0.48	0.05	0.19	0.16	0.49	0.15	0.16	0.04	0.07	0.16	0.03	0.18	0.16	0.16	0.01	0.25	0.19	0.17	0.05	0.09	0.06	0.59	0.49	0.16	0.09	0.52	0.49	0.15	0.05	0.49	0.14	0.04	0.14	0.01	0.18	0.14	0.45	0.3	0.17	0.55	0.42	0.4
0.28	0.15	0.33	0.18	0.01	0.3	0.21	0.16	0.14	0.45	0.03	3.33	0.14	0.67	0.97	0.09	0.18	0.24	0.47	0.15	0.15	0.04	0.09	0.02	0	0.14	0.19	0.17	0.21	0.48	0.03	0.05	0.15	0.01	0.14	0.07	0.13	0.13	0.3	0.09	0.39	0.04	0.15	0.32	0.36	0.49	0.14	0.69	0.21	0.04	0.13	0.47	0.13	0.17	0.39	0.03	0.16	0.14	0.05	0.04	0.14	0.5	0.15	0.14	0.04	0.4	0.37	0.4	0.19	0.4	0.17	0.03	0.3	0.19	0.4	0.05	0.09	0.4	0.2	0.4	0.15	0.04	0.14	0.07	0.2	0.05	0.07	0.04	0.41	0.13	0.08	0.18	0.14	0.23	0.41	0.51	0.17	0.22	0.46
0.1	0.2	0.06	1.2	0.13	0.26	0.44	0.26	0.01	0.03	0.11	0.98	0.32	0.01	0.36	0.21	0.05	0.48	0.34	0.21	0.05	0.13	0.19	0.48	0.23	0	0.04	0.45	1.89	0.06	0.48	0.17	0.03	0.13	0.18	0.49	0.03	0.93	0.49	0.21	0.04	0.49	0.03	0.59	0.17	0.12	0.22	0.44	0.33	0.09	0.49	0.16	0.03	0.49	0.05	0.1	0.06	0.03	0.15	0.1	0.49	0.33	0.04	0.37	0.13	0.16	0.05	0.12	0.05	0.04	0.05	0.15	0.5	0.28	0.02	0.13	0.5	0.17	0.5	0.39	0.03	0.14	0.05	0.18	0.5	0.5	0.55	0.17	0.5	0.9	0.4	0.34	0.16	0.4	0.6	0.37	0.07	0	0.21
0.14	0.03	0.1	0.02	0.14	0.22	0.49	0.36	0.03	0.04	0.14	1.02	0.06	0.41	0.37	0.24	0.02	0.2	0.42	0.03	0.06	0.47	0.41	0.16	0.45	0.04	0	0.05	0.12	0.07	0.15	0.42	0.13	0.14	0.05	0.42	0.19	0.42	0.13	0.23	0.03	0.17	0.03	0.43	0.33	0.57	0.22	0.04	0.64	0.1	0.04	0.21	0.02	0.37	0.06	0.44	0.03	0.03	0.53	0.15	0.04	0.43	0	0.22	0.19	0.81	0.02	1.54	0.04	0.05	0.04	0.16	0.14	0.44	0.15	0.54	0.23	0.44	0.44	0.06	0.05	0.17	0.45	0.19	0.45	0.52	0.21	0.16	0.95	0.04	0.17	0.45	0.45	0.75	0.02	0.03	0.23	0.03	0.2
0.15	0.7	0.12	0.28	0.4	0.28	0.15	0.02	0.24	0.4	0.14	1.84	0.07	0.43	0.4	0.24	0.07	0.43	0.32	0.05	0.43	0.4	0.97	0.44	0.43	0.44	0.11	0	0.12	0.08	0.13	0.58	0.02	0.16	0.92	0.44	0.14	0.12	0.13	0.54	0.05	0.54	0.05	0.95	1.64	0.16	0.24	0.03	0.45	0.12	0.95	0.45	2.01	0.44	0.55	0.31	0.02	0.05	0.18	0.14	0.45	0.5	0.45	0.24	0.36	0.18	0.37	0.15	0.45	0.02	0.66	0.37	0.42	0.31	0.2	0.46	0.23	0.28	0.35	0.07	0.96	0.18	0.38	0.22	0.3	0.16	0.21	0.18	0.14	0.05	0.47	0.55	0.07	0.66	0.13	0.05	0.07	0.05	0.22
0.64	0.44	0.15	0.13	0.27	0.95	0.17	0.1	0.09	0.21	0.44	5.2	0.12	1.38	0.41	1.9	1.89	1.99	1.11	0.13	0.13	0.2	0.62	0.46	0.2	0.08	0.11	0.12	0	0.48	0.48	0.21	0.15	0.2	0.39	0.25	0.48	0.16	0.17	0.23	0.1	0.16	0.1	0.52	1.71	0.78	0.56	0.1	0.39	0.17	0.1	0.49	0.09	0.69	0.49	0.19	0.1	0.4	0.21	0.49	0.11	0.76	0.11	0.33	0.18	0.66	0.22	0.5	0.9	0.11	0.1	0.19	0.8	0.35	0.4	0.19	0.23	0.25	0.6	0.13	0.13	0.23	0.13	0.25	0.32	0.17	0.6	0.21	0.4	0.42	0.25	0.49	0.4	0.39	0.4	0.1	0.13	0.11	0.5
0.49	0.59	0.1	0.49	0.13	0.66	0.13	0.06	0.04	0.06	0.5	0.99	0.01	0.06	0.35	0.52	0.08	0.4	0.34	0.45	0.11	0.36	0.22	0.15	0.26	0.23	0.07	0.08	0.13	0	0.45	0.17	0.06	0.13	0.09	0.19	0.03	0.07	0.12	0.86	0.05	0.49	0.05	0.46	0.56	0.45	0.32	0.07	0.66	0.18	0.35	0.22	0.04	0.22	0	0.46	0.06	0.09	0.47	0.13	0.05	0.46	0.07	0.23	0.16	0.18	0.08	0.13	0.08	0.07	0.07	0.15	0.13	0.56	0.04	0.14	0.16	0.19	0.69	1.39	0.04	0.21	0.19	0.53	0.64	0.14	0.2	0.19	0.12	0.49	0.14	0.5	0.01	0.56	0.08	0.5	0.08	0.05	0.79
0.02	0.48	0.14	0.17	0.48	0.62	0.02	0.98	0.22	0.17	0.29	2.07	0.44	0.11	0.56	0.07	0.15	0.25	0.56	0.1	0.12	0.22	0.08	0.27	0.37	0.12	0.46	0.13	0.18	0.12	0	0.42	0.11	0.09	0.38	0.08	0.11	1.52	0.01	0.04	0.42	0.03	0.11	0.06	0.09	0.09	0.42	0.32	0.23	0.01	0.49	0.08	0.42	0.07	0.11	0.01	0.42	0.1	0.42	0	0.1	0.52	0.2	0.15	0.04	0.42	0.14	0.02	0.73	0.13	0.1	0.04	0.86	0.18	0.09	0.03	0.43	0.07	0.22	0.43	0.5	0.03	0.12	0.47	0.21	0.03	0.08	0.07	0	0.09	0.03	0.44	0.51	0.23	0.13	0.1	0.45	0.51	0.64
0.4	0.14	0.51	0.21	0.34	0.25	0.04	0.18	0.41	0.17	0.41	3.25	0.15	0.14	0.18	0.41	0.18	0.99	0.19	0.92	0.92	0.04	0.06	0.05	0.05	0.47	0.18	0.19	0.22	0.42	0.04	0	0.51	0.09	0.15	0.92	1.12	0.16	0.05	0.04	0.92	0.19	0.15	0.16	0.08	0.18	0.42	0.18	0.17	0.05	0.24	0.07	0.52	0.42	0.16	0.05	0.17	0.17	0.43	0.05	0.14	1.13	0.16	0.17	0.43	0.02	0.19	0.04	0.43	0.43	0.17	0.15	0.21	0.94	0.17	0.32	0.44	0.79	0.17	0.25	0.17	0.45	0.55	0.03	0.23	0.08	0.45	0.09	0.04	0.46	0.05	0.46	0.52	0.96	0.18	0.46	0.57	0.49	0.46
0.43	0.02	0.11	0.16	0.16	0.94	0.44	0.01	0.22	0.01	0.14	4.25	0.05	0.03	0.6	0.21	0.05	0.2	2.99	0.4	0.09	0.84	0.42	0.39	0.5	0.03	0.04	0.4	0.1	0.4	0.68	0.21	0	0.15	0.05	0.21	0.03	0.03	0.18	0.23	0.36	0.12	0.03	0.31	0.18	0.4	0.22	0.01	0.5	0.11	0.04	0.19	0.4	0.36	0.06	0.29	0.01	0.03	0.16	0.12	0.04	0.77	0.08	0.22	0.53	0.16	0.4	0.25	0.32	0	0.39	0.15	0.4	0.3	0.04	0.5	0.24	0.4	0.33	0.91	0.4	0.18	0.06	0.2	0.28	0.51	0.21	0.17	0.11	0.36	0.17	0.32	0.05	1.19	0.05	0.71	0.05	0.03	0.3
0.32	0.13	0.16	0.15	0	0.52	0.62	0.13	0.11	0.13	0.02	4.74	0.55	0.13	0.27	0.26	0.45	0.27	0.45	0.15	0.19	0.09	0.13	0.01	0.01	0.43	0.15	0.76	0.2	0.4	0.66	0.34	0.33	0	0.12	0.23	0.22	0.3	0.46	0.09	0.15	0.46	0.18	0.14	0.4	0.36	0.24	0.46	0.2	0.02	0.12	0.13	0.47	0.23	0.17	0.07	0.14	0.46	0.35	0.46	0.12	0.18	0.46	0.2	0.46	0.06	0.34	0.02	0.15	0.15	0.15	0.01	0.07	0.18	0.45	0.09	0.97	0.4	0.23	0.24	0.36	0.09	0.47	0.05	0.19	0.1	0.06	0.03	0.31	0.12	0.01	0.47	0.47	0.21	0.16	0.13	0.48	0.32	0.41
0.14	0.39	0.26	0.08	0.13	0.47	0.1	0.45	0.09	0.98	0.47	4.77	0.07	0.04	0.35	0.19	0.06	0.46	0.34	0.19	0.01	0.56	0.17	0.14	0.42	0.04	0.86	0.05	0.12	0.13	0.11	0.16	0.05	0.12	0	0.17	0.04	0.04	0.46	0.16	0.04	0.13	0.03	0.13	0.45	0.14	0.26	0.45	0.33	0.45	0.04	0.45	0.03	0.52	0.08	0.13	0.05	0.11	0.14	0.26	0.05	0.53	0.45	0.26	0.54	0.19	0.45	0.11	0.06	0.06	0.04	0.46	0.21	0.29	0.05	0.55	0.17	0.18	0.95	0.13	0.45	0.15	0.08	0.18	0.33	0.22	0.17	0.15	0.44	0.06	0.15	0.61	0.07	0.32	0.44	0.44	0.07	0.05	1.04
0.44	0.4	0.55	0.59	0.54	0.23	0.07	0.19	0.55	0.2	0.08	3.47	0.18	0.2	0.18	0.03	0.21	0.45	0.54	0.45	0.18	0.08	0.2	0.2	0.09	0.46	0.19	0.46	1.68	0.59	0.08	0.06	0.46	0.06	0.57	0	0.17	0.56	0.18	0.1	0.54	0.09	0.49	0.47	5.68	0.07	0.19	0.22	0.98	0.57	0.18	0.04	0.49	0.17	0.19	0.08	0.19	0.59	0.03	0.41	1.03	0.08	0.21	0.43	0.05	0.01	0.21	0.94	0.22	0.21	0.19	0.18	0.1	0.78	0.18	0.09	0.09	0.01	0.38	0.18	0.2	0.11	0.55	0.02	0.59	0.11	0.01	0.04	0.09	0.2	0.31	0.23	0.19	0.22	0.22	0.18	0.22	0.19	0.47
0.11	0.21	0.08	0.58	0.12	0.26	0.43	0.28	0.15	0.48	0.11	5.77	0.21	0.03	0.46	0.2	0.05	0.18	0.24	0.01	0.45	0.15	0.48	0.13	0.35	0.03	0.03	0.05	0.09	0.45	0.11	0.17	0.04	0.45	0.04	0.19	0	0.02	0.09	0.2	0.2	0.1	0.02	0.21	0.87	0.14	0.19	0.34	0.52	0.09	0	0.45	0.01	0.43	0.03	0.2	0.03	0.02	0.16	0.08	0.02	0.45	0.03	0.19	0.17	0.14	0.04	0.1	0.05	0.04	0.02	0.44	0.62	0.29	0.01	0.28	0.54	0.24	0.44	0.27	0.25	0.75	0.07	0.19	0.96	0.11	0.18	0.15	0.13	0.06	0.41	0.45	0.03	0.33	0.43	0.02	0.04	0.02	0.51
0.17	0.98	0.47	0.05	0.14	0.47	0.5	0.03	0.02	0.03	0.13	7.9	0.03	0.04	0.37	0.22	0.1	0.99	0.24	0.01	0.06	0.17	0.31	0.15	0.55	0.04	0.14	0.05	0.72	0.04	0.49	0.15	0.03	0.14	0.04	0.9	0.4	0.01	0.08	0.22	0.02	0.32	0.02	0.49	0.72	0.15	0.99	0.05	0.49	0.08	0.01	0.18	0.01	0.6	0.04	0.09	0.03	0.4	0.16	0.1	0.91	0.41	0.41	0.19	0.41	0.15	0.09	0.1	0.41	0.41	0.41	0.15	0.41	1.02	0.1	0.41	0.43	0.41	0.42	1.02	0.04	0.52	0.35	1.42	0.25	0.1	0.42	0.53	0.42	0.03	0.52	0.31	0.03	0.64	0.43	0.02	0.04	0.41	0.42
0.01	0.33	0.16	0.54	0.04	0.29	0.01	0.19	0.43	0.11	0.01	3.78	0.1	0.1	0.33	0.09	0.47	0.25	2.58	0.09	0.11	0.04	0.09	0.03	0.04	0.42	0.47	0.41	0.17	0.47	0.01	0.05	0.12	0.17	0.51	0.08	0.09	0.4	0	0.05	0.11	0.03	0.1	0.03	1.48	0.23	0.54	0.1	0.22	0.39	0.34	0.09	0.48	0.32	0.48	0.06	0.1	0.09	0.05	0	0.09	0.01	0.13	0.41	0.04	0.31	0.14	0.12	0.5	0.11	0.45	0.04	0.38	0.58	0.74	0.04	0.05	0.59	0.49	0.19	0.12	0.15	0.48	0.12	0.17	0.03	0.08	0.69	0.01	0.42	0.03	0.49	0.11	0.22	0.47	0.09	0.49	0.47	0.23
0.41	0.42	0.41	0.25	0.09	0.32	0.1	0.62	0.57	0.21	0.03	5.86	0.43	0.19	0.27	0.11	0.26	0.27	0.64	0.44	0.58	0.03	0.26	0.09	0.09	0.21	0.23	0.23	0.46	0.97	0.04	0.04	0.21	0.09	0.16	0.09	0.2	0.49	0.44	0	0.23	0.03	0.49	0.59	0.37	0.09	0.5	0.47	0.24	0.04	1.43	0.05	0.42	0.49	0.16	0.05	0.44	0.22	0.04	0.04	0.44	0.05	0.23	0.21	0.01	0.46	0.23	0.1	0.24	0.22	0.24	0.09	0.1	0.2	0.48	0.03	0	0.38	0.41	0.5	0.24	0.03	0.42	0.09	0.23	0.04	0.09	0.06	0.43	0.2	0.09	0.21	0.52	0.22	0.25	0.44	0.24	0.21	0.24
0.13	0.02	0.09	0.78	0.16	0.4	0.12	0.43	0.08	0.03	0.12	7.6	0.16	0.05	0.37	0.58	0.05	0.19	0.27	0.1	0.06	0.26	0.48	0.14	0.16	0.04	0.03	0.05	0.34	0.05	0.23	0.49	0.03	0.15	0.04	0.22	0.02	0.03	0.09	0.21	0.4	0.12	0.01	0.24	0.3	0.18	0.21	0.25	0.61	0.41	0.03	0.18	0.01	0.56	0.15	0.11	0.03	0.02	0.2	0.12	0.04	0.39	0.04	0.21	0.15	0.46	0.04	0.48	0.05	0.04	0.43	0.16	0.51	0.32	0.03	0.13	0.59	0.43	0.69	0.04	0.05	0.15	0.69	0.22	0.27	0.13	0.49	0.17	0.1	0.03	0.17	0.32	0.05	0.37	0.05	0.4	0.05	0.36	0.19
0.03	0.23	0.15	0.3	0.08	0.4	0.03	0.27	0.42	0.12	0.35	4.03	0.3	0.18	0.22	0.42	0.54	0.26	0.22	0.47	0.15	0.4	0.08	0.04	0.1	0.49	0.14	0.3	0.17	0.13	0.03	0.08	0.78	0.08	0.13	0.09	0.1	0.1	0.4	0.43	0.12	0	0.11	0.14	0.58	0.09	0.2	0.13	0.24	0.02	0.47	0.45	0.11	0.57	0.13	0.05	0.14	0.12	0.08	0.04	0.1	0.04	0.14	0.2	0.02	0.08	0.4	0.42	0.15	0.9	0.21	0.42	0.47	0.48	0.41	0.01	0.03	0.46	0.27	0.12	0.41	0.15	0.13	0.09	0.2	0.01	0.41	0.08	0.04	0.1	0.04	0.42	0.48	0.22	0.15	0.2	0.21	0.12	0.24
0.13	0.01	0.09	0.43	0.14	0.25	0.12	0.4	0.02	0.29	0.13	1.72	0.12	0.04	0.36	0.2	0.22	0.19	0.58	0.02	0.06	0.16	0.19	0.27	0.48	0.03	0.03	0.04	0.1	0.05	0.37	0.51	0.03	0.15	0.03	0.18	0.02	0.06	0.11	0.23	0.01	0.49	0	0.24	0.24	0.27	0.2	0.03	0.49	0.1	0.02	0.2	0	0.43	0.05	0.49	0.02	0.01	0.15	0.11	0.09	0.49	0.03	0.29	0.41	1.39	0.49	0.22	0.05	0.03	0.03	0.14	0.25	0.29	0.03	0.12	0.45	0.49	0.32	0.04	0.04	0.16	0.05	0.2	0.26	0.14	0.2	0.17	0.2	0.41	0.15	0.49	0.31	0.33	0.04	0.02	0.04	0.01	0.46
0.03	0.4	0.14	0.15	0.04	0.45	0.03	0.55	0.45	0.54	0.2	4.29	0.47	0.57	0.45	0.29	0.28	0.48	0.39	0.56	0.21	0.52	0.32	0.48	0.18	0.17	0.48	0.88	0.29	0.78	0.13	0.45	0.58	0.1	0.12	0.28	0.2	0.28	0.31	0.48	0.15	0.06	0.48	0	1.09	0.59	0.49	0.2	0.49	0.07	0.46	0.5	0.38	0.15	0.49	0.05	0.49	0.31	0.17	0.05	0.49	0.98	0.19	0.23	0.49	0.08	0.3	0.29	0.24	0.23	0.69	0.08	0.12	0.99	0.28	0.11	0.16	0.09	0.4	0.12	0.2	0.1	0.14	0.76	0.23	0.04	0.1	0.07	0.01	0.46	0.05	0.54	0.6	0.4	0.4	0.49	0.33	0.14	0.25
0.45	1.63	0.18	0.93	0.04	0.48	1.44	0.42	0.46	0.18	0.47	1.97	1.39	6.28	4.97	0.45	2.03	1	0.59	1.04	6.12	0.05	1.92	4.01	0.05	0.68	0.64	0.48	0.42	1.58	0.44	0.42	0.43	0.03	0.14	2.53	2	0.83	0.48	0.12	0.63	0.07	0.58	0.43	4.98	0.45	1.52	1.72	1.01	1.02	0.16	3.06	4.52	0.5	0.42	0.47	0.53	0.18	0.62	0.06	1.12	0.74	0.17	0.47	0.49	0.98	0.44	0.05	0.21	0.42	1.53	1.02	0.35	0.46	0.35	0.63	0.48	0.09	0.46	0.16	0.55	0.45	0.44	0.44	0.44	0.45	0.91	3.92	1.04	0.46	0.03	0.75	0.45	1.76	0.55	0.5	1.7	1.52	0.99
0.45	0.13	0.45	0.46	0	0.46	0.12	0.16	0.13	0.46	0.02	7.02	0.14	0.49	1.91	0.18	0.41	0.24	0.41	0.2	0.17	0.24	0.47	0.02	0.41	0.41	0.14	0.16	0.25	0.65	0.1	0.1	0.14	0.02	0.14	0.41	0.15	0.41	0.02	0.41	0.28	0.09	0.15	0.12	1.43	0	0.56	1.11	0.21	0.05	0.41	0.41	0.14	0.41	0.31	0.02	0.41	0.14	0.41	0.41	0.41	0.06	0.26	1.41	0.41	0.41	0.17	0.02	0.4	0.5	0.77	0.06	0.33	0.6	0.12	0.14	0.09	0.4	0.25	0.56	0.26	0.4	0.4	0.08	0.41	0.51	0.07	0.79	0.11	0.41	0.91	0.4	0.13	0.71	0.16	0.4	0.5	0.14	0.24
0.15	0.21	0.48	0.23	0.48	0.42	0.38	0.22	0.21	0.22	0.38	10.3	0.22	0.23	0.37	0.56	0.41	0.6	0.35	0.19	0.28	0.16	0.41	0.16	0.14	0.61	0.41	0.23	0.51	0.23	0.53	0.29	0.61	0.81	0.5	0.41	0.19	0.44	0.42	0.34	0.21	0.42	0.54	0.18	1.42	0.92	0	0.3	0.52	0.18	0.44	0.42	0.19	0.92	0.22	0.15	0.34	0.2	0.42	0.42	0.21	0.19	0.38	0.01	0.18	0.2	0.23	0.54	0.93	0.43	0.22	0.14	0.16	0.36	0.43	0.49	0.63	0.18	0.43	0.34	0.23	0.63	0.55	0.2	0.52	0.43	0.19	0.17	0.16	0.21	0.18	0.43	0.22	0.35	0.54	0.21	0.31	0.54	0.95
0.78	0.02	0.09	0.06	0.15	0.26	0.12	0.4	0.17	0.01	0.33	4.99	0.05	0.03	0.39	0.49	0.49	0.21	0.31	0.04	0.06	0.51	0.5	0.9	0.4	0.03	0.13	0.03	1.41	0.41	0.11	0.35	0.01	0.42	0.05	0.23	0.41	0.42	0.15	0.72	0.04	0.22	0.05	0.53	0.43	0.28	0.22	0	0.54	0.14	0.24	0.22	0.03	0.28	0.46	0.18	0.03	0.03	0.44	0.12	0.22	0.52	0.44	0.48	0.15	0.32	0.05	0.81	0.06	0.26	0.45	0.55	0.15	0.28	0.04	0.46	0.23	0.42	0.34	0.05	0.05	0.16	0.1	0.2	0.61	0.13	0.57	0.77	0.49	0.03	0.15	0.31	0.59	0.37	0.06	1.08	0.78	0.08	0.48
0.99	0.62	0.99	0.35	0.21	0.37	0.22	0.34	0.31	0.33	0.33	3.29	0.68	0.51	0.06	0.48	0.35	0.32	3.79	0.71	0.36	0.22	0.18	0.61	0.21	0.34	0.48	0.54	0.39	0.73	0.43	0.17	0.99	0.49	0.95	0.15	0.33	0.49	0.32	0.23	0.51	0.23	0.49	0.25	0.3	0.2	0.33	0.99	0	0.22	0.34	0.18	0.32	0.68	0.33	0.3	0.34	0.34	0.49	0.24	0.68	0.38	0.37	0.48	0.31	0.49	0.61	0.22	0.49	0.34	0.36	0.49	0.41	0.25	0.99	0.49	0.59	0.16	0.02	0.33	0.33	0.4	0.34	0.47	0.39	0.4	0.15	0.18	0.23	0.42	0.21	0.26	0.5	0.29	0.38	1.34	0.75	0.47	0.39
0.02	0.1	0.14	0.13	0.04	0.97	0.02	0.11	0.67	0.11	0.01	1.83	0.47	0.09	0.24	0.1	0.12	0.88	0.47	0.08	0.12	0.03	0.05	0.05	0.28	0.09	0.45	0.12	0.16	0.29	0.01	0.41	0.42	0.07	0.67	0.07	0.09	0.08	0.01	0.04	0.49	0.02	0.1	0.19	0.89	0.55	0.49	0.12	0.6	0	0.09	0.07	0.8	0.05	0.4	0.01	0.11	0.1	0.05	0.01	0.1	0.41	0.1	0.18	0.04	0.08	0.11	0.04	0.13	0.12	0.09	0.23	0.1	0.2	0.26	0.05	0.42	0.14	0.42	0.52	0.12	0.09	0.19	0.42	0.14	0.01	0.07	0.42	0.01	0.18	0.04	0.93	0.47	0.22	0.13	0.18	0.52	0.12	0.54
0.46	0.02	0.22	0.47	0.46	0.42	0.46	0.04	0.28	0.04	0.98	3.01	0.02	0.04	0.48	0.21	0.54	0.44	0.25	0.02	0.44	0.14	0.41	0.41	0.49	0.04	0.04	0.49	1.9	0.59	0.98	0.49	0.1	0.25	0.12	0.39	0.01	0.01	0.16	0.23	0.02	0.12	0.03	0.11	0.43	0.15	0.6	0.49	0.49	0.54	0.03	0.95	0.25	0.43	0.93	0.85	0.43	0.43	0.51	0.1	0.41	0.22	0.42	0.2	0.42	0.52	0.06	0.13	0.43	0.05	0.02	1	0.21	0.25	0.02	0.1	0.48	0.57	0.46	1.06	0.42	0.5	0.45	0.97	0.45	0.1	0.43	0.15	0.09	0.42	0.43	0.41	0.03	0.41	0.45	0.02	0.05	0.13	0.5
0.08	0.38	0.22	0.23	0.11	0.99	0.08	0.21	0.22	0.2	0.49	4.8	0.48	0.4	0.48	0.58	0.21	0.22	0.17	0.48	0.51	0.07	0.01	0.09	0.09	0.24	0.2	0.49	0.24	0.21	0.08	0.19	0.21	0.4	0.49	0.4	0.19	0.89	0.09	0.26	0.5	0.08	0.2	0.5	2.17	0.86	1.06	0.5	0.18	0.4	0.19	0	0.17	0.34	0.38	0.08	0.2	0.51	0.11	0.09	0.41	0.1	0.2	0.21	0.05	0.03	0.42	0.44	0.5	0.21	0.19	0.09	0.2	0.14	0.2	0.09	0.05	0.29	0.42	0.19	0.19	0.07	0.44	0.43	0.27	0.35	0.04	0.45	0.44	0.22	0.08	0.94	0.44	0.63	0.53	0.19	0.64	0.22	0.39
0.16	0.06	0.41	0.04	0.41	0.25	0.11	0.02	0.02	0.02	0.41	9.28	0.03	0.03	0.52	0.2	0.04	0.18	0.27	0.01	0.05	0.16	0.2	0.14	0.16	0.12	0.02	0.04	0.36	0.04	0.1	0.38	0.03	0.12	0.03	0.19	0.01	0.15	0.1	0.2	0.01	0.13	0	0.28	0.72	0.12	0.5	0.07	0.34	0.47	0.01	0.17	0	0.57	0.04	0.24	0.02	0	0.67	0.11	0.57	0.87	0.02	0.2	0.41	0.15	0.15	0.12	0.04	0.03	0.02	0.14	0.12	0.27	0.02	0.48	0.2	0.18	0.32	0.53	0.04	0.18	0.43	0.19	0.26	0.1	0.2	0.15	0.09	0.02	0.49	0.31	0.04	0.99	0.04	0.01	0.04	0.01	0.18
0.41	0.32	0.39	0.23	0.12	0.71	0.51	1.36	0.36	0.54	0.15	1.15	0.25	0.47	0.56	0.14	0.25	0.5	0.51	0.18	0.6	0.25	0.43	0.06	0.08	0.55	0.17	0.41	0.97	0.33	0.36	0.17	0.49	0.69	0.17	0.65	0.4	0.89	0.21	0.54	0.57	0.31	0.64	0.34	3.62	0.1	0.9	0.5	0.31	0.1	0.22	0.41	0.43	0	0.19	0.28	0.27	0.44	0.17	0.35	0.53	0.38	0.7	0.46	0.06	0.09	0.77	0.41	0.44	0.19	0.47	0.15	0.37	0.42	0.27	0.06	0.13	0.47	0.27	0.61	0.23	0.16	0.23	0.28	1.5	0.35	0.5	0.38	0.23	0.3	0.32	0.93	0.2	0.69	0.52	0.21	0.92	1.02	0.46
0.92	0.05	0.1	0.08	0.4	0.35	0.13	0.06	0.04	0.25	0.12	0.98	0.01	0.06	0.48	0.21	0.08	0.36	0.68	0.04	0.09	0.41	0.21	0.14	0.15	0.29	0.23	0.09	0.13	0.22	0.12	0.48	0.08	0.48	0.42	0.48	0.03	0.12	0.44	0.16	0.05	0.12	0.05	0.13	0.56	0.68	0.48	0.06	0.33	0.48	0.03	0.21	0.04	0.22	0	0.12	0.06	0.05	0.16	0.12	0.04	0.51	0.06	0.49	0.15	0.48	0.07	0.12	0.08	0.07	0.05	0.49	0.46	0.52	0.49	0.14	0.99	0.56	0.31	0.01	0.03	0.23	0	0.18	0.28	0.49	0.19	0.18	0.12	0.04	0.99	0.52	0.02	0.51	0.08	0.05	0.19	0.05	0.27
0.02	0.11	0.14	0.62	0.02	0.31	0.01	0.42	0.09	0.12	0.01	15	0.45	0.12	0.43	0.1	0.14	0.43	0.43	0.33	0.13	0.05	0.09	0.03	0.43	0.1	0.36	0.43	0.17	0.43	0.07	0.05	0.11	0.02	0.64	0.09	0.27	0.64	0	0.44	0.1	0.12	0.44	0.04	1.42	0.03	0.85	0.14	0.22	0.19	0.12	0.08	0.11	0.06	0.35	0	0.13	0.45	0.05	0.01	0.12	0	0.13	0.15	0.04	0.13	0.14	0.02	0.13	0.13	0.46	0.4	0.05	0.35	0.09	0.04	0.05	0.65	0.2	0.11	0.12	0.04	0.12	0.08	0.21	0.03	0.08	0.08	0.17	0.46	0.03	0.87	0.11	0.23	0.67	0.1	0.14	0.33	0.52
0.38	0.02	0.1	0.44	0.22	0.85	0.45	0.15	0.02	0.03	0.12	0.89	0.05	0.03	0.38	0.49	0.22	0.2	3.41	0.03	0.05	0.41	0.44	0.42	0.49	0.03	0.03	0.02	0.49	0.33	1.5	0.17	0.01	0.16	0.05	0.19	0.03	0.41	0.1	0.21	0.7	0.5	0.21	0.25	1.75	0.38	0.22	0.1	0.46	0.5	0.03	0.2	0.02	0.4	0.19	0.11	0	0.03	0.16	0.11	0.03	0.99	0.6	0.22	0.16	0.16	0.4	0.18	0.05	0.01	0.04	0.27	0.33	0.28	0.4	0.13	0.22	1.14	0.33	0.07	0.41	0.2	0.06	0.59	0.28	0.51	0.22	0.16	0.12	0.03	0.14	0.71	0.05	0.35	0.44	0.02	0.37	0.03	0.31
0.11	0.02	0.17	0.49	0.13	0.25	0.33	0.11	0.06	0.03	0.22	8.79	0.04	0.41	0.67	0.22	0.18	0.19	0.28	0.42	0.42	0.15	0.27	0.14	0.54	0.04	0.31	0.42	0.32	0.05	0.42	0.24	0.03	0.13	0.04	0.19	0.05	0.1	1.31	0.22	0.01	0.12	0.01	0.16	0.33	0.14	0.2	0.33	0.33	0.43	0.06	0.18	0.01	0.55	0.53	0.51	0.43	0	0.17	0.1	0.04	0.3	0.03	0.2	0.46	0.16	0.04	0.54	0.05	0.44	0.02	0.14	0.14	0.27	0.03	0.44	0.22	0.19	0.42	0.04	0.25	0.16	0.64	0.2	0.26	0.13	0.19	0.17	0.11	0.03	0.15	0.45	0.04	0.72	0.04	0.45	0.74	0.01	0.21
0.04	0.28	0.45	0.18	0.1	0.25	0.56	0.48	0.14	0.15	0.03	10.5	0.16	0.47	0.18	0.03	0.77	0.2	0.2	0.17	0.59	0.04	0.05	0.05	0.48	0.14	0.16	0.58	0.58	0.2	0.05	0	0.17	0.09	0.15	0.03	0.48	0.75	0.05	0.04	0.17	0.21	0.59	0.07	6.07	0.1	0.44	0.16	0.17	0.42	0.17	0.3	0.55	0.49	0.16	0.05	0.16	0.15	0	0.05	0.5	0.17	0.4	0.17	0.04	0.02	0.21	0.04	0.19	0.4	0.34	0.05	0.09	0.4	0.49	0.09	0.04	0.03	0.4	0.15	0.16	0.61	0.41	0.03	0.24	0.09	0.17	0.41	0.04	0.16	0.17	0.41	0.51	0.18	0.18	0.18	0.19	0.89	0.41
0.02	0.1	0.14	0.14	0.1	0.46	0.02	0.12	0.4	0.13	0.33	0.92	0.42	0.15	0.42	0.32	0.15	0.26	0.23	0.1	0.92	0.12	0.42	0.04	0.04	0.1	0.12	0.15	0.42	0.27	0.01	0.43	0.12	0.06	0.12	0.09	0.42	0.14	0	0.05	0.33	0.04	0.12	0.15	0.47	0.31	0.42	0.42	0.23	0.02	0.09	0.43	0.1	0.31	0.13	0.01	0.18	0.43	0.05	0.01	0.1	0.04	0.13	0.16	0.04	0.07	0.14	0.02	0.24	0.43	0.73	0.04	0.1	0.44	0.45	0.04	0.05	0.14	0.23	0.26	0.12	0.12	0.38	0.47	0.22	0.04	0.09	0.08	0.01	0.45	0.04	0.2	0.46	0.22	0.45	0.1	0.27	0.11	0.45
0.24	0.15	0.71	0.14	0.41	0.26	0.17	0.03	0.29	0.03	0.16	2.73	0.41	0.41	0.38	0.2	0.05	0.39	0.65	0.03	0.17	0.16	0.18	0.14	0.47	0.4	0.04	0.05	0.11	0.18	0.11	0.49	0.04	0.42	0.05	0.19	0.02	0.03	0.1	0.2	0.42	0.12	0.03	0.28	0.16	0.15	0.52	0.04	0.33	0.1	0.02	0.46	0.03	0.33	0.04	0.34	0.03	0.03	0.14	0.09	0	0.94	0.44	0.21	0.44	0.16	0.05	0.44	0.05	0.04	0.04	0.22	0.44	0.27	0.01	0.33	0.2	1.68	0.3	0.04	0.03	0.14	0.2	0.17	0.27	0.72	0.19	0.54	0.48	0.02	0.14	0.37	0.04	0.34	0.07	0.4	0.23	0.03	0.2
0.02	0.49	0.48	0.99	0.03	0.48	0.03	0.46	0.97	0.11	0.48	2.2	0.99	0.12	0.49	0.48	0.99	0.26	0.48	0.48	0.48	0.47	0.98	0.04	0.47	0.47	0.47	0.46	0.46	0.46	0.46	0.06	0.96	0.96	0.42	0.08	0.46	0.47	0	0.46	0.46	0.46	0.46	0	1.97	0.17	0.56	0.46	0.46	0.01	0.48	0.45	0.12	0.95	0.95	0	0.11	0.45	0.45	0.02	0.44	0.01	0.26	0.44	0.05	0.94	0.45	0.02	0.44	1.45	0.43	0.04	0.03	0.47	0.11	0.43	0.43	0.43	0.93	0.93	0.93	0.42	0.42	0.43	0.93	0.42	0.09	0.92	0.01	0.43	1.42	0.92	0.92	0.24	0.92	0.12	0.91	0.41	0.91
0.6	0.03	0.1	0.4	0.14	0.22	0.13	0.04	0.03	0.4	0.14	1.43	0.06	0.03	0.37	0.22	0.02	0.2	0.42	0.03	0.42	0.17	0.22	0.15	0.18	0.24	0.14	0.08	0.74	0.07	0.12	0.93	0.43	0.46	0.05	0.2	0.03	0.03	0.13	0.23	0.03	0.43	0.03	0.54	0.59	0.91	0.22	0.04	0.35	0.39	0.04	0.65	0.2	0.44	0.06	0.13	0.31	0.03	0.16	0.46	0.04	0.13	0	0.22	0.45	0.16	0.02	0.14	0.02	0.04	0.04	0.15	0.15	0.55	0.04	0.13	0.23	0.18	0.32	0.46	0.05	0.26	0.07	0.53	0.28	0.44	0.56	0.18	0.51	0.04	0.14	0.46	0.06	0.36	0.02	0.03	0.02	0.03	0.2
0.42	0.21	0.3	0.32	0.42	0.92	0.42	0.22	0.42	0.38	0.15	9.04	0.22	0.23	0.6	0.74	0.62	0.36	0.44	0.29	0.59	1.41	0.21	0.15	0.14	0.22	0.22	0.24	0.64	0.36	0.15	0.18	0.94	0.44	0.24	0.19	0.19	0.2	0.57	0.21	0.21	0.21	0.47	0.2	0.29	0.41	0.48	0.22	0.78	0.2	0.51	0.35	0.2	0.17	0.54	0.15	0.22	0.2	0.17	0.16	0.22	0.17	0.35	0	0.48	0.2	0.23	0.15	0.55	0.23	0.2	0.14	0.14	0.35	0.44	0.22	0.34	0.54	0.31	0.22	0.23	0.48	0.59	0.18	0.07	0.22	0.19	0.18	0.16	0.21	0.79	0.3	0.57	0.35	0.23	0.21	0.23	0.21	0.34
0.03	0.48	0.19	0.37	0.48	0.28	0.03	0.45	0.48	0.48	0.03	9.44	0.49	0.13	0.19	0.13	0.17	0.47	1.38	0.4	0.16	0.41	0.4	0.22	0.04	0.15	0.15	0.52	1.71	0.15	0.04	0.4	0.18	0.4	0.15	0.05	0.15	0.3	0.04	0.01	0.16	0.03	0.4	0.31	1.42	0.12	0.18	0.18	0.2	0.04	0.55	0.51	0.15	0.38	0.23	0.41	0.51	0.15	0.04	0.22	0.41	0.2	0.22	0.16	0	0.05	0.18	0.03	0.19	0.52	0.42	0.04	0.09	0.19	0.42	0.04	0.01	0.19	0.19	0.42	0.35	0	0.16	0.05	0.42	1.03	0.05	0.06	0.04	0.13	0.04	0.17	0.52	0.2	0.42	0.43	0.18	0.17	0.44
0.07	0.15	0.2	0.19	0.06	0.22	0.08	0.44	0.18	0.43	0.29	0.22	0.18	0.15	0.91	0.01	0.56	0.4	0.16	0.41	0.23	0.05	0.92	0.07	0.33	0.38	0.16	0.18	0.31	0.19	0.07	0.02	0.16	0.32	0.18	0.01	0.14	0.15	0.07	0.41	0.16	0.08	0.83	0.07	0.41	0.07	0.51	0.16	0.41	0.27	0.14	0.03	0.15	0.26	0.18	0.41	0.41	0.16	0.02	0.07	0.16	0.41	0.16	0.17	0.05	0	0.17	0.07	0.34	0.17	0.15	0.07	0.06	0.7	0.4	0.44	0.05	0.02	0.16	0.85	0.17	0.1	0.18	0.01	0.4	0.07	0.01	0.05	0.24	0.48	0.19	0.12	0.32	0.23	0.19	0.16	0.19	0.92	0.2
0.16	0.04	0.11	0.03	0.16	0.23	0.43	0.05	0.04	0.25	0.14	2.49	0.07	0.04	0.4	0.56	0.03	0.46	0.3	0.04	0.08	0.4	0.21	0.17	0.52	0.05	0.02	0.06	0.87	0.23	0.14	0.2	0.28	0.15	0.06	0.21	0.05	0.04	0.15	0.24	0.05	0.35	0.04	0.19	5.28	0.44	0.45	0.05	0.47	0.77	0.05	0.21	0.03	0.32	0.08	0.14	0.04	0.04	0.19	0.14	1.3	0.49	0.03	0.23	0.18	0.17	0	0.46	0.01	0.06	0.05	0.17	0.15	0.33	0.42	0.47	0.23	0.19	0.33	0.07	0.06	0.37	0.07	0.59	0.48	0.39	0.21	0.19	0.48	0.05	0.16	0.33	0.07	0.36	0.48	0.04	0.04	0.04	0.22
0	0.12	0.47	0.43	0.02	0.31	0	0.17	0.3	0.13	0.01	0.46	0.11	0.12	0.47	0.11	0.16	0.96	0.22	0.47	0.12	0.04	0.08	0.47	0.37	0.98	0.13	0.5	0.48	0.13	0.02	0.05	0.48	0.04	0.11	0.3	0.1	0.44	0.18	0.49	0.14	0.03	0.11	0.07	0.21	1.5	0.23	0.5	0.22	0.41	0.11	0.08	0.11	0.34	0.13	0.4	0.12	0.12	0.04	0.56	0.1	0.4	0.13	0.15	0.2	0.45	0.15	0	0.14	0.81	0.19	0.91	0.03	0.18	0.11	0.03	0.1	0.06	0.27	0.26	0.52	0.03	0.42	0.07	0.21	0.03	0.3	0.42	0.02	0.29	0.02	0.19	0.12	0.42	0.52	0.14	0.14	0.11	0.73
0.54	0.36	0.12	0.04	0.16	0.24	0.16	0.22	0.05	0.3	0.44	5.06	0.07	0.05	0.4	0.26	0.15	0.22	0.48	0.05	0.49	0.19	0.23	0.49	0.18	0.05	0.03	0.07	0.13	0.6	0.14	0.18	0.05	0.9	0.12	0.22	0.1	0.05	0.61	0.24	0.05	0.82	0.05	0.42	1.32	0.15	0.43	0.29	0.72	0.13	0.05	0.21	0.04	0.73	0.08	0.17	0.43	0.43	0.19	0.5	0.06	0.13	0.03	0.24	0.19	0.18	0.01	0.44	0	0.06	0.39	0.45	0.16	0.3	0.06	0.37	0.46	0.2	0.34	0.36	0.47	0.26	0.08	0.64	0.3	0.48	0.24	0.36	0.13	0.06	0.28	0.48	0.1	0.78	0.03	0.05	0.22	0.05	0.59
0.14	0.03	0.11	0.06	0.16	0.49	0.26	0.01	0.27	0.06	0.15	11.7	0.06	0.4	0.37	0.23	0.4	0.21	0.8	0.4	0.07	0.17	0.6	0.16	0.34	0.04	0.32	0.02	1.35	0.07	0.93	0.16	0.01	0.14	0.14	0.21	0.04	0.53	0.11	0.23	0.41	0.12	0.03	0.91	0.41	0.16	0.58	0.52	0.35	0.11	0.25	0.51	0.42	0.22	0.24	0.11	0.02	0.16	0.18	0.12	0.42	0.42	0.05	0.22	0.17	0.49	0.43	0.13	0.41	0	0.43	0.16	0.14	0.28	0.04	0.13	0.43	0.36	0.34	0.06	0.05	0.73	0.07	0.2	0.4	0.14	0.36	0.32	0.12	0.04	0.15	0.31	0.44	0.61	0.33	0.03	0.06	0.04	0.45
0.21	0.03	0.08	0.45	0.15	0.26	0.13	0.04	0.03	0.04	0.45	0.6	0.11	0.05	0.4	0.3	0.4	0.19	0.25	0.07	0.06	0.17	0.2	0.4	0.55	0.05	0.04	0.06	0.11	0.05	0.1	0.58	0.04	0.4	0.27	0.22	0.4	0.02	0.13	0.41	0.03	0.91	0.03	0.14	0.39	0.14	0.41	0.35	0.41	0.09	0.24	0.36	0.02	0.27	0.41	0.22	0.04	0.02	0.19	0.09	0.04	0.43	0.41	0.21	0.28	0.15	0.05	0.41	0.17	0.05	0	0.62	0.42	0.52	0.03	0.33	0.21	0.18	0.35	0.42	0.05	0.28	0.09	0.19	0.26	0.15	0.42	0.43	0.42	0.04	0.14	0.32	0.04	0.36	0.06	0.62	0.71	0.42	0.62
0.03	0.33	0.44	0.18	0.02	0.64	0.03	0.14	0.44	0.28	0.03	3.08	0.13	0.41	0.25	0.09	0.16	0.25	0.61	0.15	0.15	0.05	0.1	0.01	0.02	0.13	0.41	0.17	0.42	0.14	0.04	0.16	0.16	0.01	0.15	0.09	0.25	0.14	0.03	0.93	0.16	0.05	0.15	0.07	0.84	0.01	0.29	0.15	0.22	0.04	0.23	0.09	0.15	0.3	0.44	0.23	0.17	0.15	0.12	0.04	0.14	0.44	0.54	0.14	0.44	0.37	0.28	0.03	0.19	0.15	0.16	0	0.01	0.19	0.45	0.05	0.09	0.06	0.46	0.59	0.16	0.37	0.48	0.29	0.19	0.05	0.46	0.47	0.04	0.13	0.01	0.48	0.14	0.41	0.17	0.15	0.48	0.16	1
0.08	0.46	0.51	0.17	0.01	0.29	0.02	0.32	0.13	0.13	0.06	1.99	0.13	0.12	1	0.49	0.59	0.24	0.5	0.13	0.57	0.14	0.71	0.02	0.4	0.11	0.41	0.23	0.89	0.15	1.46	0.42	0.13	0	0.14	0.06	0.42	0.35	0.03	0.49	0.23	0.43	0.16	0.43	0.84	0.34	0.15	0.48	0.21	0.36	0.85	0.95	0.14	0.4	0.4	0.06	0.14	0.46	0.4	0.68	0.13	0.33	0.15	0.13	0.09	0.3	0.48	0.24	0.18	0.49	0.14	0.02	0	0.18	0.48	0.36	0.09	0.05	0.49	3.16	0.49	0.31	0.13	0.49	0.17	0.48	0.06	0.6	0.09	0.71	0.37	0.26	0.41	0.22	0.91	0.41	0.41	1	0.63
0.48	0.68	0.48	0.32	0.18	0.11	0.18	0.28	0.26	0.58	0.19	13.5	0.27	0.7	0.6	0.13	0.32	0.43	0.05	0.67	0.7	0.2	0.49	0.5	0.19	0.27	0.28	0.29	0.35	0.4	0.51	0.19	0.28	0.18	0.29	0.41	0.29	0.27	0.18	0.2	0.28	0.18	0.26	0.61	1.6	0.45	0.68	0.61	0.61	0.2	0.26	0.43	0.26	0.42	0.28	0.18	0.43	0.26	0.21	0.5	0.27	0.3	0.3	0.35	0.41	0.12	0.31	0.93	0.73	0.52	0.29	0.19	0.93	0	0.26	0.19	0.2	0.12	0.21	0.28	0.31	0.31	0.45	0.43	0.35	0.36	0.45	0.46	0.53	0.27	0.19	0	0.28	0.03	0.32	0.28	0.5	0.28	0.11
0.46	0.02	0.07	0.11	0.46	0.26	0.11	0.03	0.02	0.03	0.11	2.25	0.03	0.02	0.47	0.56	0.05	0.19	0.34	0.02	0.06	0.5	0.2	0.13	0.47	0.02	0.04	0.06	0.1	0.04	0.09	0.43	0.04	0.13	0.05	0.24	0.16	0.58	0.1	0.23	0.29	0.28	0.98	0.32	1.51	0.13	0.49	0.07	1.09	0.1	0.99	0.18	0.02	0.28	0.04	0.4	0.03	0.03	0.14	0.11	0.01	0.78	0.04	0.45	0.4	0.41	0.05	0.1	0.06	0.05	0.03	0.51	0.3	0.42	0	0.41	0.21	0.16	0.33	0.41	0.04	0.35	0.04	0.18	0.38	0.42	0.28	0.16	0.09	0.42	0.52	0.42	0.42	1.32	0.42	0.38	0.06	0.03	0.19
0.1	0.12	0.23	0.49	0.09	0.32	0.35	0.14	0.13	0.41	0.03	0.48	0.13	0.13	0.23	0.25	0.15	0.43	0.22	0.11	0.49	0.41	0.31	0.05	0.05	0.53	0.48	0.53	0.2	0.14	0.03	0.09	0.49	0.1	0.18	0.8	0.11	0.12	0.04	0.04	0.13	0.01	0.42	0.04	0.43	0.19	0.22	0.16	0.24	0.03	0.17	0.45	0.1	0.44	0.14	0.04	0.15	0.16	0.09	0.03	0.11	1.35	0.13	0.22	0.1	0.09	0.41	0.04	0.16	0.13	0.14	0.11	0.43	0.2	0.12	0	0.43	0.47	0.58	0.13	0.14	0.04	0.4	0.12	0.66	0.33	0.47	0.67	0.04	0.11	0.05	0.19	0.13	0.48	0.17	0.12	0.4	0.13	0.24
0.1	0.23	0.2	0.23	0.09	0.32	0.35	0.21	0.91	0.38	0.03	7.02	0.15	0.2	0.45	0.11	0.25	0.34	0.24	0.36	0.19	0.09	0.06	0.09	0.1	0.21	0.58	0.58	0.23	0.16	0.04	0.04	0.21	0.48	0.17	0.09	0.22	0.23	0.05	0	0.21	0.03	0.42	0.19	0.12	0.5	0.44	0.29	0.23	0.93	0.2	0.05	0.2	0.08	0.16	0.05	0.5	0.22	0.04	0.05	0.22	0.96	0.45	0.21	0.01	0.37	0.23	0.48	0.46	0.25	0.48	0.09	0.31	0.48	0.2	0.04	0	0.08	0.22	0.15	0.58	0.01	0.38	0.09	0.23	0.04	0.1	0.07	0.41	0.9	0.09	0.21	0.15	0.22	0.25	0.22	0.26	0.22	0.44
0.19	0.98	0.21	0.19	0.05	0.47	0.06	0.17	0.16	0.46	0.06	6.85	0.47	0.57	0.18	0.13	0.46	0.57	0.18	0.96	0.19	0.12	0.05	0.44	0.23	0.54	0.2	0.58	0.33	0.53	0.44	0.03	0.18	0.05	0.18	0.01	0.17	1.31	0.41	0.16	0.19	0.4	0.19	0.15	0.49	0.05	0.17	0.19	0.16	0.08	0.17	0.05	0.78	0.47	0.43	0.07	0.48	0.58	0.03	0.07	0.47	0.47	0.2	0.18	0.46	0.02	0.21	0.06	0.86	0.46	0.54	0.96	0.04	0.45	0.17	0.45	0.08	0	0.47	0.44	0.43	0.06	0.47	0.43	0.24	0.42	0.01	0.42	0.07	0.3	0.41	0.3	0.17	0.41	3.41	0.56	0.2	0.48	0.16
0.2	0.53	0.49	0.33	0.24	0.21	0.43	0.49	0.32	0.5	0.5	12.7	0.31	0.49	0.37	0.15	0.48	0.49	0.26	0.51	0.32	0.21	0.42	0.19	0.22	0.5	0.32	0.35	0.55	1.14	0.22	0.4	0.7	0.23	0.47	0.16	0.32	0.44	1.41	0.21	0.41	0.21	0.34	0.91	0.77	0.52	0.31	0.46	0.02	0.92	0.34	0.16	0.66	0.72	0.32	0.2	0.34	0.56	0.61	0.43	0.3	1.22	0.72	0.42	0.45	0.16	0.34	0.52	0.34	0.62	0.35	0.45	0.45	0.21	0.32	0.52	0.22	0.18	0	0.66	0.31	0.43	0.32	0.12	0.37	0.22	0.43	0.16	0.22	0.58	0.19	0.22	0.31	0.56	0.33	0.94	0.54	0.91	0.54
0.12	0.04	0.31	0.66	0.46	0.28	0.12	0.05	0.03	0.05	0.12	11.5	0.08	0.05	0.34	0.4	0.07	0.6	0.5	0.03	0.1	0.55	0.48	0.14	0.14	0.05	0.06	0.34	0.14	0.01	0.11	0.16	0.05	0.32	0.46	0.19	0.02	0.03	0.11	0.43	0.52	0.12	0.42	0.1	0.41	0.12	0.41	0.06	0.4	0.5	0.03	0.8	0.03	0.69	0.01	0.39	0.49	0.48	0.16	0.11	0.04	0.39	0.06	0.46	0.15	0.46	0.45	0.95	0.65	0.06	0.04	0.44	0.46	0.27	0.03	0.93	0.5	0.41	0.3	0	0.03	0.41	0.01	0.33	0.41	0.13	0.33	0.5	0.5	0.04	0.13	0.49	0	0.55	0.2	0.48	0.07	0.43	0.27
0.24	0.04	0.08	0.47	0.12	0.28	0.13	0.05	0.57	0.04	0.12	7.32	0.43	0.64	0.36	0.31	0.14	0.21	0.34	0.04	0.57	0.16	0.5	0.14	0.17	0.41	0.05	0.07	0.54	0.27	0.46	0.49	0.05	0.14	0.05	0.54	0.04	0.04	0.1	0.44	0.34	0.14	0.04	0.18	0.17	0.14	0.23	0.07	0.33	0.12	0.34	0.24	0.04	0.44	0.03	0.35	0.05	0.08	0.31	0.44	0.03	0.12	0.05	0.29	0.15	0.17	0.06	0.13	0.54	0.09	0.17	0.14	0.12	0.44	0.04	0.51	0.63	0.73	0.31	0.15	0	0.19	0.03	0.74	0.94	0.44	0.19	0.15	0.44	0.11	0.13	0.58	0.03	0.84	0.07	0.04	0.06	0.09	0.21
0.3	0.22	0.19	0.5	0.1	0.29	0.34	0.48	0.15	0.14	0.02	1.59	0.22	0.24	0.54	0.26	0.48	0.32	0.21	0.18	0.17	0.06	0.25	0.48	0.06	0.19	0.2	0.3	0.28	0.58	0.08	0.48	0.4	0.48	0.15	0.09	0.26	0.18	0.06	0	0.49	0.05	0.16	0.17	0.35	0.32	0.99	0.49	0.19	0.18	0.33	0.21	0.53	0.2	0.24	0.06	0.4	0.36	0.21	0.07	0.16	0.04	0.41	0.53	0	0.42	0.18	0.43	0.45	0.2	0.19	0.09	0.11	0.26	0.43	0.18	0.02	0.04	0.19	0.14	0.16	0	0.15	0.05	0.21	0.44	0.05	0.7	0.03	0.24	0.41	0.2	0.24	0.39	0.26	0.18	0.95	0.28	0.33
0.36	0.05	0.24	0.46	0.13	0.29	0.19	0.51	0.04	0.06	0.37	0.99	0.01	0.06	1.09	0.21	0.08	0.69	0.35	0.04	0.09	0.19	0.21	0.49	0.14	0.05	0.06	1.41	0.39	0	0.12	0.5	0.06	0.5	0.08	0.5	0.03	0.04	0.11	0.29	0.05	0.13	0.05	0.14	0.4	0.44	0.33	0.1	0.33	0.19	0.4	0.4	0.04	0.28	0	0.4	0.06	0.04	0.5	0.12	0.26	1.41	0.5	0.5	0.9	0.18	0.07	0.13	0.08	0.07	0.05	0.51	0.13	0.51	0.41	0.13	0.16	0.2	0.41	0.01	0.03	0.41	0	0.41	0.28	0.36	0.19	0.18	0.11	0.04	0.61	0.48	0.01	0.42	0.41	0.05	0.07	0.13	0.28
0.07	0.45	0.21	1.48	0.06	0.23	0.07	0.45	0.16	0.2	0.21	1.34	0.49	0.2	0.18	0.02	0.21	0.45	0.16	0.33	0.48	0.07	0.04	0.47	0.07	0.18	0.54	0.47	1.31	0.19	0.08	0.61	0.47	0.05	0.19	0	0.17	0.98	0.66	0.09	0.22	0.09	0.2	0.11	0.8	0.15	0.68	0.19	0.14	0.48	0.75	0.25	0.19	0.54	0.48	0.33	0.2	0.26	0.03	0.08	0.17	0.21	0.21	0.2	0.05	2.14	0.22	0.49	0.22	0.21	0.5	0.08	0.64	0.1	0.32	0.5	0.36	0.25	0.13	0.9	0.4	0.06	0.19	0	0.4	0.2	0.19	0.04	0.08	0.44	0.07	0.11	0.18	0.93	0.21	0.21	0.62	0.43	0.15
0.48	0.31	0.31	1.08	0.15	0.48	0.21	0.28	0.27	0.46	0.21	0.46	0.28	0.82	0.43	0.47	0.29	0.43	0.41	0.57	0.23	0.49	0.27	0.15	0.2	0.29	0.98	0.48	0.37	0.29	0.48	0.23	0.28	0.19	0.52	0.49	0.25	0.25	0.41	0.23	0.26	0.2	0.5	0.29	0.7	0.15	0.07	0.43	0.7	0.14	0.4	0.4	0.25	0.55	0.28	0.21	0.34	0.26	0.23	0.22	0.27	0.53	0.28	0.07	0.18	0.16	0.29	0.21	0.51	0.29	0.26	0.52	0.15	0.35	0.27	0.28	0.23	0.57	0.43	0.99	0.42	0.39	0.67	0.2	0	0.28	0.43	0.17	0.43	0.27	0.14	0.44	0.53	0.43	0.29	0.36	0.94	0.27	1.64
0.41	0.26	0.49	0.16	0.41	0.31	0.1	0.13	0.1	0.16	0.27	5.76	0.99	0.13	0.23	0.43	0.14	0.27	0.24	0.1	0.14	0.13	0.09	0.09	0.05	0.14	0.4	0.16	0.17	0.14	0.4	0.09	0.14	0.41	0.14	0.15	0.11	0.1	0.29	0.27	0.45	0.41	0.41	0.15	0.72	0.1	0.29	0.13	0.24	0.01	0.35	0.42	0.37	0.42	0.17	0.42	0.13	0.13	0.42	0.04	0.93	0.09	0.13	0.56	0.04	0.07	0.43	0.03	0.15	0.43	0.13	0.43	0.09	0.73	0.13	0	0.43	0.35	0.43	0.16	0.43	0.04	0.53	0.09	0.28	0	0.1	0.17	0.03	0.13	0.43	0.2	0.13	0.56	0.31	0.43	0.15	0.33	0.55
0.38	0.18	0.21	0.21	0.06	0.23	1.1	0.2	0.34	0.23	0.4	7.7	0.19	0.17	0.18	0.03	0.21	0.18	0.17	0.19	0.19	0.14	0.1	0.09	0.07	0.2	0.43	0.21	0.93	0.43	0.08	0.43	0.47	0.28	0.17	0.43	0.19	0.64	0.44	0.09	0.59	0.09	0.33	0.1	1.64	0.06	0.64	0.42	0.43	0.07	0.19	0.44	0.18	0.12	0.19	0.2	0.2	0.2	0.03	0.45	0.21	0.09	0.45	0.19	0.05	0.01	0.21	0.65	0.22	0.23	0.19	0.44	0.06	0.45	0.4	0.11	0.65	0.26	0.34	0.34	0.2	0.11	0.66	0	0.48	0.1	0	0.04	0.09	0.18	0.08	0.12	0.52	0.15	0.21	0.46	0.21	0.22	0.16
0.08	0.44	0.19	0.25	0.09	0.27	0.38	0.44	0.44	0.21	0.37	7.32	0.19	0.16	0.22	0.4	0.19	0.94	0.21	0.36	0.41	0.08	0.22	0.04	0.05	0.7	0.16	0.41	0.2	0.19	0.41	1.11	0.17	0.05	0.15	0.04	0.16	0.16	0.4	0.06	0.7	0.4	0.48	0.09	0.09	0.4	0.17	0.18	0.18	0.08	0.44	0.24	0.18	0.08	0.5	0.2	0.2	0.19	0.14	0.08	0.5	0.4	0.16	0.15	0.4	0.5	0.2	0.05	0.18	0.4	0.16	0.05	0.19	0.15	0.4	0.08	0.11	0.03	0.53	0.39	0.4	0.14	0.54	0.4	0.17	0.4	0.04	0	0.07	0.15	0.14	0.8	0.18	0.22	0.4	0.15	0.32	0.98	1.41
0.02	0.42	0.16	0.13	0.49	0.31	0.4	0.12	0.09	0.12	0.33	3.46	0.11	0.12	0.6	0.08	0.13	0.35	0.22	0.09	0.45	0.04	0.45	0.16	0.04	0.45	0.14	0.13	0.17	0.12	0	0.18	0.12	0.48	0.46	0.08	0.1	0.15	0.01	0.1	0.24	0.04	0.1	0.28	0.95	0.17	0.46	0.46	0.23	0	0.09	0.08	0.47	0.79	0.12	0.36	0.13	0.11	0.04	0.01	0.11	0.36	0.12	0.16	0.04	0.08	0.13	0.02	0.15	0.47	0.1	0.04	0.09	0.19	0.1	0.03	0.04	0.18	0.22	0.4	0.12	0.13	0.12	0.42	0.22	0.03	0.2	0.07	0	0.3	0.03	0.28	0.12	0.23	0.14	0.11	0.14	0.1	0.44
0.37	0.02	0.09	0.47	0.12	0.47	0.47	0.03	0	0.03	0.48	8.61	0.03	0.01	0.35	0.56	0.05	0.2	0.47	0.28	0.06	0.44	0.18	0.52	0.48	0.02	0.04	0.43	0.09	0.05	0.1	0.34	0.07	0.13	0.06	0.19	0.02	0.09	0.49	0.21	0.03	0.11	0.03	0.49	0.46	0.12	0.25	0.03	0.49	0.18	0.49	0.49	0.21	0.46	0.04	0.4	0.33	0.03	0.16	0.1	0.02	0.49	0.04	0.49	0.42	0.17	0.05	0.11	0.05	0.04	0.04	0.14	0.12	0.27	0.02	0.12	0.71	0.16	0.31	0.4	0.01	0.48	0.04	0.16	0.27	0.12	0.5	0.91	0.11	0	0.15	0.29	0.41	0.45	0.05	0.42	0.05	0.38	0.28
0.03	0.3	0.71	0.3	0.14	0.3	0.03	0.14	0.41	0.15	0.41	0.46	0.13	0.93	0.43	0.09	0.17	0.24	0.23	0.25	0.18	0.18	0.43	0.01	0.39	0.12	0.16	0.15	0.19	0.42	0.03	0.05	0.14	0.44	0.16	0.08	0.14	0.51	0.03	0.09	0.14	0.04	0.15	0.37	0.03	0.01	0.15	0.17	0.21	0.04	0.13	0.45	0.14	0.17	0.14	0.03	0.16	0.46	0.05	0.21	0.2	0.8	0.17	0.46	0.04	0.07	0.17	0.02	0.17	0.96	0.17	0.15	0.12	0.46	0.14	0.05	0.09	0.06	0.19	0.13	0.15	0.11	0.46	0.17	0.14	0.05	0.08	0.04	0.04	0.14	0	0.47	0.13	0.23	0.17	0.15	0.16	0.44	0.22
0.46	0.29	0.46	0.53	0.18	0.48	0.46	0.31	0.96	0.31	0.19	1.38	0.5	0.28	0.5	0.4	0.4	0.23	0.05	0.41	0.4	0.19	0.47	0.18	0.18	0.91	0.41	0.33	0.35	0.41	0.29	0.27	0.42	0.17	0.46	0.12	0.41	0.82	0.42	0.21	0.42	0.19	0.42	0.33	0.36	0.62	0.31	0.32	0.43	0.17	0.29	0.15	0.31	0.92	0.3	0.19	0.43	0.32	0.45	0.26	0.3	0.73	0.93	0.64	0.43	0.43	0.32	0.19	0.33	0.84	0.44	0.19	0.44	0	0.59	0.54	0.21	0.44	0.44	0.68	0.33	0.94	0.44	0.19	0.45	0.19	0.12	0.95	0.49	0.59	0.55	0.01	0.69	0.28	0.49	0.3	0.73	0.68	0.09
0.44	0.4	0.1	0.46	0.13	0.95	0.45	0.05	0.03	0.44	0.12	2.57	0	0.05	0.34	0.21	0.46	0.34	0.34	0.03	0.46	0.44	0.2	0.47	0.14	0.1	0.06	0.07	0.47	0.01	0.11	0.16	0.05	0.12	0.07	0.47	0.03	0.03	0.31	0.43	0.05	0.12	0.04	0.11	0.19	0.43	0.88	0.06	0.32	0.18	0.41	0.21	0.04	0.98	0.11	0.11	0.57	0.04	0.15	0.12	0.04	0.48	0.22	0.22	0.49	0.18	0.07	0.12	0.08	0.06	0.05	0.14	0.49	0.27	0.03	0.49	1.3	0.17	0.31	0.4	0.4	0.24	0.01	0.18	0.28	0.4	0.18	0.18	0.12	0.04	0.4	0.45	0	0.33	0.41	0.04	0.07	0.05	0.27
0.23	0.32	0.34	0.36	0.22	0.15	0.22	0.35	0.32	0.7	0.22	1.49	0.49	0.33	0.32	0.17	0.62	0.07	0.05	0.33	1.3	0.22	0.56	0.51	0.81	0.41	0.35	0.37	2.53	0.35	0.42	0.62	0.34	0.21	0.32	0.17	0.7	0.93	0.43	0.51	0.36	0.22	0.43	0.63	1.95	0.48	0.74	0.43	0.63	0.38	0.33	0.18	0.44	0.51	1.45	0.24	0.44	0.34	0.44	0.45	0.55	0.46	0.96	0.35	0.45	0.18	0.36	0.22	0.96	0.35	0.63	0.47	0.22	0.03	0.96	0.23	0.56	0.95	0.48	0.57	0.35	0.27	0.34	1.27	0.47	0.57	0.47	0.22	0.23	0.47	0.48	0.29	0.58	0	0.36	0.48	0.51	0.34	0.48
0.14	0.04	0.46	0	0.17	0.24	0.14	0.05	0.05	0.05	0.14	9.77	0.07	0.08	0.4	0.49	0.03	0.22	0.3	0.05	0.41	0.18	0.22	0.16	0.4	0.08	0.4	0.07	0.51	0.41	0.49	0.91	0.41	0.16	0.07	0.22	0.05	0.41	0.13	0.23	0.05	0.42	0.04	0.35	0.2	0.62	0.54	0.9	0.38	0.52	0.92	0.23	0.19	0.44	0.08	0.14	0.05	0.04	0.18	0.13	0.43	0.58	0.02	0.23	0.18	0.19	0.03	0.15	0.03	0.06	0.39	0.25	0.49	0.45	0.06	0.16	0.23	0.2	0.33	0.07	0.07	0.39	0.08	0.22	0.65	0.45	0.45	0.18	0.13	0.44	0.45	0.32	0.07	0.57	0	0.05	0.39	0.05	0.46
0.51	0	0.09	0.07	0.13	0.26	0.11	0.41	0.02	0.02	0.41	4.66	0.04	0.4	0.4	0.22	0.4	0.19	0.31	0.02	0.08	0.15	0.41	0.17	0.15	0	0.03	0.44	0.1	0.41	0.11	0.41	0.03	0.92	0.04	0.41	0.02	0.02	0.11	0.22	0.02	0.12	0.42	0.13	0.26	0.92	0.2	0.03	0.45	0.42	0.03	0.19	0.01	0.4	0.18	0.11	0.03	0.09	0.15	0.34	0.03	0.43	0.03	0.21	0.49	0.16	0.04	0.11	0.43	0.03	0.29	0.17	0.14	0.44	0.25	0.13	0.22	0.47	0.54	0.04	0.04	1.45	0.94	0.18	0.58	0.11	0.19	0.18	0.45	0.03	0.24	0.45	0.04	0.32	0.05	0	0.08	0.02	0.53
0.14	0.04	0.49	0.28	0.25	0.24	0.49	0.05	0.05	0.07	0.17	0.41	0.42	0.08	0.43	0.26	0.04	0.21	0.59	0.43	0.33	0.18	1.63	0.21	0.18	0.43	0.02	0.07	1.32	0.08	0.14	0.43	0.47	0.47	0.07	0.22	0.44	0.07	0.44	0.23	0.05	0.44	0.2	0.21	1.6	0.15	0.23	0.95	0.38	0.12	0.45	0.21	0.45	0.2	0.07	0.25	0.05	0.09	0.46	0.46	0.16	0.13	0.86	0.58	0.18	0.19	0.04	0.2	0.04	0.06	0.05	0.48	0.17	0.68	0.06	0.14	0.24	0.19	0.33	1.33	0.06	0.9	0.4	0.4	0.91	0.42	0.22	0.71	0.14	0.42	0.62	0.42	0.07	0.37	0.01	0.05	0	0.04	0.93
0.15	0.02	0.1	0.42	0.14	0.25	0.62	0.03	0.22	0.93	0.15	5.58	0.46	0.21	0.36	0.22	0.4	0.46	0.23	0.4	0.06	0.22	0.21	0.17	0.16	0.13	0.03	0.05	1.4	0.05	0.47	0.47	0.03	0.38	0.44	0.2	0.02	0.02	0.1	0.56	0.22	0.47	0.01	0.13	1.57	0.16	0.47	0.03	0.33	0.12	0.03	0.47	0.01	0.47	0.05	0.1	0.03	0.12	0.47	0.47	0.04	0.14	0.03	0.47	0.16	0.18	0.04	0.13	0.05	0.04	0.03	0.16	0.14	0.62	0.03	0.13	0.24	0.4	0.58	0.04	0.04	0.16	0.05	0.48	0.58	0.53	0.48	0.16	0.13	0.03	0.25	0.98	0.04	0.34	0.05	0.02	0.04	0	0.48
0.25	0.45	0.56	0.97	0.47	0.53	0.49	0.37	0.24	0.2	0.47	8.2	0.98	0.99	0.25	0.17	0.98	0	0.04	0.18	0.36	0.43	0.19	0.22	0.48	0.49	0.3	0.58	0.43	0.5	0.23	0.57	0.2	0.23	0.52	0.49	0.18	0.17	0.23	1.29	0.49	0.24	0.22	0.29	0.24	0.5	0.34	0.49	0.3	0.41	0.49	0.49	0.18	0.26	0.7	0.5	0.5	0.4	0.4	0.7	0.2	1.21	0.4	0.43	0.4	0.19	0.21	0.22	0.41	0.21	0.41	0.22	0.51	0.41	0.42	0.24	0.52	0.43	0.43	0.27	0.44	0.2	0.44	0.29	0.74	0.25	0.16	0.19	0.46	0.76	0.46	0.09	0.62	0.56	0.22	0.47	0.47	0.49	0
