0	0.11	0.14	0.46	0.02	0.3	0	0.4	0.92	1.4	0.01	1.82	0.44	0.12	0.54	0.1	0.17	0.29	0.23	0.11	0.25	0.04	0.44	0.03	0.22	0.11	0.13	0.44	0.19	0.94	0.55	0.04	0.2	0.22	0.19	0.45	0.37	0.55	0.08	0.1	0.45	0.03	0.14	0.08	30.5	0.02	0.45	0.45	0.22	0.08	0.17	0.45	0.12	0.18	0.55	0.02	0.13	0.38	0.16	0.03	0.3	0.44	0.13	0.15	0.03	0.61	0.16	0	0.52	0.13	0.13	0.03	0.34	0.18	0.47	0.04	0.1	0.49	0.32	1.57	0.14	0.16	0.12	0.47	0.21	0.43	0.38	0.32	0.02	0.11	0.03	0.19	0.12	0.23	0.97	0.33	0.14	0.23	0.22
0.47	0	0.1	0.04	0.15	0.25	0.11	0.4	0.18	0.02	0.12	0.79	0.16	0.02	0.49	0.2	0.04	0.21	0.49	0.36	0.44	0.92	0.2	0.49	0.15	0	0.03	0.04	0.1	0.05	0.1	0.16	0.02	1	0.04	0.2	0.02	0.02	0.12	0.2	0.02	0.13	0.01	0.4	46.6	0.24	0.51	0.02	0.33	0.09	0.25	0.4	0.22	0.51	0.51	0.41	0.02	0.02	0.41	0.11	0.02	0.5	0.03	0.41	0.15	0.41	0.04	0.12	0.42	0.02	0.03	0.42	0.92	0.27	0.42	0.13	0.28	0.52	0.42	0.16	0.04	0.15	0.19	0.51	0.27	0.42	0.19	0.27	0.1	0.08	0.42	0.42	0.04	0.42	0.42	0.92	0.04	0.02	0.42
0.15	0.1	0	0.1	0.54	0.45	0.14	0.11	0.07	1.09	0.15	2.1	0.09	0.3	0.46	0.23	0.47	0.4	0.29	0.47	0.11	0.24	0.47	0.2	0.19	0.06	0.1	0.11	0.15	0.47	0.14	0.47	0.13	0.15	0.09	0.21	0.08	0.48	0.48	0.19	0.09	0.15	0.98	0.48	32.3	0.2	0.31	0.09	0.36	0.48	0.09	0.5	0.48	0.3	0.1	0.14	0.11	0.49	0.23	0.14	0.16	0.17	0.41	0.28	0.49	0.31	0.11	0.8	0.11	0.4	0.08	0.22	0.17	0.31	0.41	0.16	0.2	0.21	0.41	0.4	0.08	0.19	0.11	0.41	0.26	0.62	0.21	0.18	0.41	0.26	0.4	0.39	0.41	0.59	0.1	0.09	0.1	0.37	0.35
0.14	0.93	0.1	0	0.42	0.62	0.16	0.38	0.42	0.95	0.24	3.51	0.07	0.45	0.45	0.24	0.03	0.56	0.46	0.05	0.1	0.19	0.57	0.47	0.16	0.08	0.02	0.07	0.14	0.08	0.52	0.98	0.05	0.99	0.11	0.21	0.05	0.05	0.13	0.23	0.05	0.16	0.04	0.49	37.4	0.7	0.6	0.9	0.45	0.41	0.28	0.24	0.04	0.41	0.12	0.13	0.42	0.05	0.34	0.73	0.43	0.43	0.02	0.48	0.44	0.44	0.04	0.49	0.03	0.07	0.23	0.16	0.17	0.31	0.45	0.17	0.56	0.56	0.35	3.36	0.07	0.2	0.08	0.47	0.57	0.52	0.59	0.2	0.13	0.05	0.57	0.75	0.68	0.41	0	0.42	0.01	0.05	0.25
0.02	0.13	0.42	0.17	0	0.29	0.02	0.15	0.39	0.45	0.45	6.33	0.14	0.11	0.4	0.13	0.15	0.41	0.41	0.16	0.39	0.48	0.14	0.02	0.01	0.12	0.14	0.21	1.05	0.67	0.39	0.1	0.45	0.24	0.13	0.06	1.06	0.31	0.04	0.09	0.48	0.08	0.13	0.09	14	0.16	0.15	0.26	0.2	0.04	0.14	0.11	0.15	0.51	0.41	0.02	0.41	0.14	0.37	0.1	0.13	0.24	0.15	0.13	0.11	0.43	0.15	0.02	0.18	0.14	0.14	0.02	0.02	0.46	0.14	0.1	0.09	0.04	0.47	0.73	0.12	0.1	0.19	0.06	0.15	0.41	0.07	0.26	0.22	0.3	0.01	0.18	0.52	0.57	0.26	0.3	0.15	0.58	0.23
0.3	0.25	0.36	0.91	0.29	0	0.51	0.26	0.41	0.26	0.31	1.52	0.28	0.26	0.49	0.39	0.9	1.44	0.15	0.26	0.52	0.46	0.27	0.45	0.3	0.26	0.22	0.38	1.22	0.29	0.85	0.45	0.26	0.31	0.29	0.26	0.45	1.07	0.45	0.32	0.41	0.3	0.45	0.41	0.41	0.31	0.42	0.64	0.36	0.6	0.41	0.41	0.25	0.96	0.46	0.46	0.26	0.25	0.25	0.57	0.26	0.71	0.22	0.42	0.28	0.22	0.62	0.31	0.46	0.27	0.62	0.3	0.33	0.12	0.26	0.42	0.92	0.42	0.42	0.28	0.28	0.42	0.29	0.23	0.48	0.36	0.23	0.27	0.31	0.26	0.63	0.26	0.28	0.15	0.24	0.26	0.24	0.28	0.44
0	0.12	0.14	0.48	0.02	0.3	0	0.12	0.48	0.45	0.09	1.16	0.2	0.1	0.25	0.45	0.14	0.29	0.23	0.11	0.46	0.04	0.08	0.23	0.03	0.46	0.46	0.16	0.3	0.24	0.02	0.05	0.41	0.02	0.11	0.46	0.16	0.1	0.01	0.1	0.54	0.03	0.11	0.12	33.6	0.02	0.15	0.67	0.22	0.02	0.2	0.47	0.26	0.65	0.12	0.01	0.47	0.47	0.16	0.35	0.13	0.34	0.14	0.47	0.03	0.07	0.16	0	0.47	0.13	0.11	0.03	1.08	0.58	0.1	0.03	0.1	0.07	0.82	0.12	0.41	0.04	0.13	0.07	0.78	0.04	0.08	0.32	0.02	0.48	0.02	0.61	0.34	0.23	0.14	0.41	0.15	0.4	0.48
0.13	0.79	0.11	0.23	0.48	0.42	0.13	0	0.09	0.01	0.48	2.7	0.05	0.62	0.38	0.21	0.05	0.21	0.49	0.03	0.25	0.4	0.23	0.91	0.41	0.03	0.04	0.02	0.13	0.06	0.41	0.17	0.01	0.42	0.05	0.19	0.03	0.05	0.1	3.45	2.95	2.45	0.02	1.45	0.16	0.14	0.22	0.3	0.45	0.44	0.26	0.67	0.02	0.7	0.27	0.12	0.02	0.03	0.46	0.11	0.04	0.4	0.15	0.48	0.16	0.16	0.49	0.12	0.36	0.02	0.38	0.16	0.41	0.28	0.03	0.31	0.21	0.82	0.62	0.05	0.05	0.16	0.06	0.51	0.28	0.14	0.19	0.52	0.43	0.03	0.14	0.31	0.05	0.51	0.05	0.03	0.05	0.03	0.22
0.1	0.02	0.07	0.05	0.12	0.26	0.1	0.02	0	1.38	0.1	4.89	0.03	0.43	0.35	0.19	0.42	0.22	0.35	0.16	0.44	0.46	0.44	0.12	0.14	0.01	0.03	0.04	0.3	0.04	0.1	0.16	0.03	0.44	0.06	0.17	0.02	0.02	0.1	0.45	0.03	0.45	0.02	0.13	19.4	0.55	0.21	0.02	0.48	0.18	0.02	0.46	0.02	1.02	0.04	0.1	0.08	0.03	0.15	0.11	0.02	0.09	0.03	0.21	0.66	0.18	0.05	0.1	0.06	0.03	0.03	0.14	0.11	0.46	0.15	0.5	0.21	0.66	0.46	0.03	0.02	0.23	0.04	0.36	0.27	0.12	0.17	0.14	0.1	0	0.12	1.51	0.03	0.71	0.38	0.02	0.06	0.03	0.32
0.14	0.08	0.34	0.75	1.2	0.78	0.15	0	0.35	0	0.15	2.9	0.05	1.49	1	0.71	0.09	0.49	0.31	0.49	0.12	1.22	0.2	0.16	0.49	0.03	0.03	0.03	0.1	0.06	0.51	2.27	0.02	0.28	0.87	0.32	0.03	0.03	0.1	0.5	0.09	0.14	0.02	0.4	11.8	0.13	0.21	0.18	0.86	1.14	1.59	2.1	1.63	1.9	1.82	2	2.32	2.18	2.62	2.83	2.46	0.99	1.19	1.42	0.92	0.7	0.92	1.7	1.78	2.14	2.09	2.41	3.23	2.9	2.69	2.43	1.99	1.18	0.95	0.31	0.64	1.01	1.45	1.84	2.22	2.2	3.19	2.38	2.14	1.72	1.24	0.57	0.35	1.13	1.51	1.51	1.59	0.61	2.08
0.01	0.5	0.45	0.16	0.02	0.31	0.75	0.13	0.45	0.55	0	13.4	0.43	0.49	0.53	0.25	0.16	0.49	0.23	0.13	0.12	0.41	0.28	0.03	0.03	1	0.5	0.15	0.17	0.12	0.5	0.03	0.14	0.02	0.11	0.08	0.11	0.13	0.01	0.88	0.8	0.02	0.12	0.05	3.61	0.03	0.15	0.9	0.4	0.02	0.11	0.07	0.13	0.16	0.12	0.4	0.12	0.13	0.4	0.02	0.12	0.2	0.4	0.15	0.4	0.22	0.45	0.4	0.14	0.16	0.41	0.03	0.42	0.21	0.11	0.25	0.41	0.41	0.2	0.66	0.14	0.9	0.15	0.08	0.21	0.03	0.08	0.06	0.01	0.14	0.31	0.51	0.12	0.25	0.54	0.5	0.23	0.53	0.52
3.35	0.42	13.4	0.34	2.58	0.89	10.2	1.63	1.45	1.63	2.14	0	1.26	1.19	3.19	2.06	0.87	2.84	3.55	4.38	0.36	9.93	2.3	3.04	3.64	0.6	1.44	1.35	4.31	5.36	0.48	5.6	7.98	0.24	0.84	1.37	10.3	0.69	0.21	1.72	3.5	2.66	3.8	0.26	4.7	1.5	1.96	1.47	1.36	1.46	8.39	1.96	0.33	7.49	1.56	0.43	0.35	1.68	1.02	6.36	2.77	1.81	2.36	1.16	1.04	1.41	10.8	0.49	1.31	0.76	2.01	6.48	3.29	0.22	8.05	1.74	2.75	0.15	4.65	0.31	1.26	2.24	9.77	0.13	0.38	2.33	1.99	5.66	1.37	12.7	0.2	1.01	12	0.95	0.46	3.17	1.97	1.2	0.48
0.11	0.04	0.09	0.07	0.12	0.28	0.12	0.05	0.36	1.21	0.48	1.89	0	0.05	0.5	0.55	0.07	0.36	0.5	0.03	0.46	0.17	0.21	0.71	0.14	0.05	0.06	0.41	0.14	0.01	0.11	0.16	0.26	0.48	0.44	0.43	0.32	0.34	0.11	0.44	0.04	0.13	0.04	0.12	34.5	0.44	0.46	0.05	0.32	0.19	0.11	0.47	0.05	0.21	0.26	0.12	0.05	0.42	0.16	0.12	0.04	0.36	0.06	0.52	0.42	2.43	0.07	0.12	0.44	0.42	0.04	0.33	1.33	0.43	0.18	0.13	0.44	0.53	0.3	3.39	0.03	0.53	0.34	0.79	0.28	0.12	0.18	0.17	0.44	0.37	0.13	0.3	0	0.44	0.07	0.04	0.08	0.04	0.27
0.12	0.02	0.66	0.46	0.13	0.43	0.66	0.03	0.01	0.03	0.37	7.97	0.05	0	0.46	0.19	0.05	0.47	0.34	0.3	0.36	0.48	0.19	0.52	0.12	0.19	0.04	0.05	0.11	0.34	0.12	0.47	0.03	0.11	0.38	0.17	0.03	1.08	0.11	0.48	0.04	0.12	0.28	0.14	46.4	0.22	0.23	0.03	0.33	0.49	0.66	0.19	0.17	0.66	0.09	0.11	0.03	0.04	0.14	0.1	0.01	0.23	0.04	0.6	0.46	0.15	0.05	0.11	0.17	0.04	0.05	0.13	0.35	0.29	0.02	0.16	0.21	0.16	0.31	0.44	0.32	0.54	0.07	0.18	0.45	0.12	0.19	0.29	0.22	0.01	0.13	0.46	0.43	0.33	0.08	0.04	0.46	0.23	0.52
0.27	0.71	0.37	0.81	0.28	0.36	0.25	0.65	0.72	0.41	0.25	6.32	0.34	0.97	0	0.23	0.38	0.18	0.33	0.47	0.57	0.22	0.17	0.25	0.58	0.38	0.66	0.4	0.39	0.68	0.22	0.48	0.37	0.27	0.59	0.18	0.37	0.49	0.56	0.27	0.38	0.22	0.59	0.36	37.3	0.31	0.49	1.09	0.14	0.24	0.67	0.2	0.55	0.25	0.48	0.4	0.36	0.39	0.18	0.7	0.38	0.91	0.41	0.49	0.19	0.41	0.38	0.41	0.6	0.39	1.02	0.52	0.28	0.42	0.46	0.43	0.43	0.63	0.04	0.44	0.64	0.29	0.95	0.45	0.44	0.23	0.18	0.46	0.23	0.43	0.67	0.34	0.67	0.31	0.57	0.4	0.43	0.36	0.33
0.1	0.21	0.42	0.48	0.13	1.42	0.92	0.6	0.19	0.21	0.42	0.98	0.48	0.2	0.48	0	0.23	1.48	0.16	0.26	0.48	0.08	0.03	0.09	0.09	0.35	0.34	0.23	0.59	0.21	0.08	0.14	0.5	0.26	0.48	0.24	0.21	0.22	0.1	0.6	0.5	0.07	0.6	0.4	48	0.12	0.43	0.23	0.17	0.41	0.61	0.03	0.22	0.61	0.21	0.1	0.22	1.02	0.03	0.08	0.21	0.11	0.23	0.21	0.04	0.72	0.24	0.1	0.23	0.23	0.23	0.44	0.13	0.13	0.6	0.23	0.45	0.2	0.15	0.45	0.47	0.46	0.21	0.02	0.46	0.4	0.42	0.46	0.07	0.21	0.47	0.47	0.21	0.17	0.24	0.22	0.33	0.21	0.46
0.14	0.4	0.11	0.08	0.15	0.44	0.14	0.44	0.05	1.23	0.61	1.96	0.44	0.05	0.4	0.24	0	0.48	0.45	0.2	0.42	0.18	0.22	0.18	0.56	0.05	0.02	0.07	0.46	0.08	0.14	2.27	0.23	0.16	0.06	0.21	0.05	0.47	0.14	0.25	0.06	0.39	0.04	0.2	9.21	0.21	0.47	0.05	0.35	0.49	0.05	0.22	0.04	0.98	0.48	0.41	0.05	0.04	0.18	0.13	0.05	0.49	0.02	0.23	0.34	0.21	0.03	0.49	0.03	0.06	0.05	0.79	0.16	0.9	0.05	0.15	0.26	0.75	0.93	0.42	0.33	0.43	0.08	0.21	0.29	0.43	0.22	1.44	0.15	0.08	0.17	0.96	0.1	0.46	0.03	0.05	0.11	0.16	0.56
0.46	0.46	0.4	0.56	0.56	0.11	0.25	0.2	0.19	0.24	0.25	4.79	0.2	0.21	0.56	0.2	0.98	0	0.04	0.48	0.36	0.78	0.22	0.98	0.24	0.59	0.2	0.22	0.38	0.22	0.54	0.5	0.23	0.49	1.55	0.3	0.2	0.5	0.27	0.29	0.22	0.5	0.22	0.5	2.84	0.48	0.4	0.23	0.35	0.32	0.22	0.5	0.27	0.6	0.41	0.36	0.24	0.28	0.23	0.9	0.36	0.28	0.23	0.4	0.7	0.41	0.9	0.29	0.26	0.25	0.23	0.4	0.32	0.42	0.4	0.9	0.31	0.22	0.3	0.61	0.51	0.32	0.24	0.45	0.51	0.31	0.22	0.25	0.55	0.22	0.26	0.09	0.24	0.41	0.25	0.24	0.25	0.19	0.41
0.22	0.22	0.31	0.6	0.22	0.11	0.23	0.32	0.34	0.3	0.22	4.19	0.33	0.69	0.42	0.16	0.34	0.04	0	0.4	0.37	0.21	0.19	0.51	0.24	0.42	0.58	0.34	1.26	0.69	0.23	0.19	0.39	0.43	0.34	0.35	0.24	0.25	0.24	0.24	0.53	0.22	0.3	0.29	14.7	0.23	0.35	1.16	0.32	0.23	0.34	0.17	0.42	0.7	0.37	0.24	0.48	0.28	0.2	0.23	0.34	0.48	0.29	0.35	0.41	0.27	0.3	0.4	0.32	0.31	0.25	0.25	0.22	0.05	0.61	0.57	0.23	0.72	0.4	0.34	0.35	0.26	0.35	0.16	0.41	0.24	0.17	0.2	0.22	0.39	0.23	0.05	0.49	0.05	0.46	0.46	0.3	0.23	0.12
0.42	0.32	0.08	0.34	0.14	0.28	0.22	0.03	0.02	0.16	0.12	3.4	0.49	0.2	0.64	0.59	0.05	0.26	0.69	0	0.26	0.16	0.79	0.15	0.92	0.04	0.04	0.05	0.49	0.04	0.24	0.17	0.13	0.14	0.04	0.48	0.01	0.15	0.09	0.22	0.02	0.11	0.02	0.16	3.58	0.49	0.19	0.04	0.34	0.08	0.02	0.19	0.01	0.53	0.04	0.1	0.03	0.02	0.17	0.1	0.03	0.48	0.03	0.48	0.48	0.48	0.05	0.12	0.05	0.04	0.01	0.15	0.14	0.48	0.02	0.48	0.21	0.19	0.88	0.48	0.04	0.23	0.48	0.54	0.5	0.48	0.19	0.98	0.12	0.03	0.14	0.48	0.43	0.36	0.06	0.02	0.05	0.02	0.6
0.12	0.05	0.11	0.5	0.94	0.3	0.51	0.05	0.44	0.47	0.12	1.87	0.47	0.06	0.37	0.47	0.18	0.55	0.47	0.06	0	0.39	0.19	0.15	0.15	0.05	0.06	0.06	0.78	0.09	0.16	0.56	0.06	0.13	0.01	0.18	0.13	0.06	0.48	0.48	0.06	0.14	0.05	0.35	12.1	0.24	0.68	0.28	0.36	0.48	0.06	0.2	0.98	0.15	0.09	0.14	0.3	0.06	0.49	0.11	0.07	0.38	0.06	0.25	0.16	0.18	0.07	0.12	0.08	0.06	0.24	0.16	0.89	0.32	0.18	0.17	0.17	0.23	0.49	0.46	0.06	0.49	0.09	0.2	0.23	0.15	0.49	1.9	0.13	0.06	0.5	0.9	0.09	0.9	0.09	0.06	0.5	0.45	0.7
0.09	0.81	0.18	0.4	0.44	0.3	0.04	0.15	0.15	0.4	0.03	4.36	0.16	0.5	0.22	0.07	0.27	1.68	0.56	0.16	0.19	0	0.4	0.06	0.09	0.15	0.17	0.18	1.5	0.16	0.1	0.09	0.21	0.09	0.61	0.07	0.52	0.45	1	0.11	0.37	0.03	0.52	0.06	0.4	0.62	0.17	0.41	0.58	0.03	0.17	0.07	0.16	0.46	0.41	0.41	0.16	0.15	0.04	0.06	0.16	0.25	0.51	0.51	0.03	0.38	0.18	0.27	0.4	0.23	0.49	0.08	0.3	0.21	0.18	0.41	0.03	0.38	0.21	0.5	0.15	0.05	0.4	0.4	0.61	0.4	0.08	0.09	0.04	0.34	0.04	0.19	0.55	0.43	0.17	0.25	0.18	0.28	0.23
0.45	0.51	0.19	0.22	0.45	0.54	0.35	0.41	0.37	0.2	0.07	5.18	0.56	0.18	0.35	0.02	0.24	0.46	0.19	0.57	0.2	0.08	0	0.47	0.09	0.18	0.2	0.47	0.71	0.21	0.08	0.27	0.58	0.13	0.17	0.04	0.48	0.19	0.09	0.21	0.22	0.09	0.21	0.11	0.37	0.33	0.59	0.49	0.18	0.05	0.2	0.01	0.2	0.49	0.49	0.09	0.49	0.22	0.06	0.09	0.8	0.26	0.5	0.21	0.09	0.03	0.23	0.5	0.22	0.2	0.21	0.09	0.14	0.14	0.19	0.9	0.06	0.05	0.16	0.4	0.22	0.05	0.22	0.04	0.91	0.34	0.43	0.23	0.91	0.18	0.09	0.16	0.41	0.18	0.51	0.38	0.41	0.21	1.31
0.33	0.98	0.2	0.56	0.01	0.3	0.03	0.42	0.14	0.14	0.35	0.4	0.14	0.4	0.25	0.09	0.18	0.27	0.23	0.15	0.41	0.08	0.61	0	0.03	0.13	0.15	0.18	0.23	0.35	0.04	0.27	0.72	0.01	0.14	0.42	0.42	0.28	0.04	0.09	0.14	0.43	0.15	0.05	42.9	0.01	0.15	0.28	0.34	0.43	0.18	0.09	0.43	0.51	0.63	0.03	0.43	0.15	0.94	0.04	0.15	0.85	0.15	0.16	0.04	0.07	0.43	0.03	0.17	0.17	0.35	0.01	0.23	0.44	0.44	0.05	0.1	0.06	0.19	0.44	0.15	0.06	0.14	0.08	0.44	0.05	0.09	0.04	0.04	0.54	0.01	0.18	0.25	0.23	0.44	0.15	0.42	0.42	2.45
0.42	0.15	0.18	0.47	0.34	0.6	0.03	0.16	0.47	0.16	0.03	0.93	0.15	0.12	0.64	0.1	0.16	0.49	0.23	0.17	0.47	0.04	0.24	0.02	0	0.15	0.15	0.16	0.75	0.75	0.04	0.05	0.16	0.01	0.14	0.07	0.13	0.9	0.7	0.09	1	0.35	0.15	0.08	0.48	0.31	0.14	0.4	0.21	0.4	0.44	0.22	0.14	0.9	0.51	0.07	0.16	0.14	0.4	0.21	0.5	0.06	0.16	0.4	0.2	0.07	0.16	0.4	0.18	0.15	0.16	0.03	0.39	0.19	0.27	0.71	0.09	0.6	0.19	0.44	0.51	0.04	0.15	0.07	0.41	0.05	0.08	0.04	0.04	0.16	0.02	0.28	0.42	0.52	0.19	0.42	0.17	0.22	0.22
0.1	0	0.06	0.08	0.14	0.26	0.12	0.26	0.01	0.03	0.11	3.81	0.05	0.01	0.38	0.22	0.05	0.9	0.34	0.16	0.66	0.46	0.18	0.15	0.13	0	0.04	0.05	1.08	0.06	0.11	0.15	0.03	0.11	0.18	0.19	0.37	0.04	0.36	0.22	0.04	0.13	0.03	0.13	18.7	0.79	0.5	0.03	0.58	0.09	0.32	0.38	0.44	0.52	0.65	0.15	0.03	0.43	0.19	0.1	0.02	0.47	0.04	0.42	0.15	0.15	0.05	0.44	0.05	0.44	0.05	0.14	0.35	0.64	0.02	0.13	0.19	0.17	0.44	0.05	0.42	0.33	0.05	0.44	0.64	0.12	0.19	0.54	0.12	0.44	0.13	0.3	0.44	0.44	0.32	0.03	0.07	0	0.21
0.14	0.03	0.1	0.02	0.15	0.22	0.46	0.36	0.26	1.26	0.16	1.05	0.06	0.03	0.39	0.23	0.02	0.52	0.47	0.3	0.06	0.47	0.49	0.47	0.16	0.04	0	0.06	0.13	0.46	0.13	0.19	0.47	0.44	0.05	0.21	0.18	0.57	0.11	0.48	0.04	0.14	0.03	0.57	35.5	0.58	0.52	0.48	0.34	0.1	0.11	0.2	0.02	0.19	0.36	0.13	0.03	0.03	0.16	0.15	0.04	0.45	0.08	0.61	0.15	3.4	0.02	0.44	0.03	0.05	0.04	0.18	0.58	0.3	0.04	0.14	0.49	0.5	0.31	3.37	0.05	0.4	0.06	0.19	0.66	0.15	0.4	0.16	0.13	0.36	0.4	0.31	0.06	0.73	0.02	0.32	0.05	0.03	0.35
0.17	0.04	0.12	0.07	0.3	0.47	0.14	0.02	0.48	0.02	0.15	10.9	0.4	0.05	0.4	0.25	0.07	0.3	0.38	0.11	0.06	0.4	0.24	0.16	0.41	0.05	0.41	0	0.12	0.08	0.13	0.52	0.02	0.16	0.92	0.22	0.05	0.05	0.13	0.42	0.42	0.17	0.42	0.27	7.55	0.69	0.24	0.03	0.42	0.13	0.53	0.43	0.04	0.47	0.08	0.43	0.02	0.05	0.52	0.13	0.43	0.49	0.05	0.24	0.43	0.21	0.07	0.14	0.07	0.02	0.06	0.43	0.17	0.31	0.05	0.15	0.24	0.43	0.76	0.07	0.07	0.18	0.08	0.22	0.33	0.14	0.49	0.18	0.13	0.44	0.17	0.33	0.3	0.44	0.13	0.04	0.07	0.05	1.94
0.93	0.13	0.15	0.24	0.18	0.3	0.38	0.1	1.27	1.67	1.17	1.74	0.14	0.11	0.71	1.08	1.87	0.75	0.92	0.09	0.77	0.2	0.24	0.2	1.08	1.95	1.12	0.66	0	0.13	0.47	0.21	0.1	0.82	0.39	1.48	0.98	0.09	0.16	0.49	0.48	1.12	2.28	1.83	21.5	1.04	0.7	0.41	0.39	0.25	0.1	0.49	1.85	1.27	0.28	0.48	0.1	0.09	0.21	0.48	0.11	0.19	0.11	0.31	0.54	0.48	0.12	0.36	0.51	0.48	0.11	0.19	0.49	0.35	0.49	0.56	0.49	0.23	0.39	0.13	0.49	0.26	0.8	0.3	0.49	0.18	0.49	0.2	0.17	0.09	0.19	1.17	0.49	0.38	0.13	0.18	0.14	0.11	0.59
0.13	0.19	0.1	0.08	0.52	1.14	0.12	0.06	0.05	0.75	0.12	1.54	0.01	0.06	0.41	0.25	0.08	0.23	0.34	0.62	0.4	0.36	0.62	0.15	0.43	0.06	0.21	0.4	0.42	0	0.12	0.17	0.06	0.43	0.09	0.19	0.03	0.63	0.12	0.45	0.06	0.13	0.05	0.43	40.1	0.79	0.23	0.43	0.34	0.44	0.29	0.22	0.04	0.44	0	0.12	0.06	0.05	0.26	0.13	0.05	0.12	0.33	0.23	0.16	0.47	0.08	0.15	0.09	0.07	0.05	0.14	0.19	0.29	0.04	0.49	0.23	0.23	0.99	0.01	0.15	0.18	0.05	0.3	0.5	0.14	0.2	0.4	0.36	0.05	0.14	0.4	0.01	0.35	0.08	0.81	0.08	0.05	0.56
0.26	0.45	0.14	0.38	0.46	0.42	0.02	0.3	0.46	0.17	0.01	7.5	0.11	0.12	0.22	0.08	0.15	0.98	0.48	0.1	0.11	0.22	0.48	0.04	0.07	0.11	0.48	0.14	0.17	0.19	0	0.5	0.49	0.09	0.38	0.08	0.49	0.12	0.01	0.04	0.1	0.04	0.23	0.01	46.2	0.11	0.15	0.11	0.22	0.4	0.62	0.08	0.49	0.53	0.11	0.01	0.48	0.4	0.39	0.36	0.4	0.4	0.6	0.4	0.03	0.07	1.5	0.02	0.51	0.12	0.11	0.4	0.4	0.19	0.09	0.03	0.1	0.07	0.22	0.4	0.12	0.04	0.26	0.08	0.41	0.03	0.41	0.07	0	0.11	0.42	0.19	0.41	0.41	0.13	0.1	0.41	0.51	0.53
0.04	0.15	0.22	0.21	0.1	0.26	0.04	0.18	0.15	0.17	0.03	6.41	0.16	0.37	0.58	0.03	0.48	0.23	0.36	0.15	0.17	0.04	0.22	0.05	0.05	0.5	0.18	0.4	0.21	0.16	0.04	0	0.29	0.1	0.15	0.41	0.16	0.47	0.05	0.04	0.41	0.08	0.17	0.07	0.08	0.42	0.17	0.16	0.17	0.14	0.6	0.04	0.18	0.54	0.31	0.05	0.45	0.17	0	0.05	0.14	0.06	0.46	0.17	0.04	0.03	0.19	0.04	0.19	0.16	0.17	0.05	0.49	0.13	0.16	0.09	0.04	0.03	0.17	0.4	0.17	0.4	0.16	0.41	0.71	0.09	0.03	0.09	0.41	0.14	0.05	0.14	0.41	0.18	0.27	0.17	0.41	0.49	0.18
0.43	0.43	0.1	0.43	0.15	0.44	0.25	0.01	0.02	0.06	0.14	13.4	0.05	0.03	0.37	0.5	0.25	0.48	0.31	0.77	0.19	0.84	0.54	1.02	0.15	0.09	0.48	0.02	0.1	0.37	0.34	0.94	0	0.35	0.05	0.48	0.03	0.21	0.48	0.23	0.13	0.46	0.03	0.24	8.71	0.24	0.22	0.35	0.35	0.46	0.36	0.49	0.02	0.38	0.06	0.47	0.01	0.03	0.16	0.13	0.04	0.15	0.04	0.49	0.17	0.28	0.05	0.14	0.06	0	0.69	0.14	0.53	0.29	0.27	0.13	0.24	0.31	0.49	0.05	0.05	0.16	0.06	0.22	0.28	0.15	0.21	0.16	0.13	0.03	0.15	0.32	0.38	0.9	0.32	0.16	0.11	0.03	0.21
0.02	0.2	0.15	0.17	0	0.29	0.02	0.52	0.11	0.17	0.02	9.85	0.12	0.14	0.62	0.42	0.42	0.23	0.21	0.14	0.41	0.09	0.13	0.29	0.62	0.11	0.15	0.18	0.28	0.14	0.09	0.09	0.13	0	0.12	1.76	0.12	0.42	0.08	0.09	0.13	0.1	0.42	0.18	46.6	0.59	0.13	0.19	0.42	0.61	0.12	0.82	0.12	0.41	0.13	0.02	0.16	0.41	0.41	0.38	0.51	0.02	0.14	0.42	0.06	0.06	0.16	0.02	0.17	0.52	0.13	0.01	0.11	0.92	0.42	0.09	0.09	0.05	0.92	0.46	0.42	0.08	0.42	0.05	0.19	0.1	0.06	0.03	0.49	0.29	0.01	0.17	0.13	0.42	0.15	0.14	0.42	0.32	0.24
0.14	0.39	0.26	0.08	0.13	0.47	0.1	0.45	0.09	0.98	0.47	4.77	0.07	0.04	0.35	0.19	0.06	0.46	0.34	0.19	0.01	0.56	0.17	0.14	0.42	0.04	0.86	0.05	0.12	0.13	0.11	0.16	0.05	0.12	0	0.17	0.04	0.04	0.46	0.16	0.04	0.13	0.03	0.13	0.45	0.14	0.26	0.45	0.33	0.45	0.04	0.45	0.03	0.52	0.08	0.13	0.05	0.11	0.14	0.26	0.05	0.53	0.45	0.26	0.54	0.19	0.45	0.11	0.06	0.06	0.04	0.46	0.21	0.29	0.05	0.55	0.17	0.18	0.95	0.13	0.45	0.15	0.08	0.18	0.33	0.22	0.17	0.15	0.44	0.06	0.15	0.61	0.07	0.32	0.44	0.44	0.07	0.05	1.04
0.07	0.19	0.21	0.23	0.06	0.23	0.07	0.19	0.5	0.4	0.08	6.13	0.18	0.2	0.28	0.4	0.31	0.21	0.17	0.3	0.41	0.08	0.1	0.62	0.07	0.41	0.2	0.48	0.25	0.34	0.91	0.62	0.19	0.07	0.57	0	0.18	0.37	0.08	0.16	0.35	0.09	0.42	0.14	32.6	0.06	0.19	0.42	0.15	0.08	0.18	0.04	0.2	0.52	0.19	0.27	0.2	0.2	0.03	0.09	0.19	0.08	0.49	0.42	0.05	0.01	0.42	0.08	0.24	0.42	0.21	0.09	0.73	0.5	0.52	0.1	0.1	0.01	0.93	0.52	0.53	0.15	0.42	0	0.25	0.11	0.01	0.43	0.08	0.53	0.08	0.54	0.33	0.43	0.22	0.18	0.35	0.19	2.45
0.25	0.02	0.08	0.05	0.12	0.26	0.11	0.28	0.02	0.5	0.11	1.9	0.02	0.13	0.46	0.28	0.05	0.2	0.24	0.01	0.06	0.15	0.49	0.13	0.47	0.14	0.04	0.06	0.1	0.04	0.48	0.78	0.04	0.12	0.04	0.19	0	0.01	0.1	0.22	0.02	0.1	0.03	0.13	0.43	0.13	0.19	0.04	0.7	0.9	0.01	0.18	0.01	1	0.03	0.48	0.03	0.02	0.15	0.08	0.02	0.4	0.33	0.2	0.15	0.43	0.05	0.11	0.25	0.41	0.02	0.13	0.18	0.29	0.01	0.43	0.2	0.49	0.33	2.58	0.43	0.16	0.06	0.17	0.26	0.45	1.14	0.15	0.1	0.08	0.14	0.64	0.03	0.43	0.41	0.02	0.08	0.02	0.35
0.11	0.78	0.48	0.48	0.54	0.68	0.12	0.03	0.02	0.13	0.97	6.2	0.03	0.04	0.48	0.44	0.43	0.18	0.24	0.01	0.63	0.17	0.44	0.93	0.53	0.42	0.43	0.05	0.93	0.09	0.47	0.42	0.03	0.42	0.04	0.42	0	0	0.93	0.22	0.02	0.1	0.02	0.12	0.94	0.13	0.19	0.03	0.34	0.44	0.44	0.18	0.01	0.79	0.75	0.55	0.03	0.02	0.46	0.45	0.02	0.14	0.46	0.46	0.49	0.46	0.04	0.45	0.05	0.04	0.05	0.46	0.46	0.47	0.02	0.1	0.22	0.97	0.32	0.03	0.04	0.96	0.44	0.46	0.76	0.46	0.18	0.57	0.46	0.09	0.3	0.46	0.03	1.27	0.04	0.02	0.44	0.41	0.46
0.36	0.47	0.91	0.41	0.04	0.51	0.41	0.19	0.1	0.1	0.01	1.84	0.36	0.1	0.26	0.41	0.42	0.55	0.23	0.1	0.42	0.04	0.09	0.03	0.43	0.1	0.43	0.13	0.2	0.12	0.01	0.43	0.1	0.02	0.51	0.08	0.08	0.09	0	0.05	0.42	0.03	0.1	0	43.2	0.44	0.15	0.11	0.61	0.01	0.44	0.09	0.09	0.45	0.43	0	0.1	0.09	0.43	0	0.18	0.18	0.13	0.44	0.04	0.07	0.44	0.01	0.13	0.11	0.1	0.04	0.02	0.23	0.09	0.03	0.05	0.08	0.2	0.11	0.45	0.04	0.11	0.31	0.45	0.03	0.08	0.05	0.01	0.12	0.03	0.42	0.11	0.22	0.46	0.13	0.14	0.47	2.46
0.4	0.21	0.2	0.26	0.41	0.32	0.1	0.62	0.21	0.21	0.03	0.5	0.15	0.44	0.27	0.11	0.26	0.31	0.24	0.95	0.18	0.03	0.21	0.09	0.45	0.39	0.23	0.25	0.45	0.48	0.04	0.48	0.21	0.09	0.16	0.49	0.21	0.49	0.05	0	0.23	0.4	0.22	0.12	16.5	0.09	0.42	0.23	0.23	0.04	0.2	0.06	0.44	0.42	0.16	0.05	0.21	0.46	0.12	0.25	0.23	0.41	0.22	0.23	0.01	0.05	0.43	0.1	0.24	0.99	0.23	0.09	0.13	0.2	0.21	0.03	0.23	0.11	0.22	0.9	0.51	0.29	0.19	0.09	0.23	0.04	0.42	0.06	0.04	0.21	0.43	0.21	0.15	0.22	0.25	0.21	0.43	0.21	0.44
0.37	0.11	0.09	0.05	0.44	0.39	0.43	0.43	0.29	0.04	0.14	4.57	0.75	0.04	0.65	0.21	0.05	0.53	0.28	0.42	0.06	0.26	0.5	0.17	0.16	0.04	0.14	0.05	0.1	0.13	0.12	0.29	0.45	0.13	0.04	0.2	0.02	0.45	0.1	0.21	0	0.13	0.04	0.51	20.3	0.15	0.2	0.04	0.46	0.1	0.28	0.25	0.1	0.68	0.05	0.52	0.03	0.01	0.19	0.1	0.04	0.18	0.03	0.21	0.15	0.54	0.04	0.13	0.05	0.04	0.03	0.17	0.49	0.34	0.42	0.49	0.23	0.19	0.59	0.04	0.05	0.17	0.05	0.85	0.27	0.49	0.22	0.17	0.12	0.03	0.17	0.31	0.05	0.7	0.05	0.02	0.05	0.36	0.49
0.03	0.7	0.15	0.21	0.09	0.43	0.41	0.39	0.11	0.22	0.02	0.54	0.11	0.13	0.22	0.07	0.4	0.4	0.22	0.11	0.41	0.4	0.08	0.04	0.04	0.41	0.14	0.15	0.16	0.42	0.03	0.12	0.17	0.37	0.13	0.09	0.17	0.45	0.03	0.03	0.13	0	0.33	0.05	2.36	0.08	0.56	0.12	0.24	0.01	0.11	0.09	0.47	0.32	0.13	0.05	0.14	0.11	0.08	0.04	0.1	0.48	0.45	0.19	0.36	0.08	0.15	0.03	0.5	0.12	0.12	0.4	0.08	0.18	0.4	0.01	0.03	0.33	0.46	0.12	0.13	0.02	0.46	0.41	0.2	0.01	0.09	0.08	0.03	0.1	0.04	0.19	0.69	0.25	0.14	0.43	0.24	0.12	0.42
0.12	0.01	0.09	0.05	0.14	0.25	0.12	0.4	0.02	1.66	0.13	2.49	0.04	0.4	0.37	0.3	0.04	0.22	0.24	0.02	0.05	0.16	0.21	0.14	0.15	0.03	0.41	0.24	0.1	0.3	0.41	0.91	0.41	0.41	0.03	0.51	0.02	0.14	0.11	0.92	0.41	0.12	0	0.29	35.1	0.16	0.25	0.03	0.92	0.32	0.03	0.2	0	0.36	0.3	0.11	0.27	0.01	0.16	0.5	0.03	0.5	0.03	0.21	0.14	0.94	0.04	0.12	0.05	0.15	0.03	0.14	0.35	0.55	0.04	0.45	0.22	0.18	0.33	0.04	0.04	0.46	0.05	0.44	0.27	0.46	0.2	0.17	0.11	0.32	0.15	0.3	0.04	0.58	0.15	0.02	0.3	0.01	0.19
0.03	0.15	0.16	0.18	0.06	0.4	0.11	0.17	0.26	0.4	0.1	1.82	0.19	0.13	0.4	0.22	0.16	0.27	0.31	0.46	0.41	0.52	0.26	0.06	0.13	0.15	0.42	0.18	0.52	0.42	0.05	0.45	0.15	0.43	0.12	0.12	0.13	0.15	0.02	0.43	0.14	0.06	0.13	0	0.76	0.43	0.25	0.54	0.26	0.04	0.44	0.13	0.44	0.16	0.94	0.44	0.17	0.17	0.2	0.17	0.22	0.04	0.44	0.17	0.06	0.07	0.16	0.07	0.31	0.17	0.13	0.09	0.45	0.24	0.19	0.12	0.37	0.13	0.29	0.14	0.18	0.07	0.17	0.48	0.46	0.31	0.25	0.4	0.09	0.17	0.05	0.56	0.12	0.46	0.57	0.31	0.47	0.14	0.26
1	1.1	4.07	1.56	0.92	0.42	1.44	0.42	0.96	0.43	1.57	6.56	0.42	1.15	2.58	0.45	0.49	0.7	0.47	0.49	0.47	0.05	1.92	5.51	0.42	0.42	0.22	0.5	0.57	1.58	2.7	0.42	0.97	0.43	0.14	0.21	0.15	0.83	0.04	0.42	0.45	0.41	1.07	1.01	2.96	0.42	1.52	1.72	1.55	0.07	0.16	2.11	0.52	0.6	0.49	0.06	1.29	2.51	0.08	0.5	0.4	0.95	0.42	0.17	0.49	0.47	0.19	0.31	0.2	0.37	1.53	1.02	0.44	0.46	0.56	1.02	0.42	0.42	0.46	0.16	0.55	0.41	0.17	0.48	0.99	0.45	0.52	0.43	1.04	0.53	0.03	0.21	0.41	0.49	0.55	0.6	0.5	1.52	3.99
0.47	0.15	0.2	0.46	0	0.36	0.02	0.16	0.74	1.71	0.16	4.8	0.15	0.13	1.02	0.59	0.15	0.27	0.41	0.94	0.16	0.24	0.14	0.02	0.41	0.81	0.41	0.41	0.67	0.21	0.1	0.4	0.13	0.02	0.14	0.41	0.16	0.59	0.02	0.09	0.15	0.08	0.23	0.41	43.3	0	0.4	0.19	0.41	0.11	0.53	0.19	0.91	1.17	0.25	0.04	0.14	0.92	0.41	0.42	0.92	0.05	0.9	0.22	0.24	0.06	0.4	0.02	0.15	0.41	0.55	0.41	0	0.41	0.14	0.22	0.12	0.41	0.24	0.2	0.41	0.57	0.14	0.06	0.15	0.11	0.61	0.09	0.1	0.15	0.08	0.18	0.62	0.42	0.4	0.15	0.48	0.14	0.23
0.15	0.21	0.3	0.6	0.5	0.42	0.15	0.22	0.74	0.52	0.44	1.46	0.95	0.39	0.37	0.45	0.23	0.4	0.35	0.19	0.46	0.16	0.21	0.55	0.14	0.95	0.66	0.24	0.56	0.23	0.15	0.37	0.22	0.13	0.5	0.19	0.2	0.55	0.46	0.23	0.2	0.2	0.97	0.47	32	0.15	0	0.22	0.41	0.18	0.48	0.21	0.19	0.57	0.22	0.15	0.22	0.2	0.98	0.16	0.22	0.73	0.22	0.01	0.18	0.21	0.58	0.15	0.23	0.23	1.08	0.14	0.15	0.36	0.21	0.21	0.23	0.99	0.88	4.11	0.23	0.49	0.22	1.04	0.41	0.22	0.19	0.17	0.16	0.49	0.69	0.56	0.59	0.56	0.23	0.59	0.49	0.54	0.34
0.13	0.49	0.48	0.07	0.14	0.26	0.49	0.4	0.03	0.01	0.4	1.34	0.05	0.03	0.44	0.23	0.05	0.21	0.65	0.04	0.06	0.51	0.58	0.47	0.17	0.04	0.41	0.03	0.46	0.46	0.39	0.16	0.01	0.15	0.05	0.21	0.57	0.47	0.47	0.23	0.28	0.13	0.03	0.2	13.7	0.14	0.23	0	0.35	0.12	0.04	0.22	0.03	0.49	0.06	0.12	0.99	0.03	0.16	0.13	0.05	0.42	0.4	0.6	0.17	0.51	0.06	0.15	0.18	0.02	0.39	0.18	0.42	0.28	0.42	0.27	0.23	0.97	1.23	0.43	0.17	0.27	0.31	0.24	0.63	0.29	0.43	0.9	0.44	0.44	0.48	0.45	0.09	0.55	0.19	0.13	0.3	0.08	0.21
0.42	0.34	0.73	0.35	0.2	0.6	1.01	0.44	0.31	1.01	0.43	0.03	0.49	0.99	0.49	0.17	0.35	1	0.5	0.34	0.58	0.22	0.18	0.21	0.4	0.33	0.59	0.38	0.39	0.41	0.22	0.17	0.71	0.71	0.95	0.15	0.51	0.67	0.22	0.24	0.35	0.91	0.41	0.28	37.7	0.25	0.69	0.35	0	0.22	0.32	0.18	0.32	0.24	0.45	0.22	0.35	0.34	0.46	0.23	0.32	0.44	0.47	0.41	0.19	0.15	0.37	0.22	0.37	1.17	0.35	0.5	0.2	0.25	0.66	0.24	0.48	0.16	0.1	0.46	0.35	0.26	0.53	0.15	0.64	0.24	0.15	0.18	0.49	0.33	0.21	0.26	0.33	0.29	0.5	0.33	0.36	0.47	0.49
0.02	0.46	0.46	0.38	0.04	0.96	0.46	0.3	0.18	0.11	0.76	2.07	0.18	0.46	0.24	0.09	0.3	0.46	0.23	0.08	0.12	0.03	0.05	0.04	0.04	0.09	0.1	0.39	0.47	0.19	0.01	0.05	0.11	0.02	0.67	0.07	0.09	0.26	0.01	0.48	0.14	0.16	0.48	0.02	46.3	0.55	0.18	0.12	0.48	0	0.32	0.13	0.48	0.58	0.32	0.03	0.11	0.1	0.08	0.01	0.1	0.67	0.22	0.15	0.04	0.08	0.99	0.02	0.51	0.12	0.09	0.04	0.03	0.2	0.49	0.02	0.04	0.09	0.41	0.5	0.4	0.23	0.19	0.07	0.14	0.41	0.08	0.27	0.01	0.18	0.91	0.18	0.18	0.41	0.13	0.09	0.23	0.12	0.44
0.1	0.02	0.48	0.05	0.16	0.58	0.47	0.04	0.02	0.04	0.46	2.94	0.03	0.44	0.83	0.73	0.05	0.42	0.53	0.01	0.06	0.14	0.42	0.14	0.41	0.03	0.41	0.41	0.1	0.41	0.41	0.41	0.41	0.45	0.12	0.91	0.01	0.05	0.4	0.41	0.13	0.41	0.02	1	0.15	0.59	0.49	0.49	0.35	0.47	0.03	0.45	0.02	0.21	0.03	0.44	0.04	0.02	0.16	0.44	0.02	0.44	0.94	0.93	0.43	0.43	0.43	0.43	0.05	0.44	0.02	0.16	0.12	0.25	0.4	0.43	0.2	0.43	0.41	0.92	0.44	0.25	0.03	0.21	0.59	0.61	0.18	0.47	0.09	0.02	0.55	0.44	0.03	0.95	0.44	0.13	0.44	0.13	0.18
0.08	0.41	0.23	0.23	0.11	0.51	0.08	0.21	1.12	0.25	0.08	14.1	0.2	0.18	0.18	0.03	0.21	0.22	0.17	0.18	0.57	0.07	0.26	0.91	0.09	0.16	0.21	0.24	0.41	0.36	0.24	1.19	0.42	0.13	0.49	0.04	0.43	0.58	0.09	0.43	0.18	0.08	0.2	0.43	9.78	1.02	0.22	0.55	0.31	0.44	0.44	0	0.44	0.26	0.49	0.35	0.54	0.54	0.03	0.09	0.44	0.1	0.2	0.21	0.44	0.2	0.21	0.08	0.23	0.45	0.45	0.09	0.14	0.45	0.23	0.09	0.05	0.13	0.16	0.85	0.46	0.04	0.22	0.39	0.27	0.1	0.05	0.08	0.08	0.21	0.08	0.15	0.23	0.42	0.22	0.19	0.47	0.22	0.58
0.11	0.01	0.86	0.38	0.14	0.62	1.18	0.02	0.17	0.24	0.14	0.33	0.1	0.03	0.39	0.22	0.04	0.6	0.27	0.01	0.45	0.16	0.19	0.13	0.13	0.03	0.3	0.04	0.1	0.05	0.12	0.4	0.02	0.24	0.03	0.19	0.01	0.18	0.1	0.22	0.15	0.19	0	0.13	35.9	0.51	0.2	0.07	0.32	0.28	0.56	0.17	0	0.32	0.36	0.12	0.02	0.01	0.57	0.12	0.03	0.12	0.02	0.2	0.14	0.15	0.04	0.11	0.04	0.31	0.02	0.14	0.4	0.58	0.02	0.1	0.21	0.18	0.33	0.03	0.04	0.58	0.69	0.21	0.27	0.49	0.18	0.36	0.11	0.02	0.33	0.3	0.04	0.43	0.04	0.01	0.04	0.01	0.46
0.07	0.95	0.45	0.43	0.11	0.73	0.15	0.54	0.24	0.48	0.05	7.52	0.58	0.61	0.35	0.54	0.99	0.49	0.58	0.15	0.22	0.25	1.18	0.91	0.56	0.36	0.33	0.95	0.45	0.5	0.37	0.27	0.64	0.18	0.17	2.23	1.25	1.35	0.45	0.07	0.45	0.06	0.16	0.25	8.05	0.7	0.37	0.35	0.38	0.24	1.1	0.11	0.65	0	0.7	0.19	0.78	0.49	0.1	0.92	0.65	0.07	0.44	0.26	0.63	0.27	0.65	0.24	0.56	0.93	0.43	0.27	0.36	0.31	0.23	0.59	0.46	0.47	0.43	1.19	0.69	0.38	0.54	0.49	0.19	0.4	0.18	0.45	0.49	0.21	0.76	0.51	0.38	0.95	0.4	0.17	0.22	1.02	0.43
0.13	0.24	0.47	0.08	0.13	0.48	0.48	0.06	0.39	0.06	0.12	4.93	0.01	0.94	0.44	0.64	0.08	0.21	0.34	0.04	0.44	0.41	0.21	0.14	0.14	0.29	0.06	0.44	0.13	0	0.12	0.51	0.44	0.13	0.42	0.26	0.03	0.44	0.12	0.16	0.05	0.46	0.05	0.14	46.3	0.14	0.64	0.07	0.34	0.2	0.63	0.21	0.04	0.42	0	0.12	0.44	0.05	0.16	0.13	0.44	0.22	0.06	0.22	0.28	0.18	0.07	0.45	0.08	0.34	0.05	0.5	0.13	0.65	0.04	0.45	0.16	0.18	0.85	0.45	0.03	0.45	0.77	0.55	0.28	0.45	0.19	0.47	0.12	0.04	0.14	0.95	0.01	0.34	0.08	0.05	0.49	0.05	0.27
0.25	0.11	0.46	0.13	0.02	0.31	0.02	0.46	0.09	0.97	0.01	1.79	0.47	0.12	0.67	0.24	0.14	0.26	0.63	0.39	0.13	0.05	0.09	0.06	0.03	0.48	0.11	0.48	0.17	0.12	0.38	0.05	0.48	0.09	0.64	0.08	0.08	0.32	0	0.05	0.1	0.09	0.1	0.04	11.3	0.02	0.49	0.5	0.22	0.8	0.23	0.49	0.12	0.59	0.24	0	0.12	0.11	0.05	0.02	0.11	0.28	0.13	0.4	0.04	0.07	0.13	0.4	0.35	0.13	0.25	0.4	0.13	0.42	0.09	0.03	0.05	0.07	0.4	0.5	0.13	0.32	0.12	0.08	0.41	0.04	0.08	0.07	0.01	0.09	0.41	0.19	0.18	0.42	0.53	0.1	0.41	0.33	0.83
0.47	0.02	0.1	0.05	0.4	0.48	0.13	0.98	0.02	0	0.12	2.31	0.39	0.03	0.38	0.22	0.19	0.23	0.31	1	0.05	0.41	0.19	0.14	0.41	0.03	0.08	0.04	0.09	0.4	0.11	0.51	0.01	0.91	0.05	0.2	0.03	0.41	0.1	0.41	0.23	0.41	0.02	0.14	43.2	0.41	0.22	0.91	0.56	0.11	0.04	0.41	0.02	0.71	0.41	0.11	0	0.41	0.16	0.32	0.03	0.34	0.03	0.42	0.16	0.16	0.05	0.12	0.42	0.09	0.04	0.24	0.28	0.42	0.04	0.46	0.21	0.17	0.33	0.42	0.05	0.14	0.42	0.29	0.92	0.42	0.42	0.54	0.25	0.03	0.14	0.51	0.42	0.35	0.05	0.02	0.33	0.03	0.56
0.11	0.02	0.46	0.42	0.13	0.6	0.19	0.11	0.03	0.03	0.13	3.94	0.06	0.04	0.48	0.48	0.26	0.48	0.28	0.33	0.06	0.15	0.19	0.15	0.14	0.03	0.03	0.05	0.58	0.05	0.39	0.8	0.03	0.13	0.04	0.19	0.02	0.41	0.09	0.51	0.41	0.14	0.01	0.13	30.1	0.15	0.2	0.41	0.33	0.41	0.55	0.18	0.01	0.16	0.05	0.32	0.03	0	0.17	0.11	0.03	0.29	0.03	0.52	0.52	0.16	0.04	0.11	0.42	0.05	0.02	0.29	0.13	0.27	0.03	0.11	0.52	0.19	0.32	0.2	0.42	0.2	0.05	0.52	0.63	0.14	0.19	0.2	0.12	0.42	0.16	0.38	0.04	0.57	0.52	0.17	0.04	0.01	0.43
0.04	0.34	0.23	0.47	0.48	0.25	0.04	0.16	0.48	0.95	0.03	0.18	0.55	0.15	0.45	0.03	0.45	0.22	0.25	0.45	0.17	0.04	0.05	0.05	0.05	0.37	0.18	0.96	0.21	0.17	0.05	0	0.17	0.1	0.15	0.03	0.15	0.56	0.57	0.04	0.16	0.47	0.18	0.57	30.8	0.57	0.17	0.18	0.17	0.07	0.38	0.33	0.15	0.26	1	0.25	0.6	0.7	0.4	0.05	0.6	0.4	0.49	0.5	0.04	0.7	0.22	0.04	0.19	0.17	0.16	0.4	0.09	0.13	0.81	0.08	0.4	0.03	0.17	0.34	0.16	0.06	0.16	0.03	0.45	0.09	0.41	0.09	0.04	0.42	0.05	0.42	0.42	0.54	0.47	0.18	0.53	0.89	0.42
0.02	0.1	0.46	0.13	0.1	0.32	0.02	0.12	0.1	0.85	0.02	3.82	0.11	0.1	0.45	0.08	0.16	0.71	0.23	0.09	0.11	0.12	0.09	0.04	0.04	0.55	0.12	0.35	0.46	0.13	0.01	0.06	0.14	0.07	0.12	0.09	0.09	0.09	0	0.04	0.45	0.05	0.12	0.01	22.2	0.18	0.28	0.12	0.48	0.01	0.14	0.15	0.11	0.44	0.15	0.01	0.13	0.1	0.06	0.01	0.48	0.55	0.13	0.48	0.04	0.07	0.13	0.02	0.15	0.49	0.48	0.25	0.1	0.19	0.26	0.03	0.04	0.07	0.43	0.11	0.12	0.42	0.49	0.19	0.22	0.04	0.4	0.08	0.01	0.11	0.3	0.91	0.41	0.22	0.13	0.11	0.41	0.11	0.61
0.45	0.02	0.31	0.39	0.12	0.26	0.45	0.1	0.02	0.03	0.12	6.59	0.04	0.21	0.42	0.56	0.05	0.91	0.41	0.03	0.16	0.16	0.42	0.14	0.38	0.02	0.04	0.06	0.11	0.05	0.11	0.16	0.07	0.12	0.05	0.18	0.02	0.16	0.44	0.2	0.18	0.64	0.03	0.31	12.5	0.37	0.21	0.04	0.35	0.1	0.02	0.18	0.03	0.69	0.04	0.15	0.03	0.04	0.52	0.1	0	0.11	0.07	0.47	0.47	0.16	0.3	0.29	0.06	0.04	0.09	0.2	0.17	0.29	0.01	0.11	0.21	0.31	0.3	0.04	0.27	0.27	0.04	0.17	0.27	0.11	0.24	0.49	0.89	0.02	0.12	0.36	0.04	0.69	0.07	0.03	0.49	0.03	0.51
0.02	0.49	0.99	0.49	0.03	0.49	0.02	0.46	0.49	0.49	0.02	8.1	0.47	0.47	0.98	0.47	0.97	0.32	0.47	0.11	0.97	0.47	0.1	0.97	0.04	0.96	0.46	0.46	0.95	0.45	0.01	0.45	0.44	0.44	0.42	0.42	0.44	0.44	0	0.94	0.44	0.44	0.44	0	1.35	0.03	0.94	0.46	0.44	0.93	0.5	0.43	2.54	0.43	0.43	0.01	0.43	0.93	0.43	0.02	0.93	0.01	0.47	0.52	0.42	0.42	0.42	0.42	0.91	0.51	0.93	0.41	0.22	0.42	0.42	0.91	0.05	0.41	0.91	0.51	0.91	0.41	0.4	0.5	0.49	0.04	0.08	0.08	0.01	0.49	0.05	0.49	0.49	0.49	1.01	0.49	0.13	0.41	1.49
0.13	0.03	0.75	0.31	0.14	0.45	0.13	0.04	0.03	0.03	0.14	1.48	0.35	0.04	0.54	0.22	0.02	0.2	0.31	0.3	0.06	0.17	0.2	0.15	0.16	0.05	0	0.36	0.41	0.12	0.13	0.31	0.04	0.15	0.05	0.2	0.41	0.15	0.13	0.22	0.41	0.14	0.03	0.16	42.6	0.14	0.57	0.11	0.37	0.1	0.25	0.22	0.02	0.66	0.07	0.11	0.04	0.03	1.34	0.42	1.76	1.32	0.01	0.22	0.17	0.22	0.01	0.14	0.1	0.2	0.42	0.15	0.52	0.29	0.04	0.13	0.42	0.18	0.72	0.06	0.62	0.92	0.42	0.21	0.28	0.14	0.62	0.26	0.46	0.04	0.42	0.31	0.42	0.37	0.02	0.03	0.02	0.03	0.42
0.15	0.4	0.3	0.8	0.4	0.42	0.15	0.22	0.21	0.8	0.51	2.82	0.22	0.39	0.42	0.55	0.23	0.41	2.74	0.2	0.28	1.41	0.33	0.16	0.14	0.22	0.22	0.24	2.17	0.23	0.52	0.28	0.22	0.51	0.24	0.25	0.19	0.19	0.44	0.44	0.21	0.2	0.21	0.17	0.21	0.12	0.01	0.22	0.33	0.15	0.2	0.21	0.3	0.26	0.22	0.44	0.22	0.45	0.17	0.17	0.21	0.16	1.06	0	0.45	0.26	0.23	0.15	0.23	0.23	0.2	0.14	0.82	0.69	0.21	0.22	0.46	0.18	0.31	0.27	0.36	0.37	0.22	0.18	0.07	0.21	0.34	0.18	0.16	0.21	0.26	0.3	0.46	0.35	0.23	0.21	0.23	0.21	0.34
0.25	0.28	0.19	1	0.09	0.57	0.03	0.45	0.14	1.05	0.03	3.66	0.15	0.13	0.47	0.04	0.17	0.27	0.21	0.16	0.22	0.41	0.05	0.05	0.05	0.13	0.43	0.17	0.48	0.15	0.04	0.04	0.48	0.15	0.15	0.05	0.14	0.48	0.04	0.01	0.17	0.02	0.16	0.06	35.2	0.09	0.18	0.18	0.51	0.04	0.49	0.05	0.17	0.13	0.17	0.5	0.16	0.15	0.29	0.41	0.13	0.05	0.15	0.18	0	0.41	0.49	0.04	0.18	0.16	0.18	0.36	0.19	0.33	0.14	0.26	0.01	0.05	0.42	0.15	0.14	0	0.15	0.62	0.42	0.03	0.05	0.06	0.39	0.43	0.04	0.17	0.15	0.42	0.17	0.45	0.18	0.17	0.93
0.09	0.53	0.44	0.25	0.06	0.22	0.07	0.16	0.44	0.16	0.2	2.8	0.41	0.15	0.22	0.01	0.41	0.18	0.17	0.51	0.18	0.05	0.03	0.11	0.07	0.15	0.16	0.41	0.24	0.56	0.16	0.3	0.16	0.41	0.18	0.01	0.14	0.15	0.07	0.05	0.16	0.08	0.45	0.51	3.32	0.32	0.21	0.16	0.41	0.08	0.91	0.41	0.15	0.26	0.39	0.41	0.16	0.23	0.02	0.07	0.16	0.41	0.41	0.18	0.05	0	0.41	0.08	0.17	0.17	0.41	0.31	0.07	0.12	0.71	0.09	0.05	0.02	0.41	0.18	0.17	0.05	0.18	0.01	0.16	0.07	0.01	0.05	0.08	0.18	0.41	0.21	0.18	0.14	0.19	0.43	0.19	0.92	0.51
0.4	0.04	0.12	0.4	0.16	0.24	0.15	0.05	0.05	1.61	0.15	1.31	0.4	0.04	0.4	0.39	0.03	0.24	0.32	0.05	0.42	0.4	0.5	0.17	0.62	0.05	0.01	0.06	0.13	0.28	0.15	0.31	0.05	0.16	0.06	0.22	0.1	0.04	0.14	0.26	0.05	0.13	0.04	0.43	34	1.1	0.23	0.05	0.74	0.2	0.05	0.44	0.03	0.48	0.07	0.4	0.45	0.04	0.2	0.27	0.45	0.38	0.03	0.23	0.19	0.17	0	0.15	0.01	0.06	0.05	0.16	0.17	0.3	0.05	0.37	0.31	0.24	0.33	0.07	0.06	0.16	0.08	0.2	0.29	0.17	0.46	0.47	0.13	0.05	0.17	0.33	0.46	0.45	0.03	0.46	0.06	0.04	0.46
0	0.12	0.15	0.14	0.02	0.31	0	0.17	0.12	1	0.01	4.7	0.33	0.5	0.36	0.49	0.49	0.3	0.23	0.11	0.48	0.04	0.49	0.03	0.03	0.1	0.13	0.4	0.43	0.4	0.02	0.04	0.61	0.02	0.11	0.08	0.1	0.28	0.3	0.42	0.13	0.4	0.11	0.03	0.21	0.03	0.15	0.14	0.22	0.02	0.21	0.08	0.12	0.4	0.13	0.4	0.13	0.12	0.05	0.02	0.12	0.61	0.14	0.15	0.04	0.31	0.15	0	0.14	0.15	0.11	0.03	0.02	0.42	0.1	0.03	0.37	0.79	0.22	0.13	0.51	0.43	0.13	0.07	0.21	0.04	0.08	0.05	0.02	0.43	0.02	0.64	0.12	0.41	0.43	0.12	0.18	0.11	0.22
0.5	0.05	0.19	0.16	0.4	0.24	0.14	0.38	0.05	0.07	0.15	12.8	0.48	0.05	0.51	0.24	0.03	1.1	0.31	0.05	0.11	0.19	0.23	0.17	0.17	0.91	0.41	0.07	0.12	0.08	0.46	0.56	0.05	0.17	0.12	0.72	0.05	0.05	0.22	0.9	0.05	0.44	0.05	0.17	9.8	0.15	0.44	0.44	0.75	0.13	0.05	0.21	0.04	0.46	0.57	0.13	0.05	0.05	0.21	0.15	0.06	0.15	0.29	0.24	0.19	0.48	0.09	0.48	0	0.06	0.06	0.17	0.15	0.4	0.06	0.16	0.25	0.38	0.92	0.07	0.07	0.18	0.43	0.58	0.7	0.17	0.23	0.43	0.14	0.05	0.18	0.34	0.43	0.41	0.05	0.05	0.19	0.05	0.95
0.18	0.03	0.16	0.41	0.52	0.3	0.16	0.01	0.03	0.06	0.13	5.03	0.46	0.04	0.38	0.24	0.06	0.25	0.32	0.91	0.11	0.17	0.3	0.15	0.57	0.04	0.04	0.39	0.88	0.18	0.47	0.17	0.01	0.14	0.14	0.47	0.04	0.04	0.11	0.23	0.04	0.14	0.04	0.48	0.51	0.78	0.24	0.03	0.34	0.12	0.05	0.22	0.19	0.48	0.07	0.4	0.03	0.04	0.17	0.14	0.04	0.36	0.13	0.23	0.17	0.16	0.28	0.26	0.06	0	0.05	0.5	0.64	0.52	0.6	0.5	0.22	0.21	0.34	0.06	0.06	0.38	0.07	0.21	0.5	0.13	0.2	0.18	0.12	0.04	0.15	0.33	0.06	0.35	0.06	0.03	0.41	0.04	1.09
0.11	0.03	0.08	0.06	0.15	0.35	0.13	0.04	0.03	0.11	0.13	1.98	0.04	0.05	0.99	0.23	0.06	0.19	0.25	0.01	0.49	0.17	0.45	0.16	0.15	0.05	0.04	0.49	0.11	0.05	0.5	0.17	0.04	0.15	0.27	0.5	0.02	0.41	0.09	0.24	0.4	0.4	0.03	0.4	2.81	0.15	0.44	0.33	0.36	0.37	0.02	0.19	0.02	0.4	0.05	0.29	0.4	0.02	0.4	0.09	0.04	0.4	0.04	0.2	0.55	0.15	0.05	0.27	0.06	0.05	0	0.17	0.2	0.4	0.03	0.12	0.24	0.19	0.61	0.04	0.21	0.18	0.14	0.41	0.26	0.12	0.21	0.16	0.41	0.04	0.14	0.32	0.41	0.34	0.41	0.03	0.44	0.42	0.41
0.26	0.48	0.17	0.79	0.02	0.32	0.03	0.14	0.13	0.31	0.03	5.26	0.13	0.12	0.55	0.34	0.45	0.27	0.55	0.14	0.15	0.05	0.45	0.01	0.32	0.22	0.22	0.19	0.46	0.15	0.04	0.05	0.16	0.01	0.15	0.18	0.14	0.27	0.09	0.09	0.47	0.04	0.17	0.05	45	0.04	0.14	0.15	0.36	0.18	0.47	0.09	0.15	0.26	0.52	0.03	0.26	0.17	0.05	0.04	0.14	0.46	0.48	0.48	0.05	0.21	0.17	0.49	0.18	0.16	0.4	0	0.09	0.19	0.13	0.36	0.1	0.06	0.19	0.14	0.16	0.04	1.03	0.08	0.19	0.05	0.49	0.04	0.18	0.93	0.01	0.29	0.14	0.23	1.23	0.15	0.84	0.16	0.64
0.05	0.12	0.49	0.49	0.08	0.74	0.02	0.44	0.39	1.82	0.07	3.63	0.26	0.17	0.44	0.23	0.94	0.45	0.44	0.26	0.64	0.14	0.16	0.01	0.09	0.14	0.31	0.64	0.18	0.13	0.09	0.31	0.55	0.15	0.14	0.08	0.22	0.21	0.03	0.85	0.95	0.15	0.71	0.23	44	0	0.45	0.44	0.65	0.03	0.38	0.15	0.45	0.15	0.15	0.45	0.39	0.45	0.28	0.12	0.19	0.02	0.55	0.45	0.09	0.07	0.37	0.02	0.17	0.53	0.15	0.1	0	0.45	0.13	0.1	0.45	0.25	0.24	0.41	0.46	0.5	0.7	0.36	0.15	0.09	0.06	0.92	0.26	0.41	0.01	0.17	0.98	0.37	0.42	0.66	0.15	1	0.28
0.18	0.42	0.29	0.41	0.28	0.12	0.19	0.28	0.26	0.65	0.18	0.3	0.64	0.27	0.22	1.15	0.64	0.09	0.05	0.28	0.32	0.2	0.45	0.47	0.19	0.28	0.28	0.45	0.4	0.68	0.18	0.13	0.36	0.37	0.29	0.45	0.42	0.92	0.24	0.2	0.28	0.55	0.27	0.45	35	0.46	0.6	0.32	0.25	0.45	0.26	0.14	0.26	0.29	0.28	0.18	0.28	0.26	0.13	0.5	0.28	0.31	0.28	0.46	0.56	0.12	0.3	0.19	0.3	0.3	0.28	0.46	0.18	0	0.25	0.19	0.2	0.97	0.46	0.4	0.28	0.18	0.68	0.1	0.47	0.37	0.1	0.47	0.47	0.26	0.19	0	0.47	0.03	0.33	0.28	0.3	0.28	0.09
0.46	0.03	0.46	0.06	0.13	0.66	0.1	0.03	0.02	1.1	0.13	1.62	0.03	0.82	0.37	0.35	0.05	0.22	0.34	0.84	0.06	0.5	0.42	0.2	0.49	0.02	0.04	0.49	0.1	0.04	0.1	0.9	0.04	0.12	0.05	0.18	0.5	0.36	0.24	0.4	0.4	0.12	0.15	0.11	14.3	0.4	0.28	0.04	0.57	0.22	0.4	0.18	0.4	0.67	0.18	0.09	0.03	0.41	0.14	0.11	0.01	0.41	0.38	0.41	0.41	0.16	0.05	0.41	0.26	0.05	0.03	0.41	0.26	0.26	0	0.4	0.21	0.2	0.31	0.41	0.04	0.17	0.41	0.19	0.27	0.11	0.19	0.18	0.1	0.02	0.13	0.29	0.42	0.68	0.06	0.03	0.42	0.03	0.42
0.04	0.43	0.93	0.93	0.09	0.31	0.03	0.42	0.13	0.44	0.03	14	0.13	0.13	0.43	0.07	0.19	0.26	0.24	0.44	0.45	0.41	0.18	0.05	0.05	0.45	0.52	0.43	0.22	0.14	0.38	1.87	0.53	0.09	0.18	0.11	0.12	0.22	0.48	0.04	0.35	0.01	0.13	0.04	9.41	0.47	0.22	0.29	0.24	0.04	0.4	0.15	0.1	0.18	0.22	0.04	0.62	0.11	0.09	0.41	0.12	0.26	0.43	0.21	0.03	0.39	0.16	0.04	0.16	0.46	0.12	0.05	0.13	0.2	0.11	0	0.03	0.43	0.41	0.23	0.48	0.04	0.13	0.1	0.49	0	0.1	0.09	0.03	0.41	0.05	0.38	0.13	0.23	0.15	0.42	0.27	0.13	0.25
0.1	0.65	0.2	0.25	0.09	0.32	0.29	0.21	0.19	0.28	0.03	6.76	0.15	0.21	0.5	0.11	0.25	0.3	0.24	0.21	0.18	0.05	0.06	0.09	0.09	0.21	0.47	0.23	0.49	0.16	0.04	0.04	0.51	0.7	0.17	0.09	0.23	0.23	0.05	0	0.47	0.03	0.24	0.12	33.8	0.09	0.47	0.63	0.23	0.04	0.57	0.41	0.43	0.49	0.17	0.4	0.22	0.36	0.04	0.05	0.2	0.63	0.23	0.21	0.01	0.05	0.42	0.1	0.43	0.43	0.22	0.1	0.21	0.43	0.34	0.03	0.01	0.08	0.73	0.79	0.23	0.18	0.16	0.09	0.49	0.03	0.21	0.44	0.04	0.54	0.09	0.54	0.44	0.22	0.55	0.75	0.56	0.22	0.24
0.06	0.95	0.21	1.45	0.94	0.23	0.06	0.17	0.43	0.79	0.06	0.66	0.45	0.47	0.18	0.03	0.94	0.65	0.31	0.33	0.43	0.12	0.37	0.06	0.42	0.24	0.21	0.19	0.42	0.47	0.07	0.41	0.4	0.24	0.18	0.01	0.16	0.23	0.24	0.9	1	0.08	0.17	0.4	32.4	0.05	0.4	0.18	0.5	0.22	0.5	0.05	0.59	0.5	0.49	0.07	0.19	0.2	0.03	0.18	0.45	0.47	0.47	0.46	0.05	2.26	0.21	0.35	0.26	0.2	0.19	0.06	0.65	0.45	0.18	0.19	0.94	0	0.14	1.28	0.36	0.42	0.27	0.03	0.47	0.09	0.01	0.03	0.47	0.46	0.42	0.13	1.06	0.48	0.45	0.2	0.65	0.48	0.87
0.45	0.33	0.34	0.33	0.24	0.45	0.55	0.45	0.45	0.38	0.28	14	0.31	0.46	0.06	0.32	0.33	0.26	0.26	1.47	0.96	0.21	0.46	0.67	0.19	0.39	0.66	0.71	0.39	0.32	0.47	0.17	0.33	0.23	0.47	0.29	0.67	0.34	0.78	1.48	0.58	0.45	0.48	0.49	9.41	0.23	0.31	0.36	0.02	0.48	0.46	0.16	0.32	1.08	0.58	0.2	0.57	0.48	0.17	0.23	0.3	0.53	0.32	0.48	0.19	0.16	0.49	0.49	0.35	0.34	0.99	0.49	1.31	0.26	1.69	0.23	0.45	0.7	0	0.31	0.31	0.5	0.32	0.29	0.49	0.22	0.13	0.16	0.22	0.6	0.19	0.4	1.15	0.67	0.33	0.34	0.9	0.91	0.24
0.44	0.95	0.1	0.07	0.44	0.5	0.12	0.05	0.43	0.05	0.12	3.66	0	0.05	0.34	0.45	0.07	0.24	0.44	0.74	0.11	0.55	0.47	0.22	0.43	0.42	0.06	0.07	0.51	0.42	0.11	0.24	0.41	0.12	0.46	0.18	0.41	0.41	0.11	0.4	0.04	0.12	0.04	0.5	15.2	0.43	0.22	0.06	0.39	0.17	0.47	0.47	0.03	1.31	0.01	0.11	0.05	0.04	0.16	0.44	0.04	0.44	0.06	0.43	0.43	0.37	0.07	0.42	0.07	0.06	0.4	0.92	0.38	0.28	0.03	0.41	0.15	1	0.5	0	0.03	0.15	0.01	0.25	0.59	0.48	0.19	0.37	0.11	0.04	0.14	0.3	0	0.68	0.07	0.04	0.95	0.43	0.64
0.42	0.16	0.08	0.17	0.14	0.28	0.42	0.05	0.02	0.4	0.14	2.38	0.18	0.03	0.47	0.47	0.07	0.23	2.38	0.04	0.07	0.16	0.2	0.14	1.22	0.03	0.05	0.07	1.44	0.04	0.12	0.17	0.22	0.48	0.05	0.19	0.18	0.69	0.1	0.22	0.05	0.14	0.04	0.16	1	0.14	0.23	0.27	0.33	0.12	0.04	0.2	0.04	0.42	0.03	0.11	0.05	0.04	0.17	0.12	0.32	0.49	0.05	0.23	0.32	0.17	0.06	0.13	0.07	0.06	0.05	0.54	0.13	0.28	0.27	0.14	0.48	0.19	0.48	0.03	0	0.23	0.03	0.17	0.68	0.48	0.37	0.15	0.14	0.01	0.13	0.62	0.25	0.34	0.07	0.43	0.07	0.09	0.21
0.2	0.13	0.46	0.38	0.08	0.28	0.03	0.15	0.15	0.14	0.02	2.34	0.2	0.46	0.21	0.1	0.22	0.31	0.29	0.24	0.45	0.06	0.05	1.42	0.1	0.95	0.17	0.16	0.22	0.47	0.15	0.43	0.52	0.08	0.15	0.16	0.24	0.6	0.04	0.06	0.18	0.05	0.16	0.12	13	0.21	0.25	0.47	0.46	0.12	0.14	0.04	0.15	0.2	0.15	0.04	0.16	0.37	0.36	0.09	0.25	0.46	0.17	0.19	0.03	0.12	0.22	0.54	0.61	0.22	0.18	0.06	0.24	0.46	0.27	0.26	0	0.04	0.5	0.38	0.46	0	0.15	0.05	0.76	0.66	0.15	0.21	0.03	0.47	0.04	0.16	0.15	0.41	0.18	0.14	0.46	0.28	0.29
0.13	0.05	0.1	0.32	0.51	0.29	0.35	0.06	0.04	0.06	0.12	2.24	0.2	0.06	0.5	0.22	0.08	0.21	0.69	0.04	0.22	0.19	0.5	0.14	0.14	0.06	0.06	0.08	0.13	0.01	0.12	2.07	0.4	0.13	0.08	0.19	0.03	0.81	0.11	0.15	0.05	0.38	0.41	0.24	9	0.41	0.22	0.3	0.33	0.46	0.41	0.21	0.04	0.22	0.31	0.49	0.06	0.05	0.49	0.12	0.04	1.32	0.06	0.22	0.42	0.18	0.07	0.12	0.08	0.06	0.05	0.42	0.92	0.3	0.04	0.35	0.16	0.18	0.63	0.04	0.04	0.93	0	0.18	0.28	0.14	0.19	0.53	0.12	0.04	0.14	0.3	0.01	0.35	0.43	0.05	0.07	0.13	0.28
0.07	0.49	0.21	0.31	0.06	0.23	0.07	0.45	0.16	0.2	0.49	0.9	0.18	0.55	0.48	0.02	0.22	0.21	0.16	0.58	0.2	0.07	0.04	0.08	0.38	0.17	0.19	0.22	0.99	0.2	0.08	0.42	0.43	0.39	0.19	0.73	0.17	0.73	0.08	0.09	0.2	0.09	0.43	0.1	26.7	0.06	0.59	0.19	0.44	0.07	0.19	0.44	0.18	0.23	0.19	0.08	0.2	0.18	0.03	0.2	0.17	0.08	0.21	0.58	0.32	0.01	0.94	0.07	0.22	0.19	0.44	0.44	0.09	0.44	0.5	0.09	0.09	0.03	0.54	0.45	0.17	0.05	0.27	0	0.44	0.1	0.55	0.04	0.08	0.18	0.45	0.12	0.18	0.38	0.21	0.47	0.4	0.43	0.15
0.61	0.27	0.26	0.41	0.42	0.48	0.21	0.28	0.41	0.33	0.52	1.87	0.28	0.47	0.43	0.31	0.29	1.07	0.41	0.57	0.23	0.49	0.27	0.18	0.2	0.28	0.48	0.3	0.32	0.29	0.21	0.48	0.48	0.49	0.52	0.25	0.49	0.25	0.17	0.53	0.26	0.49	0.27	0.23	0.7	0.15	0.07	0.4	0.51	0.14	0.81	0.27	0.41	0.44	0.36	0.45	0.41	0.26	0.61	0.41	0.27	0.93	0.91	0.42	0.18	0.92	0.51	0.21	0.62	0.62	0.26	0.19	0.93	0.43	0.43	0.28	0.23	0.24	0.37	0.36	0.29	0.42	0.28	0.54	0	0.44	0.25	0.17	0.22	0.27	0.14	0.45	0.28	0.65	0.29	0.45	0.95	0.27	0.4
0.03	0.11	0.16	0.31	0.1	0.48	0.66	0.12	0.1	0.63	0.36	0.23	0.49	0.48	0.23	0.07	0.49	0.27	0.24	0.49	0.23	0.13	0.38	0.05	0.16	0.85	0.14	0.5	0.32	0.5	0.04	0.09	0.14	0.41	0.14	0.43	0.12	0.11	0.9	0.03	0.47	0.01	0.11	0.07	9.61	0.41	0.21	0.18	0.32	0.41	0.28	0.17	0.12	0.07	0.13	0.1	0.41	0.13	0.09	0.04	0.13	0.41	0.15	0.22	0.04	0.41	0.52	0.07	0.15	0.14	0.42	0.05	0.52	0.21	0.37	0	0.04	0.35	0.22	0.45	0.42	0.42	0.26	0.1	0.93	0	0.1	1.05	0.03	0.43	0.04	0.2	0.39	0.53	0.14	0.47	0.14	0.33	0.74
0.08	0.2	0.21	0.23	0.06	0.46	0.08	0.2	0.46	0.22	0.46	6.54	0.18	0.19	0.45	0.03	0.42	0.55	0.69	0.92	0.42	0.14	0.42	0.09	0.07	0.43	0.46	0.47	1.04	0.54	0.08	0.04	0.19	0.06	0.17	0.01	0.44	0.46	0.08	0.55	0.21	0.09	0.19	0.1	0.11	0.16	0.45	0.24	0.3	0.45	0.4	0.04	0.18	1.18	0.19	0.08	0.45	0.19	0.03	0.25	0.19	0.08	0.4	0.19	0.05	0.45	0.22	0.08	0.23	0.21	0.19	0.09	0.46	0.1	0.18	0.11	0.1	0.01	0.52	0.46	0.21	0.07	0.46	0	0.25	0.1	0	0.04	0.46	0.18	0.08	0.46	0.19	0.46	0.21	0.5	0.21	0.22	0.46
0.05	0.15	0.18	0.55	0.09	0.5	0.04	0.17	0.47	0.83	0.06	6.19	0.18	0.16	0.23	0.07	0.55	0.22	0.21	0.17	0.21	0.08	0.11	0.04	0.44	0.14	0.54	0.64	1.44	0.19	0.44	0.34	0.16	0.22	0.15	0.04	0.54	0.81	0.05	0.06	0.16	0.08	0.38	0.16	1.78	0.54	0.24	0.18	0.45	0.09	0.15	0.08	0.17	0.95	0.44	0.07	0.54	0.17	0.09	0.44	0.44	0.46	0.16	0.15	0.19	0.05	0.44	0.05	0.4	0.18	0.31	0.04	0.44	0.43	0.18	0.08	0.07	0.47	0.44	0.44	0.44	0.35	0.18	0.04	0.17	0.09	0.04	0	0.07	0.44	0.04	0.15	0.54	0.22	0.19	0.52	0.18	0.98	0.19
0.4	0.1	0.25	0.3	0.5	0.31	0.02	0.12	0.09	1.04	0.02	0.43	0.11	0.43	0.23	0.08	0.13	0.64	0.23	0.09	0.52	0.04	0.44	0.04	0.04	0.11	0.14	0.44	1.12	0.12	0	0.04	0.14	0.09	0.46	0.08	0.45	0.1	0.01	0.04	0.1	0.04	0.1	0.01	25.4	0.09	0.17	0.13	0.23	0	0.11	0.44	0.12	0.14	0.17	0.01	0.45	0.11	0.1	0.01	0.11	0.17	0.12	0.46	0.04	0.08	0.27	0.02	0.15	0.12	0.46	0.27	0.1	0.33	0.1	0.03	0.04	0.07	0.22	0.26	0.12	0.03	0.12	0.08	0.22	0.03	0.08	0.08	0	0.47	0.03	0.2	0.12	0.23	0.25	0.1	0.5	0.1	0.23
0.12	0.02	0.09	0.14	0.12	0.45	0.12	0.03	0	0.94	0.11	1.63	0.03	0.01	0.66	0.37	0.42	0.27	1.38	0.03	0.06	0.44	0.18	0.13	0.14	0.01	0.04	0.05	0.67	0.25	0.77	0.16	0.03	0.12	0.06	0.39	0.02	0.02	0.12	0.58	0.03	0.39	0.03	0.16	19.7	0.19	0.21	0.03	0.33	0.5	0.02	0.21	0.02	0.36	0.04	0.4	0.03	0.03	0.44	0.1	0.4	0.11	0.4	0.21	0.15	0.18	0.4	0.4	0.05	0.04	0.04	0.4	0.25	0.27	0.02	0.12	0.2	0.41	0.3	0.04	0.27	0.14	0.04	0.16	0.41	0.51	0.18	0.14	0.1	0	0.41	0.39	0.04	0.58	0.05	0.03	0.05	0.38	0.51
0.39	0.16	0.36	0.19	0.01	0.3	0.3	0.14	0.12	0.49	0.03	6.52	0.17	0.13	0.24	0.09	0.25	0.24	0.23	1.04	0.41	0.18	0.09	0.01	0.02	0.41	0.55	0.38	0.47	0.14	0.03	0.05	0.38	0.01	0.16	0.08	0.14	0.42	0.03	0.63	0.14	0.04	0.42	0.08	6.77	0.72	0.15	0.44	0.85	0.05	0.14	0.21	0.14	0.23	0.14	0.03	0.52	0.63	0.05	0.04	0.13	0.53	0.19	0.13	0.04	0.07	0.49	0.03	0.43	0.34	0.3	0.01	0.94	0.43	0.43	0.05	0.09	0.15	0.19	0.13	0.15	0.04	0.3	0.46	0.44	0.21	0.08	0.74	0.03	0.12	0	0.36	0.14	0.44	0.54	0.55	0.16	0.44	0.26
0.19	0.42	0.42	0.63	0.17	0.43	0.19	0.31	0.63	1.18	0.19	0.88	0.49	0.58	0.48	0.14	0.32	0.48	0.05	0.3	0.31	0.19	0.15	0.49	0.47	0.59	0.32	0.79	0.36	1.19	0.31	0.14	0.3	0.49	0.46	0.12	0.7	1.7	0.31	0.59	0.31	0.5	0.31	0.23	33.2	0.18	0.49	0.5	0.49	0.17	0.89	0.49	0.49	0.34	0.49	0.49	0.34	0.33	0.49	0.59	0.3	0.26	0.4	0.3	0.2	0.4	0.32	0.19	0.32	0.71	0.41	0.51	0.65	0.21	0.3	0.41	0.41	0.75	0.21	0.73	0.42	0.16	0.93	0.12	0.36	0.41	0.12	0.42	0.2	0.29	0.43	0	0.53	0.42	0.42	0.43	0.42	0.68	0.09
0.12	0.04	0.27	0.51	0.13	0.28	0.42	0.05	0.03	0.88	0.42	0.43	0	0.26	0.34	0.83	0.07	1.13	0.34	0.03	0.43	0.16	0.22	0.13	0.14	0.16	0.06	0.43	0.14	0.01	0.49	0.44	0.05	0.44	0.07	0.18	0.03	0.03	0.11	0.15	0.2	0.95	0.43	0.11	34.9	0.43	0.22	0.06	0.33	0.45	0.13	0.25	0.04	0.7	0.01	0.11	0.65	0.04	0.16	0.12	0.04	1.18	0.26	0.22	0.46	0.35	0.1	0.47	0.07	0.46	0.04	0.14	0.49	0.28	0.66	0.46	0.15	0.35	0.31	0.49	0.03	0.47	0.01	0.18	0.28	0.13	0.57	0.18	0.12	0.04	0.13	0.47	0	0.87	0.07	0.04	0.12	0.05	0.98
0.53	0.33	0.34	0.46	0.22	0.15	0.66	0.35	0.45	0.35	0.22	2.34	0.7	0.33	0.54	0.17	0.4	0.06	0.05	0.96	0.34	0.4	0.18	0.23	0.4	0.6	1.31	0.36	1.23	0.63	0.23	0.4	0.35	0.21	0.32	0.15	0.41	0.36	0.41	0.22	0.61	0.42	0.45	0.25	11.6	0.49	1.42	0.73	0.29	0.62	0.52	0.42	0.33	0.61	0.52	0.23	0.93	0.42	0.18	0.53	0.59	0.62	0.53	0.35	0.54	0.14	0.69	0.23	0.54	0.36	0.74	0.94	0.48	0.06	0.44	0.44	0.44	0.16	0.44	0.34	0.65	0.45	0.35	0.15	0.55	0.23	0.45	0.45	0.65	0.32	0.23	0.03	1.26	0	0.38	0.95	0.38	0.34	0.45
0.14	0.04	0.1	0.06	0.15	0.24	0.14	0.42	0.35	0.19	0.46	9.9	0.42	0.09	0.72	0.23	0.42	0.22	0.3	0.43	0.43	0.18	0.37	0.18	0.96	0.43	0.02	0.07	0.13	0.08	0.14	0.44	0.05	0.64	0.07	1.03	0.05	0.44	0.13	0.23	0.05	0.94	0.04	0.3	7.14	0.34	0.55	0.06	0.55	0.12	0.27	0.23	0.04	0.45	0.08	0.15	0.05	0.04	0.18	0.13	0.07	0.14	0.02	0.46	0.17	0.19	0.03	0.14	0.03	0.28	0.23	0.18	0.97	0.47	0.18	0.15	0.25	0.21	0.98	0.47	0.07	0.18	0.08	0.48	0.29	0.48	0.22	0.18	0.13	0.05	0.49	0.32	0.07	0.69	0	0.05	0.49	0.05	0.49
0.46	0.38	0.36	0.05	0.49	0.5	0.27	0.41	0.02	0.12	0.4	1.45	0.06	0.04	0.37	0.23	0.06	0.21	0.23	0.02	0.06	0.15	0.23	0.48	0.15	0	0.34	0.04	0.1	0.4	0.11	0.54	0.03	0.49	0.04	0.2	0.03	0.14	0.33	0.22	0.02	0.13	0.02	1	34.5	0.18	0.2	0.41	0.5	0.5	0.1	0.19	0.4	0.23	0.3	0.1	0.03	0.33	0.21	0.41	0.03	0.13	0.03	0.41	0.16	0.36	0.4	0.11	0.42	0.04	0.3	0.52	0.14	0.42	0.32	0.12	0.22	0.65	0.47	1.71	0.04	0.16	0.19	0.18	0.44	0.13	0.52	0.18	0.49	0.03	0.64	0.33	0.3	0.32	0.45	0	0.3	0.02	0.5
0.14	0.04	0.69	0.01	0.18	0.24	0.15	0.05	0.05	0.09	0.41	10.1	0.44	0.44	0.59	0.44	0.04	0.44	0.44	0.04	0.2	0.18	0.23	0.45	0.16	0.37	0.45	0.3	0.13	0.38	0.48	0.78	0.05	0.16	0.07	0.68	0.41	0.04	0.13	0.53	0.05	0.52	0.04	0.17	1.6	0.49	0.23	0.41	0.41	0.12	0.41	0.41	0.04	0.91	0.23	0.14	0.41	0.04	0.71	0.33	0.41	1.41	0.02	0.41	0.18	0.19	0.41	0.31	0.41	0.06	0.05	0.41	0.24	0.31	0.06	0.42	0.63	1.63	0.73	0.07	0.14	0.56	0.08	0.43	0.32	0.44	0.22	0.44	0.44	0.05	0.17	0.75	0.95	0.69	0.45	0.05	0.01	0.04	0.25
0.15	0.02	0.1	0.42	0.14	0.25	0.62	0.03	0.22	0.93	0.15	5.58	0.46	0.21	0.36	0.22	0.4	0.46	0.23	0.4	0.06	0.22	0.21	0.17	0.16	0.13	0.03	0.05	1.4	0.05	0.47	0.47	0.03	0.38	0.44	0.2	0.02	0.02	0.1	0.56	0.22	0.47	0.01	0.13	1.57	0.16	0.47	0.03	0.33	0.12	0.03	0.47	0.01	0.47	0.05	0.1	0.03	0.12	0.47	0.47	0.04	0.14	0.03	0.47	0.16	0.18	0.04	0.13	0.05	0.04	0.03	0.16	0.14	0.62	0.03	0.13	0.24	0.4	0.58	0.04	0.04	0.16	0.05	0.48	0.58	0.53	0.48	0.16	0.13	0.03	0.25	0.98	0.04	0.34	0.05	0.02	0.04	0	0.48
0.48	0.48	0.47	0.57	0.42	0.15	0.57	0.37	0.19	0.58	0.5	0.44	0.29	0.25	0.3	0.54	0.24	0	0.21	0.43	0.45	0.43	0.24	0.46	0.25	0.46	0.25	0.26	0.46	0.46	0.26	0.2	0.22	0.47	0.52	0.16	0.57	0.17	0.48	0.24	0.58	0.48	0.19	0.6	21.2	0.24	0.34	0.54	0.49	0.22	0.78	0.19	0.49	0.6	0.6	0.23	0.58	0.18	0.19	0.5	0.41	0.41	0.59	0.34	0.2	0.19	1.02	0.22	0.22	0.22	0.42	0.22	0.23	0.09	0.42	0.24	0.24	0.16	0.25	0.63	0.21	0.2	0.44	0.16	0.64	0.25	0.16	0.19	0.44	0.2	0.22	0.09	0.44	0.12	0.22	0.44	0.79	0.49	0.01
