0	0.41	0.15	0.17	0.02	0.3	0	0.12	0.47	1.1	0.01	9.73	0.12	0.43	0.25	0.1	0.15	0.5	0.58	0.11	0.13	0.4	0.08	0.03	0.23	0.29	0.14	0.17	0.18	0.13	0.02	0.41	0.32	0.41	0.19	0.41	0.11	0.12	0.01	0.26	0.28	0.15	0.12	0.41	0.52	0.27	0.15	0.2	0.22	0.02	0.1	0.08	0.12	0.3	0.44	0.35	0.15	0.11	0.72	0.03	0.12	0.43	0.14	0.15	0.03	0.53	0.53	0	0.49	0.2	0.25	0.03	0.03	0.32	0.25	0.43	0.1	0.43	0.49	0.12	0.13	0.04	0.43	0.43	0.21	0.03	0.08	0.04	0.02	0.11	0.02	0.19	0.12	0.94	0.2	0.14	0.14	0.12	0.22
0.57	0	0.24	0.46	0.57	0.97	0.47	0.02	0.47	1.52	0.13	10.4	0.69	0.02	0.58	0.29	0.04	0.49	0.22	0.02	0.3	0.14	0.7	0.13	0.13	0.24	0.5	0.04	1	0.33	0.5	0.5	0.1	0.13	0.04	0.9	0.41	0.02	0.43	0.2	0.06	0.14	0.42	0.17	0.14	0.2	0.92	0.52	0.33	0.42	0.42	0.19	0.01	0.42	0.42	0.24	0.02	0.25	0.92	0.47	0.34	0.41	0.03	0.21	0.42	0.41	0.41	0.12	0.05	0.41	0.03	0.15	0.37	0.28	0.41	0.12	0.21	0.18	0.51	0.42	0.26	0.42	0.05	0.18	0.27	0.13	0.42	0.42	0.1	0.02	0.13	0.42	0.04	0.32	0.05	0	0.21	0.27	0.42
0.4	0.1	0	0.33	0.28	0.36	0.9	0.11	0.4	2.35	0.4	11.4	0.47	0.46	0.37	0.61	0.11	0.4	0.84	0.44	0.11	0.54	0.2	0.2	0.19	0.06	0.44	0.11	0.15	0.11	0.14	0.23	0.11	0.16	0.09	0.22	0.17	0.08	0.15	0.19	0.49	0.15	0.09	0.29	0.17	0.17	0.45	0.33	0.39	0.45	0.95	0.45	0.27	0.45	0.1	0.54	0.45	0.1	0.22	0.45	0.09	0.17	0.45	0.28	0.45	0.2	0.11	0.15	0.11	0.11	0.46	0.17	0.18	0.31	0.46	0.17	0.2	0.56	0.37	0.1	0.08	0.46	0.11	0.21	0.96	0.46	0.21	0.18	0.3	0.15	0.46	0.33	0.1	0.35	0.1	0.46	0.47	0.43	0.34
0.15	0.04	0.46	0	0.18	0.56	0.37	0.05	0.05	1.19	0.47	1.95	0.07	0.08	0.95	0.43	0.03	0.45	0.3	0.05	0.1	0.18	0.46	0.46	0.46	0.97	0.02	0.56	0.13	0.46	0.47	0.87	0.47	0.17	0.11	0.48	0.05	0.05	0.67	0.25	0.05	0.15	0.04	0.98	0.2	0.49	0.23	0.49	0.36	0.98	0.4	0.45	0.9	0.22	0.4	0.29	0.05	0.3	0.5	0.41	0.07	0.41	0.42	0.23	0.72	0.42	0.04	0.32	0.03	0.06	0.06	0.45	0.43	0.31	0.39	0.17	0.26	0.43	0.73	0.43	0.07	0.54	0.08	0.44	0.64	0.16	0.21	0.18	0.13	0.95	0.43	1.45	0.07	0.45	0	0.96	0.01	0.13	0.58
0.02	0.14	0.16	0.16	0	0.29	0.02	0.42	0.13	1.48	0.02	0.92	0.48	0.12	0.28	0.45	0.17	0.53	0.22	0.17	0.86	0.09	0.14	0.01	0.46	0.12	0.15	0.27	0.37	0.52	0.94	0.23	0.15	0	0.13	0.26	0.14	0.15	0.04	0.48	0.15	0.17	0.46	1.39	0.02	0.02	0.15	0.15	0.86	0.07	0.45	0.26	0.13	0.08	0.32	0.23	0.43	0.14	0.11	0.11	0.12	0.13	0.14	0.46	0.09	0.06	0.16	0.46	0.46	0.3	0.14	0.01	0.18	0.47	0.12	0.17	0.09	0.25	0.98	0.13	0.15	0.18	0.14	0.41	0.49	0.1	0.24	0.09	0.1	0.12	0.41	0.17	0.52	0.3	0.17	0.14	0.15	0.13	0.23
0.42	0.5	0.42	0.39	1.12	0	0.3	0.49	0.26	2.54	0.31	2.97	0.28	0.46	0.41	0.35	0.45	0.11	0.11	0.65	0.45	0.49	0.38	0.67	0.42	0.26	0.49	0.28	0.3	0.46	0.31	0.26	0.46	0.46	0.29	0.46	0.6	0.53	0.29	0.46	0.6	0.3	0.67	0.36	0.85	0.29	0.57	0.91	0.37	0.29	0.47	0.57	0.25	0.45	0.29	0.31	0.26	0.25	0.26	0.32	0.26	0.31	0.22	0.42	0.48	0.22	0.49	0.31	0.24	0.27	0.49	0.58	0.31	0.12	0.26	0.34	0.59	0.58	0.19	0.28	0.49	0.28	0.66	0.59	0.48	0.38	0.23	0.27	0.49	0.26	0.99	0.36	0.59	0.33	0.59	0.49	0.49	0.4	0.15
0	0.95	0.15	0.45	0.02	0.3	0	0.46	0.13	0.31	0.01	0.66	0.47	0.15	0.45	0.1	0.15	0.44	0.3	0.77	0.3	0.04	0.08	0.03	0.03	0.45	0.13	0.15	0.18	0.9	0.02	0.27	0.14	0.02	0.11	0.45	0.28	0.29	0.01	0.96	0.13	0.03	0.12	0.03	0.03	0.5	0.25	0.15	0.56	0.27	0.46	0.15	0.12	0.07	0.14	0.05	0.48	0.11	0.48	0.02	0.13	1.19	0.14	0.15	0.03	0.08	0.15	0.38	0.14	0.13	0.49	0.03	0.02	0.18	0.13	0.04	0.1	0.06	0.5	0.12	0.13	0.03	0.52	0.07	0.6	0.1	0.08	0.04	0.09	0.4	0.02	0.19	0.12	0.23	0.15	0.81	0.3	0.27	0.22
0.12	0.44	0.11	0.07	0.15	0.26	0.39	0	0.02	0.25	0.17	2.21	0.05	0.15	0.79	0.57	0.05	0.32	0.48	0.03	0.05	0.15	0.21	0.32	0.16	0.03	0.04	0.02	1.19	0.06	0.44	0.48	0.01	0.14	0.05	0.42	0.03	0.29	0.49	0.21	0.03	0.12	0.03	0.49	0.36	0.52	0.22	0.29	0.43	0.11	0.04	0.41	0.02	0.16	0.06	0.41	0	0.03	0.17	0.27	0.3	0.49	0.28	0.22	0.16	2.19	0.05	0.13	0.05	0.02	0.04	0.16	0.72	0.28	0.06	0.12	0.42	0.25	0.58	0.05	0.05	0.2	0.06	0.19	0.28	0.42	0.4	0.49	0.12	0.03	0.14	0.3	0.05	0.34	0.4	0.4	0.05	0.03	2.26
0.4	0.02	0.07	0.05	0.13	0.61	0.41	0.02	0	0.33	0.1	0.48	0.03	0.01	0.59	0.19	0.05	0.2	0.35	0.59	0.06	0.13	0.2	0.13	0.5	0.01	0.03	0.41	0.09	0.04	0.21	1.41	0.91	0.13	0.06	0.17	0.42	0.02	0.35	0.42	0.03	0.11	0.42	0.15	0.14	0.13	0.21	0.05	0.43	0.18	0.43	0.21	0.36	0.19	0.44	0.1	0.02	0.03	0.44	0.11	0.02	0.98	0.2	0.21	0.55	0.55	0.05	0.1	0.05	0.06	0.03	0.16	0.13	0.26	0.56	0.12	0.21	0.18	0.64	0.03	0.02	0.14	0.04	0.18	0.27	0.11	0.17	0.14	0.1	0	0.12	0.51	0.03	0.67	0.05	0.02	0.47	0.15	0.59
2.49	1.98	2.38	1.14	0.67	0.89	1.6	1.85	2.03	0	0.49	8.68	0.21	0.45	0.64	0.7	0.73	1.46	3.77	1.65	2.32	2.46	2.39	2.24	2.56	2.47	2.47	2.05	2.06	0.17	0.59	0.34	0.78	1.51	0.87	2.3	2.26	2.57	2.36	2.53	2.26	2.98	2.47	1.98	1.6	1.1	0.62	0.25	1.08	1.97	2.7	2.05	2.01	4.73	2.35	2.32	2.38	2.22	2.24	1.92	1.1	0.67	0.38	1.28	1.58	2.12	2.38	2.25	2.55	2.19	2.11	2.31	2.36	1.89	1.38	1.01	0.41	1.78	2.1	1.91	2.77	3.5	2.39	2.54	2.47	2.31	2.05	1.63	0.91	0.47	0.32	1.12	1.71	2.56	2.46	2.44	2.4	2.62	2.51
0.01	0.13	0.15	0.39	0.02	0.31	0.34	0.12	0.1	2.08	0	3.56	0.37	1	0.25	0.42	0.59	0.49	0.22	0.15	0.13	0.2	0.4	0.18	0.03	0.11	0.15	0.14	0.41	0.13	0.14	0.04	0.14	0.43	0.11	0.08	0.12	0.3	0.01	0.03	0.14	0.03	0.12	0.03	0.73	0.33	0.43	0.22	0.22	0.02	0.3	0.43	0.14	0.07	0.12	0.13	0.12	0.43	0.03	0.02	0.12	0.02	0.44	0.15	0.03	0.26	0.44	0.01	0.16	0.4	0.13	0.03	0.02	0.44	0.11	0.03	0.44	0.23	0.32	0.12	0.12	0.02	0.22	0.08	0.21	0.03	0.44	0.06	0.02	0.12	0.03	0.19	0.12	0.22	0.16	0.41	0.15	0.45	0.39
2.53	0.51	4.09	0.79	1.15	5.34	0.21	1.69	3.55	2.92	5.85	6	1.92	0.45	0.78	1.4	9.58	0.45	0.97	1.51	4.26	0.22	13.5	0.2	1.54	1.54	0.49	1.5	7.51	4.25	0.23	1.33	1.84	1.48	0.84	0.53	0.35	0.41	0.22	0.23	0.91	0.41	9.15	3.86	0.2	2.16	3.48	8.22	0.01	3.36	9.98	0.47	3.69	3.32	6.22	0.21	1.49	0.35	0.31	0.4	0.83	2.87	2.88	0.32	0.41	1	3.04	3.35	0.35	0.47	1.17	0.85	6.56	2.13	0.31	0.63	2.36	10.2	0.41	0.47	0.47	1.24	6.23	1.91	0.38	2.49	11.4	0.17	0.23	1.3	1.44	1.44	7.83	1.26	0.76	1.37	7.88	2.88	0.61
0.12	0.04	0.13	0.46	0.13	0.66	0.56	0.05	0.03	1.76	0.12	7.12	0	0.05	0.34	0.7	0.9	0.2	1.91	0.03	0.9	0.15	0.2	0.14	0.4	0.05	0.4	0.07	0.12	0.01	0.6	0.39	0.05	0.12	0.44	0.19	0.41	0.1	0.11	0.41	0.04	0.12	0.04	0.11	0.41	0.16	0.22	0.1	0.33	0.17	0.03	0.2	0.41	2.4	0.36	0.1	0.05	0.04	0.15	0.12	0.4	0.41	0.06	0.51	0.15	0.22	0.42	0.11	0.22	0.06	0.04	0.14	0.42	0.28	0.42	0.13	0.15	0.42	0.31	0.01	0.03	0.15	0.01	0.18	0.28	0.12	0.18	0.17	0.11	0.03	0.13	0.93	0	0.43	0.28	0.26	0.07	0.63	0.75
0.1	0.32	0.45	0.08	0.13	0.65	0.45	0.03	0.01	1.1	0.45	5.98	0.24	0	0.59	0.19	0.05	0.21	0.34	0.04	0.06	0.49	0.18	0.12	0.12	0.13	0.03	0.05	0.11	0.06	0.11	0.51	0.03	1.2	0.38	0.18	0.03	0.5	0.11	0.21	0.4	0.12	0.06	0.5	0.13	0.4	0.27	0.03	0.49	0.1	0.04	0.49	0.03	0.18	0.06	0.11	0.03	0.04	0.14	0.1	0.37	0.49	0.03	0.23	0.5	0.72	0.05	0.1	0.08	0.04	0.11	0.12	0.9	0.4	0.02	0.22	0.21	0.3	0.94	0.4	0.5	0.13	0.4	0.2	0.29	0.13	0.4	0.16	0.12	0.41	0.12	1.01	0.09	0.64	0.22	0.35	0.22	0.23	0.21
0.25	0.54	0.37	0.57	0.28	0.44	0.25	0.46	0.35	3.17	0.28	7.59	0.46	0.41	0	0.16	0.39	0.16	0.39	0.36	0.53	0.57	0.47	0.25	0.25	0.77	0.67	0.47	0.5	0.35	0.22	0.47	0.74	0.55	0.59	0.18	0.67	0.37	0.26	0.27	0.46	0.22	2.55	0.44	0.48	0.28	0.37	0.62	0.06	0.61	0.78	0.48	0.36	0.26	0.35	0.3	0.52	0.38	0.89	0.79	0.37	0.26	0.37	0.37	0.19	0.17	0.38	0.49	0.39	0.39	0.44	0.65	0.32	0.59	0.7	0.23	0.27	0.19	0.03	0.34	0.36	0.49	0.36	0.45	0.43	0.23	0.38	0.39	0.23	0.5	0.25	0.38	0.61	0.33	0.87	0.38	1.2	0.57	0.5
0.1	0.6	0.7	0.25	0.13	0.4	0.1	0.23	0.19	1.8	0.1	5.1	0.2	1.11	0.45	0	0.23	1.36	0.56	0.51	0.2	0.07	0.02	0.34	0.09	0.19	0.47	0.42	0.26	0.21	0.48	0.48	0.22	0.12	0.48	0.02	0.58	0.48	0.86	0.49	0.23	0.39	0.49	0.45	0.1	0.13	0.4	1.3	0.17	0.1	0.4	0.4	0.42	0.18	0.21	0.4	0.41	0.22	0.41	0.16	0.41	0.19	0.42	0.21	0.04	0.41	0.23	0.11	0.41	0.62	0.52	0.33	0.16	0.13	0.62	0.07	0.11	0.03	0.42	0.21	0.22	0.04	0.26	0.64	0.44	0.19	0.03	0.06	0.07	0.44	0.54	0.14	0.44	0.17	0.24	0.22	0.6	0.21	0.18
0.14	0.04	0.11	0.41	0.17	0.24	0.15	0.05	0.27	0.18	0.42	4.66	0.07	0.05	0.4	0.44	0	0.22	0.57	0.05	0.08	0.18	0.23	0.42	0.18	0.37	0.01	0.07	0.12	0.08	0.43	0.26	0.05	0.51	0.06	0.43	0.05	0.05	0.43	0.43	0.43	0.15	0.04	0.31	1.02	0.45	0.23	0.05	0.43	0.12	0.8	0.24	0.04	0.34	0.08	0.44	0.05	0.04	0.19	0.15	0.45	0.38	0.01	0.45	0.18	0.18	0.03	0.14	0.03	0.06	0.38	0.45	0.24	0.32	0.05	0.15	0.25	0.21	0.45	0.13	0.07	0.24	0.15	0.22	0.29	0.29	0.22	0.45	0.55	0.05	0.17	0.45	0.07	0.48	0.03	0.05	0.05	0.05	0.22
0.25	0.19	0.4	0.39	0.6	0.1	0.25	0.2	0.19	2.31	0.25	0.83	0.66	0.21	0.46	0.35	0.22	0	0.04	0.49	0.36	0.46	0.39	0.24	0.47	0.21	0.2	0.22	0.47	0.57	0.26	0.6	0.21	0.53	1.55	0.39	0.18	0.18	0.25	0.27	0.19	0.25	0.19	0.27	0.62	0.62	0.36	0.48	0.32	0.78	0.49	0.49	0.18	0.27	0.36	0.33	0.2	0.49	0.2	0.5	0.2	0.6	0.24	0.36	0.23	1.21	0.6	0.25	0.41	0.41	0.19	0.41	0.23	0.15	0.19	0.27	0.81	0.41	0.26	0.42	0.55	0.22	0.21	0.53	0.42	0.27	0.42	0.42	0.26	0.2	0.24	0.42	0.63	0.06	0.22	0.19	0.21	0.43	0
0.23	0.23	0.29	0.6	0.22	0.18	0.23	0.32	0.72	2.63	0.22	2.14	0.34	0.36	0.33	0.34	0.31	0.04	0	0.24	0.58	0.21	0.24	0.23	0.23	0.72	0.29	0.32	0.73	0.35	0.23	0.19	0.31	0.21	0.34	0.17	0.24	0.48	0.23	0.24	0.97	0.47	0.25	0.38	0.23	0.6	0.64	0.6	0.7	0.23	0.25	0.17	0.26	0.22	0.34	0.24	0.32	3.31	0.62	0.23	0.34	0.85	0.29	0.45	0.2	0.18	0.3	0.23	0.32	0.31	0.25	0.48	0.33	0.05	0.34	0.22	0.3	0.31	0.26	0.36	0.35	0.2	0.34	0.16	0.45	0.23	0.17	0.5	0.22	0.35	0.23	0.18	0.34	0.05	0.3	0.23	0.48	0.23	0.4
0.11	0.02	0.08	0.58	0.13	0.48	0.12	0.43	0.02	0.99	0.49	5.77	0.05	0.23	0.63	0.21	0.05	0.65	0.45	0	0.19	0.17	0.21	0.45	0.15	0.04	0.03	0.05	0.17	0.44	0.21	0.17	0.16	0.44	0.04	0.19	0.01	0.54	0.17	0.87	0.02	0.64	0.54	0.13	0.44	0.22	0.19	0.19	0.54	0.08	0.01	0.44	0.01	0.17	0.04	0.1	0.75	0.02	0.85	0.1	0.55	0.4	0.03	0.28	0.16	0.15	0.44	0.11	0.44	0.04	0.01	0.45	0.39	0.44	0.02	0.11	0.44	0.2	0.64	0.03	0.04	0.14	0.54	0.44	0.25	0.54	0.2	0.15	0.94	0.1	0.46	0.44	0.04	0.74	0.05	0.02	0.44	0.64	0.48
0.12	0.43	0.43	0.32	0.16	0.43	0.12	0.06	0.06	0.46	0.12	1.83	0.46	0.35	0.74	0.46	0.08	0.73	0.37	0.06	0	0.53	0.46	0.15	0.43	0.05	0.06	0.46	0.13	0.32	0.15	0.15	0.06	0.46	0.01	0.18	0.06	0.41	0.31	0.18	0.47	0.47	0.06	0.12	0.19	0.26	0.47	0.13	0.37	0.47	0.06	0.19	0.05	0.17	0.09	0.13	0.05	0.06	0.15	0.13	0.07	0.47	0.06	0.27	0.29	0.88	0.08	0.47	0.21	0.4	0.18	0.4	0.74	0.32	0.06	0.19	0.68	0.19	0.48	0.09	0.06	0.48	0.55	1.99	0.23	0.2	0.49	0.37	0.49	0.06	0.18	0.31	0.38	0.43	0.1	0.06	0.09	0.21	0.36
0.03	0.56	0.17	1.15	0.09	0.3	0.03	0.15	0.49	0.85	0.03	2.42	0.15	0.41	0.51	0.07	0.2	0.41	0.21	0.14	0.18	0	0.08	0.04	0.04	0.16	0.15	0.41	0.49	0.48	0.04	0.04	0.51	0.09	0.61	0.39	0.51	0.14	0.04	0.03	0.84	0.03	0.17	0.06	0.32	0.09	0.16	0.41	0.22	0.03	0.71	0.07	0.51	0.05	0.16	0.27	0.16	0.16	0.04	0.05	0.45	0.99	0.34	0.27	0.52	0.05	0.17	0.43	0.17	0.41	0.15	0.41	0.34	0.41	0.15	0.05	0.41	0.16	0.38	0.15	0.15	0.03	0.16	0.26	0.27	0.04	0.08	0.1	0.04	0.41	0.04	0.19	0.41	0.22	0.34	0.23	0.41	0.91	0.31
0.49	0.48	0.52	1.28	0.14	1.09	0.08	0.2	0.5	0.99	0.07	4.6	0.2	0.49	0.17	0.02	0.49	0.22	0.42	0.53	0.2	0.08	0	0.09	0.09	0.5	0.22	0.23	0.27	0.21	0.5	0.06	0.2	0.41	0.17	0.04	0.2	0.2	0.09	0.41	0.2	0.19	0.49	0.11	0.1	0.41	0.21	1.12	0.18	0.05	0.27	0.01	0.42	0.42	0.21	0.09	1.02	0.22	0.72	0.09	0.22	0.69	0.43	0.21	0.05	0.03	0.44	0.09	0.64	0.22	0.44	0.54	0.39	0.44	0.19	0.09	0.06	0.44	0.41	0.64	0.2	0.06	0.21	0.04	0.27	0.09	0.38	0.34	0.27	0.18	0.45	0.15	0.21	0.55	0.23	0.95	0.26	0.36	0.22
0.03	0.15	0.5	0.55	0.42	0.34	0.03	1	0.12	1.34	0.05	12.6	0.13	0.12	0.25	0.43	0.19	0.24	0.6	0.73	0.35	0.2	0.09	0	0.02	0.44	0.47	0.24	0.24	0.28	0.04	0.06	0.45	0.01	0.14	0.09	0.14	0.14	0.03	0.09	0.15	0.04	0.45	0.05	0.01	0.01	0.52	0.51	0.21	0.04	0.29	0.45	0.15	0.05	0.46	0.1	0.17	0.14	0.06	0.04	0.46	0.04	0.16	0.46	0.04	0.07	0.16	0.04	0.16	0.67	0.43	0.02	0.01	0.19	0.13	0.05	0.09	0.06	0.19	0.67	0.47	0.04	0.14	0.08	0.15	0.47	0.09	0.19	0.04	0.14	0.12	0.48	0.14	0.23	0.58	0.17	0.4	0.44	0.37
0.22	0.27	0.18	0.18	0.02	0.47	0.03	0.48	0.14	0.82	0.03	2.08	0.14	0.52	0.25	0.17	0.18	1.18	0.23	0.17	0.15	0.05	0.48	0.17	0	0.15	0.15	0.49	0.2	0.15	0.03	0.11	0.49	0.01	0.14	0.07	0.15	0.49	0.03	0.09	0.17	0.04	0.45	0.05	0.03	0.38	0.4	0.35	0.5	0.04	0.4	0.09	0.13	0.09	0.71	0.03	0.64	0.15	0.05	0.04	0.41	0.05	0.15	0.14	0.37	0.41	0.51	0.03	0.19	0.16	0.16	0.41	0.01	0.19	0.15	0.42	0.42	0.06	0.53	0.14	0.14	0.42	0.14	0.07	0.42	0.05	0.42	0.04	0.04	0.14	0.02	0.63	0.43	0.23	0.18	0.15	0.17	0.15	0.22
0.12	0	0.06	0.08	0.13	0.47	0.12	0.03	0.01	0.45	0.38	5.25	0.05	0.03	0.38	0.45	0.36	0.24	0.35	0.45	0.05	0.13	0.19	0.27	0.46	0	0.46	0.17	0.15	0.09	0.11	0.33	0.47	0.11	0.18	0.77	0.03	0.04	0.15	0.22	0.04	0.13	0.03	0.15	0.47	0.13	0.97	0.48	0.48	0.09	0.41	0.3	1.59	0.41	0.62	0.13	0.03	0.26	0.15	0.48	0.02	0.11	0.04	0.22	0.14	0.16	0.42	0.11	0.05	0.04	0.05	0.14	0.83	0.6	0.02	0.43	0.43	0.18	0.43	0.05	0.03	0.16	0.05	0.19	0.35	0.26	0.54	0.17	0.13	0.1	0.14	1.34	0.12	0.44	0.35	0	0.48	0	0.21
0.46	0.03	0.1	0.02	0.46	1.47	0.97	0.04	0.03	0.97	0.47	6.05	0.16	0.03	0.37	0.23	0.02	0.48	0.4	0.03	0.29	0.15	0.49	0.15	0.17	0.04	0	0.18	0.11	0.07	0.13	0.2	0.49	0.41	0.05	0.19	0.03	0.03	0.11	0.22	0.4	0.13	0.07	0.19	0.4	0.57	0.22	0.33	0.34	0.4	0.04	0.39	0.02	0.33	0.07	0.41	0.03	0.03	0.16	0.41	0.41	0.36	0	0.22	0.81	0.17	0.41	0.14	0.03	0.05	0.37	0.18	0.3	0.42	0.04	0.41	0.22	0.19	0.5	0.06	0.05	0.42	0.14	0.21	0.28	0.14	0.22	0.42	0.12	0.42	0.4	0.31	0.06	0.63	0.02	0.29	0.02	0.03	0.53
0.85	0.37	0.12	0.07	0.15	0.28	0.15	0.02	0.14	0.02	0.49	2.16	0.07	0.05	0.67	0.23	0.47	0.22	0.34	0.22	0.47	0.19	0.23	0.16	0.16	0.05	0.05	0	0.21	0.47	0.13	0.19	0.02	0.97	0.92	0.21	0.06	0.23	0.14	0.24	0.58	0.48	0.05	0.16	0.17	0.21	0.25	0.62	0.42	0.13	0.05	0.22	0.04	0.18	0.08	0.15	0.02	0.05	0.41	0.14	0.43	0.86	0.05	0.53	0.53	0.18	0.31	0.14	0.44	0.03	0.06	0.22	0.57	0.54	0.06	0.17	0.23	0.19	0.36	0.07	0.46	0.46	0.08	0.2	0.67	0.32	0.4	0.18	0.13	0.05	0.16	0.48	0.07	0.98	0.07	0.04	0.07	0.05	0.37
0.43	0.4	0.15	0.21	0.18	0.63	0.43	0.1	0.09	1.7	0.43	10.1	0.23	0.49	0.38	0.58	0.13	0.61	0.38	0.49	0.14	0.49	0.49	0.21	0.2	0.44	0.11	0.49	0.01	0.13	0.16	0.39	0.1	0.2	0.39	0.26	0.09	0.09	0.32	0.23	0.1	0.16	0.1	0.16	0.92	0.19	0.34	0.4	0.46	0.46	0.4	0.24	0.1	0.42	0.35	0.23	0.4	0.1	0.78	0.16	0.4	0.17	0.4	0.31	0.18	0.28	0.16	0.4	0.13	0.12	0.28	0.5	0.4	0.35	0.1	0.51	0.23	1.3	0.39	0.13	0.4	0.4	0.13	0.24	0.5	0.18	0.25	0.22	0.17	0.63	0.2	0.95	0.13	0.43	0.4	0.1	0.13	0.4	0.42
0.48	0.05	0.48	0.08	0.48	0.29	0.13	0.06	0.04	1.43	0.59	1.51	0.01	0.06	0.35	0.4	0.08	0.48	0.79	0.04	0.11	0.16	0.74	0.15	0.34	0.27	0.07	0.08	0.13	0	0.12	0.17	0.06	0.14	0.09	0.4	0.26	0.04	0.12	0.43	0.4	0.13	0.05	0.12	0.4	0.3	0.23	0.41	0.33	0.44	0.52	0.42	0.04	0.19	0	0.42	0.42	0.05	0.17	0.12	0.36	0.42	0.07	0.23	0.16	0.19	0.42	0.13	0.62	0.21	0.05	0.2	0.29	0.43	0.04	0.14	0.16	0.39	0.43	0.63	0.04	0.43	0.1	0.43	0.29	0.53	0.19	0.53	0.12	0.05	0.43	0.31	0.01	0.35	0.64	0.06	0.08	0.05	0.28
0.23	0.46	0.14	0.28	0.1	0.95	0.45	0.4	0.1	0.45	0.01	4.07	0.4	0.36	0.22	0.07	0.45	0.4	0.23	0.27	0.2	0.04	0.41	0.23	0.41	0.11	0.41	0.13	0.17	0.51	0	0.41	0.12	0.43	0.38	0.36	0.41	0.1	0.24	0.04	0.1	0.03	0.1	0.01	0.12	0.1	0.15	0.41	0.22	0.01	1.01	0.08	0.09	0.08	0.12	0.01	0.12	0.42	0.04	0.01	0.1	0.01	0.13	0.29	0.41	0.65	0.14	0.02	0.14	0.12	0.42	0.72	0.23	0.42	0.24	0.36	0.04	0.07	0.42	0.11	0.11	0.03	0.12	0.26	0.43	0.03	0.08	0.07	0.43	0.11	0.03	0.37	0.11	0.43	0.13	0.1	0.49	0.11	0.45
0.04	0.47	0.23	0.58	0.1	0.98	0.04	0.18	0.31	1.89	0.26	11	0.15	0.14	0.49	0.03	0.49	0.2	0.19	0.15	0.25	0.04	0.4	0.5	0.05	0.9	0.16	0.19	0.22	0.48	0.91	0	0.17	0.42	0.15	0.03	0.17	0.93	0.42	0.04	0.16	0.43	0.16	0.08	0.06	0.63	0.18	0.33	0.18	0.06	0.52	0.04	0.44	0.09	0.17	0.06	0.18	0.45	0	0.45	0.15	0.07	1.15	0.18	0.05	0.1	0.76	0.46	0.2	0.17	0.17	0.46	0.26	0.15	0.51	0.1	0.05	0.04	0.66	0.16	0.16	0.04	0.5	0.4	0.64	0.08	0.03	0.09	0.04	0.51	0.41	0.14	0.41	0.18	0.42	0.16	0.42	0.42	0.18
0.14	0.49	0.11	0.76	0.15	0.26	0.12	0.01	0.02	0.84	0.15	4.92	0.05	0.4	0.37	0.4	0.33	0.2	0.61	0.43	0.46	0.41	0.7	0.16	0.81	0.03	0.42	0.02	0.1	0.46	0.11	0.16	0	0.53	0.05	0.55	0.35	0.36	0.12	0.21	0.03	0.5	0.03	0.16	0.55	0.15	0.29	0.02	0.45	0.11	0.04	0.19	0.02	0.22	0.22	0.12	0.01	0.03	0.35	0.12	0.04	0.3	0.04	0.22	0.16	0.16	0.56	0.15	0.22	0.01	0.04	0.15	0.15	0.3	0.04	0.31	0.46	0.19	0.47	0.86	0.05	0.15	0.06	0.97	0.46	0.14	0.45	0.16	0.47	0.03	0.16	0.62	0.05	0.57	0.05	0.03	0.15	0.03	0.52
0.06	0.13	0.16	0.45	0.15	0.29	0.02	0.13	0.11	1.22	0.31	3.33	0.49	0.12	0.27	0.14	0.15	0.55	0.22	0.14	0.14	0.09	0.48	0.01	0.01	0.27	0.16	0.18	0.2	0.13	0.4	0.11	0.13	0	0.12	0.06	0.9	0.36	0.14	0.09	0.13	0.4	0.28	0.04	0.02	0.4	0.13	0.54	0.5	0.02	0.6	0.62	0.4	0.1	0.13	0.02	0.16	0.27	0.09	0.07	0.35	0.02	0.5	0.4	0.71	0.06	0.16	0.4	0.15	0.15	0.13	0.4	0.39	0.18	0.81	0.43	0.09	0.43	0.81	0.41	0.13	0.08	0.13	0.41	0.19	0.41	0.09	0.03	0.09	0.12	0.01	0.45	0.41	1.01	0.51	0.13	0.41	0.13	0.64
0.14	0.39	0.26	0.08	0.13	0.47	0.1	0.45	0.09	0.98	0.47	4.77	0.07	0.04	0.35	0.19	0.06	0.46	0.34	0.19	0.01	0.56	0.17	0.14	0.42	0.04	0.86	0.05	0.12	0.13	0.11	0.16	0.05	0.12	0	0.17	0.04	0.04	0.46	0.16	0.04	0.13	0.03	0.13	0.45	0.14	0.26	0.45	0.33	0.45	0.04	0.45	0.03	0.52	0.08	0.13	0.05	0.11	0.14	0.26	0.05	0.53	0.45	0.26	0.54	0.19	0.45	0.11	0.06	0.06	0.04	0.46	0.21	0.29	0.05	0.55	0.17	0.18	0.95	0.13	0.45	0.15	0.08	0.18	0.33	0.22	0.17	0.15	0.44	0.06	0.15	0.61	0.07	0.32	0.44	0.44	0.07	0.05	1.04
0.08	0.59	0.65	0.21	0.06	0.23	0.07	0.42	0.45	1.72	0.41	9.48	0.18	0.54	0.18	0.02	0.21	0.69	0.17	0.19	0.18	0.19	0.12	0.12	0.95	0.18	0.21	0.55	0.6	0.35	0.08	0.03	0.47	0.06	0.57	0	0.18	0.54	0.08	0.09	0.21	0.47	0.2	0.1	0.83	0.27	0.48	0.3	0.48	0.07	0.48	0.04	0.19	0.09	0.19	0.08	0.4	0.2	0.16	0.19	0.24	0.08	0.21	0.19	0.08	0.4	0.22	0.07	0.4	0.5	0.27	0.4	0.55	0.1	0.18	0.1	0.09	0.4	0.13	0.18	0.51	0.05	0.23	0.28	0.25	0.1	0.01	0.41	0.08	0.19	0.08	0.49	0.51	0.15	0.48	0.23	0.22	0.19	0.15
0.11	0.02	0.08	0.23	0.41	0.45	0.1	0.28	0.02	0.73	0.12	5.26	0.02	0.03	0.37	0.2	0.41	0.18	0.24	0.01	0.42	0.15	0.19	0.28	0.23	0.04	0.04	0.47	0.44	0.03	0.1	0.45	0.04	0.45	0.04	0.19	0.01	0.01	0.09	0.2	0.44	0.1	0.02	0.45	0.14	1.42	0.2	0.32	0.43	0.45	0.17	0.18	0.17	0.16	0.04	0.41	0.03	0.02	0.95	0.08	0.02	0.08	0.56	0.57	0.24	0.14	0.04	0.46	0.05	0.05	0.12	0.13	0.14	0.29	0.01	0.11	0.22	1.22	0.34	0.02	0.03	0.49	0.2	0.5	0.25	0.51	0.18	0.31	0.1	0.02	0.14	0.29	0.19	0.33	0.42	0.02	0.04	0.02	0.18
0.4	0.02	0.08	0.05	0.51	0.4	0.12	0.03	0.02	3.15	0.28	0.43	0.03	0.21	0.43	0.43	0.43	0.43	0.53	0.01	0.43	0.43	0.19	0.94	0.49	0.44	0.03	0.28	0.44	0.04	0.1	0.45	0.03	0.15	0.04	0.54	0.01	0.01	0.45	0.22	0.04	0.45	0.02	0.45	0.48	0.95	0.37	0.96	0.45	0.39	0.56	0.48	0.01	0.14	0.46	0.1	0.95	0.01	0.19	0.1	0.03	0.09	0.05	0.56	0.56	0.17	0.44	0.45	0.05	0.04	0.01	0.45	0.55	0.29	0.45	0.1	0.45	0.99	0.47	0.03	0.04	0.55	0.04	0.45	0.45	0.45	0.95	0.44	0.09	0.03	0.45	0.65	0.45	0.34	0.94	0.02	0.23	0.02	0.45
0.17	0.11	0.14	0.4	0.04	0.32	0.06	0.12	0.1	0.94	0.01	9.15	0.5	0.1	0.4	0.09	0.15	0.41	0.63	0.09	0.14	0.44	0.09	0.03	0.03	0.11	0.44	0.13	0.18	0.36	0.01	0.05	0.11	0.02	0.51	0.08	0.08	0.16	0	0.05	0.24	0.48	0.1	0	0.48	0.13	0.15	0.2	0.48	0.32	0.29	0.12	0.09	0.04	0.12	0	0.12	0.99	0.05	0	0.09	0.19	0.13	0.15	0.41	0.07	0.14	0.41	0.14	0.15	0.11	0.03	0.03	0.41	0.1	0.06	0.05	0.08	0.45	0.1	0.22	0.4	0.44	0.26	0.17	0.04	0.19	0.05	0.2	0.1	0.03	0.46	0.11	0.22	0.13	0.1	0.5	0.1	0.4
0.1	0.29	0.48	0.59	0.09	0.33	0.1	0.23	0.49	2.82	0.4	0.45	0.15	0.19	0.27	0.11	0.24	0.47	0.24	0.48	0.18	0.03	0.06	0.12	0.09	0.21	0.23	0.23	0.24	0.41	0.04	0.05	0.31	0.42	0.16	0.09	0.2	0.44	0.05	0	0.24	0.03	0.21	0.43	0.17	0.09	0.54	0.36	0.44	0.04	0.2	0.23	0.46	0.45	0.45	0.21	0.21	0.24	0.04	0.04	0.46	0.22	0.22	0.21	0.01	0.05	0.23	0.1	0.23	0.22	0.48	0.48	0.09	0.2	0.21	0.04	0.17	0.19	0.22	0.4	0.23	0.19	0.16	0.09	0.41	0.03	0.41	0.41	0.04	0.41	0.41	0.92	0.71	0.22	0.42	0.21	0.53	0.21	0.24
0.2	0.48	0.35	0.16	0.15	0.26	0.12	0.42	0.23	1.28	0.49	5.01	0.04	0.12	0.37	0.49	0.05	0.22	0.69	0.02	0.06	0.15	0.2	0.26	0.16	0.26	0.03	0.05	0.26	0.05	0.12	1.83	0.36	0.24	0.04	0.2	0.43	0.08	0.1	0.22	0	0.12	0.32	0.14	0.47	0.15	0.21	0.18	0.33	0.49	0.3	0.19	0.08	0.15	0.05	0.2	0.03	0.02	0.19	0.45	0.04	0.45	0.03	0.21	0.16	0.16	0.04	1.25	0.05	0.04	0.45	0.17	0.15	0.28	0.03	0.45	0.45	0.19	0.33	0.38	0.05	0.45	0.05	0.45	0.26	0.13	0.22	0.34	0.12	0.03	0.15	0.3	0.18	0.45	0.24	0.02	0.35	0.02	0.19
0.03	0.27	0.15	0.15	0.5	0.3	0.54	0.12	0.49	0.94	0.02	1.62	0.4	0.13	0.22	0.06	0.15	0.4	0.22	0.11	0.5	0.27	0.08	0.04	0.04	0.11	0.47	0.14	0.4	0.13	0.03	0.08	0.12	0.08	0.13	0.37	0.1	0.12	0.03	0.03	0.11	0	0.42	0.05	0.04	0.1	0.52	0.2	0.23	0.01	0.49	0.08	0.38	0.06	0.13	0.35	0.13	0.1	0.07	0.41	0.11	0.13	0.13	0.2	0.34	0.08	0.13	0.03	0.22	0.13	0.12	0.04	0.41	0.18	0.11	0.09	0.03	0.41	0.21	0.12	0.12	0.05	0.31	0.09	0.42	0.01	0.09	0.08	0.03	0.11	0.42	0.41	0.12	0.52	0.44	0.42	0.37	0.12	0.42
0.41	0.01	0.09	0.16	0.44	0.64	0.12	0.02	0.11	0.94	0.12	4.46	0.04	0.28	0.36	0.22	0.04	1.3	0.23	0.29	0.12	0.14	0.96	0.46	0.15	0.03	0.03	0.05	0.1	0.05	0.1	0.55	0.03	0.15	0.03	0.38	0.02	0.26	2.62	1.72	1.22	0.72	0.22	0.33	0.47	0.15	0.98	0.48	0.33	0.1	0.03	0.42	0.01	0.16	0.37	0.49	0.02	0.01	0.5	0.12	0.03	0.13	0.03	0.21	0.16	0.17	0.19	0.12	0.17	0.03	0.22	0.51	0.41	0.28	0.2	0.13	0.22	0.3	0.34	0.41	0.04	0.22	0.28	0.2	0.41	0.41	0.19	0.18	0.11	0.03	0.15	0.41	0.05	0.34	0.04	0.02	0.41	0.01	0.51
0.03	0.48	0.42	0.38	0.05	0.52	0.35	0.32	0.14	0.72	0.03	2.61	0.42	0.13	0.28	0.12	0.18	0.27	0.25	0.13	0.29	0.43	0.11	0.05	0.43	0.4	0.43	0.19	0.17	0.13	0.01	0.07	0.15	0.04	0.12	0.1	0.11	0.44	0.13	0.33	0.15	0.05	0.14	0	0.46	0.04	0.17	0.49	0.45	0.75	0.11	0.45	0.13	0.06	0.13	0	0.45	0.13	0.07	0.01	0.46	0.42	0.44	0.34	0.56	0.96	0.16	0.03	0.18	0.17	0.13	0.05	0.04	0.2	0.43	0.04	0.46	0.09	0.22	0.49	0.16	0.06	0.47	0.1	0.48	0.04	0.1	0.07	0.01	0.13	0.05	0.21	0.11	0.58	0.25	0.39	0.16	0.13	0.26
0.42	0.98	0.17	0.19	0.02	0.58	0.98	0.9	0.48	0.68	0.03	8.47	0.5	0.13	0.41	0.48	0.19	1.42	0.91	0.14	0.41	0.41	0.5	0.01	0.27	0.16	0.41	0.16	0.5	0.5	0.07	0.05	0.15	0.4	0.14	0.9	0.49	0.4	0.4	0.49	0.16	0.04	0.41	0.41	0	0.56	0.15	0.7	0.49	0.24	0.7	0.1	0.18	0.07	0.49	0.04	0.14	0.5	0.4	0.04	1	0.04	0.5	0.15	0.05	0.41	0.4	0.03	0.18	0.4	0.41	0.08	0.03	0.9	0.4	0.05	0.1	0.06	0.41	0.92	0.15	0.42	0.15	0.42	0.43	0.05	0.09	0.41	0.04	0.41	0.01	0.42	0.14	0.48	0.17	0.42	0.43	0.44	0.51
0.21	0.47	0.17	0.15	0.17	0.47	0.47	0.19	0.13	0.76	0.02	10.4	0.55	0.2	0.28	0.25	0.52	0.58	0.37	0.19	0.48	0.41	0.32	0.01	0.01	0.79	0.15	0.34	0.49	1	0.49	0.49	0.15	0.19	0.14	0.09	0.14	0.9	0.02	0.09	0.49	0.22	1.12	0.05	0.49	0	0.49	0.88	0.2	0.8	0.13	0.81	0.4	0.09	0.4	0.24	0.15	0.4	0.4	0.1	0.4	0.05	0.15	0.15	0.09	0.06	0.41	0.29	0.73	0.15	0.45	0.02	0	0.41	0.13	0.09	0.26	0.2	0.42	0.52	0.45	0.08	0.42	0.07	0.15	0.09	0.1	0.42	0.09	0.15	0.01	0.17	0.28	0.42	0.18	0.14	0.71	0.14	0.61
0.25	0.21	0.31	0.35	0.47	0.42	0.47	0.48	0.52	2.57	0.15	7.6	0.22	0.23	0.43	0.87	0.47	0.45	0.35	0.48	0.28	0.16	0.52	0.26	0.69	0.22	0.49	0.29	0.49	0.23	0.15	0.47	0.58	0.26	0.5	0.19	0.19	0.47	0.15	0.23	0.4	0.35	0.4	0.4	0.15	0.46	0	0.5	0.9	0.4	0.2	0.2	0.19	0.19	0.3	0.4	0.4	0.2	0.18	0.16	0.4	0.22	0.22	0.41	0.18	0.81	0.23	0.81	0.23	0.22	0.2	0.14	0.44	0.36	0.42	0.54	0.42	0.42	0.42	0.22	0.36	0.41	0.22	0.42	0.07	0.42	0.19	0.17	0.42	0.21	0.15	0.3	0.43	0.35	0.53	0.43	0.23	0.43	0.34
0.41	0.02	0.4	0.4	0.5	0.7	0.46	0.01	0.41	2.26	0.45	4.53	0.46	0.66	0.47	0.48	0.46	0.87	0.88	0.57	0.06	0.16	0.34	0.97	0.21	0.04	0.07	0.48	0.13	0.11	0.11	0.48	0.08	0.25	0.05	0.34	0.23	0.05	0.32	0.5	0.25	0.36	0.4	0.5	0.71	0.24	0.22	0	0.91	0.41	0.04	0.51	0.29	0.19	0.47	0.49	0.92	0.42	0.2	0.42	0.26	0.42	0.27	0.46	0.83	0.83	0.93	0.3	0.25	0.43	0.14	0.46	0.15	0.38	0.54	0.13	0.46	0.64	0.75	0.05	0.19	0.44	0.12	0.44	0.56	0.29	0.2	0.16	0.12	0.03	0.19	0.37	0.36	0.51	0.45	0.55	0.36	0.68	0.39
0.22	0.65	0.36	0.64	0.21	0.76	0.56	0.36	0.32	2.86	0.22	0.81	0.32	0.45	0.06	0.17	0.37	0.96	0.46	0.46	0.36	0.22	0.46	0.21	0.22	0.66	0.35	0.76	0.37	0.57	0.5	0.18	0.5	0.52	0.95	0.15	0.32	0.32	0.7	0.5	0.35	0.23	0.4	0.27	0.6	0.6	0.33	0.75	0	0.22	0.9	0.9	0.32	0.5	0.35	0.22	0.6	0.6	0.17	0.23	0.32	0.23	0.4	0.4	0.19	0.33	0.36	0.22	0.37	0.62	0.5	0.21	0.2	0.41	0.81	0.64	0.23	0.16	0.7	0.33	0.35	0.26	0.41	0.14	0.7	0.24	0.15	0.24	0.51	0.34	0.21	0.26	0.41	0.31	1.01	0.51	0.38	0.73	0.41
0.03	0.2	0.16	0.3	0.44	0.29	0.18	0.11	0.44	2.78	0.02	0.23	0.46	0.09	0.23	0.09	0.12	0.24	1.05	0.47	0.13	0.03	0.23	0.04	0.04	0.1	0.1	0.12	0.47	0.96	0.01	0.19	0.45	0.02	0.67	0.07	0.09	0.46	0.01	0.04	0.1	0.01	0.1	0.02	0.46	0.03	0.49	0.46	0.22	0	0.43	0.07	0.09	0.04	0.19	0.38	0.11	0.47	0.05	0.01	0.1	0.01	0.47	0.18	0.04	0.9	0.98	0.02	0.29	0.12	0.09	0.04	0.03	0.2	0.1	0.32	0.04	0.08	0.2	0.96	0.41	0.1	0.79	0.07	0.14	0.01	0.07	0.08	0.01	0.18	0.04	0.27	0.18	0.22	0.49	0.49	0.12	0.5	0.23
0.24	1	0.08	0.57	0.47	0.57	0.47	0.41	0.02	0.49	0.11	1.82	0.03	0.04	0.49	0.55	0.05	1.29	0.25	0.01	0.06	0.14	1.08	0.51	1.29	0.03	0.46	0.47	0.46	0.04	0.45	0.56	0.11	0.12	0.12	0.66	0.01	0.01	0.26	0.49	0.94	0.93	0.2	0.11	0.41	0.59	0.74	0.34	0.59	0.49	0.03	0.48	0.05	0.16	0.03	0.98	0.04	0.06	0.46	0.44	0.02	0.74	0.43	0.31	1.03	0.16	0.42	0.61	0.42	0.41	0.02	0.16	0.51	0.87	0.46	0.11	0.22	0.33	0.97	0.03	0.19	0.15	0.45	0.19	0.43	0.42	0.43	0.42	0.09	0.02	0.51	1.4	0.03	0.48	0.98	0.1	0.96	0.03	0.46
0.47	0.2	0.34	0.47	0.11	0.25	0.08	0.2	0.2	2.46	0.07	13.6	0.2	0.45	0.18	0.03	0.21	0.99	0.17	0.5	0.55	0.07	0.28	0.3	0.45	0.16	0.46	0.22	0.28	0.76	0.08	0.46	0.21	0.13	0.49	0.04	0.18	0.19	0.09	0.21	0.41	0.48	0.2	0.3	0.1	0.48	1.19	0.22	0.18	0.07	0.19	0	0.17	0.11	0.21	0.11	0.19	0.17	0.03	0.09	0.18	0.1	0.6	0.2	0.05	0.03	0.21	0.4	0.24	0.21	0.19	0.1	0.28	0.78	0.2	0.09	0.05	0.05	0.59	0.38	0.19	0.16	0.34	0.4	0.27	0.09	0.04	0.17	0.41	0.22	0.29	0.15	0.25	1.08	0.23	0.43	0.24	0.61	0.46
0.12	0.06	0.42	0.04	0.53	0.25	0.11	0.02	0.02	2.08	0.18	6.55	0.03	0.18	0.37	0.2	0.49	0.18	0.49	0.19	0.05	0.15	0.19	0.14	0.49	0.18	0.02	0.04	0.09	0.04	0.1	0.35	0.22	0.14	0.03	0.21	0.01	0.01	0.32	0.21	0.01	0.4	0.09	0.14	0.51	0.19	0.6	0.13	0.42	0.09	0.4	0.5	0	0.14	0.04	0.1	0.02	0.01	0.53	0.12	0.03	0.11	0.02	0.2	0.14	0.16	0.3	0.11	0.04	0.03	0.02	0.15	0.17	0.26	0.09	0.1	0.2	0.43	1.53	0.03	0.04	0.15	0.41	0.21	0.25	0.12	0.61	0.41	0.46	0.02	0.14	0.3	0.04	0.33	0.15	0.21	0.18	0.01	0.72
0.5	0.46	0.92	0.42	0.07	0.33	0.05	0.51	0.16	2.46	0.06	0.23	0.16	0.17	0.48	0.1	0.19	0.27	0.22	0.19	0.16	0.06	0.12	0.07	0.1	0.17	0.16	0.18	0.21	0.19	0.07	0.24	0.19	0.37	0.17	0.09	0.17	0.59	0.04	0.06	0.16	0.06	0.16	0.06	0.06	0.41	0.33	0.18	0.26	0.06	0.44	0.11	0.77	0	0.19	0.07	0.46	0.16	0.13	0.09	0.17	0.41	0.16	0.17	0.12	0.09	0.2	0.05	0.42	0.46	0.17	0.06	0.07	0.23	0.17	0.08	0.07	0.29	0.48	0.45	0.19	0.22	0.17	0.1	0.34	0.44	0.11	0.22	0.44	0.41	0.05	0.22	0.43	0.24	0.19	0.15	0.63	0.16	0.43
0.13	0.05	0.11	0.08	0.13	0.29	0.13	0.41	0.04	1.56	0.26	7.87	0.01	0.06	0.35	0.21	0.08	0.51	0.58	0.04	0.65	0.45	0.21	0.14	0.14	0.06	0.06	0.07	0.14	0	0.12	0.16	0.45	0.23	0.42	0.19	0.03	0.75	0.49	0.16	0.95	0.49	0.05	0.11	0.18	0.13	0.46	0.46	0.33	0.18	0.03	0.21	0.04	0.19	0	0.12	0.06	0.05	0.17	0.12	0.04	0.13	0.06	0.22	0.35	0.32	0.07	0.13	0.08	0.07	0.05	0.15	0.22	0.28	0.04	0.14	0.46	0.18	0.46	0.01	0.03	0.17	0.46	0.18	0.28	0.13	0.56	0.19	0.12	0.04	0.14	0.96	0.01	0.34	0.08	0.05	0.08	0.05	0.27
0.02	0.12	0.19	0.44	0.03	0.31	0.03	0.11	0.09	3.3	0.36	4.78	0.11	0.2	0.26	0.1	0.88	0.48	0.41	0.11	0.35	0.04	0.09	0.03	0.04	0.1	0.13	0.48	0.42	0.12	0.01	0.26	0.48	0.25	0.64	0.11	0.48	0.28	0	0.05	0.13	0.04	0.11	0.01	0.11	0.34	0.49	0.49	0.22	0.01	0.1	0.08	0.1	0.06	0.11	0	0.49	0.11	0.06	0.34	0.49	0.2	0.11	0.15	0.05	0.43	0.13	0.02	0.49	0.13	0.32	0.03	0.03	0.28	0.09	0.03	0.05	0.4	0.2	0.14	0.13	0.04	0.9	0.3	0.54	0.04	0.34	0.07	0.01	0.09	0.03	0.19	0.7	0.4	0.14	0.11	0.48	0.1	0.23
0.13	0.02	0.1	0.22	0.13	0.42	0.29	0	0.02	2.94	0.12	7.03	0.05	1.56	0.38	0.21	0.05	0.2	0.43	0.03	0.05	0.43	0.2	0.15	0.14	0.03	0.03	0.56	0.1	0.43	0.11	0.54	0	0.44	0.05	0.2	0.03	0.23	0.31	0.21	0.04	0.46	0.2	0.22	0.42	0.15	0.55	0.55	0.45	0.11	0.04	0.56	0.02	0.18	0.06	0.25	0	0.03	0.17	0.13	0.03	0.45	0.03	0.29	0.16	0.16	0.05	0.96	0.05	0.02	0.38	0.16	0.2	0.29	0.03	0.17	0.21	0.18	0.97	0.37	0.05	0.16	0.06	1.08	0.28	0.13	0.22	0.16	0.12	0.03	0.14	0.3	0.05	0.58	0.05	0.03	0.05	0.03	0.48
0.13	0.02	0.09	0.45	0.46	0.25	0.31	0.15	0.03	1.14	0.13	0.69	0.35	0.04	0.36	0.21	0.04	0.18	0.27	0.02	0.06	0.42	0.42	0.15	0.14	0.03	0.42	0.05	0.09	0.05	0.1	0.18	0.03	0.14	0.04	0.43	0.01	0.43	0.09	0.22	0.01	0.36	0.01	0.13	0.16	0.14	0.33	0.22	0.94	0.44	0.35	0.18	0	0.44	0.45	0.11	0.03	0	0.17	0.1	0.04	0.53	0.03	0.2	0.44	0.44	0.04	0.44	0.43	0.04	0.02	0.44	0.44	0.27	0.03	0.48	0.22	0.19	0.33	0.45	0.04	0.14	0.05	0.2	0.26	0.12	8.08	7.58	6.68	6.18	5.68	4.78	4.28	3.78	3.28	2.78	1.48	0.98	0.48
0.04	0.16	0.41	0.26	0.46	0.76	0.04	0.47	0.15	0.46	0.06	1.46	0.15	0.5	0.46	0.03	0.56	0.2	0.97	0.35	0.16	0.04	0.08	0.05	0.05	0.48	0.18	0.18	0.21	0.38	0.04	0	0.19	0.16	0.15	0.03	1	0.5	0.28	0.04	0.6	0.4	0.5	0.07	0.05	0.4	0.17	0.16	0.17	0.05	0.18	0.04	0.16	0.06	0.5	0.05	0.16	0.15	0	0.41	0.16	0.82	0.19	0.51	0.25	0.41	0.41	0.05	0.19	0.41	0.18	0.06	0.26	0.14	0.41	0.09	0.61	0.04	0.41	0.16	0.17	0.04	0.41	0.04	0.24	0.1	0.42	0.1	0.05	0.15	0.42	0.15	0.52	0.19	0.47	0.21	0.2	0.56	0.23
0.02	0.13	0.5	0.15	0.46	0.32	0.02	0.13	0.21	1.43	0.02	3.8	0.12	0.1	0.47	0.08	0.15	0.26	0.23	0.1	0.48	0.22	0.09	0.04	0.04	0.1	0.39	0.15	0.32	0.49	0.01	0.17	0.26	0.06	0.12	0.09	0.08	0.09	0.01	0.04	0.43	0.5	0.12	0.01	0.41	0.79	0.52	0.17	0.41	0.01	0.1	0.09	0.1	0.08	0.38	0.01	0.11	0.5	0.06	0	0.1	0.02	0.12	0.16	0.05	0.07	0.13	0.02	0.14	0.14	0.11	0.04	0.46	0.43	0.11	0.04	0.33	0.07	0.43	0.12	0.17	0.34	0.36	0.65	0.22	0.04	0.33	0.08	0.01	0.11	0.04	0.2	0.38	0.22	0.21	0.46	0.13	0.11	0.24
0.1	0.02	0.2	0.07	0.41	0.26	0.29	0.03	0.02	0.31	0.34	0.37	0.4	0.01	0.67	0.2	0.05	0.2	0.34	0.08	0.07	0.15	0.18	0.13	0.13	0.02	0.04	0.6	0.48	0.05	0.4	0.21	0.04	0.28	0.05	0.18	0.03	0.42	0.42	0.2	0.04	0.26	0.04	0.11	0.13	0.38	0.42	0.52	0.62	0.1	0.14	0.18	0.41	0.16	0.04	0.26	0.04	0.08	0.15	0.1	0	0.11	0.42	0.21	0.41	0.16	0.05	0.1	0.06	0.04	0.39	0.13	0.2	0.28	0.01	0.12	0.2	0.18	0.5	0.04	0.03	0.13	0.35	0.86	0.27	0.11	0.19	0.16	0.11	0.02	0.13	0.67	0.04	0.47	0.07	0.03	0.47	0.12	0.2
0.02	0.49	0.79	1.01	0.49	0.49	0.02	0.11	0.48	0.99	0.02	4.25	0.96	0.97	0.26	0.45	0.46	0.45	0.95	0.95	0.14	0.45	0.45	0.04	0.04	1.44	0.14	0.94	0.44	0.46	0.01	0.45	0.14	0.03	0.42	0.43	0.93	0.84	0	0.43	0.94	0.43	0.43	0.01	0.42	0.42	1.12	1.02	0.42	0.01	0.42	0.41	0.5	0.41	0.42	0.4	0.5	1	0.06	0.02	0.11	0.01	0.13	0.49	0.05	0.08	0.49	0.02	0.5	0.48	0.98	0.04	0.08	0.19	0.1	0.04	0.05	0.07	0.48	1.38	0.48	0.05	0.12	0.47	0.57	0.04	0.46	0.95	0.45	0.95	0.03	1.45	0.94	0.94	0.94	0.44	0.44	0.94	0.5
0.17	0.29	0.1	0.02	0.14	0.22	0.14	0.03	0.44	0.03	0.14	6.28	0.06	0.04	0.39	0.46	0.02	0.21	0.46	0.26	0.06	0.46	0.22	0.15	0.46	0.27	0	0.76	0.11	0.09	0.13	0.16	0.04	0.67	0.05	0.19	0.04	0.03	0.13	0.22	0.31	0.48	0.04	0.19	0.48	0.94	0.61	0.71	0.37	0.1	0.12	0.59	0.02	0.2	0.07	0.49	0.26	0.03	0.16	0.2	0.12	0.12	0	0.4	0.4	0.17	0.01	0.49	0.02	0.04	0.05	0.5	0.15	0.9	0.04	0.13	0.23	0.75	0.32	0.06	0.05	0.18	0.06	0.21	0.28	0.51	0.22	0.18	0.13	0.04	0.14	0.65	0.06	1.01	0.02	0.41	0.02	0.08	0.34
0.15	0.21	0.3	0.48	0.17	0.42	0.15	0.48	0.21	1.15	0.15	1.08	0.31	0.59	0.37	0.31	0.43	0.67	0.35	0.2	0.28	0.49	0.21	0.54	0.14	0.22	0.25	0.24	0.33	0.23	0.15	0.17	0.22	0.13	0.24	0.19	0.2	0.19	0.38	0.21	0.51	0.2	0.59	0.17	0.77	0.24	0.28	0.57	0.33	0.44	0.21	0.21	0.2	0.17	0.22	0.54	0.22	0.2	0.18	0.44	0.74	0.5	0.22	0	0.18	0.2	0.61	0.54	0.23	0.23	0.2	0.45	0.14	0.41	0.44	0.44	0.21	0.18	0.31	0.22	0.23	1.03	0.22	0.44	0.06	0.39	0.19	0.18	0.16	0.21	0.12	0.6	0.22	0.35	0.45	0.21	0.25	0.21	0.34
0.21	0.14	0.39	0.26	0.48	0.28	0.03	0.21	0.48	0.95	0.03	2.04	0.15	0.13	0.47	0.21	0.55	0.48	0.48	0.53	0.16	0.03	0.45	0.04	0.04	0.3	0.15	0.18	0.49	0.16	0.04	0.44	0.44	0.06	0.15	0.05	0.13	0.15	0.04	0.01	0.4	0.02	0.16	0.34	0.05	0.47	0.18	0.4	0.5	0.04	0.27	0.05	0.17	0.06	0.41	0.04	1.11	0.15	0.41	0.04	0.14	0.41	0.36	0.18	0	0.05	0.19	0.03	0.18	0.16	0.41	0.05	0.17	0.19	0.18	0.03	0.01	0.42	0.42	0.15	0.51	0	0.16	0.05	0.48	0.03	0.43	0.06	0.04	0.19	0.04	0.37	0.15	0.43	0.23	0.14	0.53	0.43	0.34
0.08	0.46	0.2	0.19	0.06	0.4	0.07	0.55	0.18	1.55	0.06	12.5	0.55	0.15	0.45	0.45	0.18	0.45	0.54	0.15	0.55	0.05	0.03	0.07	0.45	0.16	0.46	0.18	0.45	0.45	0.46	0.12	0.45	0.44	0.18	0.45	0.14	0.75	0.45	0.26	0.45	0.23	0.17	0.07	0.2	0.07	0.45	0.69	0.15	0.08	0.45	0.03	0.15	0.09	0.18	0.07	0.45	0.41	0.03	0.07	0.16	0.3	0.17	0.17	0.05	0	0.18	0.07	0.19	0.45	0.45	0.07	0.06	0.42	0.16	0.17	0.05	0.27	1.35	0.45	0.17	0.45	0.18	0.03	0.16	0.07	0.01	0.05	0.08	0.18	0.07	0.12	0.45	0.14	0.45	0.16	0.19	0.64	0.2
0.15	0.04	0.11	0.03	0.18	0.25	0.15	0.05	0.04	2.5	0.14	13.9	0.07	0.04	0.4	0.47	0.03	0.21	0.67	0.21	0.09	0.18	0.39	0.19	0.48	0.05	0.01	0.37	0.14	0.08	0.23	0.19	0.05	0.16	0.06	0.37	0.26	0.04	0.16	0.26	0.32	0.48	0.04	0.55	0.18	0.2	0.23	0.48	0.36	1.29	0.05	0.21	0.23	0.49	0.07	0.14	0.05	0.04	0.18	0.13	0.05	0.38	0.06	0.45	0.18	0.18	0	0.15	0.22	0.06	0.05	0.16	0.15	0.3	0.05	0.16	0.24	0.19	0.65	0.07	0.16	0.49	0.07	0.2	0.42	0.16	0.49	0.19	0.34	0.2	0.17	0.41	0.07	0.36	0.04	0.04	0.36	0.35	0.21
0	0.4	0.15	0.14	0.02	0.31	0.03	0.47	0.81	1.57	0.01	7.62	0.12	0.1	0.25	0.99	0.14	0.27	0.28	0.11	0.22	0.04	0.08	0.03	0.03	0.5	0.13	0.15	0.17	0.13	0.02	0.4	0.4	0.41	0.11	0.4	0.1	0.12	0.01	0.1	0.4	0.03	0.41	0.04	0.38	0.02	0.5	0.34	0.22	0.12	0.48	0.41	0.12	0.07	0.12	0.02	0.5	0.42	0.05	0.02	0.11	0.08	0.13	0.42	0.04	0.07	0.4	0	0.53	0.63	0.12	0.03	0.12	0.19	0.1	0.04	0.1	0.06	0.58	0.13	0.44	0.09	0.13	0.07	0.53	0.03	0.44	0.05	0.02	0.65	0.02	0.19	0.45	0.28	0.14	0.12	0.45	0.13	0.45
0.44	0.05	0.12	0.05	0.29	0.37	0.47	0.1	0.05	0.05	0.14	2.86	0.07	0.1	0.42	0.25	0.03	0.49	0.69	0.21	0.13	0.17	0.49	0.16	0.6	0.05	0.4	0.07	0.3	0.48	0.4	0.41	0.06	0.25	0.12	0.22	0.41	0.05	0.13	0.25	0.05	0.51	0.42	0.92	0.42	0.46	0.24	0.93	0.37	0.14	1.43	0.43	0.04	0.18	0.08	0.13	0.05	0.44	0.54	0.16	0.06	0.44	0.03	0.24	0.17	1.58	0.01	0.16	0	0.06	0.45	0.17	0.25	0.3	0.06	0.16	0.46	0.2	0.34	0.07	0.29	0.19	0.08	0.4	0.57	0.71	0.67	0.18	0.13	0.05	0.19	0.54	0.07	0.38	0.04	0.48	0.04	0.14	0.52
0.48	0.32	0.11	0.06	0.16	0.63	0.14	0.52	0.03	1.94	0.13	11.8	0.06	0.25	0.38	0.23	0.45	0.21	0.33	0.04	0.55	0.17	0.33	0.15	0.16	0.04	0.04	0.02	0.46	0.45	0.45	0.41	0.01	0.46	0.14	0.21	0.04	0.04	0.46	0.47	0.04	0.14	0.03	0.46	0.37	0.15	0.22	0.1	0.49	0.47	0.04	0.22	0.03	0.17	0.07	0.14	0.02	0.04	0.18	0.12	0.04	0.65	0.05	0.47	0.17	0.16	0.06	0.2	0.06	0	0.39	0.15	0.19	0.28	0.35	0.15	0.24	0.29	0.67	0.3	0.06	0.17	0.07	0.2	0.29	0.48	0.48	0.18	0.12	0.04	0.15	0.31	0.37	0.35	0.06	0.03	0.06	0.11	0.58
0.11	0.03	0.08	0.47	0.47	0.27	0.16	0.4	0.03	1.07	0.57	9.52	0.4	0.05	0.38	0.6	0.06	0.19	0.25	0.01	0.06	0.18	0.2	0.5	0.53	0.14	0.04	0.06	0.11	0.41	0.37	0.18	0.04	0.15	0.27	1.51	0.02	0.01	0.41	0.41	0.03	0.42	0.03	0.48	0.41	0.15	0.2	0.14	0.42	0.09	0.02	0.21	0.02	5.52	0.05	0.1	1.02	0.02	0.17	0.09	0.04	0.1	0.04	0.2	0.52	0.15	0.32	0.42	0.06	0.05	0	0.16	0.16	0.28	0.03	0.13	0.22	0.41	0.43	0.04	0.15	0.16	0.21	0.25	0.43	0.12	0.48	0.16	0.11	0.32	0.53	0.32	0.43	0.34	0.06	0.03	0.84	0.03	1.34
0.33	0.4	0.17	0.29	0.02	0.3	0.03	0.44	0.13	1.64	0.41	2.92	0.14	0.41	0.52	0.09	0.22	0.41	0.41	0.14	0.71	0.05	0.49	0.01	0.03	0.41	0.41	0.17	0.19	0.39	0.04	0.06	0.16	0.01	0.15	0.22	0.42	0.63	0.03	0.09	0.44	0.04	0.17	0.43	0	0.02	0.14	0.39	0.43	0.34	0.28	0.09	0.14	0.07	0.14	0.04	0.16	0.53	0.43	0.22	0.13	0.14	0.18	0.14	0.05	0.07	0.17	0.03	0.18	0.28	0.15	0	0.37	0.45	0.15	0.45	0.49	0.06	0.19	0.14	0.45	0.04	0.45	0.08	0.44	0.05	0.09	0.66	0.04	0.14	0.01	0.19	0.42	0.63	0.46	0.14	0.17	0.14	0.46
0.02	0.87	0.19	0.46	0.01	1.36	0.04	0.14	0.27	1.31	0.02	0.61	0.22	0.13	0.41	0.14	0.22	0.51	0.41	0.92	0.41	0.32	0.16	0.03	0.05	0.49	0.21	0.91	0.18	0.91	0.41	0.1	0.15	0	0.14	0.42	0.18	0.41	0.02	0.09	0.92	0.41	0.17	0.13	0.42	0	0.17	0.46	0.22	0.42	0.13	0.41	0.14	0.91	0.41	0.18	0.27	0.41	0.1	0.4	0.91	0.39	0.19	0.41	0.21	0.06	0.41	0.34	0.41	0.42	0.14	0.42	0	0.82	0.42	0.09	0.92	0.05	0.23	0.69	0.13	0.94	0.43	0.49	0.43	0.43	0.17	0.43	0.1	0.15	0.02	0.54	1.04	0.83	0.31	0.52	0.15	0.22	0.95
0.18	0.45	0.32	0.32	0.18	0.11	0.18	0.28	0.26	1.4	0.18	9.38	0.27	0.41	0.22	0.13	0.49	0.34	0.05	0.27	0.32	0.2	0.45	0.19	0.19	1.07	0.4	0.3	0.9	0.29	0.24	0.13	0.29	0.5	0.29	0.11	0.28	0.29	0.19	0.51	0.66	0.18	0.27	0.75	0.34	0.33	0.41	0.44	0.41	0.54	0.26	0.51	0.26	0.51	0.41	0.18	1.05	0.63	0.13	0.19	0.41	0.51	0.28	0.33	0.19	0.41	0.3	0.18	0.44	0.31	0.28	0.92	0.19	0	0.3	0.42	0.2	0.72	0.21	0.27	0.28	0.2	0.28	0.1	0.41	0.19	0.1	0.15	0.41	0.26	0.19	0.41	0.41	0.51	0.32	0.28	0.51	0.28	0.32
0.41	0.02	0.07	0.33	0.72	0.6	0.1	0.03	0.1	1.42	0.11	1.98	0.41	0.02	0.76	0.2	0.05	0.19	0.34	0.42	0.42	0.42	0.2	0.42	0.15	0.02	0.04	0.05	0.42	0.04	0.09	0.27	0.04	0.42	0.05	0.18	0.01	0.41	0.93	0.23	0.43	0.12	0.03	0.43	0.26	0.44	0.53	0.43	0.44	0.1	0.13	0.44	0.26	0.16	0.04	0.44	0.03	0.03	0.15	0.19	0.01	0.55	0.04	0.21	0.45	0.16	0.05	0.12	0.55	0.04	0.09	0.96	0.23	0.27	0	0.12	0.46	0.46	0.63	0.36	0.04	0.19	0.04	0.41	0.27	0.11	0.46	0.16	0.09	0.02	0.47	0.3	0.03	0.33	0.1	0.03	0.31	0.22	0.97
0.48	0.12	0.44	0.49	0.09	0.32	0.03	0.14	0.5	1.11	0.03	0.31	0.13	0.14	0.5	0.42	0.15	0.39	0.23	0.11	0.23	0.04	0.09	0.05	0.05	0.12	0.57	0.14	0.61	0.14	0.03	0.08	0.15	0.1	0.18	0.18	0.11	0.51	0.04	0.05	0.12	0	0.12	0.04	0.77	0.25	0.43	0.94	0.44	0.2	0.1	0.09	0.12	0.46	0.38	0.05	0.56	0.11	0.22	0.04	0.46	0.04	0.26	0.22	0.04	0.21	0.15	0.32	0.15	0.4	0.12	0.05	0.09	0.2	0.41	0	0.04	0.25	0.23	0.13	0.42	0.18	0.34	1.46	0.53	0	0.1	0.09	0.03	0.11	0.05	0.54	0.13	0.23	0.15	0.11	0.17	0.49	0.9
0.1	0.2	0.26	0.59	0.09	0.32	0.21	0.21	0.47	0.83	0.43	4.71	0.53	0.19	0.27	0.11	0.26	0.61	0.24	0.21	0.46	0.03	0.06	0.09	0.09	0.21	0.23	0.58	0.48	0.16	0.04	0.05	0.21	0.48	0.17	0.09	0.22	0.58	0.3	0.02	0.21	0.03	0.22	0.13	0.1	0.09	0.36	0.43	0.24	0.04	0.78	0.05	0.2	0.48	0.16	0.54	0.22	0.44	0.04	0.27	0.2	0.4	0.45	0.45	0.72	0.05	0.61	0.1	0.24	0.25	0.22	0.46	0.1	0.53	0.2	0.04	0	0.08	0.22	0.24	0.31	0.05	0.64	0.49	0.48	0.03	0.09	0.07	0.04	0.2	0.09	0.21	0.15	0.47	0.46	0.44	0.41	0.21	0.93
0.06	0.91	0.4	0.39	0.4	0.23	0.4	0.17	0.4	1.7	0.4	3.16	0.44	0.17	0.18	0.49	0.96	0.19	0.18	0.46	0.35	0.07	0.14	0.45	0.45	0.19	0.2	0.44	0.44	0.39	0.44	0.16	0.18	0.53	0.18	0.01	0.16	0.92	0.42	0.08	0.19	0.07	0.42	0.33	0.26	0.41	0.26	1.31	0.44	0.41	0.26	0.05	0.18	0.4	0.18	0.07	0.4	0.19	0.4	0.07	0.4	0.07	0.4	0.4	0.09	0.02	0.22	0.49	0.59	0.59	0.54	0.06	0.05	0.12	0.58	0.48	0.08	0	0.48	1.6	0.19	0.04	0.47	0.04	0.91	0.4	0.92	0.03	0.07	0.4	0.05	0.17	0.42	0.5	0.2	0.18	0.46	0.2	1.5
0.2	0.42	0.83	0.33	0.24	0.21	0.28	0.61	0.43	1.16	0.53	6.13	1.41	0.91	0.04	0.15	0.51	0.51	0.26	0.53	0.33	0.22	0.52	0.42	0.19	0.3	0.42	0.67	0.39	0.34	0.44	0.39	0.56	0.42	0.47	0.42	0.45	0.34	0.46	0.21	0.34	0.21	0.63	0.22	0.2	0.44	0.47	0.75	0.41	0.21	0.34	0.55	0.45	0.46	0.32	0.47	0.49	0.32	0.18	0.23	0.3	0.57	0.98	0.31	0.19	0.16	0.34	0.5	0.41	0.49	0.59	0.29	0.23	0.53	0.3	0.22	0.22	0.46	0	1.21	0.7	0.44	0.54	0.28	0.45	0.22	0.13	0.16	0.45	0.3	0.19	0.22	0.96	0.3	0.33	0.57	0.53	0.88	0.25
0.48	0.98	0.1	0.07	0.13	0.47	0.12	0.87	0.03	1.36	0.12	2.81	0.94	0.44	0.34	0.21	0.43	0.53	0.63	0.43	0.09	0.53	0.2	0.42	0.52	0.05	0.06	0.41	0.12	0.01	0.41	0.37	0.05	0.12	0.46	0.5	0.02	0.59	0.49	0.39	0.19	0.99	0.04	0.11	0.35	0.97	0.22	0.15	0.33	0.96	0.03	0.2	0.03	0.55	0.01	0.11	0.44	0.54	0.15	0.11	0.44	0.14	0.43	0.43	0.15	0.42	0.07	0.6	0.42	0.43	0.08	0.41	0.13	0.9	0.4	0.13	0.15	0.17	0.5	0	0.03	0.49	0.01	0.42	0.28	0.48	0.19	0.18	0.11	0.04	0.13	0.3	0	0.66	0.07	0.04	0.45	0.04	0.27
0.35	0.04	0.48	0.68	0.13	0.43	0.12	0.47	0.02	1.38	0.39	14	0.03	0.29	0.36	0.44	0.16	0.21	0.34	0.04	0.06	0.16	0.2	0.15	0.16	0.03	0.05	0.44	0.13	0.04	0.44	0.24	0.05	0.33	0.05	0.2	0.04	0.48	0.1	0.56	0.05	0.45	0.32	0.17	0.45	0.55	0.3	0.29	0.33	0.13	0.04	0.32	0.04	0.45	0.49	0.12	0.05	0.04	0.17	0.12	0.03	0.12	0.05	0.23	0.26	0.16	0.06	0.14	0.07	0.06	0.24	0.45	0.43	0.28	0.04	0.14	0.23	0.29	0.46	0.03	0	0.14	0.03	0.45	0.29	0.16	0.2	0.15	0.16	0.01	0.14	0.3	0.03	0.35	0.27	0.42	0.3	0.04	1.35
0.03	0.16	0.19	0.34	1.02	0.52	0.06	0.46	0.17	0.75	0.45	12.9	0.4	0.14	0.19	0.04	0.45	1.13	0.2	0.16	0.16	0.12	0.06	0.06	0.36	0.17	0.46	0.16	0.53	0.16	0.03	0.03	0.47	0.08	0.15	0.05	0.15	0.23	0.04	0.01	0.47	0.02	0.16	0.21	0.06	0.98	0.24	0.21	0.58	0.11	0.17	0.35	0.17	0.07	0.15	0.28	0.14	0.14	0.3	0.04	0.16	0.04	0.15	0.2	0	0.06	0.42	0.04	0.18	0.18	0.49	0.06	0.46	0.19	0.38	0.03	0.02	0.04	0.19	0.14	0.49	0	0.37	0.05	0.21	0.04	0.05	0.07	0.06	0.14	0.04	0.57	0.15	0.54	0.18	0.37	0.19	0.14	0.42
0.47	0.05	0.47	0.08	0.31	0.48	0.48	0.06	0.04	0.3	0.13	1.45	0.15	0.06	0.35	0.21	0.08	0.49	0.34	0.04	0.5	0.15	0.55	0.14	0.44	0.4	0.4	0.08	0.4	0.1	0.12	0.4	0.06	0.13	0.08	0.53	0.42	0.4	0.41	0.16	0.05	0.13	0.05	0.51	0.43	0.18	0.41	0.22	0.91	0.41	0.25	0.22	0.04	0.16	0.41	0.11	0.06	0.04	0.41	0.12	0.04	0.25	0.06	0.42	0.15	0.19	0.07	0.12	0.42	0.07	0.42	0.14	0.13	0.42	0.04	0.42	0.16	2.52	0.31	0.01	0.42	0.15	0	0.27	0.28	0.14	0.43	0.38	0.12	0.04	0.32	0.43	0.01	0.34	0.42	0.08	0.43	0.22	0.54
0.07	0.18	0.21	0.22	0.06	0.23	0.07	0.21	0.16	0.56	0.47	1.53	0.46	0.2	0.18	0.02	0.47	0.58	0.17	0.21	0.2	0.07	0.04	0.08	0.07	0.17	0.21	0.21	0.24	0.93	0.39	0.03	0.2	0.06	0.19	0.9	0.17	0.19	0.4	0.4	0.21	0.09	0.5	0.1	0.09	0.41	0.2	0.42	0.15	0.07	0.36	0.42	0.18	0.27	0.19	0.08	0.19	0.18	0.06	0.09	0.17	0.42	0.21	0.3	0.4	0.01	0.22	0.45	0.22	0.4	0.4	0.08	0.4	0.1	0.41	0.09	0.41	0.03	0.42	0.52	0.17	0.21	0.19	0	0.2	0.1	0	0.04	0.24	0.18	0.12	0.12	0.42	0.15	0.63	0.26	0.43	0.2	0.42
0.46	0.27	0.26	0.29	0.15	0.57	0.21	0.28	0.67	2.22	0.21	14.2	0.65	0.29	0.43	0.4	0.29	0.42	0.71	0.88	0.23	0.22	0.27	0.15	0.2	0.29	0.28	0.91	0.41	0.44	0.44	0.23	0.28	0.41	0.52	0.25	0.26	0.41	0.17	0.41	0.71	0.2	0.27	0.62	0.55	0.81	0.08	0.38	0.39	0.42	0.82	0.58	0.25	0.19	0.66	0.21	0.28	0.26	0.24	0.22	0.27	1.09	0.28	0.07	0.18	0.16	0.29	0.21	0.29	0.29	0.39	0.19	0.9	0.35	0.52	0.51	0.43	0.24	0.37	0.52	0.29	0.31	0.45	0.2	0	0.43	0.25	0.17	0.22	0.66	0.63	0.38	0.63	0.41	0.29	0.66	0.29	0.51	1.83
0.46	0.9	0.16	0.16	0.1	0.31	0.04	0.12	0.1	1.42	0.03	10.9	0.13	0.15	0.23	0.07	0.46	0.27	0.24	0.1	0.41	0.04	0.46	0.05	0.37	0.46	0.47	0.5	0.57	0.13	0.23	0.47	0.16	0.14	0.14	0.67	0.16	0.1	0.16	0.03	0.14	0.01	0.12	0.04	0.31	0.09	0.53	0.49	0.61	0.01	0.13	0.09	0.12	4.93	0.54	0.03	0.48	0.4	0.08	0.04	0.12	0.27	0.41	0.22	0.04	0.07	0.14	0.03	0.42	0.52	0.47	0.05	0.94	0.33	0.12	0	0.04	0.45	0.22	0.13	0.27	0.03	0.75	0.09	0.28	0	0.46	0.09	0.03	0.46	0.05	0.66	0.36	0.46	0.14	0.14	0.17	0.12	1.15
0.08	0.59	0.21	0.58	0.06	0.44	0.08	0.19	0.17	1.24	0.08	4.25	0.19	0.4	0.18	0.26	0.61	0.18	0.91	0.2	0.18	0.08	0.04	0.41	0.43	0.19	0.92	0.42	0.25	0.38	0.08	1.12	0.43	0.06	0.17	0.01	0.2	0.63	0.08	0.09	0.23	0.44	0.19	0.11	0.45	0.6	0.54	0.52	0.15	0.07	0.51	0.04	0.19	0.45	0.45	0.08	0.2	0.37	0.03	0.09	0.21	0.23	0.21	0.19	0.05	0.2	0.48	0.27	0.23	0.21	0.19	0.09	0.58	0.1	0.43	0.1	0.1	0.02	0.13	0.48	0.19	0.35	0.22	0	0.25	0.1	0	0.04	0.08	0.18	0.08	0.27	0.19	0.15	0.5	0.5	0.49	0.78	0.51
0.04	0.17	0.18	0.41	0.09	0.27	0.04	0.41	0.41	1	0.06	1.45	0.48	0.48	0.22	0.34	0.48	0.48	0.2	0.15	0.18	0.08	0.48	0.04	0.04	0.53	0.48	0.18	0.22	0.19	0.07	0.09	0.48	0.03	0.15	0.04	0.16	0.61	0.05	0.06	0.16	0.08	0.17	0.07	0.04	0.37	0.44	0.48	0.18	0.08	0.45	0.08	0.26	0.09	0.48	0.08	0.17	0.19	0.1	0.08	0.48	0.08	0.18	0.15	0.06	0.31	0.53	0.05	0.18	0.48	0.16	0.04	0.11	0.15	0.18	0.09	0.06	0.03	0.38	0.17	0.15	0.12	0.58	0.48	0.17	0.09	0.04	0	0.08	0.15	0.25	0.15	0.18	0.58	0.19	0.15	0.19	0.19	0.26
0.02	0.1	0.16	0.4	0.44	0.63	0.28	0.11	0.1	0.5	0.02	10	0.45	0.11	0.24	0.07	0.14	0.65	0.22	0.09	0.16	0.23	0.32	0.04	0.04	0.11	0.3	0.45	0.18	0.12	0	0.05	0.13	0.09	0.46	0.46	0.08	0.09	0.01	0.04	0.12	0.03	0.34	0.01	0.04	0.11	0.26	0.77	0.48	0.01	0.09	0.08	0.19	0.06	0.23	0.01	0.12	0.1	0.05	0.01	0.11	0.78	0.12	0.16	0.04	0.08	0.13	0.02	0.14	0.12	0.1	0.04	0.11	0.19	0.1	0.04	0.04	0.21	0.48	0.11	0.14	0.17	0.58	0.08	0.22	0.03	0.4	0.07	0	0.13	0.03	0.2	0.46	0.23	0.13	0.14	0.13	0.12	1.52
0.12	0.35	0.44	0.92	0.13	0.26	0.21	0.03	0	0.02	0.11	5.74	0.03	0.01	0.35	0.22	0.05	0.2	0.45	0.15	0.46	0.15	0.18	0.35	0.56	0.02	0.07	0.05	0.1	0.05	0.11	0.16	0.03	0.12	0.06	0.17	0.02	0.76	0.25	0.46	0.03	0.46	0.03	0.16	0.47	0.12	0.4	0.03	0.33	0.47	0.02	0.21	0.02	0.17	0.04	0.32	0.03	0.03	0.56	0.47	0.02	0.11	0.04	0.47	0.54	0.55	0.05	0.12	0.05	0.04	0.04	0.98	0.13	0.27	0.02	0.12	0.2	0.48	0.4	0.15	0.01	0.48	0.3	0.48	0.27	0.12	0.19	0.48	0.1	0	0.48	0.29	0.04	0.67	0.63	0.03	0.05	0.15	0.39
0.02	0.48	0.18	0.17	0.01	1.09	0.02	0.19	0.13	1.92	0.49	3.21	0.13	0.13	0.24	0.48	1.04	0.24	0.23	0.48	0.48	0.37	0.09	0.01	0.02	0.24	0.16	0.56	0.22	0.15	0.03	0.05	0.14	0.01	0.16	0.08	0.17	0.13	0.03	0.4	0.5	0.04	0.13	0.14	0.31	0.23	0.41	0.16	0.21	0.04	0.91	0.41	1.37	0.07	0.41	0.03	0.15	0.15	0.44	0.04	0.14	0.52	0.16	0.15	0.04	0.07	0.15	0.42	0.18	0.15	0.16	0.01	0.08	0.19	0.14	0.04	0.09	0.21	0.43	0.14	0.39	0.04	0.4	0.07	0.14	0.04	0.44	0.04	0.03	0.12	0	0.51	0.13	0.58	0.17	0.44	0.44	0.26	0.57
0.19	0.29	0.68	0.65	0.17	0.48	0.19	0.35	0.47	2.95	0.47	11.1	0.3	0.28	0.22	0.43	0.43	0.43	0.05	1.03	0.31	0.19	0.3	1.44	0.18	0.43	0.31	0.57	0.63	0.31	0.53	0.14	0.3	0.43	0.46	0.12	0.43	0.72	0.17	0.21	0.69	0.44	0.56	1.5	0.44	0.22	0.95	0.36	0.44	0.56	0.64	0.44	0.54	0.22	0.52	0.43	0.45	0.31	0.43	0.28	0.3	0.53	0.31	0.93	0.17	0.43	0.32	0.93	0.32	0.53	0.42	0.19	0.93	0	1.13	0.2	0.21	0.13	0.43	0.73	0.33	0.43	0.43	0.12	0.63	0.43	0.53	0.15	0.93	0.3	0.44	0	0.43	0.03	0.56	0.31	0.35	0.43	0.43
0.16	0.44	0.17	1.18	0.45	0.35	0.45	0.05	0.03	1.13	0.12	5.37	0	0.33	0.7	0.21	0.07	0.86	0.34	0.07	0.09	0.15	0.46	0.14	0.14	0.05	0.06	0.07	0.12	0.01	0.46	0.16	0.05	0.22	0.07	0.57	0.03	0.07	0.11	0.16	0.43	0.42	0.04	0.11	0.47	0.13	0.48	0.13	0.47	0.5	0.03	0.21	0.04	0.16	0.01	0.2	0.05	0.04	0.16	0.12	0.04	0.88	0.06	0.22	0.15	0.48	0.07	0.12	0.08	0.06	0.04	0.46	0.14	0.49	0.43	0.49	0.15	0.49	0.31	0	0.21	0.49	0.01	0.18	0.45	0.5	0.19	0.18	0.6	0.32	0.37	0.5	0	0.4	0.07	0.09	0.17	0.05	0.6
0.6	0.7	0.34	0.51	0.37	0.4	0.41	0.44	0.32	1.61	0.41	6.88	0.34	0.37	0.46	0.17	0.86	0.06	0.05	0.34	0.33	0.22	0.47	0.41	0.97	0.32	0.35	0.36	0.38	0.63	0.47	0.48	0.48	0.21	0.32	0.15	0.33	0.74	0.22	0.22	0.36	0.22	0.69	0.49	0.38	0.81	0.35	0.55	0.53	0.5	0.97	0.18	0.4	0.6	0.75	0.23	0.7	0.6	0.19	0.23	1.58	0.25	0.35	0.41	0.6	0.14	0.36	0.92	0.75	0.35	0.42	0.23	0.24	0.03	0.36	0.22	0.43	0.16	0.63	0.47	0.37	0.2	0.43	1.03	1.04	0.53	0.15	0.22	0.24	0.44	0.23	0.44	1.17	0	0.36	0.44	0.78	0.74	0.4
0.15	0.04	0.41	0	0.17	0.51	0.15	0.05	0.37	0.49	0.14	14.2	0.47	0.08	0.4	0.9	0.08	0.22	0.64	0.05	0.4	0.17	0.23	0.16	0.4	0.08	0.02	0.07	0.13	0.41	0.41	0.2	0.05	0.51	0.07	0.36	0.05	0.04	0.13	0.23	0.05	0.15	0.04	0.92	0.26	0.22	0.23	0.93	0.37	0.13	0.05	0.24	0.42	0.18	0.08	0.14	0.05	0.05	0.19	0.13	0.07	0.43	0.02	0.29	0.18	0.54	0.03	0.31	0.03	0.44	0.06	0.52	0.49	0.31	0.75	0.15	0.47	0.47	0.67	0.09	0.45	0.45	0.08	0.21	0.46	0.56	0.21	0.18	0.14	0.05	0.17	0.56	0.37	0.37	0	0.05	0.11	0.05	1.47
0.2	0.21	0.49	0.05	0.13	0.26	0.49	0.03	0.2	0.12	0.12	1.9	0.04	0.04	0.37	0.46	0.05	0.19	0.23	0.02	0.06	0.45	0.19	0.15	0.47	0	0.03	0.05	0.47	0.06	0.47	0.17	0.03	0.13	0.04	0.21	0.02	0.05	0.11	0.21	0.49	0.5	0.02	0.12	0.83	1.14	0.21	1	0.5	0.09	0.02	0.5	0.4	0.18	0.05	0.1	0.32	0.4	0.15	0.11	0.03	0.41	0.04	0.21	0.16	0.41	0.13	0.41	0.05	0.41	0.03	0.35	0.62	0.42	0.03	0.13	0.23	0.17	0.32	0.04	0.36	0.52	0.05	0.52	0.63	0.12	0.43	0.21	0.1	0.17	0.43	0.39	0.04	0.35	0.05	0	0.05	0.02	0.19
0.14	0.04	0.1	0.01	0.4	0.24	0.71	0.05	0.05	1.51	0.26	1.5	0.07	0.08	0.58	0.24	0.04	0.25	0.49	0.14	0.09	0.54	0.24	0.48	0.16	0.14	0.02	0.07	0.48	0.08	0.15	0.5	0.05	0.15	0.07	0.49	0.05	0.29	0.35	0.4	0.41	0.51	0.04	0.41	0.23	0.17	0.42	0.4	0.72	0.43	0.05	0.92	0.04	0.42	0.07	0.14	0.05	0.43	0.96	0.53	0.43	0.74	0.02	0.23	0.65	0.19	0.04	0.48	0.03	0.44	0.44	0.18	0.44	0.64	0.45	0.43	0.45	0.19	1.75	0.45	0.06	0.18	0.45	0.45	0.29	0.14	0.22	0.18	0.34	0.19	0.44	0.33	0.07	0.46	0.21	0.05	0	0.04	0.22
0.11	0.14	0.1	0.05	0.47	0.47	0.14	0.03	0.03	2.28	0.15	6.3	0.04	0.04	0.36	0.22	0.04	0.22	0.48	0.12	0.35	0.16	0.22	0.16	0.15	0	0.03	0.05	0.49	0.38	0.49	0.46	0.03	0.13	0.44	0.59	0.02	0.02	0.1	0.21	0.49	0.12	0.01	1.64	0.39	0.33	0.6	0.37	0.33	0.8	0.4	0.43	0.01	0.17	0.4	0.5	0.03	0.01	0.51	0.11	0.03	0.5	0.03	0.41	0.16	0.41	0.04	0.12	0.05	0.04	0.42	0.15	0.16	0.28	0.3	0.12	0.58	0.17	0.42	0.34	0.42	0.42	0.05	0.52	0.27	0.14	1.02	0.16	0.42	0.03	0.16	0.42	0.05	0.39	0.05	0.02	0.42	0	0.32
1	0.19	0.61	0.59	0.51	0.51	0.51	0.6	0.41	1.01	0.42	1.36	0.42	0.21	0.5	0.42	0.42	0	0.04	0.18	0.93	0.22	0.42	0.43	0.64	0.21	0.46	0.43	0.44	0.33	0.44	0.17	0.2	0.44	0.52	0.16	0.18	0.37	0.23	0.24	0.45	0.24	0.52	0.25	0.29	0.82	0.34	0.47	0.68	0.5	0.48	0.47	0.18	0.28	0.68	0.23	0.2	0.58	0.17	0.23	0.2	0.28	0.2	0.34	0.5	0.49	0.56	0.22	0.6	0.4	0.19	0.22	0.9	0.42	0.19	0.24	0.24	0.41	0.41	0.42	0.21	0.52	0.27	0.15	0.43	0.46	0.15	0.48	0.23	0.2	0.43	0.93	0.27	0.23	0.95	0.19	0.95	0.49	0
