0	0.45	0.15	0.17	0.02	0.66	0	0.19	0.1	0.13	0.01	13.3	0.4	0.49	0.25	0.09	0.48	0.25	0.23	0.49	0.13	0.04	0.09	0.03	0.03	0.1	0.49	0.5	0.39	0.49	0.22	0.04	0.12	0.02	0.19	0.07	0.11	0.13	0.5	0.1	0.12	0.29	0.42	0.42	0.03	0.11	0.9	0.7	0.49	0.21	0.11	0.3	0.11	0.06	0.16	0.01	0.13	0.9	0.26	0.1	0.1	0.4	0.14	0.4	0.03	0.14	0.91	0	0.14	0.13	0.13	0.03	0.41	0.18	0.1	0.05	0.61	0.41	0.41	0.12	0.12	0.05	0.41	0.07	0.21	0.35	0.08	0.05	0.41	0.11	0.41	0.19	0.12	0.91	0.16	0.12	0.14	0.11	0.62
0.45	0	0.45	0.45	0.13	0.24	0.11	0.02	0.21	0.03	0.93	5.92	0.13	0.02	0.37	0.48	0.04	0.19	0.98	0.48	0.18	0.15	0.2	0.13	0.48	0.01	0.03	0.04	0.32	0.05	0.1	0.16	0.02	0.13	0.04	0.21	0.02	0.02	0.1	0.24	0.02	0.49	0.03	0.36	0.49	0.79	0.48	0.4	0.59	0.41	0.48	0.52	0.01	0.48	0.49	0.48	0.13	0.02	0.49	0.12	0.02	0.49	0.03	0.21	0.15	0.49	0.34	0.11	0.04	0.27	0.03	0.13	0.49	0.26	1.09	0.59	0.49	0.45	0.8	0.04	0.04	0.15	0.05	0.18	0.67	0.11	0.5	0.18	0.1	0.02	0.14	0.48	0.09	0.32	0.04	0.4	0.4	0.29	0.19
0.15	0.26	0	0.1	0.16	0.36	0.15	0.51	0.14	0.1	0.18	9.68	0.17	0.37	0.92	0.42	0.16	0.72	0.6	0.08	0.11	0.17	0.37	0.43	0.27	0.13	0.1	0.43	0.15	0.41	0.42	0.42	0.1	0.42	0.09	0.22	0.08	0.47	0.42	0.45	0.09	0.15	0.09	0.16	0.39	0.17	0.42	0.34	0.36	0.14	0.08	0.23	0.42	0.24	0.45	0.32	0.42	0.42	0.22	0.14	0.09	0.68	0.1	0.43	0.19	0.21	0.42	0.43	0.16	0.11	0.17	0.17	0.43	0.43	0.07	0.23	0.57	0.22	0.63	0.09	0.43	0.21	0.24	0.94	0.63	0.18	0.21	0.18	0.16	0.43	0.17	0.32	0.1	0.74	0.35	0.09	0.26	0.1	1.1
0.8	0.5	0.4	0.41	0.4	0.29	0.4	0.05	0.05	0.41	0.91	5.57	0.45	0.26	0.39	0.51	0.03	0.46	0.29	0.74	0.1	0.18	0.22	0.43	0.46	0.37	0.47	0.48	1.48	0.97	0.13	0.58	0.05	0.17	0.11	0.48	0.17	0.06	0.48	0.58	0.05	0.15	0.04	0.49	0.99	0.15	0.59	0.5	0.35	0.4	0.05	0.23	0.6	0.21	0.4	0.13	0.6	0.4	0.44	0.5	0.07	0.4	0.31	0.24	0.17	0.41	0.17	0.41	0.03	0.91	0.06	0.21	0.41	0.34	0.06	0.16	0.62	0.22	0.32	0.73	0.07	0.17	0.08	0.43	0.43	0.43	1.14	0.2	0.13	0.06	0.16	0.44	0.07	0.38	0	0.65	0.01	0.46	0.55
0.02	0.14	0.55	0.45	0	0.29	0.02	0.13	0.11	0.16	0.42	1.29	0.13	0.12	0.28	0.13	0.44	0.23	0.22	0.14	0.16	0.09	0.47	1.96	0.01	0.12	0.45	0.15	1	0.19	0.1	0.1	0.15	0.47	0.13	0.36	0.44	0.89	0.35	0.48	0.13	0.08	0.13	0.49	0.07	0.5	0.16	0.32	0.3	0.04	0.25	0.11	0.43	0.09	0.13	0.42	0.14	0.14	0.42	0.1	0.12	0.83	0.15	0.18	0.09	0.06	0.15	0.02	0.43	0.16	0.15	0.02	0.48	0.45	0.46	0.09	0.09	0.05	0.24	0.13	0.13	0.08	0.13	0.08	0.15	0.1	0.15	0.49	0.1	0.12	0.01	0.17	0.49	0.27	0.17	0.16	0.15	0.15	0.41
0.62	0.54	0.64	0.22	0.29	0	0.3	0.24	0.24	0.24	0.44	12.1	0.62	0.6	0.12	0.41	0.22	0.11	0.4	0.27	0.3	0.4	0.27	0.3	0.3	0.24	0.41	0.52	2.04	0.27	0.42	0.25	0.24	0.29	0.29	0.23	0.42	0.24	0.29	0.46	0.23	0.3	0.23	0.73	0.3	0.46	0.42	0.56	0.36	0.29	0.46	0.46	0.23	0.35	0.27	0.31	0.24	0.62	0.26	0.32	0.26	0.32	0.44	0.42	0.57	0.22	0.44	0.31	0.22	0.25	0.47	0.3	0.55	0.47	0.26	0.47	0.32	0.67	0.51	0.54	0.67	0.28	0.47	0.23	0.48	0.32	0.25	0.43	0.43	0.24	0.3	0.12	0.26	0.16	0.22	0.25	0.45	0.24	0.16
0	0.26	0.15	0.55	0.02	0.51	0	0.13	0.35	0.17	0.09	8.43	0.12	0.4	0.3	0.38	0.15	0.25	0.23	0.35	0.4	0.4	0.4	0.4	0.03	0.1	0.13	0.46	0.38	0.24	0.02	0.04	0.5	0.02	0.11	0.07	0.47	0.4	0.08	0.1	0.13	0.03	0.4	0.03	0.4	0.02	0.47	0.71	0.22	0.02	0.23	0.08	0.12	0.41	0.12	0.41	0.13	0.71	0.41	0.02	0.13	0.8	0.14	0.15	0.03	0.14	0.16	0	0.15	0.42	0.11	0.03	0.44	0.41	0.1	0.41	0.1	0.06	0.51	0.41	0.15	0.41	0.13	0.46	0.58	0.42	0.08	0.19	0.02	0.11	0.02	0.45	0.41	0.23	0.42	0.41	0.13	0.41	0.23
0.27	0.4	0.3	0.05	0.13	0.24	0.14	0	0.02	0	0.49	1.48	0.05	0.03	0.62	0.21	0.05	0.56	0.29	0.62	0.42	0.15	0.21	0.14	0.42	0.03	0.03	0.02	0.43	0.06	0.12	0.45	0.42	0.4	0.05	0.19	0.03	0.16	0.25	0.21	0.43	0.11	0.02	0.42	0.51	0.25	0.22	0.45	0.96	0.45	0.34	0.46	0.02	0.16	0.06	0.11	0	0.03	0.17	0.11	0.04	0.35	0.03	0.22	0.77	0.16	0.05	0.15	0.05	0.01	0.04	0.37	0.14	0.47	0.06	0.49	0.23	0.19	0.68	0.05	0.28	0.17	0.1	0.49	0.28	0.13	0.19	0.17	0.48	0.03	0.14	0.94	0.44	0.48	0.1	0.02	0.32	0.03	0.45
0.1	0.02	0.07	0.06	0.11	0.24	0.12	0.02	0	0.02	0.1	6.01	0.12	0.01	0.71	0.46	0.05	0.19	0.46	0.02	0.06	0.13	0.18	0.46	0.56	0.01	0.04	0.13	0.46	0.04	0.46	0.17	0.03	0.13	0.06	0.46	0.02	0.02	0.1	0.66	0.41	0.1	0.02	0.13	0.39	0.46	0.21	0.6	0.31	0.18	0.14	0.19	0.47	0.47	0.04	0.12	0.02	0.03	0.29	0.4	0.02	0.58	0.28	0.21	0.14	0.17	0.04	0.1	0.05	0.03	0.03	0.15	0.12	0.49	0.02	0.26	0.19	0.17	0.4	0.03	0.02	0.4	0.04	0.5	0.37	0.1	0.19	0.14	0.1	0	0.41	0.31	0.03	0.48	0.05	0.9	0.05	0.21	0.27
0.49	0.02	0.1	0.18	0.13	0.24	0.4	1.5	0.24	0	0.23	5.34	0.05	0.03	0.62	0.21	0.05	0.21	0.33	0.44	0.06	0.49	0.19	0.14	0.14	0.25	0.1	0.02	1.39	0.06	0.11	0.33	0.4	0.14	0.87	0.19	0.03	0.6	0.14	0.21	0.28	0.18	0.02	0.41	0.36	0.23	0.23	0.13	0.45	0.11	0.05	0.3	0.02	0.18	0.07	0.13	0	0.03	0.58	0.13	0.03	0.42	0.03	0.22	0.15	0.16	0.04	0.35	0.11	0.02	0.43	0.16	0.54	0.3	0.04	0.93	0.55	0.99	0.32	0.79	0.05	0.38	0.06	0.2	0.65	0.13	0.44	0.17	0.12	0.31	0.3	0.31	0.08	0.35	0.05	0.02	0.05	0.09	0.2
0.01	0.29	0.39	0.37	0.02	0.31	0.31	0.12	0.44	0.12	0	3.85	0.12	0.11	0.46	0.1	0.21	0.25	0.23	0.15	0.12	0.03	0.23	0.17	0.13	0.11	0.14	0.14	0.46	0.46	0.01	0.43	0.14	0.02	0.11	0.08	0.12	0.11	0.01	0.03	0.14	0.24	0.13	0.26	0.47	0.65	0.15	1.17	0.22	0.25	0.32	0.07	0.13	0.07	0.2	0.01	0.17	0.43	0.03	0.02	0.12	0.74	0.13	0.15	0.03	0.28	0.48	0.01	0.58	0.25	0.14	0.03	0.02	0.18	0.55	0.48	0.03	0.07	0.2	0.49	0.49	0.19	0.12	0.08	0.49	0.03	0.08	0.06	0.02	0.14	0.03	0.49	0.49	0.5	0.16	0.13	0.15	0.5	0.23
0.84	0.32	0.92	5.34	1.88	3.49	0.21	1.69	1.48	4.11	1.85	6.43	1.93	0.4	0.55	5.86	3.17	2.74	4.61	1.18	0.76	1.55	9.57	0.51	0.94	5.14	0.31	0.75	1.76	1.96	6.81	3.28	1.46	0.95	0.84	2.24	1.67	3.75	4.95	0.93	2.23	10.5	0.55	1.16	1.39	9.95	0.32	0.75	0.85	1.74	3.17	0.19	0.32	1.48	9.56	2.03	0.34	1.56	1.01	3.03	0.49	1.74	10.2	0.32	0.2	0.99	0.47	1.17	1.87	10.2	0.71	2.6	0.24	1.75	1.57	1.34	1.51	4.45	1.65	0.4	0.83	2.22	0.33	14	0.49	8.3	4.55	0.17	1.52	2.35	0.2	2.43	2.4	1.81	0.34	0.32	1.96	7.78	3.53
0.11	0.04	0.09	0.08	0.13	0.26	0.92	0.42	0.03	0.05	0.11	3.12	0	0.23	0.5	0.2	0.41	0.2	0.33	0.03	0.41	0.14	0.2	0.14	0.61	0.05	0.07	0.07	0.12	0.01	0.41	0.15	0.05	0.12	0.44	0.22	0.91	0.03	0.11	0.15	0.42	0.42	0.42	0.1	0.14	0.13	0.38	0.28	0.33	0.18	0.41	0.43	0.03	0.43	0.01	0.1	0.43	0.04	0.43	0.11	0.22	0.63	0.06	0.22	0.32	0.73	0.07	0.26	0.22	0.06	0.22	0.33	0.43	0.42	0.03	0.14	0.15	0.81	0.3	0.29	0.03	0.14	0.01	0.18	0.46	0.12	0.18	0.17	0.11	0.04	0.13	0.69	0	0.46	0.1	0.04	0.07	0.13	0.47
0.1	0.02	0.96	0.13	0.21	0.48	0.11	0.03	0.01	0.03	0.12	6.17	0.17	0	0.36	0.55	0.05	0.22	0.34	0.04	0.33	0.14	0.35	0.49	0.12	0.21	0.46	0.05	0.45	0.06	0.11	0.45	0.03	0.12	0.38	0.45	0.03	0.35	0.19	0.19	0.04	0.12	0.04	0.15	0.13	0.46	0.23	0.24	0.34	0.25	0.47	0.56	0.04	0.47	0.06	0.11	0.38	0.04	0.14	0.83	0.01	1.28	0.35	0.23	0.16	0.48	0.04	0.4	0.05	0.04	0.05	0.13	0.11	0.49	0.02	0.14	0.21	0.17	0.31	0.05	0.4	0.17	0.33	0.18	1.14	0.12	0.19	0.16	0.14	0.01	0.41	0.31	0.05	0.52	0.41	0.24	0.08	0.41	0.34
0.25	0.65	0.37	0.45	0.28	0.12	0.46	0.38	0.35	0.71	0.25	1.11	0.59	0.35	0	0.16	0.78	0.16	0.7	0.38	0.37	0.44	0.42	0.44	0.25	0.47	0.39	0.41	0.45	0.35	0.45	0.18	1.15	0.27	0.59	0.18	0.37	0.65	0.26	0.27	0.45	0.56	0.38	0.3	0.45	0.43	0.37	0.66	0.06	0.24	0.66	0.18	0.37	0.37	0.45	0.55	0.76	0.48	0.41	0.23	0.46	0.46	0.37	0.37	0.19	0.47	0.4	0.25	0.39	0.66	0.37	0.25	0.27	0.47	0.37	0.23	0.27	0.48	0.41	0.69	0.36	0.21	0.35	0.18	0.43	0.25	0.18	0.22	0.32	0.47	0.24	0.23	0.47	0.32	0.46	0.38	0.4	0.49	0.25
0.1	0.21	0.22	0.47	0.47	0.25	0.09	0.21	0.19	0.25	0.1	11.5	0.47	0.22	0.16	0	0.24	0.2	0.17	0.2	0.2	0.58	0.14	0.48	0.09	0.21	0.88	0.23	0.26	0.21	0.08	0.03	0.33	0.12	0.48	0.03	0.48	0.36	0.49	0.11	0.23	0.06	0.22	0.13	0.8	0.13	0.55	0.89	0.17	0.4	0.26	0.03	0.23	0.1	0.7	0.47	0.23	0.21	0.03	0.08	0.2	0.22	0.23	0.41	0.04	0.19	0.41	0.25	0.23	0.23	0.51	0.09	0.72	0.13	0.2	0.4	0.42	0.42	0.25	0.2	0.21	0.04	0.21	0.42	0.27	0.42	0.1	0.08	0.08	0.49	0.09	0.93	0.49	0.43	0.26	0.53	0.39	0.21	0.39
0.55	0.36	0.11	0.03	0.15	0.34	0.14	0.07	0.05	0.05	0.28	5.98	0.07	0.05	0.73	0.5	0	0.22	0.47	0.05	0.08	0.37	1	0.58	0.18	0.17	0.02	0.07	1.47	0.08	0.2	0.49	0.05	0.16	0.06	0.21	0.05	0.27	0.13	0.49	0.05	0.49	0.04	0.16	0.18	0.49	0.58	0.3	0.7	0.12	0.17	0.22	0.38	0.4	0.47	0.14	0.05	0.04	0.31	0.4	0.05	0.42	0.4	0.54	0.2	0.18	0.03	0.14	0.03	0.07	0.08	0.18	0.41	0.41	0.24	0.14	0.26	0.41	0.33	0.07	0.07	0.18	0.08	0.4	0.29	0.14	0.47	0.42	0.42	0.05	0.16	0.35	0.43	0.61	0.28	0.12	0.24	0.05	0.22
0.63	0.19	0.47	0.73	0.24	0.11	0.25	0.22	0.58	0.2	0.98	9.67	0.48	0.21	0.16	0.2	0.3	0.01	0.04	0.18	0.36	0.25	0.48	0.24	0.24	0.59	0.2	0.22	1.07	0.24	0.26	0.2	0.2	0.23	1.55	0.18	0.18	0.18	0.49	0.27	0.19	0.5	0.19	0.44	1.03	0.23	0.36	0.79	0.6	0.51	0.2	0.21	0.18	0.3	0.55	0.93	0.43	0.18	1.43	0.93	0.2	1.13	0.21	0.53	0.47	0.18	1.03	0.25	0.74	0.44	0.19	0.25	0.66	0.09	0.44	0.27	0.27	0.44	0.26	0.2	0.21	0.23	0.34	0.5	0.44	0.27	0.38	0.45	0.44	0.2	0.24	0.09	0.2	0.44	0.94	0.44	0.44	1.44	0
0.22	0.49	0.33	0.29	0.22	0.12	0.23	0.52	0.51	0.29	0.22	5.52	0.92	0.42	0.33	0.46	0.29	0.04	0	0.23	0.37	0.21	0.19	0.23	0.23	0.33	0.75	0.35	0.39	0.61	0.25	0.19	0.3	0.21	0.34	0.5	0.52	0.72	0.23	0.24	0.41	0.44	0.22	0.61	1.07	0.22	0.35	0.54	0.32	0.23	0.24	0.17	0.25	0.49	0.65	0.24	0.31	0.26	0.2	0.23	0.34	0.5	0.28	0.35	0.2	0.18	0.29	0.33	0.4	0.37	0.32	0.23	0.22	0.05	0.34	0.57	0.23	0.22	0.26	0.69	0.34	0.23	0.34	0.16	0.47	0.24	0.47	0.21	0.55	0.45	0.23	0.05	0.34	0.09	0.29	0.3	0.32	0.22	0.32
0.49	0.02	0.08	0.05	0.26	0.56	0.49	0.33	0.02	0.05	0.47	9.96	0.4	0.04	0.36	0.38	0.43	0.53	0.43	0	0.06	0.16	0.19	0.44	0.15	0.04	0.03	0.44	2.14	0.94	0.1	0.18	0.47	0.14	0.04	0.94	0.37	0.94	0.54	0.23	0.02	0.29	0.21	0.13	0.45	0.14	0.19	0.32	0.33	0.46	0.04	0.19	0.01	0.2	0.04	0.46	0.03	0.02	0.2	0.38	0.03	0.46	0.03	0.53	0.47	0.15	0.05	0.11	0.05	0.04	0.47	0.47	0.13	0.59	0.02	0.21	0.48	0.34	0.48	0.03	0.04	0.14	0.04	0.18	0.98	0.48	0.19	0.48	0.09	0.03	0.48	0.31	0.04	1.49	0.05	0.48	0.05	0.02	0.48
0.48	0.05	0.11	0.1	0.16	0.53	0.48	0.06	0.06	0.05	0.12	4.26	0.18	0.06	0.74	0.54	0.37	0.36	0.44	0.06	0	0.19	0.44	0.47	0.74	0.1	0.44	0.06	0.13	0.1	0.51	0.44	0.06	0.13	0.01	0.44	0.06	0.44	0.12	0.18	0.45	0.14	0.05	0.12	0.52	0.55	0.45	0.38	0.75	0.13	0.06	0.19	0.05	0.18	0.1	0.14	0.45	0.06	0.27	0.13	1.7	0.34	0.06	0.56	0.21	0.56	0.09	0.23	0.46	0.06	0.33	0.51	0.76	0.32	0.46	0.19	0.18	0.46	0.32	0.08	0.46	0.16	0.11	0.26	0.23	0.45	0.95	0.31	0.14	0.18	0.18	0.67	0.31	0.33	0.47	0.24	0.76	0.21	1.01
0.43	0.15	0.17	0.18	0.09	0.94	0.43	0.37	0.13	0.49	0.03	1.43	0.15	0.51	0.22	0.07	0.18	0.99	0.21	0.33	0.17	0	0.08	0.05	0.04	0.15	0.17	0.55	0.21	0.9	0.4	0.04	0.16	0.09	0.61	0.07	0.4	0.69	0.04	0.03	0.4	0.02	0.16	0.06	0.4	0.43	0.16	0.57	0.22	0.03	0.15	0.61	0.15	0.41	0.16	0.04	0.16	0.44	0.04	0.04	0.17	0.08	0.41	0.16	0.03	0.05	0.17	0.4	0.41	0.16	0.15	0.41	0.09	0.51	0.4	0.4	0.27	0.06	0.21	0.15	0.4	0.02	0.6	0.07	0.22	0.4	0.08	0.08	0.04	0.4	0.15	0.49	0.15	0.22	0.17	0.9	0.18	0.16	0.23
0.08	0.45	0.19	0.49	0.14	0.55	0.08	0.2	0.41	0.21	0.07	4.45	0.2	0.46	0.54	0.02	0.23	0.21	0.23	0.44	0.45	0.44	0	0.09	0.09	0.45	0.24	0.21	0.95	0.45	0.08	0.06	0.2	0.13	0.17	0.04	0.49	0.46	0.09	0.06	0.21	0.19	0.2	0.46	0.09	0.66	0.46	0.48	0.56	0.05	0.48	0.14	0.47	0.14	0.57	0.67	0.97	0.53	0.05	0.18	0.67	1.17	0.37	0.21	0.05	0.03	0.23	0.26	0.22	0.21	0.48	0.09	0.13	0.14	0.48	0.09	0.25	0.42	0.16	1.89	0.2	0.05	0.43	0.04	0.49	0.49	0.04	0.11	0.08	0.2	0.09	0.44	0.83	0.5	0.51	0.5	0.9	0.4	0.2
0.03	0.16	0.2	0.18	0.02	0.44	0.11	0.17	0.13	0.53	0.05	8.06	0.74	0.12	0.25	0.09	0.18	0.25	0.45	0.15	0.45	0.05	0.09	0	0.02	0.41	0.15	0.18	1.06	0.15	0.03	1.24	0.14	0.66	0.14	0.09	0.13	0.48	0.04	0.09	0.15	0.04	0.15	0.07	0.01	0.34	0.15	0.5	0.47	0.04	0.13	0.13	0.16	0.08	0.14	0.03	0.15	0.14	0.05	0.04	0.16	0.06	0.16	0.4	0.04	0.07	0.16	0.03	0.18	0.48	0.48	0.32	0.01	0.48	0.13	0.05	0.48	0.06	0.19	0.14	0.16	0.04	0.14	0.39	0.15	0.08	0.49	0.04	0.04	0.14	0.01	0.18	0.49	0.49	0.16	0.15	0.18	0.49	0.22
0.03	0.49	0.19	0.18	0.02	0.54	0.4	0.17	0.14	0.15	0.03	0.2	0.14	0.14	0.25	0.29	0.18	0.24	0.23	0.18	0.5	0.05	0.22	0.4	0	0.4	0.4	0.17	0.21	0.15	0.03	0.4	0.21	0.01	0.14	0.4	0.41	0.37	0.21	0.09	0.16	0.41	0.46	0.57	0.15	0.35	0.41	0.61	0.5	0.04	0.82	0.09	1.05	0.17	0.52	0.03	0.14	0.15	0.05	0.52	0.42	0.05	0.15	0.14	0.04	0.26	0.16	0.42	0.53	0.61	0.18	0.23	0.01	0.19	0.13	0.43	0.09	0.43	0.43	0.14	0.44	0.04	0.14	0.2	0.2	0.05	0.07	0.05	0.04	0.14	0.04	0.5	0.45	0.45	0.42	0.32	0.95	1.25	0.22
0.12	0	0.06	0.21	0.95	0.24	0.42	0.03	0.01	0.03	0.11	3.72	0.05	0.01	0.54	0.21	0.05	0.5	0.35	0.41	0.05	0.13	0.19	0.4	0.16	0	0.04	0.05	2	0.4	0.14	0.17	0.03	0.11	0.18	0.4	0.03	0.11	0.1	0.21	0.4	0.14	0.06	0.13	0.13	0.13	0.22	0.35	0.7	0.09	0.41	0.4	0.03	0.17	0.05	0.4	0.4	0.03	0.44	0.1	0.03	1.31	0.4	0.22	0.13	0.16	0.05	1.01	0.05	0.04	0.05	0.15	0.41	0.28	0.02	0.14	0.19	0.18	0.41	0.05	0.03	0.16	0.41	0.18	0.43	0.34	0.41	0.15	0.41	0.02	0.47	0.41	0.05	0.41	0.71	0.41	0.08	0	0.71
0.27	0.05	0.36	0.02	0.14	0.58	0.14	0.04	0.24	0.03	0.16	1.49	0.06	0.08	0.37	0.24	0.45	0.2	0.48	0.03	0.24	0.17	0.22	0.48	0.15	0.04	0	0.06	0.48	0.13	0.14	0.19	0.04	0.14	0.05	0.31	0.03	0.3	0.49	0.23	0.03	0.15	0.03	0.16	0.43	0.4	0.5	0.57	0.34	0.1	0.61	0.2	0.02	0.25	0.06	0.4	0.03	0.03	0.18	0.15	0.04	0.2	0	0.22	0.5	0.17	0.02	0.25	0.04	0.05	0.04	0.5	0.15	0.3	0.33	0.15	0.41	0.21	0.3	0.06	0.4	0.61	0.06	0.19	0.28	0.41	0.21	0.16	0.12	0.28	0.41	0.91	0.06	0.58	0.02	0.03	0.02	0.03	0.2
0.17	0.05	0.12	0.07	0.17	0.47	0.15	0.02	0.43	0.02	0.14	5.27	0.07	0.05	0.73	0.23	0.45	0.27	0.31	0.38	0.06	0.58	0.23	0.17	0.18	0.05	0.05	0	0.13	0.47	0.48	1.29	0.02	0.18	0.92	0.21	0.4	0.05	0.49	0.24	0.32	0.16	0.06	0.51	0.31	0.25	0.41	0.24	0.37	0.13	0.1	0.42	0.04	0.35	0.62	0.14	0.02	0.42	0.17	0.43	0.05	0.15	0.05	0.73	0.18	0.93	0.07	0.15	0.15	0.29	0.22	0.43	0.53	0.43	0.93	0.43	0.24	0.43	0.34	0.38	0.06	0.43	0.09	0.2	0.43	0.15	0.21	0.18	0.13	0.08	0.53	0.57	0.2	0.37	0.43	0.15	0.07	0.05	2.94
0.44	0.24	0.15	0.32	0.18	0.3	0.44	0.71	0.09	0.1	0.36	4.48	0.2	0.2	0.38	0.41	0.12	0.39	0.38	0.34	0.56	0.44	0.59	0.21	0.2	0.41	0.42	0.43	0	0.44	0.47	0.21	0.46	0.2	0.39	0.47	1.71	1.21	0.71	2.17	1.62	1.2	0.68	0.16	1.78	0.84	0.42	0.91	0.39	1.91	1.41	0.91	2.12	0.83	0.36	0.17	2.32	1.41	1.09	1.88	2.31	1.81	1.31	0.41	0.18	0.24	1.82	1.91	1.36	0.91	0.48	2.26	0.48	1.93	1.43	1.97	1.94	1.49	0.71	1.89	1.9	1.92	0.98	0.57	0.81	0.18	0.91	0.48	0.17	0.09	1.46	1.04	0.13	0.39	0.41	0.13	2.82	1.92	1.44
0.12	0.05	0.1	0.08	0.42	1.03	0.52	0.06	0.04	0.06	0.43	0.91	0.19	0.06	0.35	0.41	0.4	0.26	0.69	0.41	0.1	0.15	0.51	0.14	0.15	0.06	0.07	0.92	0.13	0	0.42	0.23	0.06	0.14	0.09	0.19	0.03	0.2	0.12	0.16	0.05	0.2	0.15	0.43	0.31	0.43	0.23	0.35	0.83	0.19	0.43	0.22	0.44	0.19	0	0.44	0.06	0.05	0.17	0.13	0.05	0.21	0.45	0.23	0.15	0.18	0.08	0.45	0.08	0.07	0.22	0.45	0.13	0.66	0.04	0.14	0.16	0.56	0.56	0.01	1.37	0.37	0	0.29	0.5	0.14	0.21	0.47	0.47	0.05	0.47	0.3	0.1	0.49	0.08	0.05	0.08	0.05	0.47
0.02	0.11	0.14	0.45	0.1	0.31	0.02	0.12	0.42	0.16	0.01	10.9	0.11	0.11	0.23	0.07	0.47	0.47	0.23	0.47	0.13	0.04	0.19	0.42	0.04	0.47	0.3	0.14	0.17	0.48	0	0.04	0.48	0.17	0.38	0.48	0.11	0.1	0.01	0.04	0.1	0.03	0.1	0.01	0.24	0.09	0.15	0.39	0.22	0.28	0.16	0.4	0.4	0.08	0.11	0.01	0.24	0.1	0.04	0	0.1	0.33	0.33	0.15	0.04	0.07	0.13	0.02	0.42	0.12	0.11	0.04	0.42	0.18	0.09	0.03	0.04	0.62	0.92	0.42	0.11	0.09	0.12	0.42	0.91	0.4	0.08	0.07	0	0.11	0.21	0.2	0.11	0.61	0.13	0.1	0.41	0.18	0.33
0.04	0.16	0.47	0.58	0.15	0.25	0.09	0.18	0.14	0.21	0.03	1.5	0.15	1.16	0.18	0.03	0.19	0.5	0.19	0.39	0.47	0.04	0.47	0.26	0.05	0.15	0.47	0.18	0.53	0.17	0.05	0	0.48	0.09	0.15	0.58	0.16	0.25	0.05	0.04	0.16	0.08	0.17	0.07	0.19	0.09	0.17	1.4	0.17	0.05	0.17	0.03	0.16	0.4	0.21	0.29	0.47	0.91	0	0.05	0.3	0.41	0.71	0.17	0.04	0.42	0.19	0.04	0.21	0.18	0.42	0.05	0.42	0.14	0.16	0.09	0.04	0.03	0.29	0.2	0.16	0.42	0.5	0.03	0.92	0.08	0.43	0.09	0.04	0.14	0.05	0.14	0.5	0.43	0.18	0.17	0.43	0.21	0.43
0.14	0.02	0.11	0.44	0.61	0.24	0.12	0.37	0.41	0.08	0.32	0.92	0.05	0.38	0.37	0.23	0.05	0.54	1.37	0.03	0.06	0.17	0.6	0.23	0.46	0.03	0.42	0.02	0.1	0.06	0.11	0.47	0	0.47	0.05	0.57	0.03	0.23	0.11	0.47	0.03	0.13	0.03	0.15	0.38	0.15	0.47	0.28	0.39	0.11	0.04	0.47	0.42	0.18	0.06	0.12	0.19	0.03	0.16	0.97	0.28	0.5	0.04	0.47	0.2	0.16	0.05	0.14	0.33	0.47	0.3	0.14	0.2	0.67	0.04	0.13	0.23	0.18	0.33	0.05	0.05	0.16	0.06	0.48	0.28	0.14	0.26	0.16	0.11	0.17	0.15	0.33	0.05	0.67	0.05	0.05	0.05	0.03	0.48
0.02	0.15	0.16	0.52	0	0.29	0.02	0.34	0.42	0.13	0.02	3.78	0.12	0.14	0.28	0.29	0.45	0.45	0.22	0.45	0.46	0.09	0.13	0.01	0.01	0.45	0.17	0.18	0.5	0.45	0.09	0.1	0.13	0	0.12	0.06	0.46	0.46	0.02	0.09	0.13	0.08	0.14	0.04	0.46	0.13	0.46	0.37	0.2	0.03	0.96	0.46	0.12	0.11	0.13	0.02	0.14	0.13	0.09	0.06	0.12	0.21	0.14	0.13	0.06	0.06	0.15	0.02	0.47	0.15	0.13	0.01	0.47	0.47	0.12	0.09	0.09	0.05	0.24	0.26	0.14	0.47	0.26	0.05	0.19	0.09	0.06	0.03	0.09	0.13	0.01	0.17	0.13	0.21	0.16	0.48	0.16	0.13	0.48
0.14	0.39	0.26	0.08	0.13	0.47	0.1	0.45	0.09	0.98	0.47	4.77	0.07	0.04	0.35	0.19	0.06	0.46	0.34	0.19	0.01	0.56	0.17	0.14	0.42	0.04	0.86	0.05	0.12	0.13	0.11	0.16	0.05	0.12	0	0.17	0.04	0.04	0.46	0.16	0.04	0.13	0.03	0.13	0.45	0.14	0.26	0.45	0.33	0.45	0.04	0.45	0.03	0.52	0.08	0.13	0.05	0.11	0.14	0.26	0.05	0.53	0.45	0.26	0.54	0.19	0.45	0.11	0.06	0.06	0.04	0.46	0.21	0.29	0.05	0.55	0.17	0.18	0.95	0.13	0.45	0.15	0.08	0.18	0.33	0.22	0.17	0.15	0.44	0.06	0.15	0.61	0.07	0.32	0.44	0.44	0.07	0.05	1.04
0.07	0.49	0.21	0.22	0.06	0.49	0.07	0.37	0.49	0.49	0.08	11.1	0.18	0.2	0.42	0.02	0.4	0.18	0.17	1.02	0.18	0.07	0.04	0.09	0.07	0.2	0.43	0.53	0.53	0.19	0.25	0.48	0.43	0.06	0.57	0	0.43	0.2	0.26	0.09	0.53	0.09	0.57	0.1	0.2	0.43	0.19	0.81	0.45	0.23	0.19	0.43	0.19	0.11	0.19	0.08	0.19	0.19	0.03	0.1	0.54	0.41	0.44	0.19	0.05	0.01	0.22	0.13	0.55	0.2	0.49	0.09	0.06	0.45	0.45	0.1	0.09	0.34	0.23	0.65	0.2	0.1	0.19	0.37	0.25	0.11	0.27	0.04	0.08	0.25	0.08	0.12	0.18	0.15	0.22	0.18	0.22	0.19	0.15
0.1	0.02	0.08	0.05	0.13	0.24	0.41	0.28	0.02	0.03	0.44	0.32	0.4	0.06	0.35	0.5	0.4	0.41	0.62	0.29	0.06	0.15	0.18	0.14	0.16	0.03	0.41	0.98	2	0.19	0.11	0.16	0.41	0.12	0.04	1.57	0	0.01	0.09	0.41	0.02	0.09	0.02	0.12	0.41	0.41	0.19	0.29	0.33	0.35	0.02	0.17	0.01	0.14	0.4	0.09	0.03	0.02	0.14	0.08	0.02	0.23	1.11	0.19	0.56	0.36	0.04	0.11	0.05	0.04	0.02	0.91	0.12	0.29	0.01	0.1	0.2	0.41	0.35	0.02	0.14	0.16	0.29	0.44	0.41	0.13	0.32	0.14	0.08	0.02	0.14	0.41	0.03	0.34	0.41	0.41	0.04	0.02	0.18
0.11	0.47	0.47	0.05	0.45	0.48	0.12	0.04	0.02	0.03	0.48	0.46	0.03	0.04	0.37	0.46	0.04	0.46	0.61	0.96	0.45	0.44	0.46	0.94	0.5	0.97	0.03	0.05	0.47	0.56	0.25	0.16	0.19	0.15	0.04	0.47	0.01	0	0.97	0.47	0.02	0.48	0.02	0.48	0.15	0.48	0.48	0.49	0.6	0.59	0.49	0.18	0.01	0.5	0.04	0.1	0.03	0.01	0.18	0.1	0.14	0.91	0.41	0.82	0.17	0.51	0.92	0.11	0.42	0.17	0.94	0.15	0.44	0.53	0.25	0.92	0.24	0.92	0.52	0.41	0.04	0.42	0.42	0.48	0.42	0.42	0.41	0.41	0.92	0.03	0.15	0.93	0.91	0.52	0.41	0.11	0.41	0.92	0.52
0.01	0.44	0.15	0.45	0.04	0.29	0.38	0.11	0.1	0.1	0.56	8.29	0.1	0.11	0.26	0.09	0.15	0.46	0.23	1.37	0.47	0.04	0.09	0.03	0.03	0.41	0.47	0.16	0.17	0.12	0.01	0.05	0.12	0.02	0.51	0.08	0.08	0.58	0	0.05	0.42	0.57	0.11	0.01	0.43	0.26	0.3	0.38	0.22	0.01	0.34	0.09	0.09	0.04	0.11	0.01	0.12	0.09	0.05	0.01	0.09	0.11	0.49	0.14	0.32	1.19	0.12	0.35	0.13	0.12	0.11	0.03	0.02	0.49	0.43	0.04	0.05	0.6	0.2	0.11	0.1	0.04	0.26	0.08	0.4	0.03	0.26	0.05	0.01	0.41	0.03	0.18	0.29	0.57	0.51	0.46	0.37	0.12	0.42
0.1	0.2	0.2	0.43	0.13	0.32	0.1	0.42	0.21	0.44	0.04	4.35	0.42	0.2	0.27	0.11	0.25	0.27	0.43	0.22	0.43	0.23	0.06	0.09	0.44	0.21	0.51	0.25	0.24	0.19	0.17	0.04	0.21	0.09	0.16	0.09	0.46	0.24	0.05	0	0.38	0.03	0.21	0.12	0.47	0.09	0.23	0.98	0.48	0.04	0.85	0.05	0.22	0.06	0.16	0.31	0.49	0.22	0.04	0.05	0.5	0.05	0.23	0.21	0.01	0.4	0.23	0.21	0.32	0.48	0.41	0.27	0.09	0.2	0.42	0.03	0	0.08	0.45	0.49	0.24	0.03	0.16	0.42	0.23	0.04	0.09	0.06	0.04	0.44	0.17	0.21	0.15	0.23	0.55	0.21	0.54	0.21	0.24
0.12	0.02	0.09	0.48	0.16	0.24	0.13	0.27	0.03	0.03	0.25	13	0.04	0.04	0.42	0.21	0.2	0.19	0.28	0.42	0.21	0.16	0.21	0.14	0.16	0.07	0.03	0.05	0.1	0.07	0.11	0.16	0.42	0.13	0.04	0.22	0.02	0.02	0.1	0.43	0	0.13	0.08	0.43	0.16	0.15	0.55	0.22	0.35	0.1	0.02	0.18	0.01	0.43	0.05	0.1	0.43	0.03	0.19	0.1	0.04	0.14	0.03	0.21	0.15	0.16	0.43	0.13	0.05	0.04	0.03	0.16	0.43	0.93	0.37	0.12	0.21	0.22	0.33	0.04	0.05	0.23	0.05	0.2	0.42	0.13	0.22	0.24	0.49	0.03	0.16	0.44	0.05	1.1	0.29	0.95	0.45	0.01	0.49
0.03	0.12	0.45	0.14	0.08	0.3	0.03	0.12	0.31	0.11	0.02	3.5	0.44	0.12	0.34	0.07	0.16	0.3	0.22	0.44	0.14	0.02	0.08	0.04	0.04	0.45	0.14	0.13	0.94	0.13	0.03	0.07	0.45	0.08	0.13	0.09	0.1	0.45	0.03	0.03	0.11	0.01	0.46	0.06	0.46	0.43	0.2	0.34	0.46	0.28	0.98	0.09	0.1	0.07	0.13	0.04	0.47	0.12	0.34	0.04	0.11	0.38	0.45	0.18	0.02	0.47	0.13	0.03	0.15	0.12	0.12	0.04	0.1	0.18	0.12	0.01	0.03	0.47	0.21	0.47	0.13	0.02	0.12	0.09	0.51	0.01	0.09	0.08	0.03	0.47	0.04	0.34	0.13	0.34	0.42	0.11	0.51	0.12	0.42
0.12	0.25	0.09	0.12	0.14	0.58	0.15	0.03	0.03	0.02	0.13	6.12	0.04	0.07	0.36	0.53	0.04	0.19	0.22	0.02	0.22	0.51	0.45	0.45	0.15	0.03	0.03	0.04	0.41	0.05	0.25	0.17	0.03	0.14	0.03	0.2	0.02	0.92	0.11	0.55	0.01	0.13	0	0.5	1.02	0.51	0.2	0.55	0.33	0.18	0.28	0.88	0	0.17	0.22	0.1	0.02	0.01	0.45	0.12	0.03	0.47	0.03	0.21	0.14	0.55	0.04	0.12	0.39	0.33	0.03	0.15	0.17	0.28	0.3	0.23	0.22	0.38	0.33	0.04	0.04	0.17	0.05	0.35	0.75	0.13	0.19	0.38	0.11	0.59	0.13	0.37	0.04	0.47	0.06	0.02	0.04	0.01	0.44
0.06	0.26	0.15	0.22	0.05	0.33	0.47	0.17	0.66	0.16	0.03	0.23	0.11	0.14	0.28	0.68	0.18	0.27	0.48	0.32	0.48	0.06	0.11	0.43	0.05	0.18	0.17	0.34	0.48	0.12	0.01	0.49	0.16	0.05	0.12	0.1	0.49	0.11	0	0.12	0.37	0.38	0.13	0	0.6	0.59	0.49	0.78	0.24	0.02	0.12	0.4	0.11	0.06	0.11	0	0.16	0.13	0.07	0.01	0.14	0.18	0.41	0.17	0.06	0.07	0.18	0.03	0.17	0.18	0.41	0.07	0.41	0.37	0.41	0.04	0.12	0.71	0.22	0.11	0.14	0.43	0.41	0.1	0.23	0.04	0.1	0.19	0.01	0.14	0.05	0.21	0.11	0.26	0.16	0.41	0.92	0.46	0.41
0.03	0.5	1	0.23	0.02	1	0.03	0.15	0.48	0.17	0.07	6.74	0.14	0.5	0.4	0.42	0.18	0.5	0.23	0.5	0.49	0.05	0.49	0.01	1	0.49	0.49	0.49	0.49	0.5	0.5	0.06	0.53	0.01	0.14	0.09	0.5	0.9	0.41	0.1	0.9	0.04	0.42	0.97	0.02	0.82	0.14	0.97	0.46	0.04	0.45	0.1	0.46	0.45	0.14	0.65	0.15	0.16	0.95	0.04	0.45	0.2	0.45	0.15	0.07	0.07	0.55	0.03	0.2	0.96	0.46	0	0.01	0.46	0.13	0.56	0.1	0.15	0.96	0.37	0.46	0.16	0.45	0.08	0.19	0.46	1.16	0.04	0.04	0.13	0.01	1.36	0.45	0.45	0.45	0.45	1.45	0.94	0.5
0.13	0.51	0.22	0.46	0.01	0.29	0.02	0.17	0.49	0.13	0.16	9.08	0.12	0.13	0.54	0.65	0.45	0.54	0.54	0.44	0.85	0.09	0.29	0.01	0.01	0.12	0.94	0.55	0.28	0.69	0.09	0.1	0.44	0.3	0.14	0.06	0.44	0.44	0.02	0.44	0.15	0.44	0.16	0.44	0.95	0	0.15	0.44	0.2	0.03	0.13	0.44	0.44	0.08	0.13	0.44	0.13	0.15	0.95	0.17	0.44	0.23	0.43	0.54	0.44	0.06	0.28	0.02	0.15	0.32	0.13	0.11	0	0.18	0.94	0.09	0.09	0.12	0.31	0.12	0.53	0.16	0.44	0.07	0.15	0.11	0.45	0.09	0.09	0.45	0.01	0.45	0.55	0.23	0.3	0.14	0.36	0.14	0.95
0.15	0.2	0.31	0.23	0.15	0.43	0.15	0.47	0.21	0.6	0.15	10	0.41	0.23	0.71	0.57	0.23	0.36	0.44	0.91	0.41	0.49	0.51	0.15	0.41	0.41	0.22	0.61	2.12	0.61	0.15	0.17	0.22	0.13	0.5	0.19	0.63	0.83	0.73	0.23	0.2	0.2	0.54	0.17	0.44	0.54	0	0.66	0.44	0.43	0.53	0.2	0.43	0.17	0.22	0.16	0.43	0.53	0.17	0.17	0.21	0.63	0.52	0.01	0.18	0.2	0.23	0.53	0.24	0.23	0.2	0.14	0.41	0.36	0.54	0.44	0.23	0.44	0.31	0.44	0.23	0.44	0.5	0.2	0.44	0.4	0.19	0.74	0.16	0.27	0.15	0.54	0.54	0.35	0.23	0.45	0.6	0.21	0.34
0.41	0.4	0.84	0.6	0.67	0.49	0.53	0.34	0.61	0.41	0.41	4.63	0.27	0.26	0.95	0.47	0.34	0.56	0.65	0.36	0.23	0.45	0.42	0.4	0.46	0.56	0.32	0.35	0.42	0.58	0.83	0.52	0.37	0.53	0.05	0.57	0.25	0.51	0.48	0.51	0.32	0.48	0.48	0.32	0.69	0.59	0.79	0	0.62	0.6	0.2	0.37	0.4	0.39	0.6	0.39	0.4	0.31	0.47	0.43	0.34	1.71	0.41	0.45	0.62	0.61	0.3	0.42	0.42	0.19	0.21	0.42	0.42	0.52	0.29	0.43	0.85	2.17	0.71	0.63	0.39	0.63	0.43	0.38	0.65	0.44	0.45	0.42	0.4	0.31	0.64	0.89	0.49	0.95	0.16	0.17	0.46	0.25	0.65
0.22	0.33	0.46	0.4	0.2	0.5	0.22	0.34	0.4	0.33	0.22	3.5	0.32	0.44	0.06	0.46	0.64	0.32	0.32	0.67	0.37	1.06	0.18	0.26	0.21	0.47	0.35	0.97	1.69	0.34	0.54	0.51	0.34	0.2	0.95	0.15	0.47	0.88	0.22	0.23	0.46	0.23	0.34	0.46	0.22	0.2	0.33	0.63	0	0.52	0.97	0.47	0.33	0.47	0.33	0.23	0.34	0.34	0.17	0.24	0.32	0.47	0.35	0.33	0.47	0.15	0.35	0.22	0.77	0.47	0.35	0.41	0.2	0.25	0.65	0.25	0.24	0.53	0.53	0.47	0.57	0.2	0.34	0.33	0.39	0.24	0.15	0.18	0.47	0.34	0.21	0.47	0.59	0.29	0.37	0.47	0.56	0.34	0.36
0.02	0.29	0.14	0.49	0.04	0.29	0.02	0.11	0.18	0.11	0.02	1.72	0.18	0.45	0.45	0.13	0.12	0.61	0.23	0.55	0.33	0.03	0.23	0.04	0.04	0.45	0.1	0.67	1.14	0.59	0.01	0.05	0.11	0.02	0.67	0.08	0.12	0.09	0.25	0.04	0.44	0.01	0.1	0.03	0.23	0.36	0.18	0.46	0.22	0	0.11	0.07	0.32	0.05	0.19	0.01	0.11	0.11	0.05	0.01	0.1	0.01	0.1	0.18	0.04	0.08	0.28	0.02	0.14	0.48	0.48	0.27	0.04	0.2	0.98	0.39	0.04	0.38	0.2	0.35	0.48	0.37	0.49	0.07	0.14	0.49	0.07	0.09	0	0.18	0.04	0.17	1.29	0.22	0.13	0.49	0.13	0.47	0.4
0.5	0.5	0.25	0.05	0.13	0.5	0.33	0.04	0.47	0.03	0.95	5.48	0.03	0.97	0.43	0.44	0.74	0.5	0.23	0.5	0.18	0.55	0.2	0.13	0.49	0.03	0.12	0.45	2.15	0.04	0.44	0.53	0.41	0.12	0.12	0.5	0.01	0.01	0.41	0.53	0.02	0.46	0.03	0.12	0.3	0.44	0.46	0.54	0.77	0.22	0.45	0.5	0.01	0.99	0.04	0.48	0.33	0.02	0.15	0.48	0.02	0.43	0.41	0.2	0.14	0.14	0.05	0.5	0.05	0.23	0.18	0.53	0.51	0.56	0.05	0.12	0.49	0.49	0.45	0.05	0.41	0.43	0.03	0.44	0.26	0.49	0.52	0.17	0.09	0.02	0.15	0.47	0.03	0.46	0.05	0.03	0.05	0.03	0.41
0.31	0.3	0.28	0.21	0.11	0.25	0.44	0.2	0.2	0.45	0.07	5.47	0.2	0.19	0.96	0.03	0.22	0.41	0.56	0.19	0.2	0.07	0.17	0.46	0.14	0.16	0.2	0.46	0.24	0.22	0.08	0.43	0.19	0.13	0.49	0.04	0.18	0.19	0.4	0.05	0.29	0.08	0.38	0.38	0.47	0.3	0.51	0.54	0.18	0.35	0.17	0	0.36	0.16	0.42	0.58	0.27	0.43	0.03	0.09	0.18	0.48	0.2	0.21	0.05	0.79	0.21	0.08	0.23	0.21	0.44	0.49	0.28	0.14	0.29	0.1	0.4	1.29	0.31	0.19	0.19	0.45	0.61	0.04	0.27	0.09	0.04	0.34	0.08	0.41	0.08	0.15	0.21	0.46	0.72	0.62	0.64	0.2	0.19
0.12	0.01	0.38	0.34	0.18	0.23	0.11	0.02	0.02	0.02	0.13	9.93	0.03	0.03	0.39	0.2	0.04	0.18	0.25	0.01	0.05	0.17	0.19	0.15	0.16	0.03	0.02	0.04	0.69	0.12	0.49	0.16	0.03	0.44	0.03	0.47	0.16	0.22	0.49	0.2	0.01	0.11	0.6	0.13	0.19	0.12	0.19	0.57	0.5	0.09	0.01	0.18	0	0.26	0.04	0.1	0.02	0.06	0.16	0.13	0.03	0.18	0.02	0.41	0.49	0.15	0.03	0.81	0.33	0.68	0.02	0.4	0.3	0.26	0.02	0.12	0.54	0.18	0.61	0.41	0.04	0.34	0.17	0.21	0.57	0.1	0.2	0.17	0.11	0.03	0.14	0.29	0.04	0.37	0.26	0.35	0.46	0.01	0.42
0.07	0.15	0.44	0.18	0.45	0.39	0.05	0.17	0.17	0.18	0.27	4.87	0.2	0.15	0.43	0.39	0.17	0.26	0.22	0.16	0.45	0.07	0.12	0.07	0.08	0.2	0.19	0.19	0.23	0.37	0.06	0.08	0.5	0.07	0.17	0.11	0.18	0.52	0.07	0.07	0.16	0.05	0.16	0.07	0.06	0.07	0.17	0.61	0.26	0.04	0.5	0.11	0.25	0	0.18	0.17	0.17	0.41	0.15	0.06	0.27	0.4	0.18	0.19	0.06	0.11	0.19	0.45	0.45	0.18	0.16	0.05	0.77	0.22	0.2	0.07	0.1	0.09	0.27	0.17	0.18	0.22	0.4	0.52	0.92	0.42	0.12	0.28	0.13	0.17	0.07	0.32	0.18	0.26	0.2	0.15	0.43	0.57	0.47
0.42	0.05	0.12	0.08	0.43	0.27	0.12	0.45	0.44	0.06	0.12	1.94	0.12	0.06	0.35	0.21	0.08	0.46	0.34	0.66	0.22	0.15	0.21	0.46	0.15	0.06	0.06	0.46	0.13	0	0.12	0.26	0.06	0.13	0.42	0.19	0.03	0.04	0.46	0.16	0.05	0.12	0.15	0.11	0.27	0.14	0.22	0.4	0.6	0.41	0.31	0.21	0.04	0.17	0	0.12	0.06	0.05	0.51	0.12	0.04	0.12	0.06	0.22	0.15	0.18	0.07	0.47	0.08	0.07	0.05	0.15	0.47	0.42	0.04	0.47	0.49	0.56	0.35	0.01	0.03	0.15	0	0.57	0.28	0.13	0.19	0.57	0.12	0.54	0.25	0.31	0.01	0.34	0.47	0.05	0.08	0.05	0.47
0.02	0.11	0.38	0.49	0.03	0.59	0.01	0.43	0.09	0.5	0.01	4.28	0.46	0.13	0.44	0.1	0.46	0.55	0.24	0.11	0.2	0.05	0.33	0.07	0.03	0.49	0.47	0.14	0.55	0.11	0.01	0.05	0.11	0.02	0.64	0.32	0.31	0.09	0	0.05	0.1	0.04	0.11	0.06	0.04	0.27	0.5	0.62	0.22	0.05	0.1	0.49	0.49	0.08	0.11	0	0.49	0.11	0.33	0.01	0.41	0.25	0.33	0.4	0.04	0.07	0.6	0.4	0.13	0.14	0.13	0.41	0.02	0.19	0.41	0.04	0.05	0.07	0.41	0.11	1.56	0.05	0.11	0.41	0.52	0.1	0.42	0.08	0.01	0.09	0.03	0.2	0.11	0.23	0.51	0.11	0.13	0.13	0.23
0.42	0.02	0.11	0.42	0.13	0.24	0.15	0	0.02	0	0.14	9.57	0.44	0.26	0.56	0.32	0.05	0.42	0.31	0.21	0.44	0.16	0.2	0.21	0.15	0.03	0.03	0.28	0.46	0.41	0.11	0.17	0.01	0.14	0.05	0.45	0.03	0.03	0.13	0.45	0.03	0.13	0.02	0.52	0.45	0.14	0.61	0.25	0.33	0.11	0.06	0.19	0.02	0.47	0.47	0.11	0	0.03	0.45	0.16	0.03	0.11	0.03	0.22	0.16	0.48	0.05	0.12	0.05	0.48	0.04	0.14	0.13	0.28	0.3	0.48	0.21	0.63	0.32	0.49	0.05	0.16	0.06	0.49	0.28	0.12	0.22	0.16	0.49	0.03	0.14	0.63	0.05	0.35	0.05	0.25	0.05	0.03	0.2
0.11	0.31	0.09	0.04	0.13	0.31	0.11	0.03	0.03	0.03	0.12	7.07	0.04	0.04	0.38	0.46	0.21	0.56	0.27	0.02	0.48	0.16	0.19	0.14	0.46	0.03	0.03	0.05	1.96	0.05	0.11	0.46	0.17	0.13	0.04	0.2	0.02	0.47	0.09	0.51	0.02	0.41	0.12	0.19	0.47	0.18	0.38	0.21	0.39	0.09	0.47	1.93	0.01	0.16	0.27	0.32	0.03	0	0.3	0.4	0.03	0.1	0.03	0.2	0.17	0.55	0.04	0.28	0.44	0.08	0.02	0.47	0.14	0.29	0.03	0.11	0.68	0.19	0.33	0.23	0.04	0.43	0.28	0.2	0.48	0.21	0.59	0.17	0.14	0.03	0.49	0.6	0.04	0.35	0.04	0.02	0.04	0.43	0.49
0.04	0.43	0.23	0.99	0.1	0.25	0.04	0.45	0.15	0.15	0.03	3.05	0.24	0.45	0.18	0.03	0.19	0.2	0.24	0.3	0.15	0.45	0.45	0.45	0.05	0.14	0.16	0.45	2.36	0.17	0.95	0	0.18	0.09	0.15	0.03	0.14	0.45	0.45	0.04	0.29	0.46	0.18	0.07	0.39	0.46	0.42	0.97	0.47	0.05	0.18	0.41	0.47	0.06	0.57	0.06	0.17	0.77	0	0.47	0.14	0.34	0.47	0.17	0.03	0.42	0.47	0.04	0.57	0.49	1	0.05	0.51	0.13	0.16	0.09	0.04	0.03	0.17	0.53	0.49	0.03	0.38	0.08	0.23	0.08	0.03	0.09	0.04	0.15	0.05	0.14	0.16	0.18	0.19	0.8	0.17	0.17	0.17
0.46	0.11	0.14	0.96	0.11	0.32	0.14	0.13	0.22	0.11	0.02	5.73	0.42	0.1	0.24	0.09	0.46	0.26	0.23	0.09	0.42	0.42	0.45	0.32	0.04	0.12	0.92	0.15	0.43	0.16	0.01	0.3	0.12	0.06	0.12	0.18	0.08	0.43	0	0.04	0.1	0.07	0.12	0.02	0.73	0.15	0.16	0.26	0.63	0.01	0.1	0.59	0.1	0.1	0.12	0.01	0.13	0.43	0.05	0	0.1	0.02	0.12	0.16	0.04	0.19	0.13	0.03	0.44	0.13	0.09	0.04	0.12	0.19	0.47	0.31	0.05	0.54	0.44	0.95	0.34	0.04	0.12	0.09	0.44	0.26	0.09	0.08	0.01	0.43	0.17	0.34	1.04	0.75	0.13	0.47	0.13	0.11	0.53
0.12	0.02	0.09	0.07	0.13	0.27	0.1	0.3	0.02	0.27	0.12	5.17	0.29	0.02	0.42	0.83	0.06	0.2	0.34	0.43	0.46	0.15	0.18	0.13	0.13	0.02	0.04	0.05	0.11	0.05	0.12	0.93	0.04	0.12	0.05	0.18	0.02	0.19	0.1	0.32	0.44	0.11	0.03	0.12	0.31	0.13	0.21	0.58	0.33	0.44	0.02	0.18	0.1	0.18	0.04	0.11	0.03	0.04	0.46	0.1	0	0.11	0.04	0.21	0.29	0.16	0.05	0.12	0.06	0.04	0.04	0.2	0.13	0.57	0.01	0.11	0.21	0.18	0.32	0.04	0.04	0.18	0.04	0.19	0.27	0.49	0.19	0.15	0.1	0.27	0.4	0.49	0.04	0.33	0.07	0.03	0.29	0.49	0.59
0.02	0.98	0.48	0.99	0.03	1.85	0.02	0.11	0.09	0.96	0.02	5.45	0.94	0.94	0.44	0.44	0.44	0.93	0.44	0.43	0.44	0.43	0.95	0.93	0.43	0.43	0.43	0.43	0.42	0.43	1.73	0.42	0.42	0.42	0.42	0.42	0.47	0.92	0	0.42	0.91	0.41	0.41	0.01	0.92	0.91	1.41	0.41	0.41	0.41	0.41	0.41	0.41	0.06	0.5	0	0.49	0.49	4.69	0.02	0.51	0.02	0.47	0.47	0.05	0.97	0.98	0.47	0.97	0.47	0.97	0.04	0.03	0.97	0.47	0.04	0.05	0.47	0.47	0.47	0.47	0.04	0.46	0.46	0.56	0.04	0.46	0.41	0.01	0.46	0.03	0.46	0.46	0.99	0.96	0.46	0.46	0.46	0.46
0.13	0.03	0.41	0.13	0.41	0.2	0.49	0.04	0.03	0.03	0.14	1.1	0.06	0.03	0.39	0.23	0.02	0.2	0.28	0.03	0.06	0.17	0.31	0.15	0.16	0.56	0	0.05	0.31	0.47	0.67	0.84	0.04	0.16	0.05	0.21	0.04	0.39	0.47	0.22	0.1	0.12	0.03	0.46	0.23	0.14	0.22	0.39	0.35	0.1	0.04	0.21	0.02	0.17	0.06	0.11	0.03	0.03	0.16	0.47	0.04	0.33	0	0.45	0.18	0.24	0.01	0.25	0.02	0.04	0.3	0.47	0.14	0.3	0.04	0.13	0.55	0.5	0.31	0.4	0.05	0.16	0.18	0.59	0.28	0.13	0.48	0.16	0.12	0.09	0.14	0.58	0.06	0.5	0.02	0.88	0.02	0.03	0.48
0.82	0.21	0.3	0.24	0.13	0.42	0.15	0.48	0.42	0.22	0.15	1.96	0.22	0.31	0.37	0.48	0.46	0.36	2.4	0.19	0.77	0.16	0.21	0.16	0.14	0.59	0.22	0.67	0.53	0.23	0.15	0.17	0.22	0.38	0.24	0.19	0.19	0.44	0.14	0.39	0.21	0.47	0.57	0.17	0.21	0.34	0.01	0.47	0.33	0.47	0.47	0.47	0.2	0.19	0.22	0.15	0.22	0.48	0.17	0.16	0.3	0.15	0.22	0	0.18	0.37	0.23	0.98	0.56	0.23	0.2	0.14	0.23	0.35	0.54	0.47	0.48	0.37	0.34	0.48	0.37	0.21	0.22	0.18	0.48	0.48	0.58	0.44	0.16	0.21	0.12	0.3	0.22	0.35	0.49	0.47	0.48	0.31	0.34
0.04	0.14	0.19	0.42	0.11	0.29	0.42	0.15	0.14	0.41	0.42	0.45	0.15	0.13	0.75	0.45	0.18	0.23	0.21	0.17	0.37	0.03	0.05	0.04	0.04	0.13	0.17	0.45	0.3	0.54	0.09	0.12	0.48	0.16	0.15	0.05	0.14	0.34	0.04	0.01	0.17	0.02	0.16	0.85	0.23	0.09	0.18	0.46	0.19	0.04	0.54	0.38	0.17	0.07	0.27	0.05	0.16	0.15	0.26	0.9	0.39	0.7	0.17	0.16	0	0.05	0.18	0.03	0.48	0.16	0.15	0.04	0.09	0.48	0.15	0.03	0.01	0.44	0.59	0.15	0.14	0.07	0.16	0.48	0.18	0.03	0.05	0.06	0.04	0.48	0.04	0.17	0.48	0.19	0.17	0.14	0.18	0.16	0.41
0.07	0.17	0.51	0.47	0.06	0.22	0.34	0.62	0.18	0.47	0.06	1.48	0.18	0.47	0.47	0.14	0.62	0.18	0.17	0.15	0.28	0.05	0.15	0.07	0.68	0.16	0.43	0.18	0.48	0.26	0.15	0.02	0.16	0.06	0.18	0.01	0.14	0.15	0.07	0.48	0.16	0.08	0.48	0.07	0.29	0.38	0.2	0.35	0.16	0.44	0.48	0.03	0.15	0.09	0.46	0.07	0.16	0.16	0.06	0.07	0.16	0.92	0.17	0.18	0.05	0	0.18	0.07	0.19	0.36	0.15	0.07	0.06	0.25	0.16	0.1	0.05	0.04	0.16	0.28	0.48	0.07	0.18	0.68	0.16	0.07	0.01	0.05	0.08	0.18	0.07	0.11	0.39	0.14	0.49	0.48	0.45	0.18	0.2
0.42	0.04	0.48	0.32	0.62	0.21	0.15	0.05	0.04	0.08	0.22	3.61	0.07	0.08	0.77	0.24	0.03	0.22	0.47	0.05	0.46	0.18	0.58	0.57	0.47	0.34	0.02	0.06	0.49	0.08	0.14	0.19	0.05	0.16	0.06	0.21	0.04	0.67	0.47	0.24	0.05	0.19	0.04	0.17	0.18	0.42	0.63	0.39	0.38	0.12	0.07	0.21	0.03	0.49	0.07	0.27	0.31	0.04	0.58	0.13	0.05	0.99	0.15	0.23	0.2	0.18	0	0.15	0.01	0.06	0.05	0.18	0.25	0.59	0.05	0.15	0.69	0.21	0.91	0.13	0.06	0.18	0.07	0.2	0.66	0.15	0.21	0.2	0.13	0.49	0.17	0.33	0.07	0.69	0.16	0.04	0.04	0.04	0.21
0.4	0.5	0.15	0.54	0.02	0.3	0	0.14	0.12	0.52	0.01	0.93	0.12	1.41	0.25	0.1	0.14	0.25	0.22	0.56	0.13	0.04	0.42	0.91	0.41	0.1	0.13	0.48	0.42	0.13	0.02	0.41	0.32	0.02	0.11	0.08	0.1	0.92	0.35	0.24	0.13	0.03	0.11	0.03	0.42	0.42	0.52	0.35	0.42	0.43	0.19	0.08	0.11	0.43	0.4	0.02	0.12	0.43	0.04	0.02	0.11	0.43	0.43	0.5	0.04	0.07	0.15	0	0.16	0.16	0.13	0.03	0.39	0.19	0.54	0.03	0.44	0.06	0.2	0.44	0.46	0.04	0.13	0.07	0.44	0.03	0.08	0.05	0.02	0.16	0.02	0.45	0.55	0.36	0.14	0.45	0.14	0.89	0.86
0.57	0.05	0.12	0.12	0.15	0.22	0.14	0.05	0.23	0.07	0.48	0.97	0.33	0.05	0.4	0.42	0.42	0.22	0.46	0.05	0.28	0.53	0.43	0.53	0.17	0.43	0.12	0.43	2.34	0.09	0.13	0.66	0.05	0.17	0.12	0.22	0.44	0.26	0.14	0.25	0.95	0.14	0.05	0.19	0.18	0.16	0.24	0.6	0.37	0.14	0.08	0.33	0.04	0.21	0.08	0.13	0.05	0.27	0.19	0.47	0.06	0.15	0.03	0.48	0.31	0.24	0.2	0.36	0	0.06	0.06	0.43	0.17	0.31	0.13	0.49	0.6	0.2	0.32	0.07	0.4	0.19	0.08	0.5	0.57	0.16	0.24	0.31	0.14	0.06	0.51	0.52	0.7	1.03	0.04	0.05	0.43	0.05	0.46
0.13	0.42	0.43	0.41	0.15	0.48	0.16	0.02	0.43	0.02	0.14	8.68	0.06	0.04	0.37	0.52	0.06	0.4	0.3	0.39	0.3	0.17	0.21	0.16	0.16	0.04	0.04	0.02	0.36	0.07	0.13	0.17	0.01	0.15	0.14	0.2	0.04	0.17	0.12	0.25	0.04	0.13	0.26	0.48	0.48	0.68	0.22	0.19	0.35	0.11	0.04	0.45	0.74	0.36	0.07	0.49	0.49	0.04	0.18	0.13	0.05	0.49	0.04	0.23	0.17	0.17	0.29	0.13	0.06	0	0.05	0.69	0.15	0.28	0.04	0.15	0.24	0.49	0.33	0.11	0.06	0.18	0.07	0.21	0.29	0.13	0.2	0.8	0.4	0.03	0.16	0.53	0.06	0.36	0.06	0.34	0.05	0.26	0.21
0.13	0.22	0.47	0.2	0.15	0.24	0.47	0.04	0.39	0.04	0.47	5.19	0.41	0.05	0.76	0.23	0.06	0.19	0.24	0.01	0.92	0.17	0.36	0.15	0.47	0.44	0.04	0.19	0.11	0.42	0.1	0.42	0.04	0.22	0.27	0.22	0.02	0.62	0.19	0.23	0.03	0.42	0.08	0.49	0.16	0.13	0.2	0.64	0.35	0.09	0.02	0.42	0.02	0.16	0.05	0.1	0.04	0.24	0.33	0.09	0.04	0.67	0.04	0.43	0.15	0.15	0.05	0.13	0.32	0.05	0	0.28	0.15	0.28	0.03	0.44	0.21	0.48	0.32	0.28	0.44	0.16	0.05	0.2	0.44	0.44	0.84	0.16	0.1	0.03	0.14	0.63	0.04	0.54	0.06	0.03	0.13	0.03	0.44
0.03	0.13	0.17	0.34	0.01	0.62	0.26	0.14	0.14	0.14	0.03	8.01	0.17	0.42	0.25	0.09	0.18	0.6	0.23	0.14	0.74	0.05	0.09	0.4	0.43	0.42	0.63	0.19	0.19	0.14	0.04	0.05	0.15	0.01	0.15	0.49	0.24	0.26	0.16	0.43	0.15	0.04	0.15	0.07	0	0.32	0.14	0.48	0.53	0.39	0.16	1.69	0.14	0.44	0.14	0.04	0.54	0.16	0.05	0.05	0.14	0.88	0.16	0.14	0.05	0.46	0.17	0.03	0.51	0.46	0.95	0	0.11	0.19	0.66	0.05	0.46	0.36	0.96	0.77	0.16	0.04	0.14	0.36	0.45	0.05	0.47	0.04	0.04	0.49	0.01	0.19	0.47	0.48	0.27	0.15	0.53	0.48	0.78
0.57	0.14	0.47	0.47	0.48	0.29	0.02	0.46	0.47	0.23	0.02	5.68	0.12	0.37	0.39	0.5	0.36	0.23	0.22	0.5	1	0.34	0.13	0.01	0.01	0.4	0.15	0.18	0.61	0.5	0.09	0.09	0.47	0	0.14	0.06	0.41	0.12	0.41	0.09	0.51	0.08	0.51	0.41	0.33	0	0.15	0.47	0.2	0.03	0.81	0.41	0.12	0.42	0.13	0.02	0.41	0.14	0.1	0.41	0.13	0.02	0.15	0.51	0.41	0.61	0.15	0.02	0.41	0.16	0.41	0.32	0	0.36	0.12	0.09	0.09	0.41	0.72	0.45	0.41	0.27	0.13	0.42	0.42	0.09	0.42	0.09	0.09	0.12	0.01	0.46	0.43	0.22	0.43	0.43	0.42	0.13	0.43
0.32	0.28	0.52	0.6	0.18	0.12	0.18	0.28	0.6	0.66	0.18	8.82	0.34	0.55	0.22	0.46	0.3	0.09	0.05	0.46	0.32	0.46	0.14	0.19	0.19	0.28	0.29	0.29	1.65	0.28	0.18	0.13	0.62	0.18	0.29	0.1	0.27	0.28	0.18	0.2	0.28	0.18	0.36	0.5	0.57	0.47	0.36	0.42	0.47	0.2	0.77	0.14	1.34	0.48	0.31	0.53	0.69	0.26	0.13	0.96	0.27	0.77	0.28	0.33	0.54	0.48	0.3	0.18	0.31	0.48	0.28	0.58	0.19	0	0.78	0.19	0.2	0.48	0.21	0.28	0.28	0.2	0.28	0.49	0.61	0.2	0.1	0.15	0.19	0.49	0.49	0	0.28	0.36	0.31	0.28	0.7	0.28	0.09
0.1	0.29	0.2	0.26	0.5	0.24	0.1	0.03	0.9	0.03	0.12	5.54	0.03	0.4	0.38	0.2	0.45	0.19	0.5	0.02	0.06	0.53	0.2	0.9	0.19	0.02	0.04	0.4	0.1	0.04	0.4	0.16	0.04	0.12	0.05	0.49	0.07	0.22	0.1	0.61	0.17	0.42	0.42	0.35	0.72	0.15	0.23	0.42	0.33	0.42	0.36	0.19	0.07	0.17	0.3	0.1	0.42	0.03	0.16	0.92	0.01	0.64	0.04	0.53	0.43	0.16	0.05	0.43	0.06	0.04	0.23	0.52	0.44	0.25	0	0.12	0.44	0.16	0.31	0.03	0.04	0.15	0.81	0.5	0.44	0.11	0.54	0.84	0.1	0.02	0.44	0.29	0.03	0.59	0.29	0.03	0.06	0.03	0.87
0.04	0.49	0.18	0.17	0.09	0.32	0.03	0.13	0.12	0.12	0.07	0.44	0.13	0.13	0.49	0.07	0.15	0.27	0.22	0.12	0.15	0.41	0.09	0.05	0.42	0.12	0.42	0.15	0.2	0.14	0.39	0.08	0.4	0.4	0.18	0.1	0.11	0.42	0.04	0.45	0.48	0	0.12	0.04	0.05	0.09	0.49	0.67	0.24	0.57	0.1	0.09	0.1	0.12	0.48	0.15	0.14	0.11	0.09	0.03	0.11	0.41	0.28	0.22	0.03	0.1	0.15	0.04	0.42	0.28	0.12	0.05	0.1	0.56	0.12	0	0.04	0.47	0.4	0.13	0.13	0.03	0.24	0.49	0.28	0.4	0.1	0.3	0.03	0.34	0.05	0.2	0.13	0.62	0.15	0.11	0.17	0.45	0.25
0.1	0.2	0.2	0.87	0.09	0.33	0.1	0.21	0.21	0.21	0.03	1.24	0.15	0.29	0.33	0.31	0.24	0.27	0.59	0.21	0.41	0.03	0.06	0.09	0.09	0.4	0.23	0.4	0.23	0.4	0.04	0.75	0.23	0.41	0.17	0.09	0.23	0.51	0.05	0	0.23	0.03	0.22	0.12	0.88	0.09	0.24	0.53	0.24	0.13	0.22	0.05	0.2	0.08	0.17	0.05	0.58	0.97	0.04	0.41	0.2	0.22	0.23	0.21	0.19	0.05	0.23	0.19	0.24	0.24	0.52	0.52	0.09	0.39	0.46	0.04	0	0.14	0.42	0.15	0.21	0	0.43	0.28	0.37	0.04	0.09	0.3	0.04	0.2	0.46	0.21	0.15	0.66	0.23	0.21	0.24	0.21	0.48
0.06	0.94	0.22	0.2	0.44	0.54	0.06	0.18	0.43	0.43	0.06	5.7	0.46	0.49	0.18	0.48	0.2	0.19	0.27	0.47	0.19	0.06	0.05	0.06	0.06	0.19	0.46	0.38	0.23	0.57	0.07	0.09	0.3	0.19	0.18	0.01	0.16	0.48	0.48	0.08	0.19	0.47	0.33	0.09	0.06	0.04	0.76	0.34	0.45	0.46	0.3	0.05	0.45	0.08	0.18	0.07	0.44	0.19	0.03	0.07	0.43	0.16	0.2	0.42	0.05	0.02	0.21	0.41	0.41	0.18	0.51	0.9	0.04	0.12	0.4	0.08	0.08	0	0.5	0.39	0.3	0.03	0.49	0.03	0.24	0.09	0.01	0.03	0.07	0.16	0.05	0.13	0.17	0.47	0.28	0.47	0.67	0.96	0.28
0.91	0.42	0.34	0.32	0.24	0.71	0.2	0.32	0.41	0.37	0.2	1.74	0.34	0.41	0.04	0.43	0.32	0.26	0.26	0.42	0.33	0.56	0.47	0.19	0.42	0.29	0.45	0.47	0.95	0.42	0.22	0.55	0.32	0.43	0.47	0.13	0.72	0.83	0.43	0.22	0.33	0.43	0.33	0.22	0.2	0.44	0.94	0.53	0.02	0.2	0.34	0.94	0.31	0.52	0.54	0.44	0.33	0.31	0.17	0.23	0.3	0.24	0.55	0.44	0.54	0.16	0.33	0.2	0.34	1.45	0.96	0.19	0.45	0.21	0.65	0.23	0.22	0.14	0	0.65	0.31	0.24	0.95	0.45	0.37	0.22	0.45	0.16	0.22	0.3	0.19	0.56	0.31	0.3	0.96	0.55	0.32	0.55	0.46
0.12	0.91	0.1	0.36	0.27	0.4	0.29	0.05	0.49	0.42	0.12	4.2	0	0.05	0.64	0.39	0.41	0.2	0.33	0.4	0.11	0.17	0.2	0.49	0.49	0.32	0.06	0.78	0.49	0.01	0.47	0.22	0.05	0.12	0.46	0.19	0.02	0.03	0.11	0.34	0.04	0.45	0.04	0.11	0.94	0.44	0.22	0.32	0.93	0.21	0.09	0.2	0.42	0.17	0.01	0.11	0.41	0.04	0.16	0.4	0.04	0.23	0.06	0.5	0.14	0.17	0.07	0.49	0.07	0.06	0.04	0.48	0.13	0.53	0.03	0.52	0.15	0.26	0.46	0	0.03	0.95	0.45	0.47	0.65	0.46	0.56	0.18	0.11	0.44	0.22	0.47	0.43	0.67	0.07	0.04	0.42	0.04	0.51
0.13	0.04	0.52	0.33	0.13	0.25	0.48	0.05	0.02	0.42	0.12	1.69	0.03	0.03	0.46	0.21	0.46	0.21	0.34	0.04	0.07	0.16	0.2	0.16	0.17	0.03	0.05	0.07	0.13	0.04	0.11	0.16	0.05	0.13	0.05	0.33	0.03	0.04	0.28	0.23	0.05	0.13	0.04	0.47	0.26	0.13	0.23	0.68	0.33	0.12	0.12	0.21	0.48	0.17	0.03	0.21	0.05	0.04	0.16	0.46	0.03	0.66	0.05	0.23	0.38	0.17	0.06	0.42	0.22	0.68	0.48	0.14	0.13	0.38	0.04	0.14	0.21	0.29	0.31	0.03	0	0.25	0.03	0.17	0.29	0.52	0.49	0.15	0.14	0.01	0.14	0.3	0.37	0.34	0.07	0.04	0.06	0.05	2.99
0.09	0.21	0.2	0.56	0.52	0.72	0.15	0.46	0.23	0.23	0.42	3.1	0.5	0.14	0.34	0.06	0.2	0.28	0.23	0.22	0.48	0.24	0.16	0.13	0.04	0.35	0.52	0.53	0.22	0.54	0.09	0.11	0.18	0.08	0.15	0.05	0.13	0.17	0.13	0.03	0.17	0.48	0.17	0.09	0.14	0.49	0.22	0.89	0.24	0.1	0.15	0.06	0.17	0.1	0.16	0.06	0.49	0.18	0.03	0.04	0.15	0.52	0.16	0.2	0.09	0.05	0.36	0.26	0.49	0.16	0.18	0.3	0.08	0.18	0.45	0.03	0.13	0.42	0.49	0.55	0.16	0	0.15	0.05	0.21	0.04	0.05	0.06	0.05	0.3	0.04	0.16	0.49	0.2	0.17	0.14	0.18	0.42	0.2
0.12	0.05	0.49	0.09	0.49	0.49	0.49	0.45	0.04	0.06	0.12	0.92	0.01	0.06	0.72	0.28	0.51	0.52	0.34	0.04	0.53	0.15	0.8	0.14	0.42	0.52	0.06	0.07	2.33	0	0.43	0.16	0.06	0.13	0.08	0.19	0.03	0.43	0.39	0.15	0.43	0.43	0.05	0.11	0.43	0.13	0.22	0.63	0.33	0.18	0.44	0.45	0.04	0.39	0.35	0.41	0.05	0.05	0.16	0.44	0.04	0.54	0.06	0.22	0.15	0.94	0.07	0.12	0.08	0.07	0.45	0.14	0.45	0.28	0.04	0.46	0.16	0.18	0.34	0.01	0.03	0.15	0	0.18	0.29	0.13	0.19	0.18	0.45	0.04	0.45	0.61	0.01	0.34	0.23	0.05	0.45	0.65	0.28
0.07	0.46	0.21	0.46	0.42	0.23	0.07	0.21	0.16	0.23	0.08	1.78	0.34	0.2	0.18	0.23	1.18	0.18	0.17	0.21	0.48	0.07	0.04	0.08	0.48	0.17	0.21	0.21	0.49	0.27	0.08	0.49	0.2	0.05	0.19	0	0.49	0.79	0.49	0.09	0.2	0.09	0.2	0.5	0.38	0.13	0.2	0.6	0.18	0.6	0.3	0.4	0.18	0.09	0.19	0.29	0.19	0.2	0.16	0.4	0.4	0.44	0.21	0.18	0.05	0.01	0.42	0.07	0.24	0.21	0.41	0.41	0.06	0.41	0.2	0.1	0.09	0.03	0.41	0.41	0.17	0.36	0.51	0	0.38	0.11	0.31	0.04	0.08	0.18	0.07	0.12	0.18	0.42	0.21	0.21	0.47	0.21	0.42
0.21	0.55	0.26	0.29	0.15	0.48	0.21	0.29	0.56	0.28	0.21	0.99	0.96	0.48	0.43	0.46	0.29	0.82	0.76	0.46	0.23	0.22	0.46	0.15	0.46	0.28	0.28	0.97	2.78	0.29	0.29	0.32	0.57	0.19	0.52	0.25	0.45	0.97	0.47	0.23	0.26	0.2	0.27	0.53	0.47	0.15	0.14	0.67	0.39	0.14	1.38	0.57	0.26	0.57	0.28	0.21	0.28	0.26	0.23	0.22	0.27	0.47	0.28	0.07	0.18	0.16	0.61	0.21	0.3	0.29	0.58	0.19	0.15	0.35	0.6	0.28	0.49	0.24	0.49	1	0.49	0.3	0.28	0.2	0	0.28	0.26	0.17	0.22	0.59	0.14	0.49	0.28	0.77	0.29	0.49	0.5	0.27	0.73
0.03	0.44	0.16	0.17	0.1	0.44	0.04	0.12	0.1	0.12	0.03	3.24	0.12	0.13	0.4	0.07	0.14	0.27	0.24	0.41	0.15	0.18	0.42	0.27	0.22	0.19	0.15	0.56	0.18	0.13	0.42	0.09	0.14	0.09	0.14	0.42	0.18	0.11	0.3	0.03	0.11	0.12	0.11	0.04	0.05	0.5	0.22	0.43	0.24	0.01	0.47	0.09	0.12	0.07	0.28	0.21	0.13	0.46	0.08	0.04	0.13	0.42	0.46	0.46	0.04	0.07	0.16	0.17	0.53	0.16	0.47	0.13	0.2	0.57	0.47	0	0.04	0.47	0.97	0.47	0.13	0.03	0.14	0.47	0.28	0	0.11	0.47	0.15	0.14	0.04	0.29	0.21	0.3	0.14	0.14	0.14	0.48	0.94
0.08	0.39	0.21	0.45	0.06	0.23	0.08	0.52	0.17	0.45	0.08	0.14	0.18	0.97	0.35	0.03	0.62	0.18	0.47	0.2	0.18	0.08	0.36	0.47	0.07	0.27	0.2	0.47	0.26	0.2	0.47	0.03	0.21	0.06	0.17	0.01	0.51	0.73	0.48	0.1	0.21	0.41	0.2	0.1	0.09	0.06	0.19	0.98	0.48	0.07	0.48	0.04	0.18	0.09	0.59	0.08	0.19	0.19	0.03	0.09	0.19	1.34	0.21	0.2	0.05	0.11	0.21	0.47	0.22	0.21	0.19	0.09	0.06	0.46	0.18	0.11	0.09	0.16	0.41	0.42	0.46	0.55	0.41	0	0.41	0.1	0	0.04	0.08	0.19	0.08	0.71	0.41	0.43	0.21	0.3	1.01	0.52	0.16
0.05	0.15	0.44	0.44	0.09	0.27	0.94	0.52	0.54	0.21	0.06	4.12	0.49	0.34	0.41	0.06	0.44	0.22	0.21	0.15	0.51	0.08	0.69	0.04	0.05	0.16	0.16	0.18	0.49	0.19	0.07	0.75	0.17	0.49	0.15	0.04	0.24	0.38	0.05	0.06	0.18	0.08	0.39	0.07	0.04	0.09	0.49	0.42	0.49	0.09	0.49	0.08	0.17	0.47	0.19	0.07	0.17	0.45	0.21	0.08	0.49	0.17	0.25	0.18	0.43	0.16	0.2	0.05	0.2	0.49	0.34	0.04	0.48	0.15	0.49	0.09	0.31	0.14	0.16	0.59	0.49	0.08	0.19	0.04	0.17	0.29	0.25	0	0.07	0.2	0.24	0.5	0.35	0.22	0.32	0.16	0.5	0.19	0.6
0.37	0.19	0.46	0.13	0.1	0.64	0.02	0.11	0.46	0.11	0.01	2.47	0.47	0.11	0.35	0.07	0.14	0.32	0.23	0.09	0.15	0.13	0.08	0.43	0.04	0.25	0.4	0.42	0.17	0.42	0	0.04	0.13	0.4	0.46	0.08	0.1	0.09	0.01	0.04	0.1	0.04	0.1	0.4	0.13	0.41	0.16	0.32	0.47	0	0.29	0.21	0.41	0.06	0.34	0.41	0.33	0.1	0.61	0.01	0.11	0.01	0.13	0.35	0.04	0.08	0.13	0.41	0.21	0.13	0.1	0.04	0.1	0.51	0.42	0.03	0.04	0.07	0.23	0.42	0.12	0.03	0.12	0.28	0.59	0.03	0.42	0.08	0	0.88	0.12	0.47	0.12	0.23	0.19	0.12	0.92	0.12	0.23
0.51	0.02	0.09	0.05	0.13	0.24	0.46	0.03	0	0.02	0.25	3.47	0.04	0.01	0.37	0.21	0.13	0.56	0.35	0.03	0.46	0.5	0.18	0.46	0.16	0.01	0.18	0.07	0.46	0.05	0.43	0.47	0.03	0.13	0.06	0.17	0.02	0.03	0.12	0.22	0.03	0.1	0.03	0.57	0.36	0.77	0.21	0.23	0.32	0.43	0.02	0.48	0.02	0.48	0.04	0.09	0.03	0.03	0.16	0.11	0.02	0.44	0.04	0.69	0.16	0.17	0.05	0.3	0.05	0.04	0.24	0.16	0.13	0.64	0.02	0.12	0.21	0.23	0.31	0.16	0.4	0.15	0.04	0.17	0.41	0.13	0.18	0.15	0.4	0	0.15	0.32	0.04	1.11	0.06	0.41	1.01	0.03	0.2
0.02	0.42	0.22	0.19	0.01	0.3	0.02	0.14	0.13	0.46	0.38	4.76	0.15	0.4	0.26	0.41	0.18	0.25	0.41	0.41	0.51	0.04	0.09	0.68	0.02	0.12	0.16	0.55	0.81	0.51	0.03	0.05	0.14	0.91	0.16	0.08	0.15	0.21	0.03	0.09	0.14	0.03	0.15	0.05	0.32	0.01	0.15	0.44	0.21	0.04	0.92	0.42	0.14	0.42	0.14	0.03	0.15	0.14	0.05	0.43	0.14	0.03	0.16	0.14	0.04	0.07	0.15	0.45	0.51	0.15	0.45	0.05	0.35	0.28	0.55	0.37	0.09	0.05	0.56	0.32	0.15	0.04	0.23	0.07	0.14	0.05	0.08	0.04	0.03	0.12	0	0.41	0.13	0.31	0.46	0.46	0.16	0.15	0.22
0.19	0.47	0.34	0.54	0.17	0.43	0.19	0.5	0.94	0.44	0.31	2.56	0.3	0.62	0.54	0.14	0.44	0.09	1.31	0.3	0.64	0.28	0.26	0.94	0.18	0.3	0.44	0.64	0.43	0.54	0.54	0.14	0.3	0.17	0.46	0.12	0.63	1.03	0.52	0.21	0.42	0.18	0.53	0.21	0.19	0.52	0.3	0.92	0.52	0.42	0.29	0.15	0.92	0.23	0.3	0.19	0.31	0.62	0.41	0.27	0.32	0.92	0.42	0.3	0.17	0.41	0.32	0.19	0.41	0.41	0.32	0.18	0.17	0	0.3	0.2	0.91	0.81	0.41	0.41	0.32	0.41	0.81	0.33	0.71	0.41	0.12	0.15	0.41	0.5	0.42	0	0.3	0.51	0.32	0.31	1	1	0.5
0.52	0.04	0.1	0.07	0.42	0.26	0.12	0.44	0.04	0.05	0.12	3.73	0.24	0.11	0.34	0.27	0.42	0.27	0.72	0.42	0.08	0.91	0.24	0.35	0.41	0.05	0.06	0.39	0.13	0.01	0.11	0.16	0.05	0.43	0.07	0.43	0.03	0.44	0.11	0.16	0.44	0.12	0.04	0.15	0.24	0.13	0.54	0.94	0.32	0.18	0.03	0.45	0.38	0.16	0.01	0.11	0.45	0.04	0.15	0.12	1.9	0.46	0.06	0.45	0.15	0.18	0.45	0.12	0.46	0.06	0.04	0.14	0.4	0.27	0.03	0.46	0.15	0.17	0.31	0	0.03	0.37	0.01	0.37	0.57	0.57	0.47	0.18	0.12	0.04	0.13	0.47	0	0.47	0.47	0.15	0.07	0.05	0.27
0.23	1	0.34	0.9	0.4	0.15	0.22	0.47	0.9	0.34	0.22	8.92	0.98	0.32	0.48	0.48	0.99	0.06	0.05	0.34	1.09	0.59	0.18	0.49	0.23	0.32	0.69	0.56	0.44	1.19	0.23	0.49	0.49	0.48	0.32	0.15	0.63	0.7	0.22	0.22	0.5	0.3	0.33	0.6	0.71	0.22	0.61	0.51	0.29	0.22	0.72	0.18	0.72	0.57	0.44	0.92	0.35	0.42	0.18	0.22	0.33	0.23	0.52	0.35	0.42	0.42	0.52	0.23	0.43	0.35	0.36	0.23	0.42	0.03	0.56	0.23	0.22	0.53	0.73	0.43	0.37	0.93	0.43	0.43	0.64	0.23	0.15	0.44	0.23	0.44	0.22	0.03	0.34	0	0.45	0.32	0.44	0.34	0.44
0.14	0.05	0.1	0.01	0.17	0.22	0.14	0.05	0.05	0.08	0.14	0.42	0.07	0.08	0.66	0.4	0.42	0.22	0.29	0.05	0.1	0.17	0.43	0.18	0.55	0.08	0.06	0.63	0.44	0.27	0.14	0.44	0.05	0.4	0.07	0.22	0.05	0.04	0.13	0.44	0.05	0.15	0.04	0.16	0.45	0.75	0.46	0.46	0.96	0.46	0.46	0.24	0.04	0.26	0.08	0.33	0.46	0.04	0.87	0.13	0.67	0.68	0.02	0.77	0.47	0.33	0.24	0.51	0.03	0.06	0.06	0.48	0.18	0.31	0.06	0.48	0.23	0.37	0.48	0.2	0.07	0.34	0.08	0.22	0.67	0.23	1	0.49	0.14	0.06	0.19	0.64	0.08	0.45	0.4	0.12	0.59	0.05	0.84
0.5	0.4	0.09	0.05	0.14	0.24	0.5	0.03	0.26	0.02	0.12	4.68	0.04	0.04	0.57	0.48	0.05	0.19	0.21	0.02	0.32	0.14	0.19	0.17	0.49	0	0.03	0.04	0.1	0.47	0.1	0.5	0.03	0.52	0.04	0.5	0.02	0.02	0.11	0.21	0.02	0.4	0.41	0.49	0.48	0.14	0.2	0.41	0.51	0.09	0.4	0.19	0.01	0.16	0.05	0.11	0.02	0.52	0.15	0.11	0.03	0.67	0.03	0.21	0.16	0.42	0.04	0.11	0.42	0.04	0.26	0.63	0.14	0.27	0.17	0.53	0.88	0.17	0.33	0.04	0.04	0.14	0.05	0.2	0.54	0.12	0.19	0.18	0.1	0.03	0.15	0.5	0.04	0.58	0.1	0	0.05	0.02	0.19
0.14	0.04	0.97	0.14	0.47	0.23	0.15	0.09	0.78	0.05	0.43	1.5	0.29	0.08	0.61	0.51	0.42	0.21	0.29	0.92	0.09	1.02	0.27	0.16	0.42	0.08	0.02	0.1	0.13	0.08	0.43	0.19	0.05	0.93	0.07	0.22	0.44	0.43	0.53	0.44	0.05	0.13	0.44	0.18	0.48	0.29	0.61	0.55	0.36	0.45	0.05	0.44	0.04	0.45	0.08	0.14	0.05	0.04	0.95	0.14	0.46	0.13	0.12	0.45	0.46	0.19	0.04	0.21	0.66	0.06	0.33	0.18	0.56	0.32	0.06	0.16	0.25	0.98	0.32	0.68	0.06	0.2	0.07	0.51	0.48	0.58	0.48	0.19	0.56	0.5	0.5	0.7	0.44	0.41	0.01	0.05	0	0.33	0.5
0.45	0.02	0.1	0.17	0.45	0.37	0.14	0.03	0.03	0.03	0.14	6.16	0.04	0.04	0.37	0.21	0.04	0.19	0.22	0.02	0.06	0.16	0.55	0.48	0.44	0.3	0.03	0.47	0.16	0.47	0.11	0.15	0.03	0.14	0.44	0.21	0.02	0.28	0.1	0.21	0.01	0.12	0.27	0.12	0.53	0.57	0.21	0.51	0.34	0.48	0.03	0.19	0.01	0.48	0.05	0.49	0.04	0.01	0.49	0.11	0.49	0.49	0.03	0.4	0.15	0.18	0.04	0.14	0.05	0.04	0.03	0.17	0.54	0.5	0.03	0.13	0.22	0.19	0.33	0.04	0.04	0.4	0.31	0.18	0.27	0.13	0.9	0.17	0.12	0.03	0.15	0.4	0.23	0.41	0.05	0.18	0.39	0	0.2
0.49	0.19	0.44	1.49	0.48	0.16	0.22	0.2	0.48	0.2	0.23	3.7	0.44	0.41	0.27	0.35	0.22	0.42	0.04	0.42	0.36	0.43	0.19	0.22	0.24	0.94	0.44	0.22	0.75	0.45	0.23	0.17	0.21	0.23	0.52	0.15	0.19	0.98	0.48	0.24	0.19	0.48	0.58	0.48	0.23	0.23	0.36	0.59	0.3	0.48	0.29	0.19	0.18	0.49	0.49	0.62	0.6	0.91	0.48	0.24	0.2	1.08	0.2	0.42	0.92	0.43	0.21	0.22	0.22	0.34	0.44	0.22	0.23	0.09	0.55	0.24	0.24	0.44	0.25	0.65	0.51	0.45	0.55	0.15	0.4	0.45	0.16	0.45	0.46	0.36	0.21	0.09	0.66	0.56	0.58	0.46	0.97	0.3	0.01
