0	0.11	0.43	0.15	0.02	0.3	0	0.43	0.12	0.51	0.01	3.24	0.12	0.13	0.46	0.45	0.15	0.3	0.22	0.23	0.14	0.04	0.08	0.46	0.03	0.1	0.13	0.76	0.5	0.13	0.02	0.04	0.14	0.46	0.5	0.07	0.23	0.12	0.01	0.1	0.12	0.11	0.47	0.03	0.03	0.23	0.15	0.57	0.57	0.02	0.16	0.17	0.12	0.07	0.48	0.01	0.13	0.11	0.41	0.02	0.34	0.29	0.49	0.48	0.04	0.12	0.48	0	0.14	0.49	0.48	0.03	0.15	0.18	0.13	0.29	0.1	0.3	0.49	0.12	0.12	0.03	0.12	0.07	0.21	0.03	0.08	0.04	0.02	0.11	0.29	0.19	0.12	0.6	0.32	0.4	0.14	0.35	0.41
0.43	0	0.44	0.37	0.44	0.44	0.11	0.02	0.02	0.31	0.11	0.71	0.04	0.02	0.38	0.21	0.04	0.33	0.21	0.41	0.13	0.15	0.18	0.13	0.13	0	0.03	0.04	0.1	0.05	0.46	0.18	0.02	0.46	0.04	0.2	0.02	0.46	0.46	0.21	0.02	0.46	0.04	0.47	0.13	0.44	0.46	0.03	0.35	0.21	0.17	0.19	0.01	0.17	0.67	0.39	0.02	0.02	0.47	0.12	0.02	0.17	0.47	0.21	0.15	0.17	0.04	0.32	0.04	0.03	0.03	0.15	0.51	0.48	0.58	0.48	0.21	0.18	0.47	0.04	0.04	0.15	0.05	0.18	0.27	0.29	0.34	0.16	0.1	0.02	0.14	0.29	0.3	0.72	0.04	0.5	0.9	0.22	0.52
0.39	0.1	0	0.1	0.16	0.45	0.15	0.44	0.08	0.96	0.46	2.91	0.1	0.09	0.37	0.5	0.34	0.4	1.87	0.6	0.12	0.17	0.51	0.6	0.31	0.06	0.1	0.12	0.15	0.4	0.14	0.45	0.11	0.16	0.09	0.21	0.08	0.25	0.4	0.5	0.1	0.4	0.4	0.15	0.17	0.48	0.41	0.5	0.72	0.14	0.2	0.22	0.09	0.25	0.1	0.16	0.51	0.09	0.22	0.14	0.09	0.17	0.41	0.41	0.19	0.2	0.11	0.41	0.41	0.11	0.09	0.5	0.81	0.93	0.07	0.29	0.2	0.33	0.34	0.41	0.08	0.18	0.11	0.21	0.57	0.16	0.21	0.18	0.16	0.42	0.17	0.33	0.1	0.92	0.1	0.09	0.34	0.42	1.32
0.79	0.49	0.1	0	0.49	0.22	0.15	0.05	0.05	0.9	0.16	1.67	0.07	0.08	0.49	0.24	0.04	0.22	0.29	0.99	0.11	0.18	0.51	1.21	0.16	0.28	0.02	0.07	0.5	0.08	0.71	0.19	0.05	0.15	0.41	0.22	0.15	0.05	0.13	0.5	0.42	0.42	0.32	0.52	0.22	0.42	0.73	0.51	0.43	0.43	0.28	0.43	0.43	0.23	0.08	0.44	0.05	0.04	0.19	0.13	0.07	0.44	0.02	0.23	0.17	0.19	0.04	0.49	0.03	0.06	0.46	0.18	0.15	1.26	0.06	0.17	0.25	0.96	0.32	0.47	0.47	0.17	0.13	0.47	0.67	0.47	0.47	0.57	0.15	0.47	0.16	0.98	0.47	0.71	0	0.42	0.01	0.98	0.23
0.39	0.14	0.16	0.52	0	0.29	0.02	0.13	0.11	0.44	0.02	12.8	0.13	0.28	0.97	0.47	0.15	0.48	0.56	0.47	0.17	0.09	0.48	0.15	0.01	0.13	0.15	0.48	0.43	0.34	0.1	0.1	0.14	0	0.13	0.42	0.36	0.49	0.23	0.09	0.52	0.09	0.17	0.04	0.02	0	0.16	0.52	0.2	0.04	0.14	0.11	0.54	0.07	0.52	0.03	0.15	0.13	0.1	0.48	0.12	0.03	0.14	0.21	0.09	0.07	0.49	0.02	0.17	0.14	0.14	0.91	0	0.18	0.12	0.29	0.23	0.05	0.41	0.43	0.13	0.42	0.28	0.06	0.15	0.42	0.07	0.09	0.1	0.13	0.01	0.18	0.43	0.27	0.17	0.14	0.2	0.14	0.52
0.33	0.23	0.96	0.46	0.46	0	0.46	0.5	0.42	0.98	0.31	8.42	0.26	0.24	0.4	0.25	0.5	0.1	0.11	0.24	0.3	0.3	0.27	0.4	0.33	0.4	0.2	0.26	0.42	0.27	0.6	0.25	0.24	0.42	0.29	0.23	0.42	0.8	0.29	0.32	0.24	0.3	0.23	0.33	0.3	1.02	0.42	0.25	0.38	0.29	0.42	0.25	0.23	0.33	0.27	0.31	0.62	0.47	0.64	0.32	0.36	0.42	0.2	0.42	0.28	0.43	0.21	0.31	0.22	0.53	0.24	0.43	0.34	0.12	0.24	0.64	0.32	0.24	0.48	0.26	0.58	0.3	0.27	0.36	0.48	0.32	0.48	0.27	0.32	0.53	0.3	0.49	0.26	0.15	0.22	0.4	0.28	0.23	0.15
0	0.41	0.15	0.15	0.41	0.3	0	0.31	0.12	0.41	0.11	9.18	0.45	0.28	0.46	0.09	0.14	0.27	0.23	0.76	0.12	0.47	0.46	0.03	0.03	0.1	0.14	0.15	0.46	0.76	0.02	0.04	0.12	0.02	0.1	0.07	0.11	0.46	0.01	0.1	0.13	0.13	0.51	0.11	0.35	0.11	0.15	0.22	0.22	0.46	0.34	0.46	0.3	0.07	0.12	0.38	0.39	0.47	0.36	0.02	0.12	0.24	0.14	0.15	0.91	0.78	0.16	0.17	0.51	0.48	0.12	0.42	0.39	0.37	0.47	0.04	0.1	0.21	0.21	0.12	0.13	0.04	0.98	0.18	0.43	0.04	0.08	0.04	0.02	0.11	0.13	0.19	0.12	0.23	0.48	0.11	0.45	0.39	0.23
0.12	0.32	0.11	0.2	0.13	0.58	0.13	0	0.02	0	0.29	8.53	0.05	0.03	0.48	0.48	0.05	0.53	0.29	0.03	0.06	0.16	0.21	0.14	0.17	0.03	0.04	0.02	0.1	0.06	0.99	0.18	0.01	0.13	0.05	0.2	0.42	0.42	0.11	0.62	0.04	0.11	0.5	0.4	0.4	0.13	0.49	0.01	0.5	0.18	0.04	0.25	0.41	0.43	0.32	0.11	0	0.03	0.17	0.43	0.03	0.51	0.43	0.22	0.16	0.42	0.05	0.12	0.44	0.06	0.04	0.48	0.5	0.55	0.18	0.12	0.44	0.22	0.62	0.05	0.36	0.17	0.06	0.19	0.76	0.45	0.42	0.46	0.14	0.03	0.14	0.45	0.05	0.36	0.05	0.02	0.42	0.04	0.2
0.1	0.06	0.24	0.05	0.12	0.4	0.12	0.02	0	0.05	0.41	8.08	0.03	0.01	0.36	0.95	0.05	0.19	0.35	0.02	0.42	0.13	0.19	0.45	0.13	0.16	0.03	0.04	0.46	0.04	0.09	0.25	0.03	0.2	0.2	0.18	0.42	0.02	1.92	0.22	0.03	0.11	0.02	0.31	0.13	0.12	0.21	0.02	0.44	0.19	0.53	0.2	0.02	0.18	0.04	0.11	0.02	0.03	0.15	0.13	0.02	0.43	0.04	0.21	0.15	0.18	0.05	0.11	0.61	0.04	0.04	0.14	0.13	0.26	0.42	0.12	0.21	0.17	0.63	0.43	0.02	0.14	0.04	0.17	0.27	0.4	0.43	0.15	0.09	0	0.16	0.5	0.18	0.32	0.44	0.02	0.05	0.03	0.19
0.44	0.26	0.23	0.97	0.15	0.24	0.12	0	0.03	0	0.15	3.09	0.05	0.09	0.36	0.21	0.05	0.2	0.48	0.03	0.63	0.16	0.24	0.24	0.53	0.07	0.48	0.02	0.1	0.06	0.98	0.22	0.02	0.14	0.05	0.19	0.03	1.93	0.93	1.5	1.26	0.13	1.46	1.55	2.3	1.8	1.3	0.9	1.9	1.64	1.53	1.88	1.9	2.1	1.77	1.94	1.82	1.8	0.9	0.82	1.32	1.91	2.31	1.83	1.96	2.22	2.08	2.46	2.01	2.05	1.65	1.28	1.36	0.66	0.35	0.91	1.61	2.09	2.19	2.42	2.18	2.19	2.07	2.21	2.43	2.12	1.7	1.3	0.87	0.42	0.71	1.32	0.42	0.45	0.05	0.52	0.05	0.42	0.42
0.06	0.11	0.15	0.42	0.02	0.31	0.01	0.5	0.12	0.14	0	11.2	0.11	0.1	0.26	0.1	0.55	0.32	0.22	0.46	0.14	0.03	0.17	0.03	0.38	0.56	0.14	0.15	0.17	0.46	0.01	0.29	0.14	0.26	0.46	0.08	0.11	0.13	0.01	0.09	0.15	0.02	0.12	0.46	0.03	0.02	0.15	0.13	0.49	0.16	0.2	0.07	0.13	0.06	0.46	0.14	0.12	0.5	0.03	0.03	0.96	0.02	0.13	0.17	0.03	0.06	0.46	0.02	0.14	0.15	0.37	0.17	0.02	0.18	0.11	0.04	0.03	0.12	0.2	0.11	0.12	0.03	0.12	0.08	0.28	0.03	0.46	0.06	0.01	0.12	0.03	0.19	0.12	0.23	0.47	0.13	0.39	0.26	0.23
4.07	0.32	0.63	2.14	4.28	5.9	1.45	0.43	0.42	1.01	0.71	0	1.18	1.97	7.14	0.16	1.67	5.1	3.22	0.33	2.29	0.86	0.41	0.98	11.1	2.44	1.06	0.55	1.08	1.17	0.6	1.54	1.97	4.94	0.34	1.38	0.57	0.39	13.4	0.36	0.33	8.92	3.03	1.79	0.21	0.81	1.95	1.66	4.36	3.81	1.99	1.04	2.37	2.23	0.65	1.57	6.04	6.28	0.18	1.77	1.37	2.46	0.7	3.68	4.47	0.42	1.66	1.45	2	0.93	1.87	11.5	0.6	13.3	0.97	2.79	3.61	4.26	0.78	1.6	11	0.2	0.33	1.19	1.12	2.53	8.46	0.17	1.83	1.89	1.44	2.52	0.32	0.99	5.71	8.47	0.33	0.34	1.16
0.48	0.21	0.49	0.45	0.49	0.53	0.5	0.05	0.03	0.05	0.12	2	0	0.05	0.5	0.46	0.32	0.2	1.22	0.4	0.11	0.22	0.39	0.14	0.14	0.25	0.41	0.07	0.18	0.18	0.4	0.15	0.05	0.17	0.07	0.18	0.41	0.03	0.11	0.24	0.07	0.41	0.04	0.13	0.41	0.12	0.22	0.2	0.61	0.18	0.03	0.51	0.39	0.16	0.41	0.25	0.05	0.04	0.42	0.12	0.04	0.12	0.24	0.22	0.14	0.17	0.07	0.11	0.07	0.06	0.04	0.14	0.16	0.27	0.03	0.42	0.15	0.17	0.42	0	0.03	0.43	0.01	0.18	0.58	0.13	0.44	0.17	0.11	0.03	0.31	0.29	0	1.05	0.07	0.04	0.07	0.04	0.75
0.1	0.39	0.08	0.4	0.13	0.24	0.4	0.03	0.01	0.03	0.13	3.27	0.2	0	0.36	0.39	0.05	0.21	0.61	0.08	0.06	0.13	0.5	0.12	0.48	0.41	0.03	0.05	0.11	0.08	0.12	0.4	0.42	0.11	0.04	0.17	0.04	0.04	0.42	0.2	0.04	0.13	0.07	0.14	0.99	0.35	0.63	0.79	0.73	0.18	0.05	0.19	0.03	0.17	0.44	0.44	0.03	0.44	0.14	0.1	0.02	0.54	0.44	0.23	0.16	0.15	0.44	0.12	0.05	0.04	0.11	0.13	0.11	0.45	0.02	0.15	0.2	0.16	0.31	0.95	0.03	0.13	0.06	0.18	0.29	0.19	0.46	0.35	0.46	0.01	0.12	0.33	0.05	0.54	0.08	0.04	0.08	0.04	0.21
0.98	0.35	0.72	0.57	0.28	0.48	0.25	0.38	0.35	0.41	0.26	5.7	0.34	0.35	0	0.49	0.39	0.16	0.32	0.48	0.98	0.48	0.53	0.25	0.25	0.36	0.4	0.48	0.44	0.6	0.58	0.88	0.38	0.27	1.48	0.98	0.35	0.48	0.26	0.27	0.37	1.19	0.69	0.49	0.25	0.4	0.37	0.38	0.06	0.49	0.4	0.18	0.36	0.3	0.39	0.49	0.37	0.39	0.18	0.23	0.39	0.49	0.37	0.49	0.19	0.5	0.4	0.25	0.39	0.39	0.37	0.4	0.3	0.53	0.37	0.4	0.27	0.19	0.04	0.34	0.4	0.19	0.35	0.18	0.43	0.4	0.18	0.22	0.5	0.71	0.24	0.41	0.66	0.63	0.93	0.43	0.47	0.38	0.25
0.1	0.91	0.22	0.43	0.13	0.25	0.41	0.48	0.19	0.47	0.42	1.03	0.22	0.22	0.68	0	0.48	0.2	0.17	0.21	0.27	0.43	0.02	0.49	0.09	0.19	0.49	0.49	0.47	0.49	0.08	0.03	0.22	0.12	0.49	0.02	0.42	0.54	0.99	0.11	0.49	0.06	1.41	0.12	0.4	0.12	0.21	0.4	0.17	0.1	0.24	0.03	0.51	0.1	0.21	0.41	0.51	0.21	0.41	0.09	0.21	0.22	0.24	0.21	0.92	0.72	0.52	0.42	0.52	0.22	0.93	0.43	0.13	0.13	0.27	0.08	0.93	0.39	0.74	0.64	0.21	0.18	0.21	0.02	0.27	0.08	0.03	0.06	0.07	0.49	0.21	0.44	0.21	0.17	0.24	0.52	0.45	0.49	0.17
0.46	0.8	0.12	0.04	0.46	0.29	0.19	0.05	0.05	0.05	0.16	5.45	0.07	0.05	0.39	0.24	0	0.22	0.88	0.05	0.1	0.18	0.23	0.18	0.19	0.05	0.02	0.07	0.12	0.2	0.14	0.49	0.05	0.49	0.06	0.21	0.05	0.33	0.49	0.5	0.05	0.15	0.04	0.47	0.18	0.19	0.36	0.05	0.37	0.12	0.13	0.23	0.04	0.18	0.4	0.44	0.25	0.39	0.41	0.15	0.05	0.5	0.02	0.23	0.18	0.24	0.03	0.46	0.03	0.12	0.36	0.16	0.17	0.32	0.5	0.16	0.4	0.2	0.32	0.14	0.07	0.18	0.08	0.41	0.61	0.15	0.41	0.41	0.14	0.05	0.16	0.73	0.07	0.41	0.03	0.05	0.42	0.36	0.22
0.56	0.46	0.4	0.47	0.23	0.11	0.6	0.48	0.21	1.38	0.47	7	0.25	0.33	0.49	0.53	0.22	0	0.04	0.57	0.79	0.49	0.21	0.24	0.49	0.21	0.2	0.22	0.49	0.21	0.26	0.2	0.21	0.25	0.35	0.49	0.18	0.18	0.5	0.4	0.6	0.25	0.19	0.58	0.28	0.4	1.66	0.49	0.32	0.6	0.18	0.24	0.18	0.29	0.4	0.4	0.2	0.18	0.29	0.26	0.42	0.42	0.21	0.36	0.42	0.18	0.21	0.45	0.33	0.21	0.42	0.27	0.23	0.4	0.41	0.27	0.27	0.34	0.41	0.21	0.43	0.28	0.21	0.36	0.42	0.49	0.52	0.22	0.26	0.2	0.43	0.52	0.2	0.06	0.22	0.47	0.47	0.43	0
0.22	0.34	0.47	0.84	0.43	0.12	0.23	0.31	0.34	0.69	0.22	0.82	0.33	0.36	0.33	0.29	0.29	0.04	0	0.23	0.77	0.52	0.19	0.23	0.23	0.52	0.28	0.31	0.39	0.45	0.23	0.19	0.3	0.21	0.47	0.17	0.63	0.23	0.58	0.25	0.37	0.22	0.37	0.48	0.23	0.22	0.35	0.3	0.32	0.23	0.39	0.32	0.5	0.22	0.34	0.24	0.31	0.37	0.2	0.42	0.59	0.24	0.28	0.35	0.44	0.18	0.29	0.23	0.31	0.3	0.24	0.23	0.56	0.05	0.33	0.23	0.23	0.47	0.26	0.78	0.34	0.35	0.34	0.41	0.41	0.24	0.17	0.82	0.22	0.35	0.41	0.41	0.33	0.05	0.29	0.22	0.29	0.22	0.23
0.11	0.5	0.08	0.05	0.13	0.24	0.51	0.03	0.02	0.4	0.12	2.11	0.03	0.1	0.6	0.53	0.05	0.53	0.23	0	0.43	0.63	0.93	0.15	0.16	0.04	0.53	0.43	0.43	0.34	0.43	0.18	0.17	0.44	0.04	0.18	0.01	0.01	0.13	0.95	0.02	0.12	0.03	0.14	1.05	0.15	0.19	0.04	0.35	0.08	0.01	0.45	0.01	0.16	0.04	0.1	0.03	0.02	0.18	0.46	0.03	0.46	0.03	0.19	0.27	0.15	0.34	1.46	0.39	0.04	0.01	0.14	0.13	0.46	0.56	0.41	0.56	0.18	0.46	0.2	0.04	0.46	0.04	0.24	0.25	0.13	0.46	0.15	0.11	0.03	0.13	0.67	0.03	0.63	0.05	0.02	0.15	0.02	0.18
0.42	0.05	0.12	0.17	0.16	0.76	0.12	0.45	0.16	0.05	0.46	2.7	0.46	0.06	0.42	0.62	0.46	0.46	0.39	0.96	0	0.2	0.21	0.15	0.46	0.06	0.08	0.08	0.46	0.46	0.13	0.16	0.06	0.48	0.04	0.47	0.06	0.46	0.47	0.19	0.41	0.47	0.06	0.47	0.18	0.17	0.28	0.07	0.41	0.15	0.35	0.22	1.65	0.21	0.12	0.47	0.05	0.06	0.55	0.48	0.1	0.16	0.78	0.27	0.48	0.2	0.09	0.98	0.1	0.08	0.08	0.17	0.18	0.33	0.08	0.7	0.18	0.58	0.59	0.11	0.08	0.19	0.43	0.49	0.58	0.49	0.19	0.4	0.49	0.08	0.18	0.31	0.11	0.6	0.24	0.06	0.11	0.06	0.38
0.03	0.15	0.17	0.26	0.45	0.3	0.12	0.15	0.13	0.2	0.03	1.16	0.15	0.14	0.22	0.5	0.2	0.25	0.21	0.15	0.2	0.4	0.08	0.04	0.04	0.16	0.16	0.17	0.19	0.28	0.04	0.04	0.5	0.09	0.17	0.4	0.14	0.43	0.04	0.03	0.4	0.02	0.16	0.06	0.4	0.38	0.16	0.46	0.22	0.4	0.17	0.07	0.15	0.07	0.4	0.04	0.17	0.16	0.08	0.16	0.26	0.42	0.15	0.16	0.03	0.05	0.17	0.03	0.18	0.17	0.15	0.04	0.27	0.2	0.14	0.04	0.03	0.06	0.21	0.15	0.16	0.03	0.15	0.07	0.45	0.04	0.4	0.08	0.04	0.49	0.04	0.19	0.47	0.22	0.41	0.16	0.18	0.15	0.35
0.08	0.26	0.2	0.29	0.18	0.49	0.08	0.21	0.49	0.19	0.07	6.76	0.78	0.18	0.17	0.58	0.23	0.48	0.48	0.33	0.25	0.08	0	0.09	0.17	0.69	0.35	0.49	0.28	0.21	0.08	0.16	0.49	0.13	0.17	0.49	0.21	0.53	0.09	0.06	0.57	0.07	0.4	0.71	0.9	0.38	0.4	0.5	0.18	0.05	0.5	0.01	0.2	0.41	0.58	0.09	0.41	0.21	0.05	0.09	0.41	0.1	0.23	0.21	0.05	0.03	0.33	0.27	0.62	0.2	0.21	0.09	0.21	0.14	0.19	0.42	0.42	0.05	0.16	0.21	0.43	0.05	0.21	0.04	0.27	0.4	0.39	0.11	0.08	0.18	0.09	0.84	0.21	0.94	0.26	0.25	0.23	0.23	0.42
0.23	0.14	0.2	0.27	0.01	0.3	0.03	0.4	0.57	0.92	0.03	5.34	0.47	0.12	0.43	0.11	0.18	0.25	0.34	0.15	0.17	0.43	0.09	0	0.02	0.43	0.16	0.19	0.22	0.15	0.03	0.05	0.15	0.01	0.14	0.44	0.14	0.13	0.23	0.09	0.16	0.04	0.46	0.05	0.68	0.79	0.15	0.25	0.21	0.04	0.16	0.45	0.16	0.06	0.14	0.04	0.16	0.14	0.08	0.04	0.16	0.04	0.15	0.16	0.04	0.07	0.39	0.03	0.46	0.16	0.76	0.01	0.01	0.19	0.3	0.05	0.09	0.06	0.19	0.14	0.16	0.04	0.14	0.08	0.15	0.36	0.97	0.04	0.04	0.14	0.01	0.18	0.14	0.23	0.57	0.78	0.55	0.14	0.22
1.17	0.34	0.18	0.27	0.02	0.3	0.03	0.43	0.67	0.17	0.03	1.57	0.14	0.12	0.99	0.09	0.18	0.24	0.49	0.49	0.17	0.04	0.49	0.02	0	0.14	0.79	0.16	0.2	0.15	0.04	0.05	0.14	0.01	0.14	0.07	0.14	0.16	0.4	0.09	0.16	0.4	0.6	0.31	0.53	0.01	0.14	0.15	0.21	0.81	0.9	0.09	0.13	0.09	0.14	0.03	0.14	0.16	0.05	0.04	0.15	0.25	0.41	0.14	0.2	0.07	0.16	0.03	0.18	0.51	0.16	0.11	0.09	0.41	0.13	0.41	0.42	0.42	0.44	0.14	0.14	0.11	0.42	0.07	0.2	0.05	0.07	0.05	0.42	0.42	0.02	0.42	0.14	0.23	0.27	0.53	0.17	0.15	0.22
0.48	0.27	0.06	0.08	0.48	0.24	0.5	0.03	0.01	0.06	0.11	4.16	0.94	0.01	0.36	0.54	0.32	0.21	0.66	0.04	0.06	0.45	0.51	0.15	0.13	0	0.04	0.05	0.08	0.06	0.45	0.15	0.03	0.11	0.04	0.19	0.03	0.45	0.55	0.45	0.04	0.15	0.03	0.2	0.13	0.13	0.22	0.4	0.46	0.09	0.03	0.17	0.03	0.33	0.05	0.47	0.03	0.03	0.24	0.1	0.18	0.11	0.04	0.56	0.13	0.17	0.46	0.47	0.06	0.04	0.11	0.46	0.47	0.3	0.02	0.13	0.47	0.17	0.67	0.05	0.47	0.15	0.3	0.2	0.28	0.13	0.47	0.16	0.42	0.1	0.15	0.3	0.05	0.38	0.08	0	0.47	0	2.08
0.13	0.03	0.1	0.44	0.14	0.2	0.24	0.04	0.39	0.03	0.45	5.58	0.06	0.03	0.37	0.47	0.02	0.2	0.47	0.03	0.12	0.17	0.22	0.35	0.24	0.04	0	0.06	0.11	0.14	0.13	0.25	0.04	0.14	0.05	0.48	0.04	0.26	0.21	0.22	0.03	0.48	0.03	0.16	0.48	0.14	0.68	0.04	0.34	0.48	0.05	0.2	0.22	0.48	0.06	0.49	0.04	0.03	0.56	0.42	0.04	0.25	0.34	0.22	0.17	0.19	0.03	0.14	0.04	0.05	0.04	0.16	0.49	0.31	0.04	0.14	0.23	0.2	0.49	0.23	0.05	0.36	0.31	0.21	0.28	0.54	0.21	0.17	0.42	0.21	0.5	0.64	0.4	0.36	0.02	0.03	0.34	0.41	0.5
0.15	0.07	0.12	0.07	0.33	0.25	0.14	0.02	0.59	0.02	0.42	5.17	0.19	0.3	0.9	0.43	0.07	0.22	0.51	0.05	0.07	0.19	0.38	0.51	0.18	0.22	0.25	0	0.12	0.27	0.15	0.18	0.02	0.15	0.07	0.21	0.05	0.41	0.14	0.24	0.05	0.41	0.05	0.16	0.41	0.18	0.24	0.34	0.75	0.12	0.05	0.48	0.37	0.18	0.08	0.14	0.42	0.05	0.19	0.13	0.23	0.14	0.05	0.42	0.62	0.18	0.07	0.54	0.07	0.38	0.45	0.37	0.42	0.62	0.05	0.49	0.23	0.19	0.35	0.07	0.42	0.19	0.34	0.62	0.3	0.14	0.42	0.19	0.13	0.05	0.16	0.33	0.42	0.37	0.07	0.43	0.07	0.34	0.34
0.39	0.47	0.15	0.67	0.33	0.3	0.17	0.1	0.09	0.18	0.55	0.4	0.12	0.11	0.4	0.25	0.49	0.72	0.38	0.09	0.15	0.23	0.41	0.21	0.19	0.4	0.48	0.13	0	0.13	0.5	0.21	0.4	0.2	0.11	0.25	0.22	0.4	0.17	0.23	0.47	0.18	0.4	0.29	0.33	0.58	0.9	0.4	0.39	0.29	0.1	0.63	0.09	0.6	0.13	0.17	0.28	0.09	0.41	0.17	0.41	0.52	0.11	0.32	0.91	0.41	0.41	0.25	1.21	0.11	0.1	0.5	0.22	0.35	0.87	0.41	0.29	0.23	0.74	0.13	0.13	0.23	0.29	0.41	0.81	0.17	0.41	0.22	0.17	0.1	0.2	0.63	0.13	0.49	0.13	0.1	0.13	0.51	0.49
0.18	0.12	0.49	0.25	0.13	0.27	0.12	0.15	0.04	0.49	0.13	3.32	0.01	0.06	1.41	0.52	0.08	0.21	0.88	0.05	0.16	0.52	0.21	0.15	0.15	0.06	0.42	0.44	0.13	0	0.12	0.43	0.06	0.43	0.17	0.43	0.43	0.09	0.13	0.31	0.13	0.34	0.05	0.12	0.44	0.44	0.23	0.16	0.95	0.5	0.04	0.22	0.04	0.2	0	0.45	0.06	0.05	0.79	0.13	0.05	0.56	0.46	0.23	0.15	0.57	0.08	0.13	0.08	0.07	0.05	0.47	0.55	0.57	0.04	0.48	0.16	0.19	0.31	0.01	0.04	0.18	0	0.19	0.4	0.15	0.27	0.19	0.41	0.05	0.14	0.3	0.01	0.42	0.22	0.06	0.43	0.43	0.63
0.02	0.66	0.14	0.14	0.1	0.31	0.02	0.14	0.12	0.82	0.01	8.62	0.11	0.46	0.22	0.07	0.14	0.65	0.57	0.12	0.28	0.04	0.08	0.04	0.1	0.36	0.13	0.47	0.17	0.12	0	0.05	0.11	0.09	0.48	0.48	0.1	0.21	0.38	0.79	0.11	0.03	0.1	0.07	0.24	0.09	0.15	0.13	0.23	0.01	0.25	0.08	0.09	0.06	0.11	0.4	0.4	0.11	0.23	0	0.4	0.21	0.13	0.15	0.04	0.41	0.23	0.02	0.34	0.12	0.1	0.18	0.49	0.18	0.09	0.04	0.04	0.47	0.91	0.11	0.11	0.03	0.12	0.29	0.21	0.4	0.08	0.07	0	0.11	0.03	0.19	0.12	0.25	0.47	0.12	0.13	0.92	0.42
0.04	0.15	0.43	0.44	0.1	0.25	0.4	0.48	0.14	0.95	0.33	8.92	0.16	0.44	0.37	0.57	0.97	0.2	0.19	0.17	0.17	0.67	0.17	0.31	0.05	0.35	0.68	0.57	0.48	0.16	0.48	0	0.24	0.31	0.17	0.03	0.17	0.48	0.05	0.04	0.16	0.33	0.15	0.07	0.12	0.98	0.17	0.39	0.17	0.08	0.16	0.03	0.16	0.08	0.16	0.05	0.17	0.52	0	0.05	0.16	0.4	0.16	0.18	0.04	0.22	0.17	0.07	0.41	0.18	0.41	0.06	0.3	0.13	0.16	0.93	0.04	0.03	0.17	0.45	0.16	0.03	0.17	1.66	0.23	0.18	0.36	0.46	0.04	0.14	0.05	0.46	1.06	0.43	0.47	0.15	0.18	0.17	0.48
0.14	0.46	0.11	0.4	0.46	0.63	0.29	0.21	0.03	0.84	0.14	3.87	0.05	0.03	0.37	0.21	0.4	0.44	0.5	0.34	0.42	0.16	0.21	0.37	0.4	0.03	0.05	0.02	0.11	0.17	0.24	0.4	0	0.13	0.29	0.19	0.04	0.09	0.4	0.23	0.03	0.91	0.03	0.15	0.36	0.16	0.22	0.35	0.4	0.11	0.15	0.21	0.38	0.19	0.06	0.13	0.4	0.03	0.16	0.11	0.04	0.2	0.04	0.22	0.58	0.33	0.12	0.32	0.41	0	0.17	0.14	0.44	0.29	0.43	0.51	0.23	0.26	0.39	0.41	0.05	0.15	0.06	0.2	0.28	0.14	0.19	0.16	0.11	0.41	0.15	0.32	0.05	1.07	0.41	0.07	0.08	0.03	0.21
0.02	0.15	0.16	0.17	0	0.29	0.02	0.4	0.67	0.47	0.02	1.09	0.35	0.13	0.5	0.12	0.4	0.78	0.22	0.14	0.14	0.09	0.13	0.01	0.01	0.12	0.55	0.16	0.2	0.14	0.09	0.38	0.13	0	0.12	0.06	0.12	0.26	0.02	0.09	0.62	0.08	0.14	0.41	0.02	0	0.42	0.84	0.2	0.14	0.41	0.13	0.28	0.07	0.13	0.41	0.16	0.13	0.1	0.41	0.12	0.72	0.15	0.13	0.06	0.06	0.16	0.02	0.15	0.17	0.13	0.01	0	0.18	0.12	0.09	0.43	0.06	0.23	0.14	0.43	0.08	0.13	0.05	0.19	0.1	0.06	0.03	0.49	0.13	0.01	0.53	0.43	0.28	0.16	0.13	0.16	0.42	0.23
0.11	0.42	0.09	0.28	0.13	0.42	0.1	0.05	0.42	0.09	0.11	9.54	0.07	0.04	0.53	0.2	0.06	0.52	0.35	0.11	0.1	0.28	0.17	0.41	0.14	0.04	0.41	0.12	0.12	0.09	0.11	0.14	0.05	0.12	0	0.17	0.04	0.71	0.11	0.16	0.04	0.14	0.41	0.11	1.11	0.14	0.27	0.61	0.65	0.13	0.14	0.41	0.41	0.15	0.08	0.12	0.41	0.26	0.14	0.12	0.05	0.47	0.38	0.24	0.15	0.5	0.07	0.11	0.4	0.4	0.04	0.4	0.17	0.4	0.05	0.4	0.17	0.18	0.7	0.34	0.05	0.15	0.22	0.39	0.22	0.5	0.17	0.15	0.12	0.13	0.15	0.27	0.07	0.32	0.07	0.04	0.37	0.05	0.38
0.15	0.19	0.47	0.6	0.06	0.5	0.46	0.54	0.17	0.19	0.08	0.81	0.18	0.2	0.18	0.02	0.22	0.44	0.17	0.18	0.18	0.44	0.04	0.09	0.45	0.2	0.6	0.22	0.25	0.45	0.08	0.45	0.46	0.06	0.17	0	0.18	0.21	0.08	0.45	0.37	0.09	0.2	0.1	0.09	0.46	0.39	0.22	0.15	1.38	0.86	0.46	0.19	0.09	0.19	0.16	0.2	0.19	0.03	0.09	0.97	0.47	0.19	0.19	0.05	0.01	0.21	0.07	1.19	0.2	0.19	0.49	0.47	0.37	0.55	0.24	0.15	0.01	0.48	0.48	0.48	0.15	0.19	0.08	0.48	0.1	0.01	0.04	0.08	0.79	0.08	0.22	0.5	0.5	0.24	0.2	0.22	0.86	0.24
0.1	0.02	0.08	0.14	0.5	0.24	0.22	0.04	0.01	0.48	0.11	6.38	0.25	0.38	0.37	0.21	0.36	0.4	0.46	0.01	0.4	0.39	0.51	0.5	0.14	0.27	0.41	0.05	0.09	0.03	0.09	0.4	0.03	0.12	0.04	0.19	0.4	0.01	1.9	0.2	0.02	0.09	0.02	0.4	0.13	0.13	0.4	0.04	0.32	0.09	0.12	0.17	0.01	0.15	0.04	0.11	0.41	0.02	0.16	0.08	0.41	0.92	0.42	0.2	0.15	0.14	0.05	0.42	0.14	0.04	0.4	0.31	0.91	0.29	0.01	0.1	0.2	0.43	0.32	0.13	0.04	0.53	0.03	0.25	0.41	0.12	0.19	0.16	0.44	0.08	0.15	0.29	0.03	0.44	0.45	0.02	0.05	0.03	0.48
0.22	0.02	0.47	0.05	0.14	0.23	0.23	0.41	0.02	0.11	0.45	1.22	0.03	0.04	0.41	0.2	0.04	0.91	0.23	0	0.91	0.16	0.2	0.91	0.4	0.04	0.03	0.05	0.09	0.5	0.11	0.4	0.41	0.15	0.04	0.5	0.4	0.91	0.42	0.22	0.02	0.11	0.43	0.12	0.15	0.46	0.5	0.03	0.67	0.47	0.01	0.97	0.01	0.15	0.04	0.47	0.03	0.01	0.16	0.47	0.03	0.48	0.03	0.19	0.17	0.15	0.05	0.49	0.05	0.04	0.29	0.47	0.98	0.29	0.02	0.48	0.22	0.47	1.18	0.03	0.04	0.35	0.99	0.49	0.48	0.48	0.18	0.48	0.09	0.02	0.14	0.35	0.48	0.35	0.05	0.47	0.47	0.23	0.47
0.43	0.1	0.14	0.13	0.43	0.46	0.02	0.12	0.93	0.12	0.02	6	0.31	0.44	0.26	0.56	0.15	0.64	0.23	0.46	0.56	0.04	0.09	0.03	0.03	0.47	0.13	0.13	0.87	0.38	0.01	0.05	0.12	0.02	0.11	0.47	0.39	0.1	0	0.05	0.09	0.03	0.47	0.01	0.03	0.02	0.18	0.18	0.22	0.17	0.08	0.09	0.38	0.09	0.11	0	0.51	0.47	0.05	0	0.14	0.9	0.13	0.14	0.04	0.35	0.13	0.01	0.33	0.12	0.11	0.47	0.04	0.18	0.09	0.03	0.05	0.36	0.2	0.11	0.12	0.04	0.11	0.08	0.17	0.03	0.08	0.23	0.01	0.49	0.03	0.18	0.11	0.55	0.13	0.26	0.12	0.12	0.52
0.1	0.39	0.71	0.43	0.42	0.32	0.1	0.34	0.21	0.4	0.43	5.95	0.15	0.26	0.27	0.16	0.24	0.43	0.48	0.21	0.18	0.03	0.44	0.23	0.09	0.22	0.24	0.23	0.24	0.16	0.04	0.04	0.22	0.29	0.55	0.1	0.2	0.23	0.95	0	0.31	0.03	0.21	0.12	0.45	0.88	0.23	0.24	0.24	0.04	0.21	0.05	0.23	0.06	0.19	0.35	0.47	0.24	0.04	0.04	0.21	0.05	0.23	0.21	0.01	0.05	0.23	0.1	0.48	0.22	0.59	0.48	0.4	0.2	0.23	0.03	0	0.25	0.27	0.32	0.23	0	0.16	0.11	0.25	0.03	0.34	0.43	0.04	0.2	0.09	0.43	0.15	0.62	0.26	0.94	0.23	0.21	0.9
0.12	0.02	0.09	0.75	0.15	0.41	0.51	0.04	0.17	1.13	0.19	8.78	0.04	0.04	0.56	0.42	0.26	0.42	0.36	0.02	0.4	0.15	0.26	0.14	0.55	0.4	0.04	0.05	0.1	0.4	0.1	0.36	0.04	0.61	0.04	0.21	0.02	0.07	0.1	0.23	0	0.11	0.41	0.14	0.41	0.21	0.41	0.04	0.33	0.1	0.15	0.18	0.01	0.15	0.17	0.12	0.17	0.01	0.72	0.1	0.04	0.1	0.03	0.21	0.16	0.16	0.04	0.21	0.05	0.04	0.14	0.17	0.42	0.52	0.03	0.42	0.21	0.42	0.32	0.05	0.17	0.42	0.05	0.2	0.63	0.12	0.24	0.42	0.11	0.12	0.15	0.42	0.38	0.52	0.92	0.02	0.43	0.2	0.8
0.26	0.11	0.15	0.15	0.08	0.31	0.03	0.12	0.1	0.42	0.02	3.93	0.11	0.12	0.55	0.06	0.53	0.25	0.22	0.1	0.16	0.02	0.43	0.04	0.25	0.11	0.12	0.13	0.16	0.13	0.03	0.07	0.13	0.43	0.13	0.29	0.1	0.49	0.03	0.03	0.12	0.01	0.81	0.45	0.04	0.08	0.2	0.23	0.55	0.02	0.46	0.08	0.1	0.07	0.46	0.04	0.3	0.11	0.07	0.48	0.1	0.04	0.27	0.24	0.02	0.08	0.15	0.03	0.15	0.49	0.12	0.04	0.25	0.18	0.12	0.01	0.14	0.41	0.25	0.43	0.14	0.02	0.12	0.09	0.2	0.01	0.09	0.08	0.03	0.27	0.21	0.43	0.12	0.22	0.14	0.11	0.34	0.43	0.72
0.26	0.02	0.4	0.06	0.13	0.23	0.12	0.02	0.02	1.28	0.49	5.54	0.08	0.06	0.36	0.23	0.44	0.19	0.22	0.03	0.33	0.15	0.46	0.15	0.54	0.44	0.44	0.06	0.45	0.05	0.11	0.17	0.03	0.22	0.03	0.47	0.03	0.08	0.34	0.57	0.01	0.12	0	0.44	0.49	0.14	0.23	0.03	0.45	0.1	0.49	0.2	0.01	0.18	0.05	0.42	0.45	0.01	0.16	0.12	0.03	0.45	0.03	0.21	0.16	0.17	0.05	0.14	0.05	0.04	0.03	0.17	0.13	0.29	0.23	0.45	0.24	0.19	0.33	0.04	0.05	0.47	0.05	0.2	0.28	0.13	0.21	0.23	0.11	0.03	0.13	0.3	0.12	0.36	0.26	0.05	0.16	0.01	0.19
0.03	0.15	0.15	0.75	0.05	0.33	0.03	0.19	0.47	0.16	0.03	13.3	0.17	0.4	0.4	0.43	0.21	0.6	0.25	0.41	0.13	0.06	0.12	0.61	0.07	0.16	0.18	0.56	0.51	0.11	0.01	0.27	0.51	0.04	0.11	0.11	0.41	0.11	0	0.12	0.41	0.41	0.34	0	0.67	0.61	0.18	0.41	0.45	0.02	0.4	0.41	0.11	0.07	0.13	0	0.14	0.13	0.07	0.01	0.13	0.01	0.16	0.17	0.41	0.07	0.92	0.2	0.17	0.42	0.14	0.42	0.04	0.19	0.11	0.04	0.92	0.1	0.27	0.45	0.37	0.12	0.4	0.71	0.23	0.42	0.1	0.09	0.01	0.43	0.06	0.56	0.47	0.43	0.15	0.13	0.53	0.81	0.43
0.25	0.44	0.5	0.5	0.5	1	0.03	0.47	0.49	0.6	0.03	1.28	0.14	0.45	0.65	0.95	0.96	0.25	0.45	0.46	0.46	0.05	0.46	0.01	0.03	0.97	0.15	0.56	1.01	0.15	0.04	0.23	0.15	0.02	0.47	0.46	0.46	0.15	0.46	0.97	0.47	0.07	0.16	0.06	0.01	0.45	0.46	0.15	0.44	0.44	0.22	1.04	0.15	0.07	0.43	0.04	0.43	0.43	0.06	0.44	0.53	0.47	0.43	0.15	0.42	0.42	0.31	0.42	0.41	0.17	0.51	0	0.01	0.41	0.41	0.05	0.91	0.41	0.41	0.14	0.16	0.04	0.15	0.08	0.5	0.05	1.52	0.05	0.04	0.91	0.01	0.4	0.5	1.04	0.5	0.49	0.57	1.5	0.24
0.31	0.42	0.73	0.42	0	0.29	0.03	0.16	0.2	0.13	0.02	7.34	0.48	1.3	0.62	0.28	0.15	0.48	0.22	0.14	0.45	0.09	0.13	0.47	0.01	0.13	0.47	0.36	0.47	0.14	0.09	0.47	0.47	0	0.14	0.06	0.14	0.14	0.05	0.09	0.47	0.08	0.14	0.04	0.02	0	0.23	0.47	0.2	0.04	0.47	0.45	0.47	0.09	0.13	0.03	0.13	0.14	0.1	0.1	0.13	0.47	0.23	0.12	0.47	0.47	0.47	0.02	0.15	0.47	0.13	0.01	0.96	0.18	0.12	0.46	0.18	0.4	0.24	0.13	0.47	0.08	0.13	0.23	0.97	0.12	0.06	0.46	0.09	0.46	0.01	0.43	0.12	0.22	0.56	0.13	0.17	0.47	0.45
0.49	0.49	0.31	0.23	0.15	0.42	0.15	0.22	0.21	1	0.15	11	0.48	0.59	0.56	0.21	0.49	0.69	0.35	0.49	0.33	0.16	0.21	0.15	0.49	0.22	0.22	0.5	0.5	0.23	0.37	0.17	0.61	0.42	0.33	0.19	0.51	0.91	0.25	0.23	0.31	0.2	0.22	1.01	0.15	0.18	0	0.41	0.33	0.18	0.2	0.2	0.19	0.41	0.41	0.15	0.49	0.42	0.17	0.35	0.82	0.87	0.22	0.01	0.72	0.21	0.23	0.43	0.52	0.23	0.44	0.24	0.16	0.73	1.1	0.21	0.44	0.51	0.31	0.22	0.44	0.53	0.22	0.73	0.64	0.22	0.19	0.45	0.65	0.3	0.15	1.07	0.22	0.34	0.23	0.45	0.45	0.21	0.34
0.5	0.15	0.09	0.4	0.14	0.41	0.14	0.01	0.02	0.01	0.16	6.23	0.05	0.03	0.46	0.23	0.05	0.21	0.46	0.04	0.06	0.17	0.56	0.47	0.16	0.05	0.04	0.27	0.1	0.07	0.41	0.47	0.01	0.13	0.05	0.48	0.05	0.15	0.12	0.48	0.04	0.68	0.03	0.15	0.49	0.16	0.22	0	0.35	0.12	0.14	0.54	0.03	0.16	0.06	0.14	0.4	0.03	0.37	0.4	0.04	0.45	0.04	0.22	0.41	0.16	0.05	0.14	0.41	0.05	0.04	0.62	0.42	0.49	0.04	0.27	0.42	0.42	0.73	0.43	0.05	0.34	0.44	0.43	0.28	0.14	0.19	0.4	0.12	0.03	0.14	0.54	0.44	0.36	0.06	0.35	0.95	0.03	0.45
0.22	0.73	0.75	0.75	0.2	0.46	0.22	0.36	0.39	0.33	0.46	8.66	0.32	0.62	0.42	0.17	0.73	0.32	0.43	0.71	0.83	0.42	0.28	0.35	0.23	0.37	0.35	0.38	0.43	0.73	0.22	0.22	0.35	0.43	0.33	0.15	0.43	1.2	1.94	0.23	0.33	0.43	0.38	0.43	0.28	0.33	0.43	0.64	0	0.22	0.45	0.18	0.32	0.26	0.73	0.22	0.95	0.45	0.25	0.23	0.45	0.23	0.59	0.33	0.2	0.49	0.4	0.22	0.35	0.36	0.35	0.21	0.2	0.25	0.34	0.42	0.23	0.52	0.02	0.42	0.35	0.2	0.4	0.62	0.39	0.24	0.43	0.18	0.23	0.63	0.44	0.44	0.33	0.29	0.44	0.56	0.51	0.44	0.3
0.53	0.19	0.14	0.13	0.05	0.5	0.02	0.13	0.18	0.18	0.24	0.21	0.18	0.42	0.51	0.12	0.12	0.24	0.46	0.46	0.15	0.03	0.37	0.04	0.04	0.92	0.1	0.46	0.16	0.39	0.01	0.05	0.11	0.02	0.13	0.22	0.3	0.47	0.01	0.04	0.1	0.01	0.1	0.18	0.22	0.04	0.42	0.12	0.41	0	0.48	0.09	0.09	0.22	0.78	0.01	0.27	0.09	0.05	0.01	0.48	0.55	0.48	0.15	0.04	0.17	0.11	0.02	0.2	0.12	0.48	0.04	0.06	0.2	0.68	0.15	0.04	0.08	0.2	0.48	0.12	0.15	0.19	0.08	0.14	0.01	0.11	0.59	0.03	0.18	0.04	0.4	0.33	0.22	0.13	0.49	0.12	0.38	0.22
0.15	0.16	0.08	0.05	0.15	0.55	0.12	0.04	0.1	0.04	0.43	9.2	0.03	0.39	0.68	0.49	0.05	1	1.47	0.01	0.47	0.14	0.48	0.15	0.46	0.03	0.04	0.11	0.86	0.25	0.44	0.44	0.13	0.16	0.47	0.5	0.02	0.43	0.44	0.42	0.42	0.47	0.02	0.42	0.73	0.13	0.62	0.42	0.71	0.3	0.04	0.17	0.02	0.96	0.03	0.12	0.07	0.08	0.92	0.43	0.41	0.32	0.04	0.22	0.27	0.53	0.05	0.47	0.43	0.41	0.07	0.4	0.14	0.42	0.02	0.11	0.41	0.23	0.38	0.05	0.06	0.51	0.03	0.46	0.76	0.98	0.33	0.95	0.09	0.45	0.46	0.45	0.43	0.37	0.05	0.42	0.51	0.03	0.41
0.08	0.2	0.22	0.21	0.11	0.46	0.11	0.22	0.2	0.19	0.46	3.27	0.58	0.19	0.18	0.03	0.58	0.48	0.17	0.19	0.22	0.07	0.01	0.09	0.09	0.31	0.79	0.26	0.25	0.22	0.08	0.07	0.3	0.18	0.49	0.04	0.4	0.18	0.09	0.05	0.38	0.31	0.2	0.1	0.1	0.51	0.21	0.21	0.18	0.12	0.17	0	0.35	0.11	0.21	0.42	0.2	0.18	0.04	0.09	0.18	0.21	0.21	0.2	0.25	0.03	0.21	0.08	0.24	0.22	0.42	0.09	0.14	0.14	0.35	0.43	0.05	0.47	0.54	0.19	0.19	0.15	0.22	0.09	0.6	0.45	0.04	0.08	0.08	0.21	0.08	0.36	0.32	0.3	0.23	0.19	0.64	0.55	0.55
0.25	0.07	0.09	0.04	0.14	0.49	0.11	0.31	0.33	0.02	0.13	5.59	0.03	0.17	0.75	0.22	0.04	0.5	0.36	0.58	0.06	0.27	0.7	0.45	0.53	0.37	0.02	0.41	0.09	0.05	0.1	0.45	0.41	0.22	0.03	0.21	0.01	0.02	0.1	0.41	0.4	0.11	0	0.13	0.47	0.84	0.19	0.03	0.34	0.19	0.41	0.72	0	0.16	0.04	0.4	0.31	0.15	0.18	0.11	0.03	0.11	0.02	0.2	0.14	0.81	0.03	0.22	0.04	0.03	0.02	0.15	0.43	0.26	0.31	0.12	0.2	0.19	0.49	0.03	0.04	0.15	0.04	0.36	0.26	0.1	0.18	0.17	0.43	0.02	0.14	0.29	0.04	0.43	0.39	0.01	0.29	0.01	0.54
0.05	0.17	0.23	0.28	0.42	0.34	0.06	0.19	0.45	0.16	0.05	0.23	0.17	0.19	0.26	0.11	0.18	0.48	0.24	0.16	0.18	0.07	0.13	0.07	0.09	0.15	0.16	0.21	0.25	0.43	0.06	0.09	0.16	0.32	0.15	0.09	0.14	0.78	0.29	0.2	0.49	0.06	1.07	0.4	0.17	0.4	0.4	1.01	0.43	0.05	0.37	0.4	0.26	0	0.19	0.29	0.18	0.17	0.23	0.4	0.15	0.41	0.16	0.16	0.06	0.46	0.2	0.07	0.47	0.17	0.65	0.08	0.28	0.22	0.17	0.41	0.06	0.45	0.59	0.18	0.5	0.08	0.19	0.09	0.19	0.07	0.33	0.21	0.07	0.17	0.45	0.23	0.4	0.41	0.45	0.34	0.49	0.19	0.91
0.12	0.05	0.11	0.08	0.13	0.48	0.13	0.06	0.09	0.06	0.12	2.43	0.33	0.26	0.48	0.58	0.08	0.6	1.66	0.04	0.09	0.15	0.22	0.48	0.51	0.05	0.06	0.07	0.13	0.1	0.12	0.16	0.06	0.58	0.08	0.19	0.13	0.48	0.12	0.26	0.09	0.12	0.07	0.11	0.58	0.2	0.3	0.48	0.34	0.57	0.42	0.48	0.04	0.48	0	0.27	0.06	0.05	0.48	0.13	0.05	0.88	0.06	0.22	0.15	0.18	0.08	0.27	0.32	0.07	0.05	0.48	0.15	0.28	0.04	0.14	0.16	0.18	0.65	0.01	0.03	0.41	0	0.19	0.28	0.13	0.5	0.5	0.12	0.04	0.43	0.51	0.01	0.34	0.08	0.43	0.16	0.08	0.54
0.39	0.92	0.14	0.13	0.02	0.49	0.02	0.11	0.1	0.16	0.01	3.5	0.43	0.12	0.26	0.1	0.52	0.25	0.44	0.94	0.44	0.05	0.09	0.03	0.03	0.1	0.44	0.44	0.17	0.12	0.38	0.44	0.11	0.02	0.13	0.08	0.45	0.45	0	0.06	0.1	0.04	0.44	0.01	0.26	0.02	0.48	0.44	0.22	0.01	0.13	0.22	0.1	0.07	0.11	0.01	0.46	0.11	0.56	0.02	0.11	0.31	0.25	0.46	0.04	0.48	0.12	0.15	0.13	0.13	0.37	0.03	0.37	0.18	0.46	0.04	0.05	0.47	0.2	0.11	0.12	0.04	0.12	0.08	0.57	0.03	0.08	0.07	0.01	0.1	0.03	0.41	0.11	0.23	0.15	0.47	0.13	0.28	0.23
0.13	0.02	0.45	0.05	0.14	0.24	0.13	0	0.02	0.27	0.12	2.47	0.47	0.03	0.57	0.22	0.05	0.2	0.47	0.03	0.46	0.15	0.2	0.37	0.16	0.03	0.03	0.02	0.09	0.06	0.46	0.17	0.01	0.14	0.05	0.46	0.03	0.59	0.11	0.21	0.03	0.13	0.03	0.16	0.3	0.23	0.22	0.49	0.33	0.51	0.11	0.9	0.02	0.16	0.06	0.3	0	0.03	0.52	0.13	0.03	1.26	0.36	0.83	0.16	0.16	0.05	0.12	0.05	0.25	0.32	0.34	0.35	0.28	0.46	0.43	0.23	0.18	0.34	0.05	0.05	0.16	0.06	0.19	0.28	0.46	0.28	0.16	0.4	0.03	0.14	0.97	0.05	0.35	0.05	0.02	0.6	0.03	0.47
0.13	0.02	0.09	0.36	0.13	0.23	0.11	0.03	0.03	0.06	0.12	2.68	0.04	0.14	0.36	0.28	0.04	0.18	0.37	0.24	0.17	0.15	0.47	0.46	0.19	0.03	0.25	0.05	0.46	0.46	0.1	0.32	0.12	0.13	0.04	0.47	0.02	0.57	0.47	0.22	0.13	0.12	0.01	0.14	0.16	0.15	0.2	0.03	0.48	0.26	0.33	0.18	0.01	0.17	0.05	0.11	0.03	0	0.18	0.1	0.4	0.1	0.12	0.57	0.16	0.16	0.14	0.51	0.04	0.04	0.02	0.14	0.24	0.29	0.66	0.12	0.24	0.41	0.41	0.04	0.04	0.4	0.42	0.21	0.26	0.12	0.35	0.42	0.11	0.03	0.14	0.31	0.04	0.42	0.04	0.02	0.16	0.18	0.43
0.04	0.3	0.55	0.65	0.1	0.25	0.04	0.25	0.45	0.45	0.03	5.19	0.77	0.15	0.57	0.16	0.19	0.48	0.19	0.15	0.47	0.04	0.05	0.05	0.48	0.28	0.2	0.19	0.48	0.17	0.12	0	0.2	0.09	0.53	0.04	0.46	0.15	0.05	0.04	0.2	0.07	0.49	0.07	0.61	0.37	0.17	0.18	0.49	0.05	0.26	0.03	0.49	0.07	0.49	0.05	0.6	0.17	0	0.05	0.49	0.12	0.16	0.17	0.49	0.04	0.19	0.15	0.18	0.18	0.4	0.05	0.36	0.4	0.51	0.08	0.04	0.03	0.17	0.15	0.17	0.03	0.16	0.03	1	0.12	0.33	0.41	0.04	0.16	0.41	0.19	0.41	0.18	0.19	0.17	0.48	0.17	0.17
0.02	0.11	0.15	0.42	0.1	0.32	0.02	0.11	0.11	0.36	0.02	0.84	0.41	0.13	0.49	0.08	0.16	0.73	0.23	0.7	0.37	0.04	0.09	0.04	0.07	0.1	0.14	0.42	0.52	0.17	0.01	0.38	0.43	0.42	0.37	0.09	0.19	0.09	0.01	0.05	0.1	0.43	0.12	0.01	0.17	0.28	0.16	0.12	0.44	0.01	0.08	0.09	0.46	0.42	0.12	0.01	0.44	0.1	0.05	0	0.11	0.01	0.12	0.16	0.04	0.07	0.45	0.02	0.42	0.12	0.09	0.04	0.37	0.19	0.46	0.04	0.05	0.66	0.23	0.11	0.11	0.04	0.13	0.66	0.22	0.04	0.09	0.46	0.01	0.11	0.04	0.46	0.46	0.23	0.46	0.12	0.37	0.11	0.56
0.11	0.13	0.09	0.36	0.12	0.49	0.1	0.03	0.02	0.26	0.15	3.77	0.1	0.01	0.37	0.57	0.22	0.2	0.34	0.03	0.1	0.45	0.18	0.32	0.13	0.41	0.04	0.05	0.45	0.2	0.12	0.45	0.03	0.13	0.05	0.19	0.02	0.15	0.46	0.21	0.04	0.11	0.04	0.11	0.26	0.13	0.86	0.29	0.35	0.57	0.66	0.31	0.03	0.16	0.04	0.09	0.46	0.03	0.15	0.1	0	0.32	0.04	0.21	0.15	0.25	0.05	0.28	0.06	0.04	0.39	0.13	0.12	0.5	0.4	0.11	0.57	0.16	0.3	0.04	0.41	0.13	0.27	0.17	0.27	0.4	0.19	0.4	0.11	0.08	0.43	0.65	0.04	0.33	0.07	0.03	0.42	0.3	1.42
0.02	0.5	1	0.13	0.03	0.31	0.02	0.43	0.49	1.75	0.49	1.12	0.41	0.41	0.5	0.5	0.3	1	0.5	0.5	0.49	0.05	0.1	0.04	0.04	0.99	0.99	0.5	0.99	0.49	0.01	0.37	0.99	0.02	0.41	0.98	0.48	0.48	0	0.05	0.47	0.04	0.47	0.47	0.04	0.03	0.97	0.47	0.47	0.01	0.24	0.47	0.47	0.06	0.47	0.01	0.11	0.47	0.06	0.02	0.46	0.01	0.47	0.97	0.47	0.46	0.46	0.02	0.46	0.46	0.46	0.04	0.46	0.97	0.46	0.04	0.05	0.96	0.21	0.95	0.46	0.04	0.45	0.08	0.46	0.04	0.99	0.08	1.44	0.44	0.94	0.46	0.44	0.44	0.94	0.44	0.49	0.43	0.44
0.14	0.65	0.1	0.39	0.45	0.2	0.3	0.22	0.03	0.96	0.46	3.48	0.1	0.03	0.37	0.59	0.6	0.25	0.28	0.04	0.09	0.18	0.22	0.15	0.17	0.04	0.03	0.06	0.11	0.18	0.4	0.28	0.43	0.15	0.29	0.2	0.03	0.19	0.14	0.22	0.03	0.93	0.4	0.16	0.34	0.14	0.22	0.4	0.36	0.1	0.04	0.49	0.02	0.19	0.06	0.14	0.41	0.03	0.31	0.12	0.35	0.41	0	0.22	0.17	0.17	0.02	0.41	0.02	0.05	0.04	0.15	0.51	0.29	0.04	0.13	0.41	0.18	0.31	0.13	0.05	0.41	0.06	0.41	0.28	0.13	0.21	0.41	0.12	0.07	0.14	0.31	0.41	0.75	0.15	0.03	0.02	0.03	0.26
0.41	0.21	0.3	0.24	0.13	0.75	0.34	0.35	0.33	0.22	0.15	7.9	0.86	0.23	0.46	0.21	0.46	0.36	0.35	0.85	0.67	0.16	0.6	0.4	0.46	0.22	0.22	0.46	0.33	0.23	0.15	0.31	0.55	0.46	0.24	0.2	0.49	0.46	0.14	0.22	0.56	0.96	0.46	0.17	0.15	0.12	0.76	0.48	0.46	0.15	1.06	0.21	0.2	0.17	0.22	0.15	0.46	0.21	0.47	0.31	0.21	0.16	0.24	0	0.18	0.2	0.23	0.15	0.23	0.23	0.2	0.14	0.47	0.68	0.25	0.22	0.52	0.69	0.6	0.22	0.32	0.22	0.22	0.48	0.07	0.21	0.28	0.18	0.16	0.78	0.12	0.7	0.22	0.35	0.23	0.48	0.23	0.21	0.75
0.2	0.47	0.57	0.18	0.47	0.28	0.03	0.16	0.16	0.15	0.03	4.97	0.15	0.14	0.47	0.39	0.47	1.47	0.51	0.3	0.19	0.38	0.3	0.04	0.04	0.48	0.15	0.17	0.18	0.48	0.15	0.25	0.48	0.06	0.15	0.05	0.98	0.72	0.33	0.01	0.16	0.02	0.53	0.23	0.05	0.49	0.18	0.49	0.2	0.72	0.25	0.05	0.15	0.08	0.16	0.04	0.53	0.15	0.03	0.05	0.15	0.46	0.4	0.16	0	0.37	0.19	0.11	0.46	0.16	0.17	0.04	0.41	0.19	0.14	0.03	0.24	0.05	0.19	0.15	0.42	0	0.19	0.18	0.18	0.21	0.05	0.06	0.04	0.13	0.04	0.43	0.15	0.19	0.17	0.16	0.28	0.43	0.2
0.07	0.17	0.6	0.48	0.12	0.29	0.07	0.5	0.22	0.16	0.06	2.07	0.44	0.15	0.17	0.02	0.49	0.38	0.45	0.15	0.37	0.05	0.1	0.07	0.07	0.15	0.17	0.45	0.53	0.18	0.38	0.25	0.16	0.06	0.18	0.01	0.14	0.45	0.07	0.66	0.25	0.18	0.17	0.07	0.07	0.46	0.2	0.17	0.15	0.16	0.29	0.22	0.43	0.09	0.18	0.07	0.16	0.16	0.03	0.37	0.46	0.09	0.17	0.24	0.46	0	0.18	0.07	0.19	0.17	0.15	0.07	0.08	0.45	0.45	0.24	0.05	0.02	0.45	0.17	0.17	0.32	0.45	0.28	0.16	0.11	0.01	0.46	0.14	0.56	0.46	0.11	0.18	0.15	0.96	0.25	0.19	0.19	0.5
0.15	0.16	0.12	0.18	0.16	0.21	0.37	0.33	0.05	0.1	0.14	4.68	0.07	0.04	0.44	0.23	0.03	0.81	0.31	0.05	0.45	0.18	0.23	0.55	0.16	0.05	0.01	0.06	0.41	0.08	0.14	0.25	0.05	0.15	0.07	0.22	0.04	0.71	0.14	0.24	0.41	0.13	0.05	0.19	0.27	0.16	0.23	0.05	0.36	0.11	0.08	0.45	0.2	0.42	0.08	0.14	0.05	0.04	0.52	0.13	0.05	0.42	0.43	0.23	0.43	0.18	0	0.14	0.01	0.38	0.05	0.24	0.24	0.3	0.05	0.45	0.24	0.19	0.58	0.07	0.45	0.18	0.45	0.29	0.29	0.15	0.35	0.19	0.13	0.05	0.47	0.33	0.47	0.47	0.03	0.16	0.04	0.04	0.43
0	0.41	0.15	0.14	0.02	0.43	0	0.61	0.46	0.17	0.01	1.12	0.12	0.1	0.25	0.1	0.14	0.26	0.23	0.11	0.14	0.04	0.43	0.03	0.03	0.46	0.13	0.44	0.17	0.44	0.02	0.04	0.44	0.02	0.11	0.08	0.11	0.15	0.01	0.44	0.14	0.03	0.13	0.03	0.03	0.4	1.05	0.13	0.22	0.44	0.35	0.44	0.12	0.05	0.13	0.38	0.13	0.11	0.05	0.02	0.33	1.06	0.14	0.15	0.04	0.07	0.15	0	0.31	0.26	0.46	0.03	0.02	0.18	0.11	0.04	0.1	0.06	0.24	0.49	0.15	0.47	0.47	0.57	0.42	0.25	0.08	0.05	0.02	0.48	0.02	0.19	0.12	0.49	0.14	0.49	0.15	0.12	0.5
0.5	0.44	0.47	0.06	0.16	0.22	0.14	0.05	0.41	0.51	0.14	3.02	0.39	0.29	0.4	0.61	0.03	0.22	2.1	0.41	0.52	0.17	0.42	0.36	0.55	0.05	0.02	0.07	0.43	0.08	0.14	0.18	0.44	0.23	0.07	0.27	0.15	0.18	0.13	0.25	0.05	0.45	0.05	0.45	0.56	0.24	0.33	0.06	0.37	0.14	0.46	0.45	0.04	0.17	0.47	0.14	0.05	0.05	0.47	0.15	0.06	0.27	0.04	0.24	0.49	0.69	0.24	0.2	0	0.18	0.06	1.5	0.42	0.4	0.3	0.49	0.25	0.34	0.32	0.23	0.07	0.51	0.41	0.24	0.44	0.48	0.42	0.18	0.14	0.05	0.19	0.34	0.19	0.36	0.14	0.13	0.04	0.32	0.43
0.53	0.03	0.11	0.36	0.16	0.25	0.16	0.02	0.03	0.86	0.13	11.5	0.06	0.04	0.37	0.24	0.06	0.3	0.3	0.04	0.09	0.17	0.23	0.16	0.44	0.37	0.04	0.42	0.21	0.42	0.13	0.17	0.01	0.14	0.14	0.19	0.04	0.36	0.2	0.24	0.04	0.43	0.05	0.42	0.43	0.15	0.6	0.02	0.43	0.21	0.33	0.63	0.03	0.17	0.43	0.13	0.43	0.43	0.18	0.12	0.04	0.45	0.04	0.22	0.17	0.18	0.06	0.13	0.06	0	0.05	0.15	0.15	0.44	0.44	0.44	0.22	0.48	0.34	0.15	0.05	0.17	0.44	0.49	0.29	0.13	0.21	0.44	0.44	0.41	0.15	0.53	0.06	0.35	0.06	0.03	0.14	0.92	0.3
0.11	0.36	0.09	0.19	0.16	0.55	0.11	0.04	0.03	0.63	0.13	1.45	0.55	0.05	0.55	0.23	0.06	0.19	0.46	0.07	0.08	0.18	0.32	0.15	0.46	0.05	0.04	0.46	0.1	0.05	0.27	0.17	0.04	0.15	0.04	0.22	0.02	0.03	0.1	0.24	0.03	0.17	0.5	0.13	0.55	0.47	0.2	0.04	0.98	0.47	0.19	0.21	0.02	0.16	0.48	0.37	0.04	0.02	0.48	0.1	0.04	0.11	0.04	0.48	0.2	0.15	0.05	0.12	0.06	0.36	0	0.22	0.58	0.26	0.57	0.16	0.22	0.18	0.48	0.44	0.58	0.2	0.4	1.19	0.26	0.12	0.21	0.79	0.11	0.41	0.14	1.03	0.04	1.41	0.06	0.03	0.05	1.09	0.18
0.09	0.45	0.48	0.18	0.02	0.3	0.03	0.14	0.21	0.16	0.03	0.99	0.49	0.12	0.25	0.5	0.18	0.25	0.55	0.14	0.19	0.05	0.16	0.16	0.03	0.13	0.4	0.18	0.19	0.51	0.04	0.27	0.41	0.01	0.16	0.28	0.41	0.2	0.04	0.1	0.42	0.04	0.15	0.25	0.36	0.92	0.14	0.15	0.21	0.25	0.5	0.27	0.14	0.06	0.14	0.03	0.16	0.17	0.05	0.43	0.88	1.2	0.43	0.14	0.35	0.44	0.39	0.22	0.19	0.44	0.15	0	0.01	0.52	0.13	0.44	0.46	0.46	0.19	0.45	0.65	0.35	0.45	0.33	0.19	0.05	0.45	0.04	0.04	0.44	0.16	0.21	0.14	0.24	0.55	0.14	0.18	0.45	0.46
0.02	0.12	0.54	0.7	0.01	0.33	0.02	0.15	0.28	0.13	0.06	5.01	0.12	0.11	1.17	0.12	0.3	0.47	0.22	0.13	0.15	0.09	0.47	0.01	0.01	0.18	0.51	0.46	0.46	0.34	0.53	0.47	0.13	0	0.47	0.47	0.16	0.14	0.02	0.09	0.15	0.47	0.13	0.05	0.97	0	0.16	0.16	0.2	0.48	0.47	0.13	0.12	0.48	0.67	0.05	0.48	0.48	0.09	0.1	0.13	0.03	0.46	0.48	0.09	0.49	0.49	0.03	0.59	0.49	0.14	0.4	0	0.18	0.16	0.11	0.49	0.05	0.25	0.13	0.15	0.29	0.46	0.07	0.46	0.11	0.39	0.47	0.1	0.48	0.07	0.18	0.14	0.64	0.17	1.06	0.21	0.35	0.25
0.24	0.44	0.3	0.48	0.18	0.11	0.27	0.45	0.26	0.48	0.19	12.4	0.27	0.29	0.27	0.44	0.49	0.49	0.05	0.27	0.32	0.2	0.14	0.19	0.19	0.27	0.28	0.29	0.51	0.43	0.43	0.31	0.27	0.18	0.29	0.4	0.27	0.29	0.18	0.2	0.28	0.18	1.31	0.4	0.56	0.2	0.36	0.42	0.41	0.51	0.27	0.14	0.26	0.22	0.28	0.41	0.81	0.26	0.13	0.19	0.28	0.46	0.41	0.35	0.41	0.13	0.3	0.19	0.3	0.41	0.52	0.19	0.18	0	0.27	0.19	0.42	0.42	0.21	0.35	0.29	0.18	0.3	0.13	0.35	0.52	0.42	0.15	0.19	0.26	0.19	0	0.92	0.03	0.31	0.28	0.44	0.28	0.43
0.1	0.15	0.07	0.44	0.12	0.24	0.1	0.43	0.38	0.03	0.11	7.58	0.08	0.15	0.37	0.21	0.05	0.19	0.95	0.96	0.46	0.19	0.33	0.46	0.14	0.02	0.23	0.46	0.1	0.3	0.1	0.16	0.04	0.12	0.05	0.32	0.01	0.02	0.1	0.47	0.03	0.12	0.03	0.47	0.14	0.68	1.88	0.48	0.33	0.1	1.09	0.58	0.02	0.17	0.04	0.09	0.03	0.03	0.48	0.12	0.01	0.26	0.04	0.21	0.24	0.41	0.05	0.49	0.06	0.05	0.03	0.23	0.21	0.4	0	0.49	0.49	0.17	1	0.03	0.04	0.16	0.04	0.18	0.4	0.1	0.4	0.16	0.1	0.02	0.14	0.33	0.4	0.34	0.06	0.03	0.4	0.03	1.41
0.04	0.12	0.71	0.49	0.09	0.52	0.27	0.13	0.14	0.47	0.44	9.02	0.13	0.41	0.23	0.08	0.21	0.35	0.22	0.36	0.43	0.24	0.09	0.05	0.05	0.14	0.49	0.15	0.31	0.14	0.03	0.46	0.14	0.09	0.48	0.1	0.12	0.52	0.04	0.04	0.81	0.01	0.12	0.41	0.43	0.37	0.22	0.14	0.25	0.43	0.1	0.09	0.1	0.11	0.13	0.45	0.49	0.52	0.42	0.03	0.11	0.41	0.13	0.48	0.97	0.55	0.15	0.04	0.4	0.13	0.14	0.05	0.51	0.19	0.23	0	0.03	0.09	0.38	0.44	0.15	0.03	0.13	0.1	0.27	0	0.1	0.48	0.03	0.14	0.05	0.48	0.2	0.23	0.26	0.13	0.45	0.11	0.5
0.1	0.2	0.42	0.61	0.09	0.32	0.1	0.21	0.19	0.22	0.03	3.52	0.15	0.45	0.27	0.36	0.54	0.83	0.24	0.55	0.32	0.03	0.13	0.46	0.39	0.21	0.22	0.46	0.46	0.29	0.04	0.04	0.46	0.18	0.17	0.46	0.6	0.24	0.05	0.15	0.22	0.69	0.49	0.28	0.94	0.09	0.41	0.6	0.23	0.04	0.41	0.05	0.26	0.06	0.61	0.05	0.21	0.4	0.04	0.41	0.2	0.05	0.23	0.21	0.01	0.06	0.64	0.1	0.52	0.24	0.23	0.46	0.46	0.2	0.2	0.03	0	0.08	0.56	0.15	0.23	0	0.16	0.09	0.23	0.05	0.1	0.07	0.04	0.36	0.09	0.21	0.16	0.22	0.23	0.52	0.63	0.21	0.28
0.06	0.94	0.97	0.21	0.05	0.53	0.06	0.17	0.42	0.17	0.31	6.05	0.43	0.17	0.18	0.03	0.43	0.62	0.52	0.92	0.41	0.07	0.05	0.06	0.4	0.19	0.5	3.4	0.58	0.25	0.59	0.49	0.18	0.44	0.21	0.64	0.4	0.77	0.18	0.47	0.21	0.07	0.46	0.46	0.06	0.3	0.46	0.55	0.16	0.08	0.53	0.05	0.53	0.07	0.43	0.07	0.47	0.19	0.42	0.24	0.19	0.07	0.2	0.18	1.12	0.4	0.21	0.12	0.18	0.4	0.19	0.24	0.05	0.49	0.53	0.09	0.44	0	0.14	0.61	0.48	0.06	0.58	0.03	0.47	0.09	0.01	0.27	0.46	0.44	0.05	0.46	0.17	0.17	0.21	0.44	0.2	0.2	0.54
0.46	0.32	0.96	0.5	0.66	0.42	0.66	0.32	0.46	0.51	0.2	11	0.31	0.31	0.04	0.15	0.4	0.26	0.26	0.4	0.34	0.21	0.16	0.19	0.19	0.41	0.7	0.34	0.39	0.31	0.22	0.41	0.32	0.46	0.32	0.41	0.31	0.33	0.2	0.55	0.33	0.21	0.62	0.52	0.2	0.42	0.31	0.43	0.36	0.52	0.93	0.43	0.31	0.43	0.31	0.5	0.33	0.94	0.17	0.23	0.54	0.56	0.31	0.31	0.41	0.45	0.33	0.2	0.34	0.33	0.46	0.66	0.54	0.46	0.46	0.23	0.21	0.14	0	0.3	0.77	0.47	0.51	0.12	0.78	0.22	0.13	0.44	0.48	0.3	0.19	0.22	0.68	0.48	0.48	0.33	0.32	0.98	0.57
0.12	0.04	0.48	0.07	0.13	0.44	0.12	0.05	0.43	0.09	0.3	6.35	0	0.05	1.01	0.2	0.43	0.73	0.73	0.42	0.1	0.34	0.4	0.42	0.13	0.26	0.06	0.91	0.21	0.01	0.4	0.5	0.05	0.12	0.49	0.18	0.02	0.05	0.49	0.48	0.04	0.48	0.07	0.47	0.53	0.47	0.22	0.06	0.96	0.46	0.24	0.66	0.03	0.55	0.01	0.11	0.44	0.44	0.16	0.11	0.43	0.73	0.06	0.43	0.28	0.18	0.12	0.41	0.31	0.06	0.41	0.14	0.15	0.27	0.4	0.13	0.15	0.17	0.31	0	0.03	0.49	0.58	0.18	0.29	0.48	0.18	0.67	0.11	0.04	0.48	1.37	0	0.34	0.07	0.04	0.46	0.66	0.27
0.13	0.04	0.08	0.41	0.13	0.25	0.52	0.05	0.02	0.04	0.46	2.97	0.03	0.03	0.36	0.96	0.44	0.49	0.34	0.04	0.06	0.37	0.59	0.15	0.17	0.03	0.05	0.07	0.27	0.04	0.12	0.16	0.05	0.13	0.05	0.19	0.04	0.04	0.1	0.21	0.07	0.13	0.04	0.48	0.15	0.13	0.23	0.05	0.33	0.12	0.11	0.21	0.04	0.18	0.03	0.11	0.32	0.04	0.16	0.48	0.03	0.48	0.05	0.23	0.48	0.17	0.06	0.13	0.07	0.06	0.05	0.14	0.15	0.28	0.04	0.13	0.45	0.19	0.31	0.48	0	0.15	0.36	1	0.29	0.12	0.2	0.15	0.48	0.01	0.14	0.69	0.03	0.34	0.36	1.34	0.07	0.05	0.4
0.28	0.5	0.6	0.17	0.17	0.29	0.04	0.46	0.53	0.16	0.02	1.4	0.51	0.14	0.19	0.1	0.18	0.23	0.22	0.17	0.44	0.05	0.05	0.04	0.04	0.14	0.48	0.16	0.49	0.15	0.04	0.03	0.15	0.18	0.55	0.37	0.13	0.45	0.04	0	0.18	0.04	0.14	0.05	0.24	0.17	0.45	0.15	0.19	0.1	0.26	0.06	0.45	0.08	0.38	0.04	0.16	0.14	0.2	0.45	0.45	0.61	0.15	0.19	0	0.05	0.55	0.07	0.2	0.22	0.45	0.05	0.37	0.18	0.44	0.03	0.01	0.03	0.47	0.51	0.17	0	0.76	0.22	0.21	0.03	0.05	0.06	0.03	0.28	0.4	0.56	0.24	0.2	0.18	0.18	0.21	0.46	0.41
0.51	0.05	0.11	0.08	0.29	0.42	0.12	0.06	0.34	0.06	0.13	4.54	0.01	0.43	0.73	0.93	0.08	0.36	0.34	0.16	0.1	0.15	0.73	0.14	0.15	0.05	0.44	0.88	0.4	0	0.12	0.44	0.06	0.14	0.08	0.19	0.03	0.81	0.12	0.15	0.05	0.41	0.05	0.12	0.15	0.45	0.25	0.06	0.34	0.19	0.25	0.21	0.04	0.17	0	0.45	0.06	0.05	0.16	0.12	0.04	0.52	0.38	0.56	0.46	0.18	0.07	0.36	0.08	0.27	0.56	0.47	0.13	0.47	0.27	0.14	0.16	0.35	0.31	0.01	0.05	0.44	0	0.18	0.29	0.47	0.49	0.47	0.12	0.04	0.48	0.3	0.01	0.48	0.08	0.05	0.9	0.05	0.28
0.44	0.54	0.21	0.21	0.06	0.23	0.2	0.2	0.16	0.44	0.07	1.19	0.34	0.18	0.18	0.02	0.45	0.18	0.55	0.21	0.2	0.45	0.04	0.08	0.07	0.17	0.45	0.21	0.24	0.19	0.08	0.03	0.45	0.18	0.19	0.36	0.52	0.46	0.08	0.09	0.22	0.09	0.46	0.39	0.08	0.17	0.46	0.19	0.24	0.14	0.46	0.35	0.41	0.09	0.57	0.47	0.19	0.18	0.58	0.09	0.48	1.69	0.33	0.68	0.05	0.3	0.98	0.48	1.49	0.19	0.19	0.28	0.09	0.1	0.48	0.58	0.66	0.03	0.48	0.18	0.29	0.22	0.48	0	0.45	0.33	0.32	0.11	0.38	0.18	0.07	0.45	0.18	0.51	0.32	0.41	0.22	0.2	0.26
0.57	0.6	0.59	0.57	0.15	1.07	0.57	0.35	0.27	0.47	0.21	0.38	0.28	0.39	0.43	0.46	0.29	0.76	0.41	0.33	0.46	0.42	0.38	0.46	0.2	0.28	0.65	0.3	0.76	0.29	0.21	0.46	0.28	0.19	0.47	0.57	0.57	0.25	0.47	0.23	0.47	0.2	0.48	0.23	0.58	0.48	0.07	0.28	0.48	0.24	0.6	0.27	0.26	0.19	0.28	0.21	0.28	0.26	0.58	0.55	0.27	0.22	0.48	0.06	0.38	0.16	0.29	0.21	0.48	1.03	0.26	0.19	0.49	0.35	0.43	0.27	0.24	0.49	0.37	0.39	0.52	0.41	0.99	0.49	0	0.51	0.25	0.17	0.92	0.27	0.14	0.36	0.4	0.84	0.36	0.55	0.71	0.9	0.54
0.03	0.48	0.16	0.42	0.1	0.31	0.1	0.13	0.44	0.12	0.04	11	0.38	0.15	0.23	0.49	0.29	0.27	0.24	0.45	0.37	0.04	0.7	0.4	0.05	0.13	0.46	0.4	0.18	0.14	0.03	0.09	0.14	0.09	0.14	0.1	0.29	0.1	0.03	0.04	0.13	0.01	0.41	0.04	0.72	0.09	0.6	0.18	0.42	0.01	0.12	0.09	0.11	0.42	0.14	0.03	0.12	0.13	0.42	0.18	0.12	0.43	0.23	0.43	0.04	0.07	0.16	0.43	0.15	0.42	0.12	0.05	0.1	0.56	0.22	0.26	0.04	0.46	0.49	0.62	0.12	0.08	0.14	0.1	0.28	0	0.1	0.09	0.03	0.47	0.04	0.2	0.13	0.48	0.15	0.17	0.14	0.12	1.03
0.45	0.18	0.41	0.21	0.06	0.24	0.28	0.19	0.29	0.21	0.42	4.21	0.19	0.17	0.18	0.12	0.9	0.18	0.17	0.41	0.19	0.19	0.04	0.41	0.07	0.19	0.2	0.41	0.25	0.19	0.51	0.03	0.21	0.21	0.91	0.01	0.21	0.28	0.24	0.1	0.21	0.42	0.26	0.1	0.1	0.43	0.52	0.43	0.15	0.43	0.26	0.93	0.2	0.16	0.19	0.32	0.44	0.59	0.05	0.09	0.94	0.44	0.21	0.19	0.54	0.01	0.21	0.08	0.21	0.21	0.55	0.09	0.45	0.1	0.21	0.11	0.09	0.46	0.13	0.21	0.2	0.24	0.46	0	0.65	0.1	0	0.04	0.09	0.25	0.08	0.47	0.19	0.15	0.21	0.21	0.21	0.21	0.47
0.09	0.51	0.18	0.54	0.47	0.27	0.04	0.16	0.15	0.36	0.17	0.17	0.45	0.41	0.55	0.21	0.19	0.45	0.21	0.15	0.26	0.08	0.46	0.04	0.04	0.14	0.16	0.25	0.46	0.5	0.11	0.2	0.16	0.03	0.26	0.04	0.16	0.16	0.05	0.32	0.56	0.08	0.18	0.07	0.38	0.09	0.17	0.96	0.46	1.4	0.51	0.15	0.45	0.08	0.28	0.07	0.45	0.19	0.09	0.45	0.47	1.26	0.16	0.46	0.06	0.11	0.76	0.05	1.27	0.17	0.18	0.06	0.28	0.15	0.55	0.45	0.43	0.03	0.16	0.17	0.15	0.06	0.46	0.19	0.42	0.46	0.05	0	0.08	0.15	0.04	0.18	0.46	0.47	0.2	0.17	0.18	0.17	0.45
0.02	0.11	0.16	0.13	0.1	0.31	0.32	0.12	0.09	0.84	0.02	5.24	0.11	0.22	0.22	0.07	0.44	2.14	0.22	0.44	0.15	0.44	0.08	0.04	0.04	0.12	0.13	0.45	0.65	0.12	0	0.04	0.12	0.1	0.45	0.08	0.08	0.09	0.38	0.04	0.55	0.03	0.36	0.01	0.04	0.96	0.16	0.39	0.32	0.02	0.12	0.46	0.11	0.06	0.12	0.01	0.12	0.67	0.04	0.01	0.19	0.01	0.12	0.21	0.04	0.08	0.24	0.02	0.15	0.12	0.1	0.04	0.1	0.19	0.1	0.03	0.04	0.36	0.34	0.13	0.5	0.03	0.12	0.08	0.98	0.03	0.43	0.08	0	0.1	0.03	0.46	0.75	0.3	0.14	0.12	0.14	0.1	0.78
0.13	0.02	0.25	0.42	0.42	0.24	0.12	0.25	0	0.06	0.12	11.6	0.48	0.01	0.35	0.21	0.05	0.49	0.35	0.03	0.06	0.13	0.18	0.14	0.32	0.01	0.04	0.05	0.09	0.49	0.3	0.14	0.03	0.49	0.14	0.17	0.02	0.36	0.11	0.21	0.04	0.11	0.05	0.52	0.15	0.41	0.99	0.42	0.33	0.19	0.02	0.54	0.03	0.16	0.04	0.09	0.28	0.03	0.49	0.1	0.42	0.49	0.04	0.21	0.15	0.49	0.05	0.11	0.05	0.04	0.04	0.49	0.49	0.27	0.02	0.12	0.51	0.49	0.3	0.04	0.01	0.15	0.04	0.18	0.49	0.12	0.18	0.49	0.1	0	0.49	0.32	0.04	0.59	0.05	0.03	0.05	0.03	0.2
0.02	0.37	0.17	0.17	0.4	0.3	0.02	0.14	0.13	0.45	0.03	1.99	0.46	0.42	0.24	0.1	0.17	0.24	0.46	0.28	0.2	0.04	0.09	0.01	0.02	0.46	0.56	0.16	0.2	0.15	0.03	0.05	0.14	0.01	0.55	0.08	0.15	0.13	0.03	0.09	0.14	0.14	0.15	0.48	0.58	0.65	0.15	0.41	0.21	0.04	0.28	0.2	0.55	0.08	0.14	0.03	0.32	0.49	0.05	0.04	0.13	0.03	0.29	0.49	0.04	0.07	0.5	0.37	0.16	0.56	0.15	0.4	0.35	0.19	0.13	0.04	0.09	0.12	0.19	0.13	0.15	0.12	0.41	0.07	0.14	0.05	0.08	0.61	0.03	0.12	0	0.18	0.14	0.23	0.16	0.4	0.41	0.14	0.22
0.5	0.44	0.41	0.45	0.18	0.45	0.45	0.32	0.95	0.45	0.45	0.49	0.29	0.68	0.42	0.49	0.35	0.09	0.05	0.3	0.49	0.49	0.31	0.18	0.18	0.5	0.5	0.9	0.49	0.3	0.49	0.14	0.5	0.17	0.38	0.41	0.47	0.42	0.5	0.21	0.71	0.91	0.31	0.31	0.41	0.41	0.51	0.48	0.26	0.17	0.98	0.15	0.45	0.22	0.3	0.19	0.33	0.58	0.14	0.48	0.31	0.2	0.31	0.48	0.99	0.11	0.48	0.48	0.48	0.59	0.32	0.52	0.48	0.23	0.48	0.48	0.21	0.48	0.22	0.48	0.32	0.48	0.3	0.12	0.48	0.58	0.12	0.47	0.2	0.48	0.53	0	0.58	0.03	0.34	0.68	0.47	0.31	0.47
0.12	0.04	0.41	0.07	0.13	0.26	0.49	0.05	0.13	0.65	0.12	6.08	0	0.43	0.34	0.46	0.07	0.56	0.46	0.03	0.47	0.15	0.21	0.14	0.47	0.47	0.47	0.07	0.47	0.01	0.11	0.16	0.47	0.47	0.07	0.18	0.03	0.21	0.47	0.17	0.05	0.12	0.48	0.45	1.08	0.13	0.22	0.06	0.58	0.58	0.06	0.2	0.04	0.48	0.01	0.11	0.05	0.04	0.99	0.49	0.04	0.79	0.06	0.49	0.37	0.17	0.07	0.12	0.49	0.5	0.04	0.14	0.13	0.28	0.4	0.13	0.15	0.53	1.1	0	0.03	0.4	0.01	0.18	1.01	0.13	0.41	0.18	0.12	0.41	0.13	1.42	0	0.41	0.07	0.04	0.12	0.28	1.42
0.37	0.48	0.55	0.41	0.22	0.15	0.49	0.36	0.49	0.35	0.22	0.99	0.34	0.32	0.59	0.49	0.6	0.06	0.05	0.9	0.4	0.34	0.18	0.6	0.23	0.32	0.36	0.41	0.78	0.72	0.23	0.18	0.51	0.41	0.4	0.42	0.33	0.92	0.22	0.22	0.36	0.92	0.34	0.25	0.92	0.25	0.42	0.52	0.36	0.42	0.53	0.52	0.33	0.43	0.71	0.24	0.43	0.34	0.51	0.22	0.93	0.35	0.35	0.64	0.54	0.14	0.44	0.26	0.6	0.55	0.59	0.23	0.45	0.03	0.34	0.22	0.22	0.16	0.46	0.34	0.35	0.2	0.35	0.15	0.87	0.47	0.54	0.22	0.23	0.48	0.53	0.67	0.47	0	0.37	0.33	0.47	0.34	0.48
0.38	0.42	0.1	0.44	0.15	0.22	0.44	0.05	0.17	0.05	0.14	2.3	0.41	0.08	0.4	0.24	0.03	0.46	0.4	0.05	0.12	0.4	0.88	0.16	0.18	0.08	0.02	0.46	0.13	0.08	0.13	0.18	0.91	0.16	0.07	0.22	0.05	0.15	0.13	0.44	0.05	0.14	0.05	0.16	0.18	0.18	0.44	0.28	0.44	0.12	0.1	0.23	0.14	0.55	0.08	0.14	0.05	0.19	0.18	0.13	0.07	0.41	0.1	0.23	0.46	0.19	0.03	0.15	0.03	0.06	0.27	0.16	0.51	0.47	0.06	0.47	0.48	0.47	0.57	0.3	0.07	0.49	0.48	0.58	0.29	0.17	0.21	0.19	0.13	0.15	0.17	0.64	0.07	0.49	0	0.05	0.01	0.05	0.59
0.42	0.39	0.42	0.41	0.13	0.24	0.11	0.03	0.14	0.02	0.13	3.35	0.04	0.13	0.72	0.22	0.42	0.19	0.21	0.15	0.42	0.14	0.19	0.15	0.42	0	0.53	0.04	0.43	0.05	0.1	0.17	0.03	0.14	0.43	0.2	0.02	0.35	0.44	0.21	0.27	0.13	0.02	0.48	0.55	0.16	0.2	0.03	0.33	0.09	0.14	0.44	0.24	0.17	0.06	0.1	0.02	0.45	0.15	0.11	0.07	0.49	0.21	0.21	0.16	0.16	0.05	0.11	0.05	0.04	0.03	0.18	0.18	0.76	0.03	0.13	0.21	0.18	0.31	0.04	0.04	0.47	0.24	0.18	0.47	0.13	0.2	0.23	0.1	0.03	0.15	0.54	0.33	0.48	0.05	0	0.05	0.02	0.19
0.57	0.47	0.15	0.01	0.18	0.52	0.15	0.05	0.59	0.05	0.17	2.71	0.41	0.91	0.4	0.24	0.41	0.51	0.29	0.36	0.41	0.18	0.41	0.16	0.41	0.07	0.41	0.06	0.42	0.41	0.14	0.42	0.05	0.92	0.47	0.21	0.04	0.24	0.14	0.43	0.04	0.42	0.27	0.18	0.42	0.17	0.23	0.05	0.43	0.44	0.39	0.22	0.04	0.21	0.47	0.14	0.44	0.04	0.23	0.14	0.45	0.13	0.02	0.55	0.45	0.75	0.04	0.45	0.56	0.06	0.05	0.46	0.18	0.46	0.06	0.46	0.47	2.78	0.32	0.47	0.06	0.47	0.34	0.23	0.48	0.48	0.48	0.19	0.15	0.05	0.68	0.63	0.07	0.58	0.01	0.05	0	0.04	0.22
0.12	0.14	0.1	0.07	0.14	0.23	0.14	0.03	0.03	1.63	0.13	5.58	0.05	0.47	0.36	0.45	0.26	0.32	0.47	0.02	0.07	0.17	0.21	0.17	0.14	0	0.03	0.05	0.47	0.32	0.11	0.15	0.03	0.48	0.05	0.22	0.02	0.26	0.23	0.37	0.01	0.12	0.01	0.48	0.16	0.13	0.21	0.24	0.49	0.49	0.06	0.2	0.07	0.49	0.05	0.1	0.03	0.01	0.5	0.11	0.21	0.5	0.03	0.4	0.15	0.18	0.4	0.14	0.4	0.03	0.03	0.16	0.51	0.29	0.11	0.12	0.4	0.4	0.32	0.32	0.4	0.17	0.41	0.18	0.43	0.41	0.53	0.17	0.41	0.41	0.15	0.31	0.1	0.34	0.41	0.02	0.14	0	0.41
0.5	0.19	0.47	1	0.5	0.2	0.22	0.5	0.19	0.22	0.23	3.28	0.48	0.34	0.47	0.47	0.22	0.01	0.04	0.18	0.58	0.47	0.42	0.22	0.22	0.26	0.47	0.58	0.43	0.28	0.23	0.25	0.48	0.88	0.58	0.48	0.18	0.24	0.23	0.48	0.48	0.49	0.22	0.58	0.29	0.49	0.34	0.21	0.45	0.22	0.18	0.49	0.6	1	0.28	0.91	0.2	0.19	0.42	0.9	0.6	0.4	0.2	0.71	0.2	0.2	0.56	0.41	0.22	0.21	0.19	0.22	0.23	0.42	0.19	0.31	0.52	0.35	0.25	0.27	0.21	0.93	0.28	0.15	0.74	0.44	0.44	0.55	0.23	0.2	0.45	0.32	0.65	0.12	0.22	0.38	0.46	0.24	0.01
