0	0.93	0.21	0.17	0.02	0.33	0	0.46	0.1	0.12	0.34	1.64	0.46	0.34	0.25	0.46	0.15	0.25	0.46	0.11	0.12	0.46	0.47	0.41	0.03	0.46	0.13	0.16	0.46	0.51	0.27	0.67	0.15	0.02	0.1	0.08	0.97	0.1	0.01	0.1	0.47	0.03	0.13	0.28	0.03	0.02	0.47	0.27	0.22	0.02	0.11	0.13	0.11	0.05	0.12	0.02	0.13	0.11	0.04	0.02	0.12	0.33	0.13	0.15	0.04	0.27	0.48	0	0.49	0.14	0.13	0.03	0.02	0.18	0.49	0.04	0.12	0.38	0.2	0.3	0.12	0.04	0.12	0.12	0.21	0.03	0.08	0.04	0.02	0.11	0.05	0.19	0.5	0.55	0.16	0.12	0.14	0.12	0.23
0.14	0	0.1	0.05	0.14	0.43	0.3	0.02	0.02	0.52	0.44	8.59	0.06	0.02	0.37	0.47	0.04	0.19	0.47	0.05	0.47	0.15	1.17	0.14	0.47	0	0.03	0.41	0.47	0.05	0.11	0.17	0.02	0.13	0.04	0.6	0.17	0.02	0.31	0.24	0.02	0.48	0.01	0.45	0.76	0.13	0.68	0.02	0.35	0.09	0.03	0.19	0.01	0.17	0.05	0.49	0.02	0.02	0.49	0.49	0.02	0.58	0.03	0.21	0.49	0.16	0.04	0.11	0.25	0.03	0.5	0.5	0.12	0.49	0.02	0.12	0.21	0.19	0.5	0.16	0.04	0.5	0.34	0.57	0.66	0.11	0.59	0.16	0.1	0.02	0.61	0.64	0.23	0.49	0.04	0.04	0.04	0.02	0.58
0.15	0.1	0	0.43	0.16	0.36	0.15	0.5	0.47	0.9	0.15	7.53	0.1	0.08	0.37	0.23	0.12	0.97	0.47	0.35	0.11	0.47	0.53	0.47	0.19	0.06	0.1	0.11	0.15	0.11	0.57	0.52	0.47	0.45	0.09	0.48	0.35	0.42	0.52	0.19	0.57	0.15	0.09	0.15	0.29	1	0.47	0.1	0.36	0.47	0.37	0.22	0.09	0.21	0.48	0.15	0.11	0.09	0.23	0.37	0.09	0.48	0.1	0.48	0.19	0.55	0.11	0.15	0.48	0.48	0.08	0.42	0.17	0.3	0.07	0.48	0.49	0.49	0.46	0.49	0.08	0.2	0.49	0.21	0.26	0.16	0.53	0.49	0.16	0.09	0.17	0.42	0.49	0.78	0.1	0.47	0.43	0.1	0.7
0.2	0.39	0.1	0	0.17	0.22	0.15	0.05	0.05	0.8	0.16	5.44	0.07	0.27	0.43	0.43	0.43	0.35	0.29	0.25	0.13	0.18	0.45	0.43	0.18	0.08	0.22	0.07	0.13	0.08	0.13	0.19	0.05	0.15	0.47	0.21	0.16	0.47	0.13	0.48	0.05	1.49	0.04	0.48	0.48	0.15	0.23	0.06	0.35	0.13	0.05	0.49	0.04	0.54	0.08	0.13	0.41	0.04	0.81	0.41	0.07	0.41	0.02	0.72	0.42	0.19	0.04	0.93	0.03	0.43	0.93	0.18	0.53	0.31	0.06	0.43	0.53	0.2	0.32	0.44	0.44	0.17	0.44	0.44	0.55	0.16	0.23	0.18	0.13	0.45	0.46	0.53	0.46	0.96	0	0.05	0.01	0.31	0.22
0.02	0.21	0.47	0.16	0	0.29	0.02	0.13	0.24	0.89	0.02	0.54	0.13	0.32	0.28	0.2	0.15	0.42	0.22	0.33	0.16	0.47	0.14	0.01	0.08	0.28	0.54	0.17	0.18	0.14	0.47	0.45	0.13	0	0.13	0.06	0.15	0.14	0.04	0.09	0.22	0.08	0.14	0.04	0.02	0.09	0.16	0.46	0.21	0.05	0.25	0.28	0.13	0.34	0.26	0.02	0.15	0.28	0.1	0.41	0.13	0.36	0.16	0.16	0.09	0.43	0.15	0.29	0.18	0.34	0.14	0.83	0	0.19	0.12	0.09	0.09	0.05	0.24	0.13	0.44	0.09	0.45	0.45	0.38	0.1	0.07	0.09	0.1	0.52	0.05	0.39	0.13	0.23	0.47	0.14	0.15	0.2	0.48
0.61	0.23	0.36	0.37	0.29	0	0.64	0.24	0.24	1.18	0.31	1.56	0.47	0.24	0.12	0.57	0.36	0.1	0.11	0.58	0.48	0.52	0.27	0.3	0.3	0.58	0.2	0.48	0.3	0.61	0.58	0.25	0.24	0.29	0.29	0.23	0.23	0.49	0.41	0.32	0.49	0.3	0.23	0.33	0.31	0.29	0.75	0.24	0.49	0.29	0.48	0.49	1.07	0.45	0.27	0.31	0.85	0.25	0.25	0.44	0.24	1.1	0.2	0.42	0.28	0.22	0.45	0.3	0.85	0.25	0.62	0.3	0.29	0.44	0.25	0.31	0.61	0.54	0.44	0.48	0.26	0.28	0.54	0.23	0.49	0.32	0.23	0.45	0.32	0.37	0.45	0.45	0.26	0.15	0.22	0.24	0.29	0.47	0.37
0.36	0.12	0.33	0.14	0.02	0.3	0	0.12	0.49	1.55	0.01	1.78	0.12	0.48	0.25	0.1	0.14	0.78	0.48	0.11	0.22	0.03	0.08	0.03	0.03	0.1	0.13	0.17	0.18	0.13	0.02	0.04	0.14	0.02	0.23	0.07	0.12	0.49	0.01	0.1	0.14	0.03	0.49	0.03	0.49	0.02	0.49	0.28	0.22	0.02	0.49	0.33	0.17	0.07	0.49	0.01	0.49	0.12	1.19	0.02	0.12	0.23	0.14	0.15	0.03	0.07	0.16	0	0.21	0.49	0.13	0.29	0.02	0.19	0.1	0.04	0.3	0.21	0.49	0.49	0.43	0.23	0.49	0.31	0.21	0.03	0.08	0.04	0.02	0.39	0.02	0.19	0.12	0.5	0.14	0.11	0.22	0.49	0.22
0.4	0.02	0.45	0.05	0.4	0.24	0.17	0.4	0.02	0	0.15	5.73	0.05	0.03	0.5	0.22	0.05	0.52	0.48	0.03	0.91	0.15	0.5	0.7	0.53	0.03	0.04	0.41	0.33	0.14	0.13	0.19	0.07	0.13	0.42	0.19	0.03	0.43	0.11	0.21	0.07	0.11	0.02	0.16	0.55	0.14	0.46	0.01	0.33	0.37	0.12	0.42	0.02	0.23	0.06	0.11	0.32	0.03	0.17	0.13	0.42	0.27	0.03	0.51	0.4	0.16	0.05	0.12	0.11	0.01	0.04	0.3	0.15	0.28	0.03	0.14	0.43	0.44	0.48	0.27	0.05	0.18	0.36	0.19	0.28	0.15	0.19	0.16	0.14	0.03	0.49	0.3	0.05	0.34	0.05	0.42	0.05	0.04	0.26
0.41	0.09	0.39	0.05	0.14	0.62	0.12	0.02	0	1.35	0.12	3.02	0.07	0.05	0.71	0.19	0.05	0.19	0.36	0.15	0.41	0.16	0.52	0.52	0.14	0.01	0.03	0.04	0.09	0.42	0.1	0.53	0.43	0.13	0.06	0.18	0.07	0.38	0.44	0.21	0.37	0.65	0.4	0.14	0.55	0.45	0.21	0.02	0.31	0.18	0.46	0.33	0.02	0.17	0.04	0.3	0.02	0.03	0.28	0.88	0.02	0.29	0.24	0.21	0.14	0.17	0.04	0.47	0.05	0.03	0.03	0.14	0.11	0.26	0.09	0.42	0.2	0.19	0.31	0.03	0.02	0.48	0.04	0.18	0.27	0.12	0.17	0.14	0.09	0	0.12	0.48	0.04	0.33	0.05	0.4	0.05	0.49	0.31
0.91	0.94	0.97	0.86	1.35	1.34	0.94	0.48	0.72	0	0.13	4.94	0.07	0.03	0.38	0.21	0.05	0.84	0.66	0.5	0.38	0.9	1.47	1.1	1.3	0.91	0.87	0.91	0.98	0.97	1.06	1.04	0.98	1.9	1.36	1.28	1.01	1.05	1.38	1.14	1.08	1.32	1.58	1.33	1.43	1.02	1.08	0.87	1.49	0.91	0.94	0.93	3.08	0.9	1.62	0.96	0.77	0.77	1.08	0.88	0.86	1	0.99	0.97	1.29	1.06	0.83	1.09	0.83	1.06	0.18	1.21	1.29	1.46	0.77	0.98	0.99	0.9	1.15	1.16	0.83	2	1.5	1.09	1.42	0.97	1.01	0.94	1.02	0.85	1.17	1.5	1.22	1.62	1.02	0.96	0.98	1.41	1.33
0.01	0.43	0.15	0.15	0.43	0.31	0.01	0.12	0.43	1.44	0	0.44	0.96	0.12	0.57	0.1	0.42	0.25	0.47	0.13	0.54	0.03	0.07	0.03	0.03	0.11	0.14	0.16	0.18	0.48	0.58	0.03	0.14	0.02	0.45	0.08	0.48	0.31	0.4	0.03	0.14	0.02	0.32	0.03	0.03	0.02	0.2	0.48	0.22	0.68	0.41	0.07	0.16	0.07	0.15	0.49	0.12	0.49	0.03	0.3	0.49	0.45	0.13	0.49	0.03	0.27	0.15	0.01	0.15	0.15	0.49	0.03	0.77	0.18	0.51	0.03	0.03	0.49	0.6	0.45	0.12	0.02	0.49	0.08	0.21	0.03	0.08	0.16	0.01	0.14	0.03	0.49	0.12	0.26	0.17	1.04	0.54	0.13	0.23
1.07	0.32	1.23	3.68	8.55	0.25	0.97	0.43	1.55	6.77	0.55	0	0.63	2.34	5.58	5.3	3.91	0.27	1.67	10.4	0.51	0.22	0.95	7.85	18.2	5.14	0.31	0.66	1.18	4.36	6.72	1.01	0.33	1.22	3.84	6.39	2.57	0.96	1.57	0.44	3.65	10.1	0.33	0.8	1.9	4.79	6.67	0.35	0.01	1.14	1.4	2.09	5.82	0.23	0.32	8.53	1.84	0.34	3.45	4.53	1.4	3.96	0.45	1.69	2.1	1.42	5.57	1.85	0.34	3.04	2.98	8.11	0.57	1.19	3.01	1.07	7.25	0.15	2.85	0.96	7.02	0.83	2.23	1.5	4.42	3.07	1.92	0.17	0.97	2.35	1.2	0.75	1.57	26.5	14.6	0.86	3.25	8.78	1.18
0.12	0.39	0.28	0.42	0.37	0.93	0.43	0.05	0.24	0.93	0.43	6.72	0	0.05	0.34	0.22	0.07	0.2	0.33	0.03	0.14	0.46	0.2	0.53	0.14	0.05	0.06	0.07	0.12	0.11	0.16	0.15	0.24	0.12	0.44	0.18	0.03	0.2	0.11	0.46	0.46	0.12	0.36	0.1	0.17	0.12	0.22	0.08	0.32	0.46	0.03	0.2	0.03	0.15	0.01	0.31	0.05	0.04	0.15	0.26	0.04	0.46	0.06	0.46	0.48	0.17	0.39	0.77	0.46	0.06	0.19	0.13	0.12	0.34	0.03	0.13	0.15	0.17	0.34	0.47	0.03	0.47	0.01	0.18	0.47	0.12	0.19	0.17	0.11	0.03	0.48	0.98	0	0.33	0.45	0.36	0.31	0.04	0.62
0.12	0.02	0.24	0.08	0.12	0.23	0.11	0.03	0.01	0.85	0.13	1.61	0.92	0	0.37	0.19	0.42	0.44	0.42	0.85	0.12	0.13	0.18	0.12	0.4	0.01	0.42	0.42	0.09	0.06	0.11	0.23	0.43	0.22	0.04	0.17	0.03	0.36	0.53	0.19	0.43	0.43	0.04	0.14	0.13	0.13	0.44	0.03	0.36	0.41	0.43	0.59	0.34	0.22	0.43	0.11	0.03	0.12	0.14	0.11	0.17	1.04	0.04	0.47	0.33	0.2	0.44	0.12	0.05	0.07	0.05	0.13	0.44	0.27	0.44	0.3	0.2	0.45	0.31	0.05	0.03	0.47	0.06	0.55	0.29	0.46	0.89	0.59	0.48	0.13	0.47	0.45	0.31	0.95	0.45	0.04	0.28	0.04	1.95
0.25	0.41	0.37	0.93	0.48	0.47	0.47	0.39	0.35	1.67	0.25	2.08	0.47	0.35	0	0.16	0.47	0.47	0.32	0.36	0.4	0.22	0.17	0.47	0.25	0.38	0.39	0.4	0.47	0.69	0.22	0.59	0.37	0.48	0.68	0.18	0.35	0.48	0.48	0.78	0.55	0.22	0.37	0.98	0.34	0.27	0.37	0.49	0.06	0.63	0.78	0.18	0.36	0.25	1.49	0.26	0.39	0.38	0.18	0.23	0.69	1.3	0.39	0.49	0.19	0.17	0.38	0.25	0.49	0.39	0.37	0.4	0.59	0.22	0.4	0.5	0.27	0.32	0.4	1.1	0.6	0.91	0.4	1.55	0.43	0.3	0.55	0.22	0.4	0.81	0.24	0.43	0.91	0.68	0.39	1.35	0.4	0.38	0.71
0.13	0.44	0.22	0.64	0.47	0.25	0.47	0.49	0.57	1.4	0.48	2.87	0.56	0.46	0.16	0	0.36	0.2	0.96	0.2	0.55	0.46	0.02	0.09	0.47	0.35	0.22	0.47	0.26	0.21	0.07	0.03	0.22	0.12	0.19	0.06	0.21	0.36	0.34	0.48	0.22	0.06	0.2	0.48	0.09	0.68	0.61	0.59	0.17	0.49	0.59	0.03	0.49	0.12	0.49	0.1	0.24	0.69	0.03	0.08	0.26	0.25	0.6	0.21	0.04	0.01	0.49	0.1	0.23	0.4	0.35	0.4	0.12	0.13	0.2	0.4	0.11	0.03	0.41	0.2	0.21	0.04	0.21	0.39	0.27	0.41	0.03	0.06	0.41	0.22	0.42	0.52	0.29	0.53	0.24	0.22	0.42	0.52	0.35
0.14	0.33	0.12	0.04	0.17	0.22	0.49	0.05	0.05	0.44	0.25	1.15	0.1	0.05	0.48	0.36	0	0.22	0.31	0.45	0.36	0.46	0.22	0.36	0.48	0.05	0.02	0.07	0.12	0.17	0.15	0.69	0.05	0.16	0.34	0.21	0.05	0.04	0.35	0.43	0.05	0.15	1	0.16	0.32	0.4	0.23	0.41	0.36	0.4	0.34	0.4	0.04	0.17	0.08	0.14	0.12	0.26	0.19	0.13	0.05	0.84	0.02	0.23	0.18	0.18	0.03	0.15	0.03	0.06	0.41	0.16	0.15	0.42	0.05	0.55	0.25	0.42	0.62	0.07	0.42	0.18	0.38	0.21	0.33	0.92	0.22	0.18	0.14	0.05	0.16	0.53	0.07	0.36	0.05	0.08	0.04	0.93	0.56
0.25	0.44	0.41	1.14	0.23	0.11	0.44	0.55	0.19	0.2	0.25	1.76	0.2	0.21	0.16	0.2	0.22	0.01	0.04	0.97	0.49	0.25	0.22	0.25	0.24	0.46	0.2	0.47	0.57	0.21	0.26	0.25	0.57	0.23	0.35	0.47	0.18	0.67	0.25	0.27	0.19	0.25	0.19	0.67	0.47	0.23	0.97	0.21	0.32	0.47	0.58	0.27	0.39	0.78	0.27	0.25	0.2	0.19	1.04	0.59	0.99	0.69	0.2	0.36	0.63	0.18	0.21	0.4	0.22	0.21	0.71	0.91	0.23	0.09	0.5	0.41	0.59	0.51	0.51	0.91	0.41	0.22	0.21	0.42	0.71	0.61	0.25	0.22	0.26	0.2	0.91	0.09	0.2	0.31	0.91	0.19	0.21	0.19	2.41
0.22	0.21	0.4	0.48	0.23	0.11	0.23	0.47	0.62	1.27	0.22	8.59	0.34	0.44	1.5	0.16	0.29	0.16	0	0.22	0.41	0.45	0.19	0.23	0.24	0.33	0.28	0.31	0.43	0.34	0.23	0.39	0.5	0.28	0.73	0.17	0.23	0.23	0.38	0.24	0.35	0.43	0.45	0.32	0.23	0.22	0.43	0.57	0.44	0.4	0.28	0.18	0.25	0.24	0.34	0.24	0.31	0.26	0.46	0.4	1.69	0.24	0.28	0.35	0.4	0.18	0.29	0.23	0.31	0.37	0.24	0.47	0.22	0.05	0.71	0.23	0.23	0.18	0.26	0.51	0.5	0.21	0.5	0.16	0.41	0.24	0.31	0.21	0.22	0.52	0.23	0.05	0.34	0.13	0.42	0.44	0.65	0.85	0.12
0.11	0.19	0.47	0.05	0.13	0.24	0.12	0.47	0.53	1.27	0.13	4.48	0.03	0.04	0.63	0.2	0.05	0.4	0.31	0	0.4	0.9	0.23	0.4	0.91	0.04	0.4	0.05	0.1	1	0.1	0.4	0.04	0.14	0.04	0.36	0.01	0.41	0.41	0.24	0.13	0.41	0.02	0.13	0.41	0.14	0.19	0.41	0.63	0.08	0.41	0.19	0.01	0.41	0.04	0.42	0.03	0.02	0.18	0.1	0.42	0.42	0.03	0.35	0.27	0.15	0.38	0.22	0.05	0.04	0.01	0.52	0.28	0.27	0.02	0.93	0.21	0.73	0.32	0.03	0.43	0.14	1.03	0.32	0.25	0.12	0.19	0.15	0.09	0.03	0.15	0.63	0.05	0.48	0.44	0.02	0.43	0.02	0.18
0.11	0.06	0.11	0.45	0.45	0.48	0.12	0.14	0.56	0.93	0.12	0.75	0.09	0.06	0.39	0.28	0.47	0.61	0.45	0.06	0	0.17	0.52	0.47	0.21	0.05	0.43	0.07	0.41	0.47	0.47	0.15	0.08	0.13	0.01	0.18	0.06	0.47	0.12	0.4	0.98	0.14	0.06	0.48	0.25	0.58	0.48	0.07	0.37	0.13	0.97	0.21	1.59	0.18	0.1	0.13	0.05	0.06	0.48	0.48	0.07	1.49	0.07	0.49	0.18	0.19	0.49	0.48	0.56	0.39	0.69	0.16	0.2	0.42	0.49	0.59	0.18	0.32	0.49	0.49	0.07	0.16	0.09	0.49	0.59	0.49	0.18	0.18	0.14	0.06	0.18	0.5	0.09	0.49	0.49	0.27	0.11	1	0.5
0.43	0.42	0.17	0.56	0.09	0.3	0.43	0.42	0.46	0.17	0.03	0.22	0.15	0.66	0.22	0.46	0.18	0.25	0.21	0.16	0.17	0	0.46	0.04	0.04	0.46	0.37	0.17	0.19	0.16	0.04	0.05	0.15	0.09	0.16	0.46	0.13	0.14	0.14	0.46	0.15	0.02	0.16	0.06	0.05	0.09	0.16	0.42	0.22	0.47	1.05	0.07	0.17	0.06	0.42	0.04	0.16	0.15	0.17	0.04	0.46	0.05	0.46	0.46	0.03	0.18	0.46	0.04	0.26	0.16	0.36	0.26	0.09	0.46	0.67	0.4	0.03	0.06	0.47	0.15	0.15	0.43	0.47	0.08	0.22	0.04	0.92	0.47	0.04	0.45	0.04	0.19	0.31	0.58	0.2	0.16	0.58	0.15	0.23
0.48	0.18	0.48	0.53	0.14	0.49	0.08	0.2	0.49	0.25	0.07	0.98	0.2	1	0.38	0.03	0.49	0.47	0.19	0.19	0.4	0.11	0	0.2	0.09	0.18	0.5	0.21	0.28	0.5	0.09	0.05	0.5	0.48	0.5	0.4	0.31	0.98	0.5	0.06	0.2	0.4	0.21	0.18	0.38	0.15	0.21	1.11	0.18	0.41	0.39	0.07	0.51	0.39	0.38	0.09	0.22	0.52	0.28	0.09	0.2	0.1	0.22	0.21	0.05	0.03	0.57	0.08	0.5	0.43	0.21	0.29	0.43	0.21	0.18	0.09	0.34	0.05	0.43	0.23	0.43	0.44	0.21	0.44	0.56	0.09	0.04	0.11	0.08	0.94	0.09	0.55	0.21	0.54	0.22	0.45	0.23	0.32	0.45
0.03	0.16	0.2	0.47	0.01	0.47	0.03	0.26	0.12	0.25	0.03	4.39	0.13	0.44	0.25	0.77	0.18	0.57	0.23	0.5	0.15	0.04	0.2	0	0.02	0.46	0.16	0.49	0.22	0.14	0.04	0.05	0.15	0.4	0.14	0.48	0.15	0.48	0.03	0.09	0.15	0.25	0.43	0.34	0.01	0.01	0.16	0.16	0.49	0.04	0.49	0.09	2.17	0.07	0.14	0.03	0.16	0.29	0.05	0.04	0.14	0.04	0.16	0.13	0.04	0.07	0.16	0.03	0.16	0.15	0.16	0.4	0.01	0.41	0.13	0.05	0.09	0.06	0.71	0.14	0.41	0.04	0.14	0.08	0.41	0.05	0.41	0.04	0.04	0.41	0.01	0.18	0.14	0.23	0.4	0.15	0.45	0.14	0.22
0.27	0.37	0.18	0.45	0.01	0.3	0.03	0.96	0.41	0.92	0.03	2.19	0.14	0.12	0.58	0.09	0.48	0.25	0.35	0.17	0.15	0.04	0.48	0.02	0	0.14	0.16	0.16	0.48	0.48	0.03	0.25	0.52	0.01	0.14	0.07	0.14	0.15	0.03	0.49	0.16	0.04	0.15	0.45	0.03	0.01	0.49	0.16	0.21	0.04	0.13	0.09	0.49	0.08	0.14	0.1	0.49	0.5	0.05	0.04	0.14	0.79	0.16	0.4	0.06	0.31	0.17	0.4	0.56	0.15	0.17	0.03	0.01	0.4	0.45	0.05	0.13	0.24	0.19	0.4	0.15	0.04	0.15	0.29	0.2	0.41	0.41	0.04	0.04	0.13	0.02	0.41	0.71	0.34	0.18	0.14	0.17	0.16	0.51
0.94	0.07	0.06	0.08	0.13	0.24	0.13	0.03	0.01	0.73	0.12	10.1	0.05	0.23	0.36	0.21	0.05	0.49	0.49	0.69	0.05	0.13	0.74	0.14	0.12	0	0.69	0.42	0.2	0.06	0.11	0.49	0.36	0.11	0.11	0.18	0.03	0.04	0.36	0.21	0.04	0.49	0.03	0.13	0.59	0.49	0.22	0.03	0.59	0.09	0.03	0.51	0.03	0.15	0.05	0.11	0.03	0.03	0.15	0.5	0.02	0.12	0.4	0.22	0.13	0.15	0.05	0.4	0.3	0.3	0.05	0.14	0.13	0.52	0.36	0.15	0.4	0.16	0.47	0.05	0.1	0.4	0.05	0.18	0.28	0.12	0.2	0.4	0.12	0.02	0.14	0.4	0.05	0.34	0.12	0	0.4	0	0.4
0.13	0.03	0.1	0.02	0.43	0.2	0.14	0.04	0.03	0.8	0.16	4.37	0.06	0.04	0.37	0.24	1.05	0.55	0.46	0.03	0.06	0.15	0.22	0.45	0.16	0.33	0	0.76	0.34	0.07	0.46	0.46	0.04	0.15	0.05	0.19	0.04	0.35	0.36	0.22	0.03	0.46	0.03	0.16	0.47	0.15	0.22	0.04	0.47	0.1	0.04	0.28	0.02	1.07	0.06	0.13	0.03	0.03	0.33	0.47	0.47	0.14	0	0.22	0.47	0.17	0.02	0.13	0.11	0.05	0.04	0.17	0.15	0.29	0.12	0.15	0.22	0.2	0.32	0.48	0.21	0.17	0.06	0.48	0.28	0.18	0.22	0.18	0.12	0.04	0.17	0.59	0.06	0.49	0.02	0.03	0.03	0.03	0.47
0.5	0.04	0.12	0.07	0.15	0.49	0.15	0.47	0.49	0.02	0.25	3.97	0.11	0.05	0.43	0.23	0.07	0.22	0.43	0.4	0.09	0.44	0.24	0.16	0.44	0.26	0.05	0	0.13	0.44	0.13	0.57	0.21	0.54	0.38	0.21	0.44	0.82	0.19	0.44	0.21	0.44	0.05	0.52	0.54	0.28	0.24	0.03	0.38	0.12	0.97	0.46	0.04	0.45	0.08	0.14	0.02	0.05	0.45	0.45	0.26	0.34	0.05	0.24	0.18	0.18	0.06	0.14	0.45	0.34	0.16	0.16	0.26	0.48	0.45	0.55	0.24	0.21	0.35	0.45	0.06	0.19	0.45	0.2	0.53	0.45	0.22	0.19	0.13	0.05	0.46	0.33	0.07	0.39	0.46	0.04	0.07	0.05	0.22
0.44	0.1	0.15	0.44	0.52	0.31	0.64	0.1	0.09	0.11	0.18	3.3	0.13	0.12	0.41	0.25	0.12	0.91	0.39	0.09	0.2	0.19	0.24	0.21	0.19	0.18	0.11	0.41	0	0.14	0.17	0.21	0.1	0.22	0.41	0.25	0.09	0.09	0.51	0.23	0.1	0.17	0.11	0.41	0.23	0.28	0.41	0.1	0.39	0.16	0.23	0.25	0.09	0.22	0.41	0.17	0.11	0.09	0.84	0.17	0.41	0.17	0.11	0.32	0.2	0.41	0.12	0.38	0.13	0.11	0.91	0.41	0.41	0.35	0.1	0.51	0.23	0.23	0.39	0.41	0.13	0.22	0.6	0.67	0.3	0.41	0.25	0.22	0.56	0.09	0.41	0.37	0.91	0.6	0.48	0.1	0.47	0.12	1.4
0.49	0.05	0.4	0.08	0.49	0.27	0.13	0.06	0.05	0.85	0.13	0.67	0.01	0.16	0.35	0.22	0.08	0.25	0.35	0.04	0.12	0.45	0.22	0.15	0.48	0.06	0.07	0.24	0.13	0	0.12	0.17	0.06	0.23	0.09	0.39	0.03	0.04	0.12	0.16	0.06	0.13	0.18	0.12	0.15	0.99	0.23	0.06	1	0.5	0.04	0.22	0.44	0.4	0	0.4	0.06	0.05	0.41	0.27	0.05	0.4	0.07	0.23	0.48	0.18	0.08	0.13	0.08	0.07	0.42	0.14	0.13	0.52	0.82	0.92	0.16	0.55	0.69	0.01	0.04	0.42	0	0.43	0.29	0.15	0.43	0.53	0.12	0.05	0.14	0.3	0.01	0.45	0.23	0.44	0.47	0.06	0.44
0.02	0.11	0.14	0.44	0.1	0.31	0.04	0.13	0.1	1.14	0.01	5.31	0.11	0.11	0.44	0.65	0.15	0.26	0.22	0.49	0.49	0.07	0.17	0.04	0.14	0.5	0.13	0.23	0.17	0.12	0	0.05	0.11	0.09	0.34	0.45	0.1	0.11	0.01	0.04	0.1	0.27	0.1	0.01	0.08	0.09	0.46	0.42	0.26	0.15	0.46	0.62	0.09	0.66	0.11	0.01	0.12	0.14	0.19	0	0.09	0.01	0.57	0.22	0.04	0.07	0.14	0.02	0.48	0.47	0.21	0.04	0.36	0.44	0.09	0.03	0.26	0.34	0.96	0.45	0.11	0.03	0.15	0.08	0.21	0.03	0.08	0.07	0	0.09	0.03	0.56	0.25	0.49	0.13	0.49	0.13	0.1	0.49
0.04	0.15	0.46	0.59	0.11	0.25	0.04	0.18	0.47	0.95	0.03	7.32	0.16	0.14	0.48	0.03	0.89	0.25	0.49	0.15	0.49	0.04	0.49	0.05	0.05	0.14	0.53	0.42	0.22	0.4	0.04	0	0.16	0.4	0.41	0.03	0.17	0.28	0.41	0.41	0.16	0.42	0.16	0.34	0.13	0.68	0.17	0.16	0.43	0.06	0.16	0.04	0.18	0.44	0.16	0.45	0.28	0.15	0	0.45	0.15	0.45	0.18	0.17	0.04	0.88	0.46	0.05	0.21	0.17	0.46	0.05	0.47	0.13	0.16	0.09	0.04	0.22	0.17	0.15	0.16	0.03	0.17	0.03	0.23	0.34	0.03	0.09	0.08	0.16	0.05	0.4	0.16	0.21	0.43	0.15	0.17	0.15	0.42
0.14	0.02	0.46	0.38	0.15	0.24	0.12	0.21	0.03	0.9	0.14	2.96	0.4	0.03	0.37	0.21	0.05	0.5	0.3	0.03	0.28	0.16	0.61	0.4	0.14	0.03	0.04	0.02	0.1	0.4	0.11	0.17	0	0.5	0.05	0.21	0.04	0.4	0.11	0.51	0.63	0.12	0.03	0.17	0.16	0.91	0.22	0.12	0.35	0.11	0.15	0.19	0.03	0.19	0.4	0.38	0.01	0.41	0.56	0.13	0.04	0.38	0.04	0.91	0.17	0.16	0.05	0.14	0.05	0.01	0.04	0.14	0.33	0.41	0.04	0.14	0.32	0.55	0.55	0.17	0.18	0.16	0.06	0.51	0.41	0.14	0.19	0.41	0.12	0.35	0.17	0.82	0.05	0.35	0.05	0.03	0.31	0.03	0.21
0.02	0.15	0.16	0.18	0	0.68	0.02	0.13	0.11	0.13	0.02	0.61	0.42	0.14	0.42	0.12	0.52	0.23	0.22	0.14	0.42	0.28	0.38	0.01	0.42	0.11	0.42	0.43	0.21	0.14	0.34	0.43	0.49	0	0.12	0.06	0.13	0.14	0.02	0.24	0.13	0.43	0.53	0.67	0.16	0.11	0.13	0.15	0.2	0.35	0.13	0.13	0.13	0.43	0.13	0.43	0.48	0.14	0.1	0.07	0.43	1.2	0.14	0.13	0.06	0.43	0.15	0.04	0.17	0.53	0.43	0.01	0	0.43	0.43	0.1	0.09	0.12	0.43	0.13	0.13	0.13	0.13	0.05	0.59	0.1	0.06	0.03	0.43	0.12	0.01	0.17	0.43	0.5	0.2	0.18	0.18	0.14	0.23
0.1	0.04	0.11	0.44	0.13	0.29	0.1	1.52	0.06	1.14	0.11	6.21	0.07	0.04	0.35	0.54	0.32	0.43	0.34	0.04	0.01	0.4	0.63	0.14	0.53	0.15	0.05	0.05	0.11	0.09	0.11	0.15	0.05	0.12	0	0.17	0.53	0.05	0.11	0.16	0.43	0.13	0.03	0.12	0.15	0.17	0.73	0.43	0.33	0.13	0.04	0.19	0.43	0.17	0.08	0.12	0.41	0.04	0.52	0.43	0.05	0.33	0.05	0.23	0.52	0.18	0.07	0.11	0.42	0.06	0.04	0.22	0.14	0.29	0.05	0.42	0.42	0.19	0.3	1.64	0.05	0.15	0.08	0.18	0.22	0.15	0.17	0.45	0.12	0.42	0.42	0.28	0.09	0.32	0.42	0.72	0.28	0.05	0.41
0.07	0.19	0.21	0.79	0.31	0.23	0.42	0.31	0.17	0.22	0.42	5.54	0.18	0.25	0.48	0.48	0.88	0.18	0.17	0.52	0.38	0.07	0.04	0.09	0.07	0.49	1.03	0.4	0.47	0.19	0.08	0.03	0.2	0.06	0.17	0	0.48	0.19	1.4	0.09	0.2	0.15	0.18	0.11	0.43	0.06	0.19	0.24	0.15	0.07	0.58	0.04	0.21	0.1	0.19	0.08	0.19	0.48	0.12	0.09	0.19	0.37	0.21	0.48	0.05	0.34	0.2	0.48	0.22	0.65	0.19	0.09	0.25	0.1	0.53	0.1	0.48	0.6	0.13	0.38	0.54	0.49	0.19	1.22	0.58	0.1	0.23	0.04	0.47	0.49	0.08	0.12	0.32	0.36	0.51	1.02	0.22	0.19	0.69
0.11	0.02	0.1	0.11	0.12	0.32	0.1	0.04	0.01	0.91	0.41	4.58	0.02	0.47	0.58	0.2	0.05	0.18	0.23	0.18	0.46	0.15	0.29	0.47	0.35	0.48	0.03	0.05	0.35	0.03	0.49	0.16	0.04	0.12	0.05	0.2	0	0.01	0.47	0.2	0.02	0.1	0.02	0.12	0.13	0.13	0.19	0.04	0.47	0.08	0.11	0.17	0.01	0.19	0.03	0.47	0.03	0.02	0.47	0.18	0.02	0.97	0.47	0.19	0.15	0.14	0.05	0.47	0.06	0.04	0.02	0.13	0.12	0.77	0.01	0.09	0.2	0.16	0.31	0.02	0.03	0.13	0.36	0.19	0.25	0.47	0.56	0.16	0.08	0.02	0.47	0.3	0.03	0.33	0.05	0.02	0.05	0.02	0.18
0.45	0.45	0.56	0.05	0.14	0.46	0.96	0.91	0.06	0.67	0.47	0.32	0.03	0.04	0.46	0.47	0.04	0.18	1.57	0.01	0.47	1.07	0.54	1.47	0.15	0.04	0.47	0.37	0.47	0.04	0.28	0.47	0.03	0.48	0.04	0.18	0	0.01	0.08	0.43	0.4	0.43	0.02	0.12	0.94	0.43	0.19	0.14	0.93	0.43	0.01	0.43	0.01	0.14	0.43	0.28	0.03	0.01	0.43	0.43	0.03	0.68	0.03	0.44	0.44	0.33	0.44	0.44	0.09	0.04	0.01	0.94	0.44	0.29	0.02	0.1	0.23	0.45	0.95	0.03	0.04	0.45	0.04	0.95	0.45	0.1	0.45	0.95	0.09	0.02	0.45	0.31	0.03	0.95	0.65	0.02	0.04	0.03	0.75
0.01	0.1	0.15	0.13	0.45	0.57	0.01	0.48	0.1	1.09	0.01	1.61	0.41	0.1	0.34	0.09	0.41	0.42	0.23	0.44	0.51	0.42	0.26	0.31	0.22	0.1	0.43	0.14	0.18	0.44	0.01	0.43	0.17	0.02	0.64	0.39	0.44	0.08	0	0.36	0.11	0.03	0.1	0.45	0.75	0.02	0.15	0.36	0.77	0.04	0.57	0.09	0.09	0.05	0.47	0.19	0.48	0.1	0.28	0	0.09	0	0.13	0.14	0.26	0.07	0.49	0.01	0.13	0.13	0.19	0.03	0.02	0.18	0.36	0.32	0.05	0.08	0.24	0.1	0.1	0.06	0.12	0.4	0.17	0.23	0.11	0.23	0.01	0.17	0.41	0.18	0.42	0.23	0.51	0.1	0.12	0.1	0.37
0.1	0.21	0.19	0.51	0.29	0.32	0.1	0.24	0.5	0.93	0.03	4.37	0.15	0.49	0.38	0.11	0.26	0.4	0.23	0.4	0.2	0.03	0.06	0.09	0.41	0.21	0.52	0.62	0.24	0.42	0.04	0.04	0.43	0.43	0.16	0.09	0.21	0.55	0.05	0	0.23	0.28	0.22	0.12	0.1	0.27	0.23	0.23	0.46	0.04	0.2	0.05	0.22	0.07	0.37	0.34	0.47	0.97	0.04	0.04	0.21	0.05	0.4	0.48	0.01	0.05	0.23	0.1	0.24	0.47	0.99	0.09	0.09	0.2	0.21	0.04	0	0.14	0.22	0.26	0.58	0	0.46	0.09	0.23	0.41	0.09	0.65	0.04	0.21	0.09	0.21	0.42	0.62	0.25	0.21	0.23	0.5	0.82
0.12	0.02	0.46	0.05	0.15	0.27	0.12	0.41	0.03	0.89	0.13	1.75	0.04	0.04	0.5	0.29	0.05	0.19	0.39	0.02	0.08	0.15	1.3	0.4	0.17	0.04	0.29	0.4	0.69	0.05	0.4	0.16	0.03	0.14	0.21	0.4	0.02	0.02	0.1	0.22	0.06	0.21	0.01	0.41	0.55	0.15	0.2	0.04	0.91	0.5	0.36	0.91	0.01	0.37	0.05	0.11	0.41	0.01	0.19	0.1	0.41	0.35	0.19	0.25	0.16	0.42	0.05	0.14	0.05	0.92	0.03	0.16	0.13	0.28	0.42	0.11	0.23	0.19	0.61	0.05	0.39	0.15	0.43	0.58	0.26	0.12	0.21	0.17	0.49	0.42	0.15	0.32	0.32	0.6	0.05	0.15	0.37	0.01	0.25
0.03	0.11	0.48	0.14	0.08	0.3	0.03	0.13	0.38	1.37	0.4	3.64	0.11	0.44	0.22	0.06	0.15	0.25	0.22	0.1	0.9	0.02	0.09	0.19	0.05	0.13	0.13	0.13	0.93	0.28	0.62	0.08	0.13	0.23	0.14	0.09	0.1	0.09	0.03	0.41	0.11	0.01	0.12	0.34	0.12	0.08	0.2	0.53	0.23	0.01	0.11	0.08	0.1	0.07	0.12	0.04	0.13	0.11	0.23	0.04	0.1	0.77	0.43	0.18	0.03	0.08	0.15	0.03	0.31	0.14	0.13	0.36	0.09	0.18	0.45	0.01	0.03	1.15	0.21	0.17	0.12	0.02	0.45	1.47	0.2	0.01	0.47	0.08	0.06	0.1	0.03	0.45	0.49	0.4	0.48	1.65	0.45	0.13	0.23
0.14	0.01	0.09	0.37	0.13	0.9	0.4	0.71	0.02	1.56	0.12	1.36	0.04	0.04	0.36	0.2	0.17	1.36	0.46	0.02	0.3	0.16	0.19	0.14	0.46	0.03	0.03	0.04	0.1	0.05	0.11	0.17	0.03	0.14	0.03	0.2	0.02	0.02	0.45	0.38	0.14	0.46	0	0.12	0.38	0.46	0.24	0.03	0.33	0.46	0.03	0.2	0	0.46	0.05	0.1	0.02	0.01	0.17	0.46	0.03	0.11	0.03	0.21	0.14	0.44	0.04	0.46	0.05	0.03	0.03	0.14	0.46	0.28	0.03	0.12	0.22	0.51	0.55	0.04	0.41	0.14	0.05	0.59	0.27	0.46	0.2	0.17	0.2	0.03	0.13	0.55	0.04	0.74	0.31	0.02	0.04	0.01	0.19
0.43	0.42	0.14	0.37	0.04	0.34	0.42	0.17	0.53	1.48	0.03	2.29	0.18	0.75	0.29	0.12	0.16	0.27	0.25	0.14	0.32	0.06	0.11	0.45	0.05	0.14	0.46	0.19	0.43	0.13	0.01	0.14	0.15	0.56	0.46	0.11	0.37	0.11	0	0.12	0.15	0.05	0.97	0	0.06	0.15	0.17	0.47	0.24	0.02	0.11	0.1	2.48	0.09	0.12	0.01	1.17	0.17	0.07	0.01	0.13	0.23	0.48	0.17	0.06	0.07	0.17	0.04	0.82	0.17	0.12	0.48	0.04	0.55	0.12	0.04	0.48	0.09	0.48	0.12	0.45	0.1	0.11	0.1	0.48	0.04	0.14	0.27	0.01	0.13	0.05	0.48	0.11	0.25	0.49	0.12	0.21	0.12	0.41
0.03	0.46	0.46	0.18	0.02	0.46	0.46	0.46	0.14	1.76	0.03	4.9	0.41	0.42	0.25	0.1	0.42	0.25	0.42	0.41	0.52	0.05	0.91	0.01	0.29	0.16	0.41	0.18	0.41	0.61	0.4	0.06	0.41	0.41	0.41	0.09	0.42	0.91	0.41	0.91	0.4	0.4	0.26	0.41	0.01	0.01	0.42	0.42	0.42	0.04	0.42	0.92	0.42	0.44	0.15	0.44	0.44	0.94	0.06	0.43	0.43	0.04	0.43	0.43	0.27	0.43	0.51	0.05	0.52	0.91	0.41	0	0.03	0.41	0.41	0.05	0.4	0.06	0.2	1	0.5	0.04	0.5	0.08	0.41	0.05	0.41	0.04	0.41	0.41	0.03	0.4	0.51	0.5	0.17	0.5	0.49	0.36	0.49
0.02	0.53	0.53	0.46	0.43	0.29	0.02	1.85	0.44	0.14	0.02	6.08	0.95	0.45	0.27	0.25	0.46	0.46	0.22	0.13	0.16	0.46	0.13	0.23	0.01	0.11	0.15	0.16	0.47	0.14	0.47	0.09	0.47	0	0.14	0.08	0.13	0.47	0.02	0.09	0.16	0.98	0.15	0.04	0.06	0	0.47	0.16	0.2	0.36	0.48	0.13	0.12	0.14	0.13	0.02	0.14	0.16	0.48	0.1	0.12	0.21	0.48	0.29	0.48	0.06	0.15	0.02	0.48	0.48	0.13	0.01	0	0.89	0.49	0.09	0.09	0.49	0.23	0.48	0.14	0.48	0.5	0.08	0.15	0.09	0.06	0.09	0.09	0.48	0.29	0.43	0.12	0.48	0.99	0.14	0.48	0.24	0.43
0.15	0.21	0.63	0.24	0.23	0.79	0.15	0.39	0.49	0.21	0.15	2.67	0.22	0.52	0.49	0.21	0.49	0.36	0.35	0.19	0.28	0.54	0.49	0.28	0.14	0.22	0.22	0.24	0.4	0.23	0.6	0.23	0.39	0.4	0.46	0.19	0.4	0.4	0.15	0.24	0.9	0.4	0.91	0.4	0.9	0.23	0	0.41	0.4	0.18	0.55	0.5	0.4	0.19	0.22	0.6	0.42	0.5	0.17	0.16	0.61	0.15	0.22	0.41	0.41	0.21	0.61	0.51	0.23	0.51	0.41	0.14	0.15	0.36	0.21	0.72	0.5	0.18	0.31	0.22	0.52	0.22	0.42	0.42	0.44	0.22	0.42	0.17	0.16	0.53	0.15	0.43	0.22	0.35	0.23	0.43	0.23	1.14	0.44
0.23	0.4	0.09	0.11	0.14	0.24	0.44	0.01	0.02	1.28	0.14	3.59	0.1	0.03	0.48	0.21	0.05	0.32	0.49	0.04	0.49	0.15	0.6	0.16	0.16	0.03	0.04	0.03	0.1	0.07	0.11	0.16	0.26	0.91	0.05	0.21	0.04	0.03	0.12	0.51	0.04	0.42	0.42	0.15	0.46	0.42	0.44	0	0.35	0.83	0.42	0.21	0.36	0.17	0.06	0.43	0.26	0.03	0.17	0.16	0.3	0.54	0.04	0.22	0.44	0.54	0.44	0.14	0.55	0.45	0.04	0.97	0.15	0.64	0.05	0.15	0.56	0.55	0.46	0.05	0.05	0.56	0.47	0.46	0.28	0.32	0.57	0.16	0.47	0.03	0.16	0.78	0.06	0.68	0.06	0.03	0.05	0.48	0.49
0.22	0.33	0.36	0.52	0.43	0.42	0.22	0.36	0.32	1.11	0.22	4.77	0.44	0.67	0.28	0.17	0.35	0.32	0.32	0.34	0.36	0.22	0.18	0.21	0.47	0.43	0.47	0.47	0.39	0.55	0.58	0.17	0.35	0.2	0.63	0.15	0.32	0.48	0.47	0.25	0.35	0.23	0.33	0.25	0.22	0.57	0.57	0.51	0	0.38	0.65	0.18	0.34	0.25	0.33	0.22	0.34	0.47	0.17	0.23	0.47	0.23	0.35	0.34	0.97	0.51	0.35	0.22	0.35	0.34	0.48	0.21	0.48	0.25	0.32	0.48	0.23	0.16	0.02	0.48	0.35	0.78	0.34	0.27	0.72	0.24	0.15	0.48	0.48	0.33	0.21	0.43	0.68	0.29	0.76	0.33	0.98	0.48	0.84
0.02	0.09	0.14	0.15	0.23	0.52	0.02	0.11	0.18	1.15	0.15	11.8	0.18	0.1	0.26	0.35	0.12	0.46	0.23	0.46	0.45	0.03	0.45	0.04	0.05	0.09	0.1	0.12	0.16	0.47	0.01	0.05	0.12	0.03	0.13	0.07	0.08	0.32	0.01	0.04	0.47	0.01	0.1	0.21	0.98	0.03	0.18	0.12	0.48	0	0.09	0.48	0.09	0.06	0.19	0.01	0.48	0.09	0.05	0.01	0.15	0.73	0.12	0.42	0.22	0.08	0.12	0.49	0.14	0.12	0.09	0.04	0.03	0.2	0.59	0.04	0.04	0.41	0.2	0.49	0.12	0.43	0.49	0.07	0.14	0.01	0.36	0.08	0	0.18	0.4	0.18	0.18	0.51	0.5	0.28	0.24	0.4	0.43
0.1	0.28	0.4	0.43	0.12	0.24	0.43	0.44	0.42	0.43	0.41	0.62	0.05	0.06	0.47	0.22	0.97	0.18	0.46	0.09	0.45	0.14	0.2	0.15	0.44	0.05	1.44	0.44	0.1	0.42	0.42	0.42	0.07	0.52	0.04	0.2	0.91	0.02	0.41	0.41	0.03	0.51	0.4	0.41	0.43	0.43	0.5	0.05	0.34	0.47	0.04	0.47	0.01	0.16	0.42	0.51	0.04	0.45	0.16	0.1	0.02	0.16	0.5	0.49	0.59	0.49	0.05	0.48	0.05	0.05	0.02	0.55	0.61	0.46	0.18	0.47	0.22	0.46	0.32	0.03	0.04	1.05	0.05	0.56	0.26	0.12	0.18	0.16	0.46	0.45	0.44	0.51	0.42	0.33	0.43	0.52	0.42	0.41	0.63
0.46	0.53	0.28	0.21	0.46	0.25	0.08	0.2	0.2	1.26	0.07	1.6	0.3	0.19	0.18	0.03	0.48	0.21	0.18	0.18	0.21	0.07	0.01	0.48	0.09	0.17	0.48	0.22	0.27	0.48	0.08	0.99	0.21	0.49	0.2	0.04	0.18	0.26	0.09	0.05	0.19	0.49	0.21	0.1	0.1	0.13	0.61	0.31	0.44	0.07	0.17	0	0.18	0.1	0.21	0.08	0.19	0.19	0.03	0.09	0.18	0.4	0.21	0.21	0.09	0.03	0.4	0.08	0.4	0.6	0.91	0.41	0.13	0.14	0.5	0.09	0.41	0.41	0.17	0.19	0.41	0.04	0.22	0.04	0.61	0.47	0.42	0.09	0.08	0.42	0.62	0.46	0.42	0.18	0.22	0.72	1.11	0.5	0.36
0.11	0.01	0.09	0.04	0.14	0.23	0.12	0.1	0.15	0.7	0.24	2.32	0.03	0.23	0.39	0.2	0.04	0.18	0.25	0.01	0.7	0.15	0.2	0.13	0.14	0.03	0.02	0.04	0.1	0.04	0.4	0.16	0.03	0.12	0.03	0.21	0.01	0.01	0.1	0.41	0.01	0.12	0	0.13	0.34	0.14	0.19	0.03	0.32	0.09	0.01	0.18	0	0.41	0.31	0.12	0.18	0.01	0.18	0.11	0.13	0.19	0.02	0.2	0.41	0.15	0.03	0.11	0.04	0.09	0.02	0.42	0.42	0.27	0.02	0.12	0.2	0.18	0.31	0.52	0.04	0.14	0.04	0.23	0.26	0.12	0.2	0.17	0.22	0.02	0.14	0.3	0.04	0.33	0.33	0.01	0.04	0.01	0.42
0.05	0.14	0.26	0.5	0.09	0.33	0.05	0.18	0.42	0.91	0.06	3.58	0.16	0.15	0.24	0.47	0.2	0.35	0.23	0.16	0.19	0.43	0.12	0.07	0.49	0.16	0.17	0.44	0.45	0.18	0.06	0.07	0.3	0.21	0.35	0.09	0.14	0.15	0.05	0.06	0.15	0.08	0.18	0.31	0.49	0.12	0.2	0.17	0.26	0.45	0.44	0.45	0.16	0	0.19	0.09	0.18	0.18	0.08	0.4	0.16	0.84	0.34	0.43	0.09	0.45	0.18	0.43	0.2	0.2	0.19	0.06	0.08	0.24	0.18	0.08	0.48	0.07	0.4	0.18	0.21	0.06	0.17	0.41	0.21	0.08	0.1	0.08	0.06	0.16	0.44	0.22	0.44	0.45	0.18	0.15	0.46	0.67	0.57
0.13	0.05	0.44	0.08	0.13	0.62	0.14	0.06	0.04	0.94	0.22	0.52	0.01	0.87	0.35	0.21	0.08	0.46	0.41	0.04	0.1	0.17	0.27	0.14	0.14	0.41	0.06	0.07	0.24	0	0.41	0.54	0.09	0.13	0.41	0.19	0.41	0.03	0.37	0.16	0.05	0.12	0.91	0.16	0.15	0.71	0.56	0.06	0.34	0.32	0.03	0.21	0.41	0.17	0	0.11	0.06	0.05	0.16	0.51	0.41	0.41	0.06	0.22	0.15	0.25	0.07	0.41	0.08	0.33	0.32	0.19	0.91	0.28	0.04	0.14	0.37	0.17	0.57	0.01	0.41	0.15	0	0.19	0.28	0.51	0.41	0.19	0.12	0.04	0.14	0.31	0.41	0.72	0.08	0.32	0.08	0.07	0.41
0.02	0.45	0.14	0.13	0.08	0.45	0.01	0.12	0.1	0.2	0.9	0.93	0.33	0.12	0.62	0.1	0.45	0.85	0.24	0.41	1.16	0.66	0.13	1.06	0.56	0.1	0.5	0.14	0.17	0.11	0.01	0.21	0.46	0.22	0.13	0.56	0.46	0.35	0.14	0.05	0.1	0.04	0.11	0.03	0.56	0.47	0.67	0.23	0.22	0.13	0.11	0.09	0.1	0.08	0.47	0	0.47	0.47	0.36	0.25	0.27	0.78	0.11	0.15	0.04	0.48	0.12	0.02	0.13	0.13	0.11	0.04	0.48	0.21	0.46	0.04	0.05	0.18	0.55	0.4	0.12	0.04	0.32	0.08	0.21	0.03	0.08	0.07	0.01	0.11	0.03	0.2	0.11	0.23	0.19	0.91	0.41	0.1	0.56
0.13	0.16	0.41	0.05	0.15	0.5	0.61	0	0.02	0.97	0.12	0.33	0.05	0.43	0.53	0.38	0.05	0.2	0.45	0.43	0.07	0.45	0.2	0.19	0.15	0.03	0.43	0.02	0.2	0.06	0.64	0.18	0.06	0.44	0.05	0.22	0.03	0.04	0.44	0.23	0.03	0.13	0.03	0.44	0.54	0.21	0.22	0.01	0.33	0.94	0.16	0.19	0.02	0.55	0.06	0.11	0	0.03	0.95	0.13	0.03	1.29	0.03	0.22	0.16	0.16	0.05	0.13	0.45	0.01	0.04	0.14	0.14	0.28	0.04	0.14	0.21	0.33	0.65	0.05	0.22	0.17	0.06	0.19	0.28	0.14	0.22	0.16	0.46	0.05	0.15	0.45	0.05	0.52	0.05	0.03	0.05	0.03	0.31
0.12	0.02	0.41	0.04	0.49	0.23	0.15	0.22	0.03	1	0.43	1.23	0.04	0.04	0.38	0.46	0.32	0.46	0.26	0.38	0.35	0.3	0.19	0.14	0.46	0.35	0.16	0.05	1.26	0.05	0.46	0.45	0.03	0.13	0.04	0.33	0.02	0.01	0.09	0.24	0.01	0.1	0.01	0.21	0.5	0.47	0.87	0.03	0.34	0.09	0.02	0.18	0	0.15	0.05	0.12	0.03	0	0.17	0.12	0.03	0.43	0.03	0.2	0.47	0.48	0.04	0.12	0.05	0.26	0.02	0.14	0.47	0.27	0.03	0.98	0.24	0.58	0.41	0.3	0.04	0.14	0.05	0.58	0.48	0.12	0.2	0.19	0.12	0.3	0.14	0.48	0.04	0.58	0.26	0.02	0.54	1	0.36
0.32	0.16	0.22	0.4	0.1	0.25	0.41	0.17	0.15	0.28	0.41	0.48	0.17	0.15	0.19	0.4	0.6	0.27	0.2	0.27	0.4	0.05	0.06	0.39	0.41	0.15	0.16	0.18	0.21	0.31	0.04	0.26	0.42	0.47	0.14	0.03	0.14	0.42	0.42	0.04	0.16	0.08	0.43	0.17	0.06	0.09	0.17	0.16	0.43	0.1	0.66	0.17	0.38	0.4	0.16	0.06	0.44	0.15	0	0.07	0.14	0.44	0.18	0.17	0.21	0.03	0.44	0.04	0.18	0.18	0.45	0.45	0.12	0.13	0.16	0.09	0.04	0.03	0.17	0.15	0.45	0.03	0.87	0.03	0.23	0.45	0.03	0.96	0.04	0.14	0.05	0.46	0.15	0.28	0.46	0.5	0.56	0.15	0.18
0.02	0.47	0.14	0.13	0.41	0.71	0.02	0.11	0.12	2.31	0.21	9.83	0.11	0.11	0.23	0.08	0.15	0.26	0.43	0.24	0.13	0.04	0.85	0.04	0.04	0.11	0.93	0.29	0.44	0.13	0.01	0.05	0.44	0.17	0.12	0.09	0.08	0.1	0	0.37	0.11	0.04	0.45	0.01	0.05	0.1	0.37	0.13	0.95	0.01	0.36	0.09	0.1	0.11	0.12	0.45	0.13	0.44	0.08	0	0.09	1.1	0.12	0.16	0.04	0.07	0.54	0.24	0.19	0.14	0.11	0.04	0.1	0.47	0.47	0.04	0.04	0.07	0.76	0.2	0.39	0.21	0.23	0.47	0.5	0.13	0.09	0.08	0.1	0.36	0.04	0.25	0.12	0.23	0.47	0.11	0.13	0.11	0.24
0.13	0.4	0.09	0.52	0.13	0.24	0.1	0.03	0.02	0.91	0.12	9.73	0.26	0.01	0.37	0.41	0.05	0.2	0.34	0.03	0.07	0.15	0.2	0.14	0.48	0.21	0.34	0.05	0.11	0.22	0.12	0.48	0.04	0.12	0.05	0.19	0.02	0.02	0.49	0.31	0.04	0.46	0.03	0.11	0.13	0.13	0.4	0.04	0.33	0.11	0.02	0.18	0.03	0.2	0.4	0.2	0.4	0.03	0.5	0.27	0	1.51	0.04	0.21	0.14	0.16	0.43	0.1	0.06	0.04	0.04	0.13	0.12	0.44	0.01	0.11	0.51	0.23	0.85	0.34	0.03	0.13	0.04	0.55	0.61	0.12	0.26	0.15	0.1	0.3	0.36	0.29	0.04	0.56	0.07	0.83	0.35	0.03	0.45
0.02	0.47	0.47	0.98	0.03	0.47	0.01	0.43	0.96	0.11	0.02	5.19	0.47	0.47	0.47	0.11	0.47	0.47	0.47	0.97	0.97	0.97	0.1	0.04	0.04	0.11	0.46	0.46	0.56	0.46	0.01	0.46	0.45	0.03	0.46	0.45	0.45	0.45	0	0.44	0.44	0.44	0.44	0.01	0.44	0.54	0.44	0.95	0.23	0.01	0.94	0.43	0.94	0.49	0.94	0	0.43	0.1	0.43	0.02	0.43	0.01	0.43	0.43	0.93	0.43	0.92	0.44	0.42	0.92	0.49	0.92	0.93	0.5	0.11	0.41	0.05	0.91	0.41	0.93	0.91	0.52	0.41	0.08	0.41	0.04	0.47	0.91	0.41	0.41	0.41	1.41	0.4	1.11	0.13	0.5	0.5	0.56	0.23
0.18	0.03	0.5	0.4	0.14	0.2	0.7	0.22	0.03	1.21	0.14	1.61	0.06	0.29	0.6	0.25	0.02	0.2	0.29	0.4	0.06	0.17	0.45	0.55	0.16	0.04	0	0.18	0.13	0.07	0.12	0.3	0.04	0.15	0.05	0.19	0.03	0.03	0.13	0.23	0.03	0.51	0.03	0.45	0.25	0.29	0.22	0.04	0.65	0.29	0.34	0.27	0.02	0.18	0.46	0.25	0.03	0.2	0.16	0.12	0.37	1.95	0	0.22	0.17	0.17	0.01	0.46	0.02	0.04	0.04	0.15	0.14	0.96	0.46	0.39	0.22	0.46	0.32	0.46	0.05	0.18	0.06	0.46	0.28	0.14	0.21	0.16	0.12	0.04	0.16	0.31	0.06	0.47	0.02	0.26	0.02	0.42	0.56
0.55	0.45	0.3	0.23	0.14	0.42	0.15	0.22	0.21	1.25	0.15	0.88	0.37	0.23	0.67	0.21	0.23	0.36	0.88	0.19	0.27	0.16	0.21	0.16	0.48	0.52	0.26	0.99	0.49	0.34	0.15	0.17	0.22	0.13	0.24	0.19	0.19	0.48	0.15	0.21	0.57	0.2	0.22	0.17	0.41	0.12	0.19	0.99	0.49	0.2	0.2	0.27	0.2	0.36	0.22	0.15	0.22	0.49	0.49	0.49	0.21	0.35	0.22	0	0.42	0.2	0.6	0.15	0.3	0.23	0.2	0.14	0.13	0.6	0.21	0.22	0.21	0.18	0.31	0.22	0.6	0.34	0.4	0.56	0.22	0.41	0.19	0.77	0.16	0.21	0.18	0.33	0.22	1	0.23	0.26	0.41	0.51	0.34
0.03	0.5	0.19	0.17	0.09	0.49	0.03	0.15	0.16	1.6	0.09	8.12	0.41	0.13	0.19	0.04	1.01	0.23	0.21	0.41	0.41	0.03	0.05	0.04	0.41	0.13	0.51	0.18	0.19	0.15	0.41	0.04	0.16	0.06	0.52	0.05	0.42	0.29	0.04	0.2	0.18	0.02	0.16	0.42	0.14	0.29	0.18	0.17	0.19	0.14	0.14	0.43	0.15	0.14	0.16	0.05	0.16	0.15	0.04	0.04	0.44	0.43	0.17	0.48	0	0.05	0.18	0.74	0.44	0.17	0.16	0.05	0.09	0.19	0.14	0.03	0.01	0.05	0.19	0.15	0.45	0	0.15	0.28	0.18	0.03	0.05	0.06	0.04	0.15	0.45	0.54	0.15	0.45	0.44	1.93	0.17	0.16	0.35
0.07	0.41	0.2	0.19	0.06	0.41	0.41	0.44	0.18	0.68	0.06	2.92	0.47	0.15	0.17	0.14	0.18	0.18	0.16	0.47	0.22	0.05	0.03	0.07	0.42	0.16	0.17	0.22	0.25	0.47	0.76	0.42	0.65	0.43	0.57	0.01	0.54	0.15	0.07	0.05	0.25	0.08	0.57	0.07	0.23	0.06	0.2	0.16	0.15	0.08	0.28	0.03	0.15	0.09	0.32	0.07	0.47	0.16	0.05	0.07	0.16	0.2	0.47	0.41	0.05	0	0.18	0.14	0.43	0.17	0.57	0.07	0.06	0.47	0.56	0.29	0.05	0.02	0.16	0.47	0.17	0.28	0.18	0.01	0.16	0.07	0.01	0.05	0.47	0.18	0.07	0.3	0.55	0.48	0.19	0.16	0.19	0.19	0.42
0.15	0.04	0.11	0.28	0.41	0.21	0.41	0.4	0.14	0.99	0.21	6.56	0.44	0.44	0.4	0.41	0.03	0.21	0.49	0.05	0.44	0.18	0.23	0.19	0.45	0.05	0.01	0.06	0.12	0.45	0.15	0.55	0.05	0.24	0.06	0.21	0.05	0.04	0.38	0.24	0.04	0.13	0.04	0.17	0.23	0.27	0.55	0.05	0.57	0.11	0.56	0.21	0.03	0.2	0.07	0.31	0.37	0.46	0.17	0.13	0.05	0.5	0.03	0.23	0.59	0.66	0	0.34	0.01	0.06	0.05	0.16	0.16	0.66	0.05	0.16	0.55	0.19	0.33	0.07	0.06	0.21	0.46	0.67	0.68	0.17	0.21	0.57	0.14	0.08	0.54	0.33	0.37	0.36	0.04	0.04	0.04	0.04	0.51
0.46	0.45	0.32	0.27	0.34	0.65	0	0.32	0.31	1.03	0.01	1.94	0.12	0.45	0.25	0.1	0.14	0.55	0.46	0.11	0.16	0.04	0.13	0.38	0.03	0.34	0.13	0.37	0.17	0.13	0.02	0.04	0.12	0.02	0.11	0.08	0.1	0.12	0.01	0.1	0.42	0.03	0.11	0.12	0.12	0.02	0.44	0.13	0.6	0.42	0.1	0.08	0.12	0.07	0.12	0.02	0.13	0.11	0.04	0.02	0.48	1.26	0.45	0.24	0.69	0.08	0.49	0	0.14	0.99	0.44	0.03	0.02	0.18	0.1	0.4	0.5	0.5	0.4	0.34	0.13	0.03	0.48	0.07	0.37	0.41	0.08	0.05	0.15	0.41	0.02	0.23	0.12	0.33	0.14	0.52	0.47	0.11	0.84
0.46	0.95	0.13	0.04	0.56	0.22	0.16	0.17	0.05	1.38	0.18	5.81	0.43	0.98	0.4	0.24	0.03	0.33	0.3	0.05	0.1	0.49	0.5	0.18	0.18	0.38	0.03	0.07	0.4	0.4	0.32	0.19	0.41	0.15	0.06	0.26	0.05	0.05	0.36	0.62	0.05	0.14	0.05	0.18	0.63	0.17	0.63	0.06	0.37	0.13	0.2	0.44	0.04	0.18	0.08	0.13	0.44	0.05	0.45	0.15	0.06	0.15	0.04	0.24	0.17	0.3	0	0.16	0	0.06	0.06	0.17	0.35	0.52	0.44	0.47	0.25	0.2	0.33	0.07	0.07	0.21	0.51	0.48	0.3	0.16	0.49	0.2	0.14	0.05	0.19	0.35	0.08	0.52	0.4	0.05	0.05	0.22	0.41
0.13	0.03	0.25	0.08	0.16	0.47	0.47	0.02	0.03	0.1	0.13	7.68	0.06	0.04	0.43	0.24	0.06	0.75	0.31	0.04	0.07	0.17	0.45	0.16	0.15	0.04	0.04	0.02	0.12	0.45	0.12	0.17	0.01	0.14	0.06	0.21	0.04	0.04	0.12	0.45	0.04	0.12	0.03	0.15	0.47	0.14	0.22	0.02	0.55	0.12	0.35	0.43	0.03	0.18	0.07	0.11	0.27	0.04	0.18	0.13	0.05	0.32	0.04	0.23	0.17	0.46	0.06	0.13	0.06	0	0.4	0.46	0.14	0.46	0.04	0.14	0.24	1.1	0.43	0.06	0.28	0.56	0.25	0.19	0.29	0.44	0.47	0.17	0.12	0.03	0.46	0.41	0.06	0.57	0.06	0.03	0.88	0.17	0.47
0.16	0.33	0.08	0.68	0.15	0.48	0.13	0.27	0.03	0.89	0.13	1.21	0.04	0.05	0.38	0.41	0.06	0.4	0.51	0.06	0.07	0.18	0.21	0.15	0.34	0.05	0.04	0.44	0.12	0.05	0.1	0.24	0.04	0.13	0.61	0.22	0.41	0.37	0.46	0.23	0.03	0.36	0.41	0.15	0.18	0.15	0.41	0.05	0.35	0.09	0.6	0.21	0.02	0.16	0.05	0.42	0.04	0.02	0.17	0.09	0.23	0.42	0.04	0.2	0.15	0.15	0.05	0.42	0.06	0.05	0	0.18	0.42	0.26	0.03	0.14	0.22	0.18	0.32	0.04	0.42	0.16	0.43	0.19	0.61	0.11	0.43	0.17	0.11	0.03	0.14	0.43	0.04	0.36	0.43	0.03	0.43	0.03	0.43
0.42	0.31	0.45	0.23	0.02	0.65	0.03	0.14	0.13	1.07	0.03	2.26	0.14	0.3	0.44	0.44	0.16	0.25	0.45	0.14	0.17	0.05	0.97	0.63	0.03	0.13	0.47	0.37	0.2	0.47	0.04	0.39	0.78	0.16	0.15	0.21	0.48	0.73	0.03	0.48	0.16	0.04	0.15	0.05	0	0.01	0.14	0.16	0.21	0.04	0.99	0.09	0.14	0.08	0.53	0.03	0.22	0.5	0.41	0.04	0.14	0.8	0.44	0.14	0.05	0.07	0.22	0.03	0.18	0.54	0.16	0	0.01	0.39	0.15	0.05	0.1	0.42	0.33	0.96	0.16	0.04	0.41	0.08	0.51	0.05	0.09	0.14	0.41	0.14	0.41	0.19	0.14	0.41	0.41	0.14	0.2	0.69	0.22
0.02	0.12	0.18	0.22	0	0.47	0.05	0.13	0.48	1.08	0.02	1.87	0.34	0.46	0.27	0.13	0.46	2.37	0.23	0.66	0.5	0.47	0.46	0.01	0.01	0.11	0.48	0.16	0.18	0.13	0.17	0.1	0.13	0	0.14	0.06	0.12	0.5	0.02	0.09	0.4	0.08	0.44	0.4	0.01	0	0.15	0.15	1.1	0.41	0.17	0.4	0.14	0.07	0.4	0.27	0.61	0.16	0.09	0.1	0.48	0.25	0.41	0.41	0.09	0.06	0.15	0.02	0.91	0.34	0.15	0.42	0	0.3	0.12	0.09	0.09	0.04	0.45	0.41	0.12	0.41	0.92	0.06	0.19	0.29	0.42	0.09	0.09	0.12	0.01	0.17	0.13	0.42	0.15	0.13	0.15	0.43	0.59
0.19	0.57	0.57	0.47	0.18	0.11	0.58	0.45	0.87	1.28	0.47	0.87	0.27	0.29	0.22	0.77	0.32	0.3	0.05	0.88	0.32	0.2	0.14	0.53	0.47	0.47	0.56	0.29	0.35	0.54	0.5	0.13	0.52	0.57	0.37	0.46	0.27	0.47	0.21	0.2	0.28	0.18	0.31	0.19	0.19	0.37	0.36	0.39	0.58	0.4	0.27	0.14	0.26	0.23	0.59	0.18	0.28	0.49	0.13	0.19	0.5	0.26	0.28	0.33	0.19	0.5	0.31	0.48	0.3	0.35	0.35	0.2	0.26	0	0.4	0.19	0.2	0.12	0.21	0.28	0.28	0.18	0.91	0.4	0.41	0.19	0.1	0.15	0.41	0.31	0.41	0	0.28	0.2	0.32	0.28	0.32	0.52	0.48
0.1	0.03	0.07	0.06	0.49	0.24	0.1	0.03	0.02	1.4	0.11	1.39	0.03	0.02	0.41	1.29	0.05	0.49	0.34	0.02	0.99	0.15	0.2	1.3	0.15	0.49	0.04	0.28	0.5	0.04	0.09	0.16	0.8	0.12	0.05	0.5	0.02	0.02	0.35	0.21	0.03	0.45	0.03	0.11	0.9	0.53	0.21	0.04	0.33	0.5	0.4	0.18	0.28	0.16	0.91	0.41	0.03	0.03	0.45	0.41	0.27	0.25	0.41	0.21	0.15	0.5	0.05	0.11	0.06	0.41	0.03	0.15	0.12	0.25	0	0.92	0.21	0.16	0.42	0.09	0.04	0.16	0.2	0.4	0.92	0.49	0.52	0.16	0.42	0.02	0.83	0.57	0.12	0.33	0.43	0.11	0.06	0.43	0.43
0.04	0.22	0.51	0.16	0.14	0.44	0.44	0.13	0.13	1.45	0.03	5.57	0.13	0.92	0.23	0.08	0.42	0.45	0.22	0.11	0.26	0.04	0.09	0.05	0.05	0.14	0.54	0.14	0.27	0.33	0.03	0.09	0.13	0.47	0.2	0.11	0.11	0.48	0.3	0.04	0.13	0.01	0.48	0.16	0.05	0.1	0.22	0.16	0.24	0.07	0.41	0.09	0.1	0.42	0.13	0.04	0.38	0.41	0.09	0.04	0.44	0.39	0.13	0.55	0.03	0.65	0.48	0.04	0.14	0.14	0.14	0.05	0.48	0.2	0.47	0	0.04	0.08	0.22	0.13	0.15	0.4	0.41	0.1	0.39	0	0.1	0.4	0.26	0.23	0.05	0.2	0.14	0.62	0.15	0.36	0.2	0.3	0.25
0.1	0.29	0.19	0.59	0.09	0.32	0.1	0.21	0.4	0.98	0.03	1.79	0.15	0.4	0.98	0.47	0.47	0.27	0.23	0.22	0.18	0.03	0.06	0.58	0.09	0.21	0.28	0.48	0.24	0.16	0.04	0.04	0.21	0.47	0.17	0.41	0.41	0.52	0.19	0	0.23	0.06	0.41	0.12	0.1	0.17	0.41	0.29	0.41	0.04	0.22	0.42	0.27	0.39	0.32	0.05	0.21	0.38	0.43	0.37	0.2	0.4	0.25	0.23	0.01	0.05	0.23	0.37	0.25	0.53	0.22	0.11	0.48	0.46	0.22	0.04	0	0.08	0.22	0.15	0.21	0.01	0.47	0.09	0.46	0.03	0.09	0.07	0.04	0.2	0.12	0.43	0.15	0.22	0.25	0.21	0.26	0.27	0.24
0.06	0.96	0.25	0.2	0.45	0.45	0.12	0.17	0.44	0.96	0.06	4.57	0.41	0.17	0.51	0.03	0.4	0.19	0.18	0.17	0.5	0.07	0.05	0.06	0.06	0.17	0.21	0.59	0.23	0.19	0.07	0.47	0.19	0.05	0.18	0.46	0.42	0.75	0.08	0.45	0.45	0.07	0.44	0.09	0.44	0.74	0.44	0.19	0.27	0.4	0.43	0.05	0.4	0.43	0.18	0.07	0.17	0.19	0.41	0.07	0.4	0.16	0.21	0.18	0.39	0.02	0.49	0.06	0.2	0.49	0.19	0.06	0.05	0.48	0.16	0.09	0.08	0	0.14	2.66	0.18	0.46	0.18	0.03	0.45	0.1	0.01	0.05	0.44	0.16	0.05	0.13	0.44	0.43	0.2	0.55	0.42	0.19	0.52
0.49	0.49	0.34	0.48	0.5	0.21	0.81	0.7	0.4	1.16	0.2	0.89	0.31	0.29	0.04	0.15	0.72	0.26	0.26	0.41	0.59	0.21	0.38	0.92	0.42	0.29	0.31	0.34	0.42	1.42	0.92	0.18	0.32	0.23	0.43	0.13	0.31	0.91	0.41	0.61	0.33	0.91	0.33	0.41	0.6	0.23	0.31	0.41	0.02	0.21	0.53	0.16	0.43	1.03	0.32	0.48	0.33	0.44	0.17	0.23	0.3	0.21	0.58	0.31	0.19	0.16	0.33	0.2	0.42	0.33	0.34	0.36	0.23	0.46	0.46	0.22	0.57	0.15	0	0.46	0.32	0.46	0.32	0.13	0.97	0.23	0.13	0.16	0.22	0.54	0.19	0.48	0.78	0.57	0.32	0.33	0.59	1.23	0.89
0.97	0.04	0.47	0.09	0.46	0.56	0.16	0.05	0.06	0.05	0.12	9.9	0	0.05	0.34	0.45	0.07	0.2	0.94	0.03	0.1	0.84	0.43	0.14	0.93	0.38	0.43	0.07	0.12	0.42	0.39	0.33	0.05	0.41	0.07	0.19	0.4	0.1	0.34	0.5	0.4	0.11	0.04	0.48	0.14	0.22	0.22	0.06	0.33	0.18	0.03	0.19	0.68	0.17	0.07	0.11	0.05	0.47	0.33	0.12	0.14	0.46	0.06	0.22	0.46	0.18	0.07	0.12	0.44	0.06	0.04	0.43	0.13	0.28	0.43	0.13	0.19	0.17	0.42	0.02	0.03	0.41	0.01	0.18	0.4	0.13	0.4	0.18	0.11	0.06	0.13	0.49	0	0.69	0.23	0.04	0.48	0.19	0.34
0.14	0.41	0.08	0.07	0.13	0.25	0.12	0.05	0.41	0.87	0.14	3.92	0.03	0.03	0.64	0.22	0.07	0.25	0.34	0.04	0.07	0.15	0.2	0.47	0.16	0.03	0.05	0.23	0.13	0.04	0.12	0.16	0.05	0.14	0.05	0.49	0.03	0.42	0.67	0.38	0.27	0.14	0.18	0.17	0.16	0.2	0.23	0.05	0.48	0.12	0.45	0.21	0.04	0.18	0.03	0.48	0.05	0.04	0.16	0.12	0.03	0.12	0.05	0.23	0.2	0.25	0.06	0.18	0.07	0.06	0.05	0.58	0.13	0.28	0.04	0.14	0.21	0.19	0.31	0.06	0	0.53	0.48	0.48	0.29	0.13	0.2	0.15	0.12	0.01	0.15	1	0.03	0.35	0.07	0.04	0.06	0.04	0.59
0.03	0.13	0.57	0.23	0.42	0.48	0.03	0.46	0.14	0.95	0.02	1.45	0.15	0.44	0.65	0.04	0.28	0.48	0.21	0.44	0.16	0.26	0.3	0.04	0.31	0.16	0.17	0.42	0.22	0.16	0.03	0.06	0.45	0.47	0.15	0.05	0.14	0.45	0.04	0	0.45	0.02	0.45	0.06	0.29	0.42	0.21	0.15	0.45	0.1	0.16	0.04	1.1	0.22	0.5	0.04	0.95	0.16	0.03	0.04	0.15	0.21	0.45	0.19	0.16	0.05	0.16	0.03	0.17	0.15	0.16	0.04	0.45	0.18	0.13	0.03	0.25	0.12	0.19	0.14	0.17	0	0.15	0.05	0.21	0.05	0.31	0.09	0.04	0.13	0.04	0.16	0.46	0.45	0.55	0.36	0.19	0.67	0.2
0.13	0.35	0.11	0.52	0.42	0.27	0.4	0.46	0.3	1.23	0.13	0.98	0.01	0.06	0.55	0.21	0.43	0.27	0.34	0.04	0.13	0.16	0.49	0.53	0.14	0.05	0.06	0.44	0.14	0	0.12	0.16	0.33	0.45	0.08	0.55	0.03	0.04	0.11	0.45	0.21	0.13	0.05	0.12	0.32	0.13	0.46	0.41	0.33	0.46	0.03	0.22	0.04	0.16	0.05	0.24	0.06	0.05	0.16	0.12	0.36	0.44	0.06	0.47	0.15	0.18	0.07	0.12	0.08	0.07	0.05	0.97	0.13	0.47	0.23	0.15	0.16	0.17	0.48	0.01	0.03	0.48	0	0.47	0.28	0.47	0.19	0.18	0.12	0.33	0.48	0.3	0.01	0.49	0.08	0.36	0.38	0.33	0.78
0.07	0.19	0.21	0.48	0.06	0.48	0.08	0.22	0.16	0.98	0.48	2.51	0.18	0.18	0.18	0.02	0.21	0.18	0.34	0.51	0.55	0.07	0.2	0.42	0.53	0.17	0.25	0.22	0.51	0.19	0.51	0.41	0.2	0.05	0.18	0.32	0.19	0.41	0.08	0.42	0.2	0.72	0.42	0.1	0.14	0.51	0.59	0.19	0.49	0.41	0.42	0.04	0.41	0.41	0.19	0.08	0.19	0.18	0.03	0.41	0.17	0.81	0.21	0.18	0.05	0.01	0.23	0.42	0.24	0.2	0.2	0.08	0.06	0.47	0.19	0.09	0.09	0.03	0.43	0.52	0.17	0.06	0.42	0	0.2	0.22	0.04	0.43	0.09	0.18	0.07	0.18	0.18	0.15	0.43	0.43	0.43	0.2	0.15
0.21	0.45	0.65	0.67	0.16	0.48	0.21	0.75	0.27	1.66	0.46	1.48	0.28	0.47	0.47	0.27	0.29	0.57	0.41	0.26	0.23	0.23	0.27	0.15	0.2	0.28	0.28	0.3	0.48	0.58	0.21	0.23	0.28	0.19	0.48	0.25	0.25	0.25	0.48	0.23	0.48	0.48	0.27	0.23	0.19	0.48	0.33	0.59	0.48	0.14	0.26	0.27	0.26	0.58	0.28	0.21	0.28	0.26	0.23	0.22	0.31	0.4	0.28	0.06	0.18	0.16	0.69	0.49	0.3	0.29	0.26	0.2	0.25	0.55	1.09	0.28	0.23	0.54	0.37	0.28	0.29	0.21	0.28	0.2	0	0.28	0.25	0.17	0.22	0.27	0.4	0.56	0.28	0.41	0.29	0.27	0.6	0.41	0.66
0.03	0.28	0.16	0.16	0.1	0.45	0.04	0.13	0.32	1.04	0.03	0.64	0.12	0.44	0.22	0.07	0.47	0.27	0.24	0.23	0.32	0.34	0.23	0.05	0.41	0.45	0.32	0.16	0.45	0.14	0.04	0.42	0.15	0.45	0.15	0.49	0.12	0.45	0.55	0.04	0.11	0.01	0.46	0.04	0.27	0.09	0.59	0.46	0.24	0.33	0.46	0.09	0.12	0.09	0.14	0.03	0.46	0.12	0.87	0.35	0.4	0.89	0.13	0.22	0.24	0.24	0.48	0.03	0.28	0.48	0.13	0.18	0.09	0.19	0.12	0.19	0.04	0.22	0.5	0.5	0.13	0.03	0.14	0.4	0.7	0	0.4	0.08	0.03	0.12	0.04	0.4	0.13	0.63	0.91	0.41	0.41	0.51	0.81
0.25	0.18	0.21	0.21	0.06	0.23	0.46	0.48	0.19	1.05	0.18	9.61	0.19	0.44	0.18	0.03	0.48	0.18	0.17	0.98	0.18	0.58	0.04	0.09	0.07	0.19	0.2	0.21	0.26	0.19	0.08	0.03	0.21	0.06	0.48	0.01	0.21	0.2	0.28	0.22	0.21	0.09	0.19	0.1	0.24	0.06	0.89	0.54	0.15	0.08	0.59	0.04	0.18	0.4	0.19	0.08	0.36	0.19	0.4	0.14	0.19	0.19	0.37	0.19	0.43	0.4	0.21	0.08	0.22	0.41	0.19	0.26	0.06	0.41	0.18	0.44	0.09	0.01	0.41	0.36	0.19	0.05	0.39	0	0.25	0.1	0	0.25	0.08	0.19	0.09	0.12	0.19	0.26	0.51	0.42	0.35	0.42	0.16
0.04	0.16	0.18	0.54	0.09	0.27	0.18	0.16	0.15	1.38	0.06	5.75	0.53	0.16	0.22	0.06	0.74	0.85	0.21	0.15	0.19	0.15	0.44	0.25	0.04	0.47	0.16	0.48	0.28	0.19	0.44	0.09	0.17	0.03	0.15	0.04	0.16	0.17	0.44	0.08	0.16	0.08	0.18	0.07	0.45	0.09	0.43	0.85	0.55	0.09	0.17	0.85	0.17	0.1	0.61	0.08	0.24	0.45	0.09	0.55	0.16	0.08	0.18	0.18	0.06	0.68	0.19	0.45	0.18	0.29	0.18	0.04	0.45	0.15	0.53	0.45	0.07	0.03	0.36	0.18	0.46	0.06	0.45	0.04	0.17	0.09	0.04	0	0.07	0.15	0.36	0.45	0.18	0.45	0.19	0.15	0.35	0.45	0.39
0.02	0.44	0.49	0.2	0.1	0.31	0.02	0.44	0.09	0.95	0.02	2.88	0.11	0.47	0.22	0.47	0.77	0.26	0.3	0.09	0.14	0.04	0.23	0.04	0.04	0.57	0.13	0.13	0.23	0.12	0	0.04	0.14	0.17	0.12	0.08	0.08	1.3	0.01	0.04	0.1	0.03	0.48	0.01	0.04	0.31	0.16	0.13	0.25	0.01	0.09	0.08	0.11	0.45	0.12	0.01	0.49	0.1	0.04	0.01	0.11	0.49	0.12	0.5	0.08	0.08	0.2	0.03	0.15	0.13	0.3	0.41	0.1	0.19	0.1	0.03	0.04	0.4	0.53	0.24	0.14	0.4	0.12	0.08	0.22	0.4	0.08	0.24	0	0.11	0.03	0.2	0.12	0.57	0.14	0.12	0.13	0.1	0.23
0.47	0.02	0.47	0.05	0.15	0.47	0.13	0.03	0	0.86	0.11	8.82	0.03	0.01	0.35	0.42	0.05	0.23	0.35	0.42	0.13	0.13	0.34	0.14	0.14	0.02	0.04	0.05	0.43	0.43	0.45	0.14	0.03	0.83	0.06	0.18	0.02	0.03	0.11	0.21	0.43	0.18	0.03	0.16	0.43	0.13	0.43	0.03	0.32	0.19	0.02	0.21	0.02	0.16	0.04	0.09	0.03	0.03	0.16	0.1	0.02	0.88	0.29	0.21	0.53	0.18	0.05	0.12	0.07	0.06	0.43	0.14	0.12	0.63	0.15	0.43	0.2	0.34	0.43	0.43	0.02	0.14	0.04	0.43	0.54	0.3	0.21	0.14	0.11	0	0.44	0.36	0.04	0.35	0.44	0.03	0.05	0.15	0.2
0.03	0.47	0.17	0.17	0.01	0.3	0.02	0.14	0.12	1.18	0.03	0.2	0.13	0.12	0.55	0.09	0.17	0.49	0.49	0.48	0.56	0.04	0.09	0.99	0.49	0.12	0.47	0.15	0.49	0.53	0.03	0.05	0.2	0.01	0.15	0.08	0.18	0.5	0.03	0.09	0.14	0.03	0.15	0.05	0.01	0.01	0.15	0.3	0.21	0.04	0.4	0.08	0.16	0.06	0.14	0.03	0.15	0.15	0.05	0.04	0.13	0.03	0.25	0.15	0.04	0.07	0.17	0.02	0.17	0.15	0.91	0.72	0.01	0.19	0.14	0.05	0.42	0.05	0.45	0.13	0.15	0.42	0.14	0.42	0.14	0.05	0.34	0.43	0.03	0.41	0	0.43	0.48	0.35	0.16	0.15	0.53	0.14	0.99
0.58	0.46	0.98	0.32	0.18	0.12	0.48	0.33	0.31	1.15	0.48	8.64	0.29	0.41	0.22	0.4	0.32	0.09	0.05	0.42	0.41	0.5	0.6	0.18	0.18	0.58	0.32	1.11	0.71	0.31	0.19	0.4	0.7	0.17	0.28	0.12	0.61	0.54	0.18	0.84	0.33	0.18	0.49	0.49	0.19	0.17	0.3	0.49	0.44	0.17	0.49	0.59	0.31	0.5	0.3	0.59	0.59	0.38	0.14	0.58	0.3	0.35	0.49	0.3	0.48	0.11	0.58	0.19	0.32	0.48	0.48	0.19	0.17	0	0.32	0.2	0.58	0.19	0.21	0.48	0.32	0.16	0.57	0.12	0.47	0.19	0.12	0.15	0.2	0.98	0.48	0	0.35	0.03	0.53	0.31	0.48	0.67	0.11
0.12	0.04	0.11	0.39	0.68	0.47	0.44	0.41	0.47	0.94	0.12	1.35	0	0.4	0.4	0.21	0.4	0.21	0.33	0.4	0.09	0.37	0.61	0.14	0.41	0.05	0.14	0.41	0.13	0.01	0.51	0.41	0.05	0.12	0.07	0.41	0.02	0.41	0.37	0.15	0.05	0.42	0.2	0.11	0.48	0.92	0.26	0.06	0.65	0.18	0.21	0.21	0.42	0.16	0.01	0.11	0.05	0.16	0.15	0.42	0.31	2.13	0.73	0.22	0.43	0.45	0.07	0.44	0.07	0.43	0.04	0.14	0.43	0.83	0.43	0.43	0.37	0.3	0.87	0	0.03	0.15	0.13	0.19	0.44	0.43	0.19	0.18	0.21	0.38	0.13	0.44	0	0.44	0.07	0.04	0.44	0.05	0.27
0.23	0.93	0.34	0.36	0.22	0.43	0.22	0.35	0.44	2.91	0.22	10.3	0.61	0.41	0.32	0.17	0.36	0.08	0.41	0.35	0.52	0.22	0.45	0.42	0.42	0.34	0.36	0.62	0.42	0.42	0.23	0.18	0.36	0.49	0.43	0.53	0.42	0.66	0.22	0.22	0.43	0.54	0.93	0.25	0.26	0.44	0.44	0.43	0.29	0.74	0.44	0.44	0.33	0.24	0.44	0.23	0.44	0.45	0.18	0.22	0.46	0.87	0.36	0.35	0.46	0.96	0.46	0.66	0.76	0.56	0.89	0.46	0.56	0.05	0.54	0.47	0.22	0.47	0.47	0.34	0.35	0.2	0.6	0.15	0.41	0.23	0.48	0.22	0.23	0.48	0.23	0.58	0.34	0	0.36	0.59	0.38	0.99	0.49
0.49	0.05	0.1	0	0.17	0.22	0.14	0.05	0.6	1	0.5	5.29	0.07	0.32	0.47	0.47	0.04	0.22	0.29	0.05	0.39	0.42	0.58	0.28	0.29	0.08	0.02	0.99	0.49	0.08	0.14	0.18	0.05	0.49	0.07	0.22	0.05	0.05	0.13	0.23	0.25	0.5	0.04	0.16	0.4	0.4	0.23	0.06	0.7	0.13	0.65	0.23	0.41	0.22	0.08	0.15	0.05	0.04	0.92	0.13	0.31	0.93	0.42	0.23	0.42	0.19	0.05	0.43	0.03	0.06	0.06	0.53	0.23	0.6	0.24	0.44	0.43	0.2	0.33	0.44	0.07	0.18	0.08	0.22	0.29	0.15	0.21	0.2	0.39	0.44	0.17	0.53	0.44	0.44	0	0.07	0.54	0.13	0.48
0.14	0.26	0.46	0.05	0.13	0.24	0.12	0.03	0.02	0.7	0.12	1.45	0.04	0.37	0.55	0.34	0.06	0.19	0.45	0.02	0.14	0.29	0.25	0.17	0.15	0.4	0.03	0.46	0.1	0.05	0.1	0.46	0.25	0.13	0.04	0.56	0.02	0.32	0.11	0.46	0.16	0.3	0.02	0.12	0.36	0.14	0.2	0.27	0.33	0.57	0.2	0.19	0.02	0.47	0.05	0.11	0.38	0.13	0.47	0.36	0.03	0.12	0.03	0.21	0.17	0.16	0.04	0.12	0.05	0.04	0.03	0.15	0.19	0.48	0.36	0.12	0.21	0.17	0.49	0.04	0.04	0.2	0.05	0.18	0.49	0.13	0.19	0.52	0.49	0.03	0.16	0.33	0.04	0.51	0.05	0	0.05	0.02	0.91
0.49	0.26	0.1	0.49	0.16	0.21	0.17	1	0.05	1.11	0.17	4.63	0.07	0.39	0.42	0.23	0.04	0.41	0.41	0.39	0.41	0.18	0.41	0.16	0.41	0.08	0.02	0.07	0.13	0.44	0.14	0.93	0.05	0.15	0.92	0.22	0.42	0.37	0.24	0.52	0.05	0.14	0.04	0.43	0.47	0.43	0.23	0.05	0.43	0.12	0.05	0.53	0.04	0.44	0.07	0.43	0.18	0.43	0.43	0.14	0.06	0.13	0.02	0.23	1.05	0.43	0.04	0.15	0.93	0.06	0.31	0.44	0.43	0.32	0.43	0.93	0.24	0.43	0.33	0.26	0.06	0.44	0.08	0.22	0.54	0.54	0.61	0.34	0.5	0.24	0.18	1.35	0.07	0.94	0.01	0.05	0	0.54	0.3
0.6	0.1	0.41	0.4	0.15	0.41	0.26	0.03	0.03	0.96	0.15	2.61	0.04	0.07	0.38	0.65	0.12	0.19	0.22	0.02	0.76	0.51	0.21	0.45	0.14	0	0.06	0.05	0.12	0.25	0.11	0.15	0.12	0.46	0.05	0.21	0.02	0.19	0.66	0.46	0.19	0.11	0.01	0.14	0.47	0.13	0.49	0.46	0.47	0.47	0.41	0.19	0.4	0.18	0.05	0.11	0.03	0.18	0.15	0.47	0.03	0.12	0.03	0.21	0.15	0.49	0.47	0.36	0.05	0.04	0.03	0.19	0.46	0.28	0.22	0.47	0.58	0.17	0.47	0.47	0.04	0.28	0.05	0.18	0.27	0.14	0.47	0.47	0.67	0.03	0.16	0.31	0.05	0.47	0.24	0.47	0.43	0	0.19
0.44	0.55	1.04	0.22	0.23	0.16	0.23	0.95	0.31	1.15	0.23	0.4	0.27	0.21	0.36	0.17	0.22	0	0.04	0.18	0.65	0.22	0.54	0.22	0.44	0.48	0.44	0.22	0.42	0.64	1.15	0.45	0.2	0.23	0.38	0.35	0.18	0.76	0.46	0.24	0.56	0.56	0.19	0.34	0.59	0.56	0.67	0.46	0.3	0.99	0.48	0.46	0.46	0.56	0.28	0.47	0.2	0.18	0.18	0.58	0.46	0.23	0.98	0.34	0.2	0.19	0.23	0.29	0.22	0.48	0.19	0.22	0.99	0.09	0.19	0.49	0.61	0.59	0.32	0.32	0.59	0.2	0.28	0.5	0.4	0.25	0.5	0.19	0.5	0.52	0.36	0.09	0.4	0.7	0.22	0.22	0.46	0.91	0.41
