0	0.11	0.33	0.15	0.02	0.3	0	0.12	0.81	1.79	0.01	0.21	0.44	0.12	0.52	0.1	0.43	0.74	0.41	0.11	0.12	0.04	0.37	0.03	0.03	0.2	0.24	0.15	0.17	0.13	0.02	0.44	0.14	0.02	0.19	0.07	0.12	0.11	0.01	0.1	0.13	0.4	0.12	0.05	0.15	0.05	0.15	0.23	0.22	0.02	0.45	0.08	0.12	0.06	0.65	0.02	0.13	0.11	0.04	0.82	0.11	0.15	0.13	0.45	0.03	0.07	0.16	0	0.14	0.46	0.14	0.03	0.02	0.18	0.46	0.04	0.46	0.06	0.2	0.12	0.46	0.03	0.13	0.07	0.21	0.46	0.13	0.04	0.02	0.47	0.02	0.19	0.12	0.59	0.57	0.47	0.14	0.12	0.23
0.12	0.4	0.1	1.2	0.14	0.25	0.11	0.02	0.4	1.32	0.4	4.63	0.05	0.41	0.51	0.43	0.42	0.47	0.22	0.18	0.18	0.38	0.19	0.25	0.21	0.42	0.42	0.26	0.34	0.42	0.1	0.17	0.02	0.13	0.04	0.2	0.03	0.63	0.3	0.2	0.12	0.12	0.04	0.15	0.45	0.12	0.2	0.02	0.41	0.09	0.41	0.44	0.02	0.44	0.05	0.12	0.02	0.02	0.44	0.12	0.02	0.19	0.03	0.21	0.44	0.17	0.04	0.11	0.05	0.03	0.03	0.13	0.44	0.44	0.02	0.14	0.21	0.19	0.53	0.04	0.04	0.13	0.09	0.65	0.45	0.13	0.21	0.56	0.1	0.02	0.14	0.46	0.04	0.48	0.39	0	0.04	0.02	0.49
0.15	0.82	0	0.1	0.92	0.36	0.15	0.51	0.07	1.93	0.26	1.37	0.09	0.08	0.37	0.25	0.11	0.56	1.83	0.08	0.47	0.49	0.33	0.2	0.19	0.06	0.5	0.2	0.15	0.11	0.14	0.47	0.26	0.16	0.09	0.21	0.08	0.57	0.15	0.19	0.09	0.47	0.09	0.15	0.28	0.17	0.31	0.47	0.42	0.14	0.15	0.47	0.47	0.58	0.1	0.15	0.48	0.22	0.32	0.14	0.09	0.53	0.1	0.28	0.52	0.68	0.49	0.48	0.11	0.25	0.98	0.17	0.17	0.3	0.48	0.23	0.48	0.22	0.34	0.45	0.08	0.24	0.11	0.21	0.26	0.17	0.44	0.44	0.16	0.09	0.49	0.59	0.25	0.34	0.13	0.09	0.39	0.11	0.49
0.44	0.05	0.1	0	0.17	0.24	0.31	0.05	0.75	0.47	0.55	5.76	0.22	0.47	0.39	0.51	0.03	0.22	0.53	0.05	0.1	0.49	0.22	0.16	0.5	0.08	0.02	0.07	0.49	0.43	0.99	0.2	0.05	0.15	0.11	1	0.05	0.4	0.13	0.41	0.91	0.16	0.41	0.17	0.32	0.17	0.56	0.06	0.92	0.13	0.06	0.92	0.43	0.43	0.08	0.44	0.05	0.04	0.44	0.4	0.45	1.46	0.02	0.23	0.49	0.19	0.04	0.47	0.46	0.06	0.06	0.38	0.46	0.67	0.18	0.15	0.47	0.47	0.33	0.07	0.11	0.17	0.48	0.48	0.29	0.48	0.28	0.2	0.13	0.05	0.49	0.99	0.49	0.9	0	0.05	0.01	0.24	0.54
0.02	0.18	0.16	0.17	0	0.69	0.02	0.44	0.13	1.69	0.02	5.45	0.13	0.12	0.28	0.13	0.47	0.24	0.22	0.14	0.15	0.09	0.52	0.01	0.02	0.12	0.15	0.49	0.18	0.14	0.1	0.1	0.21	0.7	0.13	0.06	0.13	0.14	0.61	0.09	0.15	0.33	0.51	0.04	0.06	0	0.42	0.35	0.2	0.24	0.13	0.39	0.44	0.09	0.2	0.22	0.13	0.37	0.1	0.46	0.12	0.24	0.14	0.13	0.09	0.06	0.15	0.19	0.35	0.16	0.14	0.99	0	0.49	0.29	0.1	0.09	0.05	0.24	0.13	0.41	0.11	0.42	0.34	0.2	0.1	0.28	0.43	0.1	0.12	0.01	0.46	0.13	0.56	0.36	0.44	0.44	0.45	0.32
0.3	0.46	0.36	0.24	0.29	0	0.46	0.24	0.26	1.57	0.95	4.69	0.26	0.24	0.12	0.4	0.22	0.11	0.11	0.4	0.36	0.69	0.9	0.4	0.3	0.4	0.21	0.39	0.31	0.56	0.7	0.34	0.25	0.29	0.29	0.4	0.39	0.24	0.9	0.4	0.24	0.3	0.6	0.33	0.31	0.68	0.42	0.4	0.45	0.67	0.53	0.25	0.23	0.4	0.27	0.36	0.24	0.5	0.25	0.58	0.34	1.12	0.32	0.9	0.4	1.04	0.26	0.55	0.5	0.4	0.27	0.3	0.37	0.17	0.26	0.31	0.32	0.24	0.21	0.28	0.4	0.37	0.29	0.23	0.48	0.41	0.24	0.41	0.31	0.26	0.46	0.32	0.41	0.15	0.61	0.71	0.24	0.44	0.41
0	0.12	0.15	0.17	0.41	0.3	0	0.12	0.41	1.35	0.3	7.33	0.12	0.12	0.44	0.1	0.85	0.47	0.23	0.11	0.51	0.75	0.08	0.03	0.07	0.1	0.45	0.15	0.42	0.13	0.02	0.65	0.24	0.02	0.11	0.08	0.45	0.12	0.01	0.1	0.13	0.03	0.45	0.28	0.03	0.62	0.46	0.21	0.22	0.02	0.2	0.47	0.11	0.05	0.12	0.45	0.13	0.11	0.04	0.21	0.12	0.66	0.13	0.15	0.45	0.07	0.15	0	0.22	0.15	0.11	0.03	0.02	0.28	0.1	0.03	0.1	0.3	0.2	0.12	0.46	0.06	0.12	0.07	0.21	0.31	0.47	0.04	0.02	0.47	0.02	0.19	0.28	0.23	0.47	0.11	0.14	0.12	0.47
0.12	0.44	0.11	0.07	0.15	0.26	0.39	0	0.02	0.25	0.17	2.21	0.05	0.15	0.79	0.57	0.05	0.32	0.48	0.03	0.05	0.15	0.21	0.32	0.16	0.03	0.04	0.02	1.19	0.06	0.44	0.48	0.01	0.14	0.05	0.42	0.03	0.29	0.49	0.21	0.03	0.12	0.03	0.49	0.36	0.52	0.22	0.29	0.43	0.11	0.04	0.41	0.02	0.16	0.06	0.41	0	0.03	0.17	0.27	0.3	0.49	0.28	0.22	0.16	2.19	0.05	0.13	0.05	0.02	0.04	0.16	0.72	0.28	0.06	0.12	0.42	0.25	0.58	0.05	0.05	0.2	0.06	0.19	0.28	0.42	0.4	0.49	0.12	0.03	0.14	0.3	0.05	0.34	0.4	0.4	0.05	0.03	2.26
0.2	0.34	0.07	0.05	0.13	0.43	0.41	0.02	0	0.03	0.12	5.28	0.03	0.01	0.35	0.35	0.05	0.19	0.35	0.02	0.06	0.49	0.28	0.12	0.12	0.01	0.03	0.46	0.09	0.46	0.1	0.46	0.03	0.13	0.06	0.5	0.46	0.02	0.46	0.28	0.15	0.11	0.11	0.47	0.13	0.32	0.5	0.29	0.55	0.18	0.02	0.21	0.02	0.18	0.04	0.1	0.02	0.06	0.48	0.11	0.02	0.48	0.04	0.21	0.16	0.23	0.04	0.12	0.05	0.04	0.03	0.26	0.11	0.26	0.28	0.13	0.19	0.17	0.31	3.31	0.03	0.16	0.15	0.16	0.27	0.12	0.49	0.14	0.1	0.2	0.5	0.53	0.04	0.49	0.23	0.02	0.29	0.04	0.23
1.5	1.68	1.41	1.26	1.63	1.42	1.16	1.39	0.99	0	1.74	7.78	1.5	1.97	1.68	0.99	1.17	1.77	1.87	1.6	1.67	2.38	2.04	1.79	1.81	1.78	2.45	1.88	2.03	2.26	2.4	2.69	2.52	2.37	0.87	2.39	1.48	1.97	0.61	2.25	1.61	1.28	0.78	2.14	2.01	2.07	2.49	1.99	1.49	1.11	1.34	1.43	1.38	1.51	1.02	1.26	1.22	1.23	1.15	1.53	1.8	1.93	1.48	1.78	1.75	1.9	1.4	2.42	1.28	1.32	1.25	1.45	1.41	1.81	1.31	1	1.08	1.09	1.51	1.27	1.36	1.57	1.46	1.92	1.81	2.3	2.32	2.15	2.18	2.49	2.43	1.93	1.43	0.93	0.43	1.13	2.33	2.31	2.43
0.01	0.18	0.49	0.49	0.35	0.31	0.71	0.12	0.49	1.74	0	6.98	0.11	0.12	0.52	0.49	0.49	0.62	0.22	1.02	0.12	0.13	0.45	0.03	0.42	0.11	0.14	0.15	0.17	0.12	0.01	0.92	0.15	0.02	0.11	0.08	0.43	0.33	0.08	0.03	0.16	0.18	0.13	0.03	0.14	0.02	0.15	0.13	0.43	0.21	0.11	0.26	0.13	0.07	0.43	0.53	0.12	0.13	0.53	0.02	0.14	0.15	0.49	0.15	0.03	0.06	0.14	0.01	0.14	0.15	0.43	0.03	0.02	0.18	0.11	0.03	0.03	0.46	0.2	0.12	0.12	0.44	0.52	0.07	0.45	0.03	0.08	0.06	0.01	0.15	0.03	0.55	0.12	0.36	0.45	0.46	0.25	0.16	0.76
0.21	0.32	0.35	0.34	0.43	0.25	2.61	1.69	5.81	1.04	2.25	5.53	0.82	11.9	0.06	1.55	1.58	1.87	7.84	0.45	1.05	12.1	0.17	0.2	0.2	0.3	0.31	1.52	6.91	1.84	1.71	0.18	1.26	8.54	0.84	0.14	0.47	0.89	4.86	1.92	0.33	0.56	0.33	0.23	0.86	0.26	0.77	0.8	0.4	0.67	1.03	0.76	4.22	6.06	1.96	0.21	1.22	1.17	3.82	2.97	5.24	0.78	2.69	0.96	2.08	8.27	0.48	0.34	0.34	1.08	0.58	0.37	2.15	2.16	4.83	0.23	1.9	9.89	0.01	1.59	12.2	0.2	0.33	1.37	1.22	3.48	0.14	0.17	0.23	0.31	0.48	0.82	9.56	0.59	7.79	3.97	2.16	0.34	1.61
0.23	0.12	0.1	0.94	0.44	0.6	0.12	0.65	0.12	1.31	0.12	8.39	0	0.05	0.34	0.75	0.55	0.46	0.33	0.38	0.16	0.15	0.4	0.14	0.45	0.05	0.06	0.07	0.45	0.01	0.17	0.2	0.05	0.3	0.44	0.19	0.02	0.17	0.11	0.15	0.04	0.11	0.04	0.49	0.79	0.21	0.21	0.25	0.49	0.41	0.03	0.53	0.08	0.16	0.01	0.42	0.05	0.04	0.54	0.11	0.04	1.47	0.13	0.44	0.15	0.17	0.07	0.31	0.17	0.41	0.04	0.13	0.41	0.27	0.12	0.5	0.46	0.46	0.31	0	0.03	0.2	0.01	0.18	0.28	0.13	0.61	0.17	0.27	0.04	0.13	0.59	0	0.33	0.46	0.29	0.46	0.04	0.27
0.1	0.02	0.08	0.36	0.37	0.26	0.11	0.03	0.01	1.99	0.13	5.2	0.11	0	0.38	0.42	0.05	0.38	0.34	0.04	0.06	0.48	0.41	0.14	0.51	0.01	0.03	0.05	0.1	0.06	0.18	0.28	0.49	0.49	0.38	0.17	0.03	0.17	0.11	0.19	0.04	0.12	0.06	0.4	0.54	0.13	0.4	0.03	0.33	0.4	0.04	0.5	0.03	0.17	0.41	0.11	0.03	0.41	0.15	0.1	0.02	0.11	0.41	0.23	0.14	0.15	0.04	0.1	0.05	0.42	0.05	0.54	0.28	0.27	0.13	0.14	0.52	0.42	0.42	0.05	0.14	1.13	0.06	0.48	0.29	0.37	0.2	0.5	0.43	0.01	0.13	0.3	0.05	0.43	0.08	0.64	0.45	0.31	0.43
0.25	0.36	0.37	0.56	0.42	0.12	0.4	0.39	0.35	0.91	0.8	0.38	0.34	0.35	0	0.16	0.4	0.16	0.32	0.36	0.37	0.22	0.17	0.61	0.25	0.76	0.39	0.41	0.62	0.35	0.22	0.42	0.38	0.52	0.59	0.18	0.73	0.38	0.26	0.42	0.73	0.22	0.37	0.93	0.62	0.63	0.37	1.43	0.06	0.43	0.43	0.18	0.36	0.27	0.54	0.85	0.37	0.38	0.18	0.44	0.37	0.44	0.39	0.64	0.19	0.16	1.05	0.55	0.45	0.75	0.44	0.25	0.46	0.22	0.66	0.22	0.61	0.56	0.04	0.46	0.36	0.33	0.35	1.06	0.71	0.23	0.38	0.22	0.23	0.96	0.25	0.58	0.34	0.31	0.39	0.56	0.4	0.36	0.56
0.4	0.21	0.22	0.49	0.41	0.41	0.09	0.41	0.19	2	0.41	8.32	0.49	0.22	0.16	0	0.49	0.41	0.49	1	0.5	0.07	0.02	0.5	0.4	0.19	0.22	0.23	0.9	0.21	0.13	0.03	0.45	0.41	0.48	0.03	0.21	0.91	0.09	0.16	0.24	0.06	0.41	0.12	0.09	0.38	0.21	0.42	0.78	0.9	0.21	0.03	0.42	0.1	0.21	0.1	0.22	0.52	0.03	0.08	0.42	0.52	0.23	0.21	0.04	0.01	0.42	0.1	0.23	0.22	0.24	0.44	0.43	0.13	0.2	0.07	0.11	0.03	0.15	0.21	0.44	0.44	0.21	0.02	0.27	0.08	0.85	0.95	0.2	0.22	0.09	0.14	0.21	0.18	0.24	0.37	0.34	0.45	0.17
0.14	0.04	0.43	0.04	0.15	0.44	0.43	0.05	0.36	1.93	0.44	10.8	0.39	0.46	0.46	0.46	0	0.22	0.32	0.05	0.08	0.17	0.49	0.25	0.47	0.34	0.01	0.07	0.42	0.39	0.15	0.18	0.05	0.15	0.06	0.22	0.05	0.05	0.14	0.23	0.05	0.16	0.4	0.18	0.33	0.16	0.4	0.05	0.36	0.4	0.06	0.5	0.04	0.17	0.42	0.41	0.05	0.17	0.18	0.13	0.05	0.37	0.02	0.23	0.2	0.33	0.03	0.51	0.41	0.1	0.06	0.31	0.19	0.51	0.41	0.15	0.25	0.52	0.34	0.42	0.07	0.19	0.08	0.26	0.45	0.16	0.24	0.18	0.42	0.05	0.42	0.34	0.07	0.36	0.15	0.05	0.43	0.04	0.22
0.25	0.32	0.4	0.47	0.24	0.11	0.25	0.2	0.19	2.18	0.25	11.3	0.6	0.21	0.3	0.6	0.6	0	0.29	0.38	0.44	0.51	0.22	0.81	0.25	0.21	0.41	0.71	0.72	0.22	0.41	0.2	0.2	0.23	1.55	0.42	0.18	0.39	0.54	0.62	0.19	0.25	0.19	0.29	0.25	0.23	0.36	0.27	0.32	0.24	0.18	0.22	0.42	0.44	0.42	0.25	0.43	0.19	0.52	0.26	0.2	0.42	0.2	0.36	0.23	0.36	0.21	0.63	0.22	0.21	0.93	0.25	0.23	0.15	0.19	0.27	0.94	0.43	0.26	0.2	0.21	0.37	0.93	0.93	0.43	0.63	0.18	0.22	0.48	0.43	0.24	0.23	0.73	0.06	0.22	0.42	0.23	0.19	0.35
0.42	0.23	0.46	0.3	0.22	0.11	0.23	0.48	0.34	2.14	0.22	3.88	0.67	0.36	0.46	0.17	0.3	0.04	0	0.41	0.56	0.21	0.19	0.23	0.31	0.33	0.29	0.32	0.39	0.35	0.23	0.44	0.65	0.39	0.34	0.17	0.24	0.43	0.23	0.52	0.27	0.5	0.23	0.61	0.26	0.22	0.35	0.7	0.32	0.64	0.49	0.17	0.26	0.24	0.51	0.63	0.62	0.42	0.22	0.62	0.55	0.24	0.29	0.35	0.46	0.18	0.48	0.23	0.32	0.66	0.43	0.63	0.3	0.24	0.73	0.23	0.23	0.18	0.26	0.33	0.34	0.26	0.47	0.17	0.58	0.26	0.17	0.29	0.23	0.34	0.23	0.2	0.49	0.05	0.3	0.23	0.62	0.71	0.06
0.12	0.08	0.08	0.9	0.13	0.26	0.11	0.03	0.41	1.49	0.12	5.88	0.03	0.04	0.36	0.38	0.05	0.47	0.24	0	0.06	0.16	0.19	0.14	0.47	0.04	0.08	0.05	0.1	0.12	0.47	0.19	0.25	0.48	0.04	0.2	0.01	0.47	0.09	0.55	0.02	0.47	0.02	0.13	0.34	0.14	0.19	0.05	0.33	0.08	0.01	0.19	0.01	0.47	0.47	0.1	0.03	0.02	0.57	0.14	0.03	1.48	0.03	0.19	0.16	1.01	0.32	0.28	0.05	0.33	0.1	0.14	0.97	0.47	0.72	0.11	0.21	0.28	0.56	0.03	0.39	0.47	0.04	0.47	0.46	0.12	0.19	0.39	0.09	0.03	0.13	0.53	0.58	0.98	0.05	0.02	0.41	0.37	1.78
0.5	0.05	0.18	0.37	0.4	0.47	0.15	0.06	0.11	1.18	0.12	9.53	0.08	0.06	0.43	0.2	0.08	0.65	0.94	0.43	0	0.18	0.18	0.15	0.15	0.43	0.06	0.43	0.13	0.09	0.12	0.43	0.06	0.13	0.01	0.46	0.06	0.44	0.12	0.18	0.06	0.45	0.44	0.12	0.34	0.44	0.28	0.06	0.64	0.36	0.06	0.2	0.05	0.16	0.55	0.13	0.46	0.42	0.15	0.49	0.07	0.21	0.06	0.59	0.45	0.37	0.08	0.12	0.09	0.06	0.06	0.16	0.15	0.45	0.06	0.15	0.66	0.28	0.45	0.3	0.06	0.45	0.09	0.2	0.55	0.45	0.18	0.5	0.45	0.06	0.18	0.63	0.08	0.49	0.09	0.06	0.09	0.06	1.16
0.06	0.15	0.17	0.19	0.09	0.57	0.04	0.15	0.13	2.39	0.03	0.99	0.48	1.06	0.22	0.07	0.2	0.49	0.21	0.49	0.31	0	0.08	0.04	0.44	0.49	0.15	0.19	0.19	0.24	0.13	0.04	0.15	0.09	0.61	0.08	0.14	0.31	0.04	0.03	0.17	0.02	0.43	0.36	0.5	0.09	0.19	0.17	0.49	0.03	0.15	0.07	0.17	0.07	0.24	0.05	0.49	0.15	0.04	0.17	0.44	0.42	0.43	0.47	0.12	0.05	0.18	0.04	0.4	0.16	0.31	0.4	0.17	0.2	0.14	0.4	0.03	0.21	0.21	0.15	0.15	0.4	0.4	0.4	0.22	0.5	0.35	0.08	0.04	0.15	0.04	0.4	0.35	0.62	0.17	0.9	0.34	0.33	0.5
0.08	0.94	0.44	0.22	0.14	0.27	0.4	0.2	0.18	1.13	0.07	7.36	0.21	0.18	0.48	0.24	0.43	0.73	0.19	0.94	0.43	0.43	0	0.09	0.09	0.44	0.49	0.23	0.23	0.44	0.39	0.46	0.44	0.13	0.17	0.04	0.46	0.95	0.45	0.06	0.65	0.08	0.47	0.45	0.45	0.33	0.21	0.36	0.46	0.05	0.46	0.01	0.46	0.39	0.56	0.46	0.21	0.47	0.05	0.09	0.57	0.47	0.39	0.21	0.05	0.03	0.21	0.15	0.22	0.58	0.23	0.09	0.48	0.14	0.18	0.09	0.06	0.45	0.3	0.58	0.22	0.07	0.22	0.04	0.27	0.09	0.04	0.34	0.08	0.49	0.09	0.52	0.49	0.48	0.49	0.49	0.23	1.2	0.19
0.03	0.16	1	0.18	0.02	0.96	0.39	0.24	0.66	1.49	0.27	0.43	0.46	0.12	0.25	0.09	0.19	0.46	0.23	0.32	0.19	0.05	0.46	0	0.03	0.14	0.15	0.19	0.67	0.55	0.03	0.47	0.58	0.01	0.14	0.09	0.14	0.15	0.15	0.09	0.47	0.04	0.16	0.07	0.48	0.48	0.16	0.18	0.21	0.69	0.13	0.44	0.36	0.07	0.14	0.08	0.15	0.14	0.05	0.05	0.49	0.65	0.15	0.9	0.4	0.07	0.17	0.4	0.18	0.15	0.55	0.01	0.01	0.19	0.4	0.43	0.11	0.4	0.2	0.14	0.4	0.04	0.14	0.08	0.67	0.05	0.61	0.04	0.04	0.14	0.01	0.92	0.42	0.52	1.42	0.15	0.42	0.14	1.92
0.33	0.14	0.46	0.18	0.01	0.47	0.03	0.17	0.97	1.04	0.03	1.45	0.44	0.12	0.25	0.09	0.44	0.24	0.54	0.15	0.44	0.34	0.28	0.02	0	0.14	0.16	0.16	0.65	0.15	0.04	0.05	0.15	0.26	0.14	0.07	0.14	0.56	0.03	0.09	0.19	0.22	0.16	0.05	0.03	0.05	0.14	0.52	0.46	0.46	0.29	0.18	0.13	0.46	0.14	0.03	0.14	0.47	0.05	0.22	0.22	0.47	0.54	0.14	0.04	0.07	0.16	0.03	0.18	0.48	0.19	0.03	0.16	0.19	0.52	0.17	0.09	0.06	0.2	0.14	0.14	0.15	0.15	0.07	0.5	0.05	0.07	0.49	0.04	0.4	0.02	0.5	0.32	0.27	0.18	1.06	0.17	0.15	0.42
0.1	0.45	0.06	0.41	0.45	0.26	0.45	0.03	0.01	1.49	0.45	3.84	0.43	0.01	0.36	0.32	0.43	0.21	0.34	0.04	0.45	0.53	0.19	0.44	0.12	0	0.43	0.05	0.08	0.44	0.29	0.15	0.03	0.51	0.18	0.54	0.03	0.04	0.1	0.22	0.04	0.42	0.03	0.13	0.14	0.11	0.94	0.05	0.4	0.44	0.32	0.2	0.03	0.44	0.05	0.11	0.03	0.03	0.44	0.1	0.02	0.44	0.04	0.22	0.13	0.16	0.05	0.44	0.25	0.04	0.05	0.23	0.5	0.62	0.02	0.14	0.2	0.17	0.31	0.44	0.03	0.14	0.05	0.45	0.28	0.14	0.45	0.15	0.13	0.02	0.15	0.55	0.45	0.51	0.08	0.17	0.27	0.45	1.11
0.44	0.03	0.1	0.64	0.15	0.22	0.59	0.04	0.03	1.87	0.14	8.69	0.06	0.03	0.57	0.28	0.02	0.97	0.29	0.39	0.18	0.16	0.47	0.15	0.15	0.04	0	0.06	0.11	0.33	0.14	0.18	0.04	0.48	0.05	0.54	0.03	0.03	0.48	0.22	0.48	0.14	0.03	0.48	0.51	0.15	0.27	0.04	0.34	0.48	0.04	0.24	0.02	0.16	0.06	0.11	0.04	0.03	0.21	1.19	0.04	0.93	0	0.49	0.18	0.26	0.03	0.15	0.17	0.05	0.04	0.26	0.35	0.29	0.04	0.49	0.22	0.21	0.33	0.5	0.05	0.2	0.06	0.43	0.6	0.4	0.23	0.18	0.13	0.14	0.16	0.63	0.08	0.44	0.02	0.22	0.19	0.84	0.44
0.4	0.16	0.4	0.18	0.22	0.28	0.15	0.02	0.51	1.87	0.19	1.16	0.67	0.05	0.77	0.24	0.28	0.47	0.37	0.23	0.08	0.48	0.47	0.18	0.27	0.05	0.05	0	0.48	0.08	0.45	0.48	0.02	0.36	0.92	0.22	0.05	0.69	0.14	0.59	0.05	0.16	0.05	0.4	0.33	0.37	0.24	0.4	0.38	0.13	0.29	0.41	0.04	0.17	0.08	0.14	0.42	0.42	0.42	0.13	0.05	0.44	0.05	0.43	0.36	0.9	0.07	0.15	0.07	0.02	0.06	0.16	0.44	0.32	0.44	0.15	0.23	0.19	1.05	0.07	0.06	0.18	0.45	0.22	0.33	0.23	0.46	0.18	0.15	0.05	0.46	0.46	0.07	1.07	0.07	0.05	0.42	0.05	0.23
0.17	0.1	0.15	0.33	0.18	0.5	0.17	0.1	0.09	0.46	0.17	7.11	0.12	0.11	0.96	0.76	0.12	0.37	0.39	0.09	0.46	0.19	0.46	0.33	0.2	0.08	0.46	0.12	0	0.14	0.16	0.46	0.1	0.2	0.39	0.25	0.24	0.15	0.46	0.22	0.46	0.16	0.46	0.39	0.21	0.26	0.33	0.47	0.38	0.23	0.39	0.23	0.09	0.2	0.46	0.46	0.13	0.46	0.2	0.16	0.11	0.18	0.11	0.58	0.18	0.46	0.12	0.17	0.66	0.11	0.51	0.19	0.18	0.35	0.46	0.23	0.23	0.23	0.46	0.13	0.47	0.61	0.13	0.46	0.3	0.96	0.46	0.22	0.17	0.09	0.2	0.34	0.13	0.38	0.13	0.12	0.46	0.46	0.42
0.46	0.05	0.11	0.26	0.47	0.29	0.47	0.06	0.04	2.05	0.13	11.4	0.18	0.5	0.4	0.21	0.41	0.21	0.51	0.04	0.32	0.16	0.61	0.15	0.41	0.3	0.07	0.08	0.28	0	0.23	0.25	0.46	0.41	0.09	0.19	0.28	0.42	0.12	0.51	0.16	0.41	0.62	0.12	0.52	0.42	0.6	0.06	0.62	0.18	0.42	0.37	0.04	0.17	0.43	0.38	0.06	0.05	0.43	0.13	0.05	1.44	0.07	0.43	0.26	0.18	0.54	0.13	0.08	0.07	0.14	0.64	0.13	0.54	0.44	0.14	0.52	0.19	0.44	0.01	0.16	0.22	0.1	0.45	0.55	0.53	0.2	0.38	0.13	0.05	0.28	0.66	0.56	0.35	0.09	0.05	0.75	0.05	0.28
0.02	0.13	0.14	0.14	0.1	0.31	0.02	0.43	0.12	1.39	0.01	5.99	0.11	0.44	0.22	0.07	0.15	0.26	0.24	0.45	0.13	0.04	0.08	0.03	0.04	0.45	0.12	0.13	0.28	0.12	0	0.26	0.45	0.09	0.38	0.08	0.46	0.1	0.01	0.04	0.11	0.03	0.1	0.01	0.04	0.09	0.56	0.11	0.22	0.07	0.42	0.08	1.82	0.41	0.11	0.52	0.12	0.41	0.51	0.01	0.1	0.41	0.13	0.42	0.04	0.07	0.48	0.02	0.42	0.11	0.1	0.04	0.35	0.18	0.42	0.42	0.04	0.07	0.52	0.11	0.11	0.04	0.12	0.08	0.21	0.03	0.08	0.07	0	0.11	0.24	0.19	0.11	0.23	0.42	0.11	0.14	0.4	0.43
0.08	0.15	0.42	0.43	0.1	0.63	0.04	0.18	0.43	1.75	0.03	8.54	0.49	0.45	0.18	0.03	0.5	0.2	0.19	0.4	0.5	0.04	0.05	0.05	0.05	0.4	0.16	0.18	0.48	0.51	0.05	0	0.16	0.41	0.15	0.03	0.17	0.42	0.42	0.92	0.26	0.07	0.42	0.07	0.11	0.28	0.17	0.31	0.17	0.05	0.16	0.04	1.46	0.11	0.16	0.44	0.54	0.15	0	0.39	0.45	0.36	0.55	0.45	0.04	0.45	0.19	0.07	0.2	0.48	0.17	0.67	0.45	0.94	0.28	0.09	0.45	0.15	0.17	0.15	0.16	0.03	0.16	0.03	0.23	0.08	0.03	0.09	0.04	0.14	0.05	0.35	0.38	0.47	0.36	0.15	0.21	0.77	0.17
0.19	0.02	0.1	0.05	0.15	0.55	0.49	0.01	0.23	1.69	0.14	0.63	0.05	0.03	0.7	0.21	0.05	0.49	0.44	0.21	0.07	0.44	0.2	0.16	0.15	0.03	0.04	0.02	0.1	0.06	0.11	0.44	0	0.13	0.05	0.19	0.03	0.03	0.11	0.23	0.03	0.12	0.28	0.15	0.65	0.15	0.27	0.33	0.45	0.11	0.04	0.21	0.02	0.17	0.06	0.45	0.01	0.03	0.16	0.12	0.04	0.45	0.19	0.22	0.16	0.49	0.05	0.14	0.06	0.34	0.04	0.14	0.41	0.3	0.67	0.13	0.23	0.19	1.06	0.05	0.05	0.46	0.06	0.52	0.42	0.46	0.21	0.17	0.11	0.03	0.16	0.32	0.47	0.96	0.05	0.03	0.05	0.03	0.22
0.02	0.15	0.43	0.51	0	0.29	0.02	0.14	0.11	1.04	0.02	10.3	0.12	0.13	0.27	0.47	0.15	0.52	0.21	0.49	0.44	0.47	0.13	0.01	0.09	0.48	0.15	0.85	0.2	0.14	0.48	0.48	0.13	0	0.12	0.06	0.12	0.26	0.02	0.09	0.2	0.78	0.78	0.04	0.78	0	0.25	0.66	0.2	0.02	0.13	0.49	0.12	0.07	0.13	0.02	0.49	0.13	0.09	0.06	0.12	1	0.49	0.13	0.39	0.06	0.15	0.5	0.32	0.17	0.41	0.41	0.4	0.18	0.14	0.09	0.09	0.4	0.48	0.13	0.14	0.09	0.4	0.05	0.19	0.1	0.06	0.03	0.09	0.13	0.02	0.17	0.4	0.36	0.16	0.13	0.16	0.13	0.9
0.14	0.39	0.26	0.08	0.13	0.47	0.1	0.45	0.09	0.98	0.47	4.77	0.07	0.04	0.35	0.19	0.06	0.46	0.34	0.19	0.01	0.56	0.17	0.14	0.42	0.04	0.86	0.05	0.12	0.13	0.11	0.16	0.05	0.12	0	0.17	0.04	0.04	0.46	0.16	0.04	0.13	0.03	0.13	0.45	0.14	0.26	0.45	0.33	0.45	0.04	0.45	0.03	0.52	0.08	0.13	0.05	0.11	0.14	0.26	0.05	0.53	0.45	0.26	0.54	0.19	0.45	0.11	0.06	0.06	0.04	0.46	0.21	0.29	0.05	0.55	0.17	0.18	0.95	0.13	0.45	0.15	0.08	0.18	0.33	0.22	0.17	0.15	0.44	0.06	0.15	0.61	0.07	0.32	0.44	0.44	0.07	0.05	1.04
0.24	0.31	0.21	0.34	0.06	0.23	0.15	0.42	0.49	1.11	0.33	9.06	0.5	0.31	0.48	0.02	0.41	0.45	0.17	0.18	0.18	0.07	0.34	0.09	0.42	0.2	0.46	0.52	0.29	0.19	0.08	0.41	0.2	0.06	0.57	0	0.18	1.02	0.08	0.11	0.53	0.09	0.44	1.36	0.28	0.31	0.19	0.21	0.47	0.45	0.23	0.04	0.46	0.1	0.2	0.37	0.56	0.19	0.03	0.46	0.19	0.52	0.19	0.19	0.05	0.01	0.21	0.46	0.53	0.56	0.19	0.14	0.06	0.1	0.18	0.46	0.46	0.55	0.34	0.18	0.2	0.05	0.19	0	0.25	0.1	0.01	0.04	0.08	0.4	0.08	0.47	0.19	0.15	0.29	0.18	0.23	0.19	1.98
0.11	0.02	0.08	0.15	0.33	0.49	0.1	0.28	0.01	2.47	0.11	1.96	0.02	0.06	0.35	0.28	0.28	0.33	0.24	0.01	0.5	0.15	0.67	0.14	0.15	0.03	0.03	0.06	0.09	0.04	0.21	0.41	0.07	0.13	0.04	0.19	0	0.01	0.45	0.45	0.02	0.09	0.07	0.12	0.45	0.13	0.19	0.04	0.32	0.09	0	0.17	0.01	0.14	0.03	0.1	0.03	0.02	0.16	0.08	0.13	0.39	0.67	0.45	0.15	0.14	0.21	0.33	0.05	0.04	0.02	0.14	0.12	0.35	0.01	0.1	0.2	0.16	0.32	0.02	0.03	0.24	0.03	0.19	0.25	0.11	0.46	0.15	0.46	0.02	0.14	0.3	0.03	0.6	0.05	0.02	0.18	0.02	0.18
0.1	0.02	0.47	0.05	0.14	0.48	0.48	0.03	0.48	1.99	0.48	1.76	0.45	0.45	0.44	0.45	0.44	0.18	0.66	0.65	0.45	0.45	1.66	0.13	0.45	0.4	0.25	0.4	0.4	0.04	0.1	0.91	0.4	0.41	0.04	0.18	0.21	0.01	0.91	0.41	0.02	0.91	0.41	0.41	0.14	0.12	0.5	0.03	0.5	0.08	0.16	0.18	0.01	0.42	0.4	0.09	0.03	0.01	0.5	0.1	0.02	0.21	0.5	0.19	0.5	0.4	0.05	0.1	0.05	0.04	0.01	0.15	0.14	0.29	0.4	0.12	0.22	0.4	0.51	0.42	0.04	0.41	0.07	0.41	0.47	0.41	0.18	0.42	0.09	0.42	0.42	0.43	0.03	0.35	0.42	0.43	0.42	0.02	0.42
0.01	0.46	0.15	0.13	0.04	0.29	0.01	0.39	0.36	1.12	0.01	0.87	0.1	0.1	0.26	0.09	0.14	0.25	0.23	0.47	0.12	0.04	0.47	0.15	0.03	1.28	0.47	0.13	0.47	0.11	0.01	0.05	0.12	0.02	0.51	0.08	0.08	0.45	0	0.05	0.47	0.03	0.1	0	0.1	0.02	0.15	0.11	0.22	0.01	0.1	0.09	0.45	0.04	0.11	0	0.48	0.09	0.48	0	0.1	0.3	0.14	0.48	0.04	0.07	0.14	0.01	0.13	0.13	0.42	0.03	0.02	0.18	0.33	0.04	0.05	0.08	0.2	0.49	0.39	0.35	0.12	0.4	0.17	0.06	0.24	0.05	0.92	0.23	0.03	0.42	0.11	0.43	0.72	0.1	0.12	0.19	0.34
0.1	0.2	0.3	0.51	0.09	0.32	0.1	0.64	0.22	1.94	0.03	4.95	0.43	0.19	0.27	0.43	0.24	0.43	0.6	0.21	0.18	0.03	0.44	0.09	0.09	0.21	0.23	0.23	0.45	0.16	0.04	0.27	0.21	0.46	0.16	0.09	0.34	0.57	0.05	0	0.87	0.03	0.22	0.12	0.48	0.09	0.48	0.46	0.24	0.04	0.96	0.24	0.22	0.16	0.28	0.61	0.21	0.23	0.32	0.05	0.41	0.35	0.41	0.24	0.01	0.05	0.23	0.21	0.24	0.22	0.43	0.09	0.09	0.2	0.61	0.03	0	0.13	0.22	0.44	0.44	0	0.41	0.09	0.23	0.03	0.1	0.06	0.04	0.44	0.09	0.21	0.15	0.22	0.26	0.21	1.46	0.96	0.52
0.12	0.02	0.79	0.05	0.15	0.41	0.13	0.42	0.03	1.2	0.12	0.34	0.4	0.13	0.4	0.21	0.05	0.4	2.1	0.02	0.08	0.15	0.44	0.41	0.16	0.04	0.03	0.05	0.35	0.05	0.1	0.41	0.03	0.42	0.04	0.22	0.02	0.4	0.41	0.21	0	0.11	0.05	0.12	0.41	0.34	0.2	1.12	0.61	0.1	0.02	0.41	0.11	0.17	0.42	0.11	0.03	0.11	0.2	0.1	0.04	0.21	0.03	0.21	0.15	0.46	0.42	0.52	0.05	0.04	0.03	0.17	0.13	0.42	0.03	0.13	0.22	0.18	0.33	0.04	0.93	0.17	0.05	0.2	0.27	0.3	0.21	0.18	0.41	0.03	0.15	0.7	0.05	0.36	0.12	0.02	0.76	0.11	0.33
0.03	0.12	0.5	0.15	0.08	0.62	0.03	0.12	0.1	1.45	0.02	1.91	0.43	0.42	0.22	0.23	0.15	0.25	0.22	0.1	0.16	0.02	0.08	0.04	0.04	0.12	0.14	0.18	0.47	0.33	0.03	0.07	0.12	0.26	0.13	0.09	0.1	0.17	0.03	0.03	0.12	0	0.11	0.36	0.41	0.43	0.21	0.63	0.61	0.01	0.1	0.08	0.1	0.07	0.12	0.37	0.14	0.1	0.46	0.32	0.1	1.13	0.47	0.32	0.02	0.47	0.54	0.04	0.31	0.47	0.12	0.35	0.08	0.18	0.12	0.01	0.03	0.44	0.52	0.12	0.12	0.07	0.51	0.2	0.2	0.01	0.09	0.08	0.03	0.17	0.03	0.18	0.44	0.22	0.15	0.14	0.15	0.52	0.66
0.34	0.01	0.09	0.34	0.46	0.59	0.16	0.03	0.02	1.56	0.35	7.91	0.35	0.04	0.39	0.69	0.04	0.19	0.24	0.49	0.14	0.14	0.21	0.6	0.14	0.4	0.03	0.04	0.1	0.69	0.11	0.18	0.03	0.15	0.03	0.5	0.4	0.02	0.11	0.23	0.02	0.13	0	0.13	0.38	0.14	0.24	0.41	0.91	0.41	0.61	0.21	0	0.16	0.41	0.11	0.1	0.01	0.15	0.11	0.33	0.9	0.03	0.21	0.14	0.17	0.36	0.42	0.05	0.03	0.03	0.42	0.41	0.28	0.03	0.13	0.42	0.2	0.72	0.12	0.04	0.15	0.05	0.29	0.47	0.12	0.92	0.18	0.1	0.03	0.13	0.83	0.04	0.35	0.04	0.02	0.16	0.01	0.19
0.22	0.16	0.14	0.3	0.04	0.76	0.03	0.32	0.46	1.59	0.03	3.93	0.11	0.4	0.48	0.12	0.16	0.27	0.25	0.36	0.13	0.07	0.12	0.07	0.78	0.15	0.18	0.19	0.48	0.11	0.38	0.32	0.15	0.49	0.12	0.1	0.1	0.49	0	0.34	0.14	0.06	0.5	0	0.27	0.12	0.56	0.16	0.29	0.02	0.31	0.49	0.49	0.06	0.12	0.32	0.49	0.13	0.07	0.01	0.13	0.8	0.15	0.17	0.4	0.08	0.17	0.11	1.06	0.17	0.12	0.05	0.4	0.5	0.5	0.04	0.18	0.09	0.3	0.11	0.16	0.41	0.91	0.18	0.23	0.04	0.1	0.12	0.02	0.51	0.06	0.24	0.91	0.25	0.15	0.28	0.85	0.41	0.56
0.03	0.47	0.49	0.96	0.02	0.47	0.06	0.9	0.5	1.67	0.03	2.36	0.66	0.45	0.47	0.48	0.47	0.68	0.23	0.47	0.49	0.44	0.48	0.01	0.03	0.16	0.49	0.46	0.45	0.45	0.44	0.06	0.25	0.01	0.14	0.09	0.45	0.45	0.64	0.1	0.44	0.44	0.15	0.06	0.01	0.43	0.42	0.43	0.42	0.04	0.42	0.43	0.92	0.42	0.52	0.04	0.42	0.42	0.18	0.42	0.23	0.42	0.42	0.42	0.42	0.42	0.41	0.03	0.41	0.91	0.41	0	0.41	0.19	0.91	0.05	0.41	1.53	0.2	0.41	0.44	0.41	0.41	0.41	0.91	0.41	0.29	0.41	0.04	0.41	0.41	0.9	0.41	0.43	0.91	0.21	0.16	0.56	0.41
0.02	0.49	0.17	0.35	0	1	0.02	0.16	0.14	1.17	0.02	0.26	0.12	0.42	0.27	0.13	0.42	0.51	0.22	0.42	0.16	0.42	0.13	0.01	0.42	0.11	0.42	0.23	0.42	0.14	0.09	0.43	0.15	0	0.14	0.06	0.13	0.43	0.04	0.09	0.43	0.08	0.63	0.43	0.28	0	0.54	0.15	0.42	0.03	0.12	0.43	0.14	0.93	0.13	0.02	0.13	0.14	0.43	0.1	0.63	0.24	0.14	0.43	0.09	0.2	0.33	0.02	0.43	0.44	0.43	0.01	0	0.18	0.44	0.09	0.94	0.58	0.43	0.3	0.44	1.14	0.13	0.44	0.15	0.31	0.06	0.09	0.1	0.44	0.64	1.04	0.13	0.94	0.44	1.75	0.84	0.16	0.44
0.55	0.86	0.31	0.23	0.46	0.64	0.22	0.48	0.25	1.14	0.15	4.77	0.58	0.48	0.37	0.48	0.46	0.5	0.42	0.19	0.51	0.16	0.48	0.15	0.16	0.71	0.42	0.49	0.33	0.23	0.15	0.35	0.22	0.48	0.5	0.19	0.19	0.19	0.49	0.24	0.59	0.34	0.49	0.89	0.3	0.49	0	0.49	0.33	0.18	0.57	0.49	0.19	0.2	0.23	0.15	0.59	0.43	0.17	1.09	0.49	0.76	0.22	0.01	0.49	0.21	0.53	0.49	0.23	0.23	0.2	0.49	0.49	0.36	0.5	0.21	0.53	0.41	0.46	0.4	0.23	0.21	0.22	0.33	0.07	0.9	0.4	0.9	0.4	0.4	0.15	0.4	0.22	0.35	0.24	0.6	0.23	0.21	0.7
0.47	0.19	0.67	0.06	0.47	0.26	0.14	0.01	0.38	1.79	0.49	0.43	0.05	0.03	0.44	0.22	0.44	0.21	0.37	0.44	0.06	0.52	0.95	0.45	0.18	0.03	0.04	0.03	0.28	0.06	0.42	0.5	0.33	0.49	0.05	0.78	0.86	0.97	0.56	0.64	0.45	0.12	0.04	0.38	0.19	0.44	0.22	0	0.35	0.47	0.04	0.48	0.03	0.48	0.06	0.14	0.01	0.03	0.16	0.45	0.04	0.11	0.04	0.22	0.17	0.16	0.05	0.14	0.05	0.4	0.04	0.16	0.45	0.29	0.04	0.14	0.24	0.4	0.33	0.05	0.05	0.41	0.06	0.92	0.28	0.13	0.21	0.42	0.12	0.03	0.14	0.5	0.41	0.42	0.17	0.03	0.05	0.43	0.53
0.22	0.47	0.77	0.36	0.2	0.44	0.47	0.48	0.31	2.09	0.22	2.08	0.48	0.33	0.06	0.17	0.97	0.45	0.32	0.66	0.57	0.22	0.18	0.21	0.58	0.33	0.35	0.37	0.47	0.34	0.22	0.47	0.39	0.23	0.95	0.15	0.42	0.71	0.22	0.52	0.33	0.23	0.35	0.56	0.22	0.42	0.33	1	0	0.22	0.9	0.4	0.41	0.25	0.33	0.22	0.7	0.53	1.01	0.51	0.32	0.23	0.35	0.33	0.38	0.43	0.43	0.56	0.36	0.45	0.35	0.93	0.2	0.25	0.32	0.24	0.24	0.16	0.02	0.33	0.33	0.58	0.64	0.15	0.39	0.24	0.15	0.18	0.44	0.72	0.21	0.44	0.94	0.29	0.73	0.33	0.35	0.44	0.73
0.02	0.09	0.48	0.13	0.04	0.29	0.03	0.11	0.48	1.88	0.02	13.8	0.5	0.6	0.24	0.4	0.4	0.52	0.47	0.42	0.13	0.7	0.4	0.04	0.17	0.3	0.1	0.4	0.16	0.19	0.01	0.05	0.37	0.03	0.67	0.08	0.09	0.08	0.39	0.04	0.1	0.01	0.41	0.02	0.41	0.4	0.26	0.41	0.48	0	0.38	0.41	0.41	0.04	0.19	0.01	0.42	0.42	0.44	0.01	0.1	0.02	0.1	0.34	0.27	1.32	0.42	0.02	0.92	0.12	0.33	0.29	0.42	0.2	0.1	0.42	0.04	0.08	0.2	0.18	0.12	0.14	0.19	0.07	0.43	0.01	0.3	0.1	0	0.18	0.04	0.18	0.18	1.07	0.13	0.09	0.43	0.94	0.22
0.49	0.49	0.47	0.45	0.46	0.26	0.86	0.41	0.02	1.95	0.95	2.55	0.31	0.04	0.48	0.47	0.18	0.42	0.42	0.1	0.42	0.42	0.2	0.41	0.15	0.41	0.4	0.05	0.1	0.04	0.49	0.16	0.04	0.21	0.12	0.58	0.5	0.13	0.08	0.47	0.02	0.1	0.02	0.11	0.46	0.51	0.45	0.06	0.46	0.45	0.04	0.45	0.43	0.17	0.92	0.1	0.41	0.02	0.16	0.47	0.02	0.47	0.57	0.57	0.49	1.68	0.05	0.11	0.45	0.18	0.02	0.85	0.36	0.39	0.02	0.1	0.45	0.19	0.45	0.53	0.04	0.53	0.93	0.41	0.51	0.12	0.4	0.5	0.21	0.02	0.29	0.5	0.43	0.33	0.43	1.03	0.05	0.32	0.43
0.08	0.2	0.86	0.5	0.4	0.25	0.08	0.2	0.67	1.79	0.47	0.66	0.2	0.41	0.18	0.03	0.24	0.22	0.91	0.41	0.2	0.07	0.12	0.41	0.09	0.41	0.2	0.41	0.41	0.39	0.08	0.62	0.19	0.13	0.49	0.05	0.42	0.59	0.09	0.2	0.19	0.21	0.52	0.32	0.1	0.13	0.53	0.21	0.19	0.07	0.47	0	0.17	0.43	0.21	0.45	0.43	0.17	0.13	0.1	0.2	0.63	0.32	0.21	0.37	0.03	0.21	0.08	0.44	0.21	0.58	0.09	0.13	0.14	0.94	0.14	0.05	0.05	0.17	0.45	0.52	0.04	0.22	0.23	0.26	0.45	0.04	0.08	0.08	1.05	0.08	0.45	0.45	0.45	0.86	0.19	0.49	0.2	0.19
0.11	0.09	0.43	0.04	0.14	0.25	0.11	0.02	0.02	1.35	0.13	0.32	0.03	0.03	0.69	0.2	0.04	0.49	0.26	0.01	0.05	0.16	0.2	0.31	0.47	0.03	0.02	0.04	0.09	0.04	0.24	0.56	0.41	0.14	0.03	0.79	0.01	0.13	0.1	0.2	0.38	0.12	0.7	0.14	0.42	0.12	0.19	0.15	0.34	0.09	0.08	0.37	0	0.17	0.04	0.1	0.4	0.08	0.18	0.11	0.03	0.12	0.15	0.23	0.14	0.15	0.03	0.11	0.04	0.41	0.19	0.14	0.67	0.26	0.02	0.12	0.2	0.18	0.69	0.41	0.06	0.3	0.04	0.27	0.26	0.11	0.18	0.17	0.11	0.02	0.14	0.29	0.33	0.33	0.41	0.01	0.04	0.18	0.48
0.15	0.43	0.22	0.2	0.07	0.33	0.05	0.51	0.53	1.67	0.05	1.46	0.17	0.45	0.26	0.1	0.47	0.27	0.22	0.37	0.17	0.05	0.11	0.05	0.08	0.4	0.2	0.58	0.6	0.19	0.08	0.09	0.17	0.08	0.17	0.1	0.18	0.68	0.06	0.29	0.18	0.06	0.51	0.08	0.44	0.07	0.51	0.17	0.37	0.04	0.41	0.11	0.17	0	0.18	0.07	0.18	0.17	0.06	0.08	0.41	0.45	0.16	0.18	0.06	0.5	0.24	0.42	0.34	0.18	0.34	0.38	0.07	0.48	0.27	0.15	0.06	0.14	0.65	0.18	0.48	0.09	0.18	0.11	0.21	0.42	0.09	0.09	0.06	0.19	0.46	0.51	0.46	0.27	0.18	0.15	0.49	0.18	0.49
0.5	0.5	0.11	0.08	0.5	0.29	0.13	0.41	0.25	0.99	0.12	3.62	0.01	0.06	0.59	0.21	0.31	0.66	0.46	0.04	0.11	0.15	0.37	0.46	0.15	0.05	0.06	0.46	0.46	0	0.12	0.16	0.46	0.44	0.42	0.19	0.03	0.04	0.12	0.46	0.05	0.46	0.05	0.13	0.16	0.13	0.49	0.4	0.46	0.46	0.13	0.45	0.04	0.46	0	0.12	0.06	0.05	0.16	0.13	0.04	0.13	0.21	0.29	0.15	0.18	0.35	0.12	0.08	0.07	0.05	0.46	0.13	0.28	0.04	0.14	0.15	0.54	0.31	0.01	0.03	0.23	0.01	0.22	0.28	0.13	0.19	0.18	0.12	0.56	0.46	0.3	0.01	0.46	0.08	0.05	0.46	0.05	0.43
0.01	0.11	0.15	0.14	0.03	0.31	0.12	0.11	0.1	0.16	0.02	4.57	0.11	0.46	0.26	0.56	0.15	0.25	0.96	0.46	0.31	0.05	0.18	0.03	0.03	0.1	0.13	0.47	0.2	0.12	0.3	0.05	0.47	0.02	0.64	0.08	0.08	0.1	0.01	0.05	0.36	0.04	0.1	0	0.06	0.02	0.15	0.51	0.48	0.01	0.11	0.58	0.1	0.06	0.12	0	0.48	0.1	0.05	0.01	0.11	0.14	0.49	0.16	0.04	0.07	0.13	0.02	0.52	0.5	0.49	0.17	0.02	0.18	0.09	0.03	0.05	0.39	1	0.7	0.12	0.4	0.11	0.08	0.21	0.41	0.08	0.07	0.01	0.09	0.03	0.19	0.41	0.43	0.14	0.1	0.14	0.12	0.23
0.13	0.02	0.43	0.12	0.13	0.54	0.17	0	0.02	1.96	0.12	5.48	0.48	0.03	0.39	0.21	0.05	0.2	0.48	0.03	0.06	0.47	0.48	0.15	0.14	0.06	0.03	0.02	0.48	0.06	0.11	0.17	0.01	0.49	0.05	0.2	0.04	0.65	0.1	0.49	0.03	0.13	0.02	0.16	0.49	0.16	0.22	0.44	0.33	0.35	0.49	0.2	0.12	0.47	0.06	0.62	0	0.41	0.16	0.27	0.03	0.7	0.03	0.22	0.56	0.16	0.72	0.41	0.05	0.02	0.04	0.16	0.39	0.43	0.14	0.13	0.23	0.44	0.33	0.05	0.36	0.44	0.44	0.85	0.28	0.45	0.22	0.28	0.51	0.03	0.14	0.51	0.05	0.68	0.05	0.02	0.16	0.29	0.2
0.11	0.11	0.09	0.33	0.13	0.41	0.11	0.03	0.31	1.3	0.12	4.5	0.44	0.44	1.04	0.21	0.42	0.19	0.28	0.44	0.44	0.15	0.19	0.14	0.14	0.43	0.03	0.05	0.09	0.44	0.1	0.5	0.03	0.4	0.04	0.55	0.01	0.01	0.09	0.22	0.08	0.45	0.01	0.15	0.16	0.21	0.2	0.03	0.34	0.45	0.32	0.18	0.01	0.16	0.05	0.46	0.03	0	0.17	0.11	0.14	0.87	0.46	0.4	0.16	0.16	0.04	0.13	0.05	0.46	0.02	0.14	0.14	0.27	0.03	0.11	0.58	0.49	0.51	0.04	0.21	0.26	0.16	0.2	0.26	0.13	0.19	0.17	0.12	0.03	0.15	0.97	0.04	0.4	0.04	0.02	0.58	0.01	0.47
0.17	0.82	0.23	0.18	0.1	0.82	0.19	0.47	0.14	1.39	0.03	2.86	0.15	0.43	0.18	0.03	0.55	0.24	0.45	0.15	0.17	0.04	0.13	0.45	0.05	0.14	0.55	0.29	0.45	0.17	0.04	0.38	0.17	0.16	0.15	0.04	0.16	0.6	0.34	0.04	0.95	0.07	0.46	0.07	0.06	0.09	0.2	0.17	0.46	0.05	0.54	0.03	0.45	0.07	0.16	0.18	0.15	0.15	0	0.05	0.48	0.06	0.16	0.17	0.47	0.03	0.17	0.04	0.18	0.18	0.46	0.05	0.09	0.57	0.15	0.35	0.04	0.03	0.57	0.57	0.17	0.03	0.47	0.03	0.42	0.42	0.03	0.09	0.48	0.14	0.05	0.31	0.16	0.48	0.18	0.17	0.17	0.15	0.17
0.26	0.11	0.14	0.14	0.19	0.39	0.38	0.13	0.43	1.66	0.02	0.24	0.11	0.1	0.6	0.08	0.15	0.26	2.43	0.09	0.13	0.05	0.4	0.5	0.04	0.1	0.13	0.15	0.17	0.43	0.01	0.05	0.12	0.38	0.12	0.09	0.08	0.4	0.01	0.04	0.1	0.04	0.13	0.34	0.45	0.1	0.4	0.45	0.23	0.09	0.55	0.09	0.1	0.07	0.52	0.01	0.11	0.1	0.05	0.01	0.1	0.32	0.16	0.29	0.05	0.45	0.14	0.02	0.28	0.12	0.42	0.04	0.18	0.19	0.09	0.04	0.13	0.46	0.23	0.11	0.46	0.04	0.89	0.09	0.46	0.46	0.09	0.98	0.01	0.11	0.04	0.45	0.15	0.22	0.15	0.4	0.47	0.31	0.45
0.12	0.02	0.09	0.07	0.45	0.75	0.1	0.03	0.02	1.06	0.14	6.16	0.04	0.04	0.37	0.2	0.05	0.21	0.39	1.24	0.07	0.15	0.44	0.41	0.15	0.02	0.04	0.05	0.44	0.05	0.11	0.16	0.04	0.25	0.05	0.19	0.02	0.03	0.1	0.2	0.04	0.11	0.03	0.46	0.43	0.13	0.21	0.46	0.35	0.1	0.02	0.18	0.03	0.15	0.04	0.11	0.03	0.03	0.43	0.1	0	0.46	0.19	0.27	0.15	0.49	0.05	0.11	0.05	0.37	0.04	0.47	0.12	0.27	0.01	0.11	0.2	0.26	0.3	0.04	0.03	0.13	0.04	0.24	0.27	0.11	0.51	0.31	0.1	0.02	0.13	0.29	0.04	0.34	0.07	0.25	0.06	0.03	0.37
0.41	0.5	1	1	0.03	1	0.02	0.11	0.09	1.35	0.02	0.46	0.45	0.96	0.46	0.48	0.95	0.26	0.45	0.44	1.45	0.44	0.1	0.04	0.94	0.94	0.43	0.93	0.43	0.94	0.02	0.42	0.42	0.42	0.42	0.92	0.43	0.42	1.62	0.42	0.21	0.92	0.42	0.01	0.43	1.43	0.72	0.42	0.42	0.42	0.76	0.92	0.41	0.41	0.41	0.01	0.91	0.91	0.41	0.02	0.4	0.93	0.5	0.5	0.05	0.08	0.49	1	1.49	0.49	0.13	0.04	0.03	0.99	0.1	0.03	1.48	0.98	0.47	0.48	0.99	0.06	0.58	0.47	0.47	0.04	0.47	0.47	0.01	0.46	0.03	0.46	1.46	0.46	0.96	1.48	0.47	0.46	0.56
0.52	0.03	0.14	0.02	0.14	0.35	0.13	0.03	0.26	1.54	0.31	2.41	0.33	0.03	0.47	0.22	0.08	0.4	0.29	0.12	0.08	0.42	0.47	0.47	0.16	0.04	0.09	0.05	0.11	0.35	0.48	0.18	0.04	0.58	0.05	0.48	0.08	0.4	0.2	0.22	0.03	0.13	0.48	0.2	0.17	0.48	0.22	0.29	0.78	0.48	0.33	0.55	0.02	0.18	0.4	0.11	0.03	0.03	0.16	0.14	0.04	0.12	0	0.48	0.17	0.17	0.01	0.46	0.03	0.05	0.04	0.17	0.15	0.3	0.49	0.13	0.23	0.19	0.49	0.27	0.12	0.99	0.35	0.53	0.33	0.49	0.21	0.18	0.12	0.04	0.16	0.33	0.08	0.36	0.31	0.03	0.02	0.14	0.24
0.15	0.43	0.3	0.23	0.13	0.8	0.15	0.48	0.21	1.26	0.15	3.9	0.22	0.23	0.37	0.53	0.23	0.36	0.42	0.19	0.29	0.16	0.42	0.16	0.14	0.22	0.27	0.62	0.33	0.49	0.15	0.17	0.42	0.13	0.24	0.19	0.19	0.35	0.15	0.43	0.21	0.2	0.23	0.17	0.53	0.13	0.53	1.05	0.33	0.48	0.53	0.43	2.2	0.18	0.22	0.37	0.39	0.2	0.49	0.94	0.44	0.42	0.43	0	0.18	0.36	0.23	0.15	0.45	0.23	0.84	0.14	0.13	0.44	0.21	0.58	0.21	0.18	2.13	0.44	0.54	0.24	0.22	0.54	0.44	0.42	0.19	0.18	0.16	0.21	0.12	0.35	0.22	0.62	0.23	0.21	0.23	0.5	0.65
0.04	0.48	0.19	0.39	0.09	0.28	0.12	0.15	0.48	2.28	0.03	6.63	0.15	0.47	0.97	0.04	0.18	0.23	0.21	0.55	0.17	0.33	0.05	0.04	0.04	0.47	0.47	0.17	0.21	0.15	0.03	0.04	0.18	0.06	0.15	0.05	0.13	0.17	0.48	0.01	0.48	0.02	0.17	0.08	0.05	0.09	0.35	0.58	0.59	0.04	0.49	0.05	0.15	0.13	0.49	0.31	0.18	0.16	0.04	0.25	0.49	0.68	0.15	0.16	0	0.21	0.18	0.39	0.4	0.16	0.51	0.39	0.09	0.19	0.14	0.41	0.14	0.05	0.43	0.15	0.41	0.14	0.16	0.11	0.18	0.41	0.05	0.06	0.04	0.42	0.04	0.33	0.15	0.42	0.18	0.14	0.17	0.17	0.43
0.44	0.54	0.21	0.35	0.44	0.22	0.07	0.16	0.18	1.11	0.06	2.27	0.91	0.41	0.33	0.28	0.34	0.92	0.18	0.29	0.42	0.05	0.19	0.07	0.22	0.48	0.17	0.18	0.35	0.18	0.07	0.38	0.16	0.06	0.18	0.01	0.52	0.38	0.42	0.05	0.16	0.42	0.2	1.02	0.51	0.06	0.21	0.72	0.15	0.08	0.41	0.03	0.15	0.09	0.51	0.41	0.46	0.16	0.03	0.07	0.16	0.08	0.51	0.41	0.05	0	0.18	0.41	0.19	0.17	0.15	0.41	0.2	0.12	0.51	0.41	0.05	0.02	0.16	0.18	0.51	0.05	0.18	0.01	0.72	0.17	0.01	0.05	0.41	0.18	0.07	0.12	0.18	0.14	0.41	0.41	0.19	0.18	0.23
0.15	0.18	0.12	0.03	0.18	0.43	0.15	0.05	0.04	1.02	0.43	9.67	0.07	0.04	0.4	0.23	0.03	0.21	0.69	0.04	0.09	0.18	0.23	0.17	0.16	0.05	0.4	0.07	0.12	0.08	0.15	0.2	0.4	0.4	0.06	0.21	0.04	0.41	0.85	0.26	0.04	0.13	0.07	0.17	0.19	0.16	0.23	0.05	0.36	0.4	0.05	0.21	0.03	0.18	0.29	0.29	0.05	0.4	0.17	0.14	0.05	0.15	0.02	0.23	0.35	0.18	0	0.18	0	0.08	0.05	0.16	0.16	0.3	0.4	0.15	0.23	0.4	0.33	0.07	0.41	0.18	0.07	0.35	0.43	0.42	0.41	0.19	0.13	0.15	0.15	0.51	0.4	0.41	0.04	0.05	0.03	0.04	0.36
0	0.41	0.15	0.53	0.02	0.57	0	0.15	0.12	0.2	0.26	1.39	0.12	0.1	0.25	0.4	0.15	0.56	0.22	0.11	1.21	0.03	0.08	0.03	0.4	0.41	0.13	0.15	0.19	0.12	0.39	0.07	0.12	0.03	0.11	0.42	0.42	0.28	0.01	0.1	0.13	0.03	0.43	0.43	0.03	0.1	0.15	0.43	0.22	0.43	0.1	0.08	0.43	0.43	0.12	0.01	0.44	0.12	0.04	0.02	0.44	0.03	0.14	0.15	0.3	0.07	0.17	0	0.51	0.29	0.13	0.26	0.1	0.18	0.27	0.15	0.45	0.45	0.2	0.12	0.15	0.03	0.45	0.07	0.21	0.3	0.08	0.05	0.02	0.11	0.03	0.19	0.12	0.23	0.14	0.46	0.46	0.33	0.49
0.47	0.04	0.47	0.03	0.48	0.24	0.14	0.4	0.58	1.78	0.23	0.59	0.07	0.05	0.98	0.48	0.03	0.49	0.54	0.49	0.49	0.26	0.22	0.16	0.16	0.05	0.4	0.42	0.12	0.08	0.47	0.47	0.43	0.17	0.12	0.21	0.05	0.34	0.43	0.63	0.28	0.21	0.43	0.17	0.74	0.17	0.23	0.06	0.37	0.14	0.05	0.21	0.04	0.59	0.08	0.13	0.05	0.17	1.07	1.07	0.57	0.46	0.03	0.23	0.46	0.18	0.01	0.57	0	0.06	0.06	0.17	0.27	0.31	0.06	0.16	0.25	0.2	0.33	0.07	0.07	0.5	0.26	0.5	0.5	0.16	0.24	0.38	0.13	0.4	0.4	0.41	0.4	0.36	0.41	0.24	0.04	0.05	0.52
0.13	0.24	0.46	0.66	0.16	0.45	0.56	0.02	0.03	1.59	0.49	4.12	0.06	0.04	0.39	0.24	0.06	0.59	0.32	0.08	0.08	0.17	0.49	0.15	0.49	0.26	0.39	0.02	0.12	0.07	0.2	0.17	0.11	0.23	0.14	0.5	0.04	0.09	0.12	0.63	0.04	0.4	0.03	0.4	0.16	0.4	0.47	0.35	0.34	0.26	0.05	0.4	2.32	0.48	0.07	0.55	0.02	0.04	0.17	0.4	0.15	0.23	0.04	0.23	0.18	0.55	0.06	0.43	0.06	0	0.05	0.17	0.41	0.3	0.4	0.34	0.56	0.56	1.31	0.06	0.36	0.22	0.06	0.2	0.29	0.14	0.2	0.17	0.12	0.03	0.41	0.31	0.06	1.02	0.06	0.03	0.05	0.04	0.52
0.51	0.03	0.08	0.06	0.16	0.26	0.13	0.04	0.03	1.1	0.13	3.08	0.43	0.05	0.93	0.43	0.09	0.19	0.25	0.01	0.06	0.17	0.93	0.52	0.16	0.23	0.04	0.06	0.43	0.05	0.1	0.18	0.28	0.13	0.27	0.47	0.02	0.01	0.1	0.29	0.37	0.12	0.43	0.18	0.63	0.13	0.2	0.05	0.84	0.09	0.09	0.43	0.02	0.2	0.05	0.49	0.04	0.36	0.17	0.38	0.04	0.44	0.04	0.2	0.46	0.54	0.44	0.29	0.33	0.29	0	0.16	0.15	0.44	0.5	0.13	0.44	0.18	0.33	0.04	0.05	0.44	0.05	0.36	0.26	0.11	0.32	0.19	0.25	0.04	0.14	0.43	0.91	0.65	0.06	0.03	0.05	0.03	0.45
0.98	0.59	0.17	0.78	0.01	0.59	0.1	0.16	0.13	1.09	0.03	9.54	0.48	0.14	0.25	0.09	0.49	0.25	0.23	0.15	0.38	0.05	0.49	0.05	0.03	0.27	0.49	0.18	0.34	0.33	0.04	0.5	0.16	0.01	0.15	0.09	0.13	0.61	0.04	0.4	0.41	0.04	0.18	0.05	0	0.01	0.92	0.42	0.21	0.04	0.14	0.09	0.33	0.06	0.52	0.03	0.52	0.43	0.05	0.04	0.13	0.73	0.17	0.14	0.04	0.17	0.16	0.43	0.18	0.15	0.15	0	0.01	0.19	0.27	0.14	0.43	0.17	0.2	0.14	0.17	0.93	0.14	0.41	0.19	0.43	0.44	0.04	0.32	0.13	0.01	0.18	0.14	0.32	0.44	0.44	0.5	0.44	0.48
0.02	0.12	0.17	0.48	0.01	0.29	0.02	0.14	0.49	2.77	0.02	3.27	0.13	0.46	0.27	0.46	0.56	0.36	0.22	0.22	0.15	0.46	0.46	0.46	0.01	0.13	0.14	0.16	0.56	0.23	0.1	0.09	0.96	0	0.14	0.06	0.46	0.48	0.02	0.09	0.13	0.08	0.15	0.43	0.04	0	0.15	0.46	0.2	0.03	0.22	0.34	0.12	0.09	0.47	0.02	0.47	0.15	0.2	0.47	0.13	0.09	0.47	0.13	0.09	0.06	0.47	0.02	0.17	0.14	0.15	0.01	0	0.47	0.12	0.1	0.09	0.47	0.47	0.13	0.12	0.48	0.13	0.06	0.15	0.09	0.4	0.09	0.48	0.49	0.2	0.7	0.13	0.22	0.28	0.14	0.15	0.13	0.58
0.18	0.7	0.7	0.31	0.18	0.12	0.4	0.28	0.27	1.85	0.18	5.93	0.27	0.87	0.22	0.4	0.31	0.61	0.05	0.27	0.32	0.2	0.14	0.52	0.19	0.27	0.29	0.31	0.35	0.28	0.41	0.54	0.27	0.38	0.29	0.47	0.42	0.27	0.18	0.2	0.27	0.92	0.42	0.19	0.42	0.18	0.36	0.46	0.25	0.2	0.28	0.14	0.27	0.22	0.28	0.42	0.3	0.26	0.13	0.43	0.27	0.28	0.44	0.33	0.54	0.12	0.31	0.31	0.31	0.3	0.44	0.19	0.18	0	0.26	0.54	0.2	0.13	0.21	0.45	0.28	0.46	0.57	0.1	0.35	0.45	0.46	0.35	0.19	0.26	0.19	0.12	0.27	0.03	0.31	0.33	0.76	0.29	0.09
0.22	0.02	0.07	0.06	0.13	0.61	0.12	0.04	0.02	2.36	0.44	2.36	0.03	0.02	0.96	0.2	0.1	0.32	0.34	0.02	0.32	0.14	0.21	0.46	0.15	0.13	0.04	0.06	0.46	0.04	0.27	0.47	0.04	0.12	0.05	0.47	0.01	0.02	0.5	0.97	0.17	0.11	0.03	0.11	0.14	0.4	0.97	0.06	0.35	0.1	0.47	0.57	1.03	0.16	0.04	0.09	0.19	0.03	0.15	0.11	0.01	0.09	0.04	0.38	0.15	0.16	0.05	0.48	0.06	0.58	0.03	0.67	0.3	0.27	0	0.13	0.58	0.24	0.53	0.03	0.04	0.49	0.04	0.53	0.49	0.1	0.18	0.26	0.49	0.02	0.49	0.29	0.03	0.52	0.06	0.03	0.06	0.03	2.06
0.04	0.12	0.2	0.2	0.1	0.32	0.42	0.14	0.12	1.72	0.03	14.2	0.13	0.22	0.24	0.44	0.15	0.26	2.11	0.11	0.15	0.07	0.09	0.05	0.05	0.14	0.16	0.14	0.28	0.41	0.03	0.43	0.13	0.83	0.18	0.11	0.11	0.48	0.13	0.04	0.12	0	0.14	0.42	0.06	0.55	0.22	0.14	0.24	0.09	0.45	0.09	0.1	0.14	0.13	0.04	0.4	0.11	0.09	0.03	0.11	0.09	0.13	0.57	0.04	0.1	0.15	0.41	0.5	0.19	0.14	0.49	0.09	0.2	0.31	0	0.03	0.08	0.43	0.14	0.13	0.05	0.13	0.27	0.28	0	0.1	0.22	0.04	0.11	0.05	0.52	0.46	0.23	0.16	0.34	0.48	0.11	0.25
0.1	0.22	0.37	0.23	0.09	0.32	0.5	0.21	0.21	1.06	0.03	1.12	0.26	0.19	0.27	0.11	0.26	0.27	0.52	0.28	0.48	0.03	0.06	0.09	0.09	0.22	0.23	0.49	0.24	0.49	0.23	0.04	0.53	0.09	0.17	0.09	0.21	0.9	0.42	0	0.49	0.03	0.52	0.14	0.42	0.14	0.23	0.62	0.24	0.44	0.25	0.05	0.44	0.06	0.16	0.84	0.54	0.22	0.19	0.33	0.22	1.47	0.24	0.46	0.01	0.28	0.38	0.1	0.25	0.25	0.48	0.09	0.23	0.2	0.4	0.03	0	0.23	0.52	0.44	0.4	0.07	0.42	0.09	0.31	0.03	0.09	0.31	0.04	0.21	0.09	0.63	0.44	0.22	0.54	0.21	0.24	0.21	0.36
0.06	0.91	0.22	0.19	0.05	0.49	0.06	0.17	0.49	0.17	0.06	0.96	0.46	0.56	0.55	0.04	0.45	1.45	0.95	0.45	0.19	0.06	0.34	0.44	1.44	0.17	0.44	0.2	0.23	0.44	0.43	0.03	0.19	0.05	0.18	0.02	0.17	0.17	0.41	0.44	0.19	0.41	0.7	0.08	0.21	0.4	0.17	0.18	0.49	0.08	0.49	0.05	0.49	0.07	0.18	0.07	0.58	0.38	0.19	0.97	0.18	0.46	0.46	0.46	0.05	0.02	0.45	0.16	0.2	0.18	0.45	0.06	0.05	0.44	0.5	0.43	0.08	0	0.47	1.8	0.52	0.42	0.17	0.16	0.42	0.3	0.01	0.03	0.41	0.16	0.05	0.41	0.41	0.17	0.2	0.18	0.4	0.19	0.4
0.2	0.33	0.34	0.74	0.23	0.21	0.2	0.61	0.43	1.12	0.53	0.42	0.32	0.37	0.42	0.15	0.73	0.52	0.26	0.66	0.32	0.21	0.43	0.19	0.53	0.31	0.32	0.33	0.55	0.53	0.38	0.93	0.33	0.23	0.47	0.13	0.32	0.36	0.2	0.22	0.34	0.21	0.34	0.22	0.2	0.23	0.54	0.33	0.02	0.44	0.34	1.23	0.32	0.25	0.32	0.2	0.44	0.54	0.52	0.23	0.95	0.21	0.32	0.65	0.19	0.49	0.66	0.2	0.66	0.66	0.66	0.48	0.23	0.57	0.6	0.22	0.22	0.14	0	0.31	0.31	0.36	0.48	0.48	0.37	0.48	0.13	0.49	0.22	0.32	0.79	0.21	0.49	0.52	0.33	0.5	0.6	0.34	2.5
0.12	0.97	0.27	0.44	0.12	0.46	0.46	0.05	0.03	1.97	0.12	1.95	0.02	0.05	0.34	0.44	0.44	0.2	0.44	0.03	0.1	0.15	0.43	0.42	0.14	0.05	0.06	0.07	0.13	0.41	0.11	0.53	0.17	0.24	0.46	0.19	0.4	0.2	0.11	0.15	0.4	0.11	0.04	0.4	0.38	0.12	0.57	0.06	0.33	0.45	0.48	0.2	2.03	0.16	0.01	0.11	0.05	0.04	0.15	0.11	0.04	0.96	0.46	0.22	0.14	0.54	0.07	0.44	0.07	0.44	0.3	1.34	0.43	0.27	0.03	0.14	0.15	0.92	0.42	0	0.03	1.01	0.41	0.18	0.4	0.5	0.6	0.18	0.11	0.49	0.13	0.34	0	0.59	0.07	0.04	0.48	0.7	0.67
0.13	0.04	0.08	0.17	0.14	0.53	0.12	0.05	0.02	1.94	0.14	12.8	0.04	0.03	0.35	0.61	0.22	0.5	0.34	0.16	0.34	0.5	0.2	0.16	0.2	0.03	0.06	0.07	0.52	0.08	0.4	0.16	0.4	0.13	0.05	0.2	0.03	0.07	0.1	0.21	0.05	0.4	0.23	0.16	0.34	0.14	0.23	0.95	0.49	0.13	0.21	0.6	0.04	0.18	0.03	0.11	0.29	0.04	0.16	0.12	0.03	0.49	0.4	0.23	0.7	0.53	0.06	0.13	0.07	0.06	0.05	0.5	0.2	0.4	0.04	0.14	0.25	0.22	0.31	0.03	0	0.15	0.47	0.17	0.48	0.12	0.19	0.15	0.12	0.01	0.14	0.32	0.41	0.35	0.07	0.41	0.47	0.41	0.21
0.03	0.13	0.19	0.17	0.09	0.9	0.03	0.46	0.14	2.81	0.41	2.98	0.51	0.25	0.21	0.19	0.16	0.56	0.2	0.46	0.16	0.17	0.3	0.04	0.04	0.58	0.16	0.16	0.22	0.32	0.03	0.03	0.45	0.09	0.15	0.12	0.67	0.17	0.04	0.02	0.15	0.02	0.47	0.43	0.04	0.08	0.33	0.15	0.57	0.47	0.15	0.04	0.54	0.05	0.25	0.06	0.16	0.47	0.03	0.04	0.53	0.14	0.15	0.27	0.03	0.06	0.57	0.24	0.19	0.16	0.18	0.04	0.08	0.47	0.13	0.03	0	0.04	0.22	0.17	0.18	0	0.16	0.1	0.22	0.06	0.34	0.2	0.04	0.97	0.04	0.16	0.47	0.4	0.17	0.14	0.18	0.14	0.2
0.12	0.1	0.11	0.32	0.46	0.49	0.12	0.06	0.04	1.66	0.12	5.15	0.03	0.06	0.69	0.21	0.08	0.21	0.35	0.33	0.32	0.49	0.21	0.5	0.14	0.42	0.4	0.07	0.5	0	0.12	0.9	0.4	0.13	0.08	0.19	0.03	0.4	0.5	0.15	0.05	0.13	0.4	0.12	0.49	0.44	0.3	0.06	0.33	0.5	0.4	0.22	0.04	0.2	0.51	0.11	0.06	0.16	0.16	0.13	0.04	0.41	0.06	0.51	0.15	0.91	0.26	0.28	0.71	0.19	0.41	0.41	0.13	0.28	0.09	0.35	0.42	0.17	0.67	0.01	0.42	0.15	0	0.42	0.29	0.13	0.42	0.26	0.11	0.04	0.42	0.3	0.28	0.36	0.08	0.64	0.07	0.42	0.28
0.47	0.19	0.21	0.21	0.06	0.23	0.41	0.21	0.44	1.54	0.41	7.61	0.22	0.18	0.18	0.33	0.31	0.42	0.43	0.34	0.42	0.43	0.21	0.08	0.07	0.17	0.64	0.21	0.24	0.19	0.08	0.03	0.44	0.05	0.19	0	0.19	0.53	0.08	0.25	0.22	0.09	0.54	0.1	0.22	0.46	0.44	0.19	0.14	0.44	0.19	0.44	0.18	0.1	0.19	0.38	0.64	0.34	0.38	0.09	0.44	0.15	0.44	0.44	0.05	0.01	0.22	0.07	0.64	0.45	0.2	0.08	0.06	0.1	0.26	0.45	0.09	0.1	0.45	0.18	0.17	0.05	0.31	0	0.2	0.1	0	0.24	0.96	0.18	0.16	0.12	0.26	0.88	0.25	0.21	0.23	0.44	0.15
0.21	0.54	0.44	0.63	0.15	0.48	0.44	0.28	0.61	1.85	0.21	3.31	0.28	0.29	0.43	0.53	0.29	0.43	0.41	0.33	0.47	0.22	0.27	0.24	0.2	0.47	0.57	0.47	0.3	0.47	0.21	0.47	0.47	0.57	0.52	0.25	0.47	0.25	0.97	0.23	0.27	0.47	0.27	0.25	0.36	0.15	0.34	0.28	0.39	0.14	0.48	0.48	0.26	0.48	0.4	0.21	0.28	0.56	0.23	1.08	0.27	0.49	0.28	0.06	0.51	0.16	0.54	0.21	0.3	0.29	0.26	0.49	0.22	0.35	0.49	0.27	0.23	0.49	0.37	0.57	0.29	0.55	0.28	0.9	0	0.52	0.25	0.17	0.22	0.6	0.14	0.36	0.28	0.9	0.49	0.6	0.58	0.27	0.4
0.03	0.11	0.21	0.46	0.1	0.31	0.12	0.12	0.46	1.4	0.03	6.21	0.47	0.69	0.23	0.08	0.15	0.27	0.58	0.12	0.15	0.03	0.48	0.48	0.05	0.13	0.16	0.55	0.49	0.49	0.03	0.38	0.49	0.49	0.14	0.49	0.13	0.14	0.03	0.03	0.21	0.01	0.4	0.04	0.6	0.11	0.4	0.24	0.3	0.01	0.13	0.09	0.51	0.06	0.6	0.04	0.13	0.39	0.41	0.04	0.12	0.91	0.13	0.39	0.26	0.07	0.19	0.42	0.15	0.42	0.12	0.05	0.52	0.19	0.12	0	0.04	0.42	0.43	0.42	0.12	0.41	0.14	0.09	0.28	0	0.1	0.39	0.03	0.63	0.33	0.73	0.13	0.44	0.29	0.14	0.92	0.44	0.55
0.08	0.98	0.47	0.21	0.06	0.24	0.08	0.19	0.47	1.25	0.08	7.59	0.19	0.17	0.54	0.12	0.21	0.18	0.17	1.02	0.18	0.08	0.47	0.09	0.68	0.2	0.2	0.22	0.26	0.48	0.08	0.03	0.21	0.48	0.17	0.01	0.49	0.49	0.27	0.09	0.36	0.09	0.19	0.27	0.32	0.06	0.21	0.22	0.29	0.4	0.99	0.49	0.19	0.09	0.57	0.08	0.2	0.45	0.03	0.09	0.21	1.45	0.21	0.19	0.13	0.01	0.52	0.38	0.23	0.4	0.19	0.09	0.06	0.31	0.19	0.1	0.09	0.01	0.13	0.41	0.19	0.08	0.19	0	0.34	0.1	0	0.05	0.09	0.42	0.08	0.99	0.28	0.15	0.23	0.21	0.21	0.2	0.16
0.04	0.15	0.48	0.2	0.13	0.27	0.04	0.2	0.66	1.81	0.28	1.9	0.46	0.16	0.46	0.42	0.96	0.46	0.21	0.16	0.18	0.08	0.46	0.04	0.33	0.14	0.46	0.18	0.22	0.19	0.07	0.09	0.16	0.03	0.15	0.04	0.16	1.16	0.05	0.06	0.46	0.08	0.39	0.09	0.05	0.46	0.31	0.46	0.18	0.09	0.54	0.08	0.18	0.09	0.19	0.07	0.17	0.17	0.21	0.09	0.16	0.25	0.57	0.15	0.06	0.05	0.53	0.05	0.28	0.46	0.18	0.25	0.09	0.15	0.18	0.08	0.07	0.03	0.17	0.17	0.15	0.5	0.53	0.08	0.77	0.09	0.04	0	0.24	0.15	0.48	0.21	0.38	0.99	0.54	0.48	0.59	0.17	0.34
0.02	0.11	0.16	0.13	0.1	0.31	0.02	0.11	0.34	1.62	0.02	7.63	0.11	0.11	0.22	0.4	0.13	0.26	0.22	0.09	0.19	0.04	0.44	0.41	0.13	0.11	0.14	0.28	0.17	0.12	0	0.04	0.14	0.36	0.46	0.08	0.15	0.1	0.02	0.04	0.12	0.03	0.14	0.01	0.04	0.36	0.16	0.13	0.51	0.01	0.09	0.41	0.11	0.06	0.12	0.01	0.12	0.42	0.04	0.01	0.11	0.01	0.41	0.16	0.04	0.09	0.13	0.46	0.52	0.14	0.11	0.04	0.17	0.42	0.1	0.42	0.04	0.07	0.36	0.11	0.14	0.42	0.61	0.08	0.22	0.03	0.09	0.42	0	0.11	0.03	0.42	0.12	0.45	0.43	0.41	0.39	0.12	0.23
0.49	0.02	0.09	0.05	0.49	0.26	0.19	0.03	0	1.59	0.11	2.36	0.04	0.56	0.35	0.22	0.19	0.46	0.35	0.47	0.06	0.13	0.25	0.13	0.14	0.99	0.04	0.22	0.09	0.34	0.49	0.14	0.03	0.12	0.06	0.17	0.27	0.33	0.16	0.21	0.4	0.11	0.4	0.16	0.4	0.12	0.21	0.03	0.4	0.19	0.17	0.37	0.02	0.16	0.04	0.09	0.03	0.03	0.41	0.1	0.02	0.13	0.04	0.21	0.15	0.18	0.05	0.11	0.05	0.04	0.42	0.14	0.12	0.45	0.42	0.12	0.2	0.92	0.42	0.04	0.01	0.62	0.04	0.17	0.27	0.12	1.08	0.43	0.1	0	0.73	0.43	0.16	0.34	0.05	0.03	0.44	0.03	0.54
0.02	0.13	0.17	0.49	0.28	0.3	0.03	0.19	0.12	1.24	0.03	4.73	0.49	1.2	0.24	0.43	0.19	0.24	0.6	0.16	0.4	0.1	0.34	1.1	0.02	0.12	0.16	0.4	0.5	0.33	0.03	0.05	0.14	0.02	0.16	0.08	0.15	0.51	0.19	0.09	0.15	0.42	0.15	0.34	0.01	0.08	0.4	0.19	0.21	0.43	0.13	0.08	0.16	0.07	0.73	0.26	0.15	0.15	0.05	0.43	0.43	0.03	0.16	0.12	0.04	0.07	0.15	0.03	0.16	0.44	0.16	0.13	0.01	0.44	0.13	0.05	0.09	0.44	0.54	0.13	0.44	0.04	0.14	0.07	0.14	0.04	0.08	0.04	0.03	0.14	0	0.55	0.45	0.65	0.16	0.15	0.49	0.45	0.27
0.19	0.29	0.34	0.37	0.47	0.18	0.19	0.5	0.31	0.92	0.5	8.05	0.48	0.28	0.48	0.48	0.48	0.09	0.05	0.48	0.33	0.19	0.17	0.58	0.18	0.47	0.32	0.34	0.47	0.31	0.2	0.14	0.4	0.17	0.46	0.12	0.97	0.3	0.27	0.21	0.48	0.48	0.31	0.58	0.35	0.48	0.3	0.34	0.26	0.17	0.43	0.15	0.29	0.63	0.3	0.48	0.68	0.47	0.14	0.2	0.3	0.48	0.7	0.3	0.47	0.47	0.32	0.4	0.53	0.45	0.47	0.18	0.17	0	0.97	0.21	0.21	0.43	0.22	0.48	0.47	0.24	0.47	0.97	0.36	0.43	0.42	0.42	0.2	0.31	0.43	0.01	0.29	0.93	0.32	0.63	0.83	0.31	1.83
0.12	0.2	0.1	0.44	0.13	0.94	0.44	0.05	0.03	1.85	0.13	2.5	0.02	0.1	0.34	0.52	0.07	0.47	0.34	0.18	0.08	0.46	0.2	0.14	0.14	0.38	0.06	0.07	0.46	0.39	0.47	0.16	0.26	0.39	0.07	0.51	0.03	0.03	0.11	0.15	0.22	0.12	0.48	0.48	0.33	0.13	0.48	0.68	0.33	0.98	0.03	0.48	0.04	0.16	0.01	0.93	0.05	0.04	0.37	0.48	0.33	0.9	0.06	0.45	0.49	0.18	0.22	0.49	0.07	0.06	0.04	0.14	0.5	0.27	0.34	0.13	0.15	0.4	0.31	0.29	0.03	0.19	0.01	0.18	0.7	0.13	0.33	0.18	0.2	0.4	0.13	0.3	0.4	0.5	0.07	0.43	0.07	0.05	0.5
0.43	0.64	0.4	0.63	0.22	0.83	0.5	0.44	0.32	0.54	0.22	14.1	0.43	0.5	0.5	0.17	0.36	0.06	0.05	0.35	0.8	0.4	0.31	0.61	0.41	0.52	0.36	0.71	0.39	0.34	0.23	0.49	0.62	0.52	0.32	0.15	0.34	0.42	0.22	0.41	1.43	0.93	0.43	0.25	0.25	0.43	0.94	0.6	1.04	0.59	0.74	0.18	0.95	0.44	0.44	0.23	0.34	0.55	0.45	0.45	0.55	0.33	0.35	0.95	0.45	0.45	0.45	0.22	0.38	0.35	0.96	0.23	0.22	0.03	0.46	0.23	0.22	0.16	0.97	0.47	0.37	0.47	1.05	0.15	0.41	0.23	0.15	0.22	0.48	0.48	0.48	0.03	0.34	0	0.36	0.48	0.48	0.48	0.45
0.14	0.04	0.1	0	0.43	0.35	0.52	0.49	0.05	1.1	0.14	1.4	0.07	0.4	0.4	0.23	0.03	0.4	0.51	0.05	0.41	0.17	0.41	0.16	0.19	0.08	0.02	0.41	0.51	0.08	0.13	0.18	0.28	0.16	0.07	0.42	0.05	0.18	0.13	0.52	0.05	0.14	0.69	0.34	0.43	0.16	0.23	0.27	0.37	0.43	0.05	0.24	0.38	0.54	0.08	0.44	0.05	0.25	0.4	0.13	0.44	0.13	0.1	0.23	0.45	0.19	0.03	0.75	0.03	0.06	0.05	0.45	0.16	0.45	0.06	0.17	0.96	0.49	0.56	0.76	0.07	0.2	0.24	0.22	0.77	0.18	0.21	0.47	0.14	0.05	0.38	0.32	0.48	0.37	0	0.05	0.01	0.68	0.22
0.49	0	0.09	0.45	0.53	0.26	0.45	0.52	0.02	0.99	0.13	1.17	0.04	0.04	0.37	0.22	0.05	0.42	0.23	0.02	0.06	0.14	0.19	0.52	0.15	0	0.16	0.43	0.1	0.05	0.43	0.17	0.03	0.14	0.04	0.45	0.02	0.02	0.18	0.44	0.02	0.13	0.02	0.13	0.44	0.14	0.21	0.03	0.33	0.75	0.18	0.28	0.01	0.45	0.05	0.1	0.22	0.02	0.15	0.11	0.03	0.45	0.03	0.21	0.17	0.45	0.04	0.11	0.05	0.04	0.03	0.47	0.46	0.48	0.4	0.34	0.22	0.48	0.32	0.35	0.04	0.17	0.35	0.19	0.48	0.48	0.19	0.18	0.35	0.03	0.99	0.32	0.04	0.32	0.05	0	0.4	0.02	0.35
0.14	0.04	0.1	0.01	0.46	0.24	0.16	0.05	0.17	0.72	0.15	0.69	0.15	0.43	0.38	0.23	0.04	0.5	0.62	0.31	0.44	0.21	0.65	0.45	0.16	0.45	0.2	0.65	0.17	0.08	0.45	0.56	0.05	0.46	0.07	0.21	0.04	0.46	0.13	0.23	0.05	0.46	0.04	0.46	0.41	0.47	0.46	0.15	0.76	0.12	0.05	1.07	0.04	0.19	0.08	0.47	0.05	0.04	0.19	0.14	0.06	0.4	0.02	0.23	0.56	0.48	0.04	0.78	0.03	0.06	0.05	0.48	0.17	0.48	0.06	0.16	0.48	0.53	0.33	0.07	0.06	0.18	0.07	0.48	0.29	0.15	0.7	0.18	0.15	0.26	0.17	0.4	0.4	0.68	0.01	0.05	0.01	0.04	0.41
0.11	0.02	0.1	0.08	0.16	0.42	0.5	0.03	0.03	2.27	0.18	2.61	0.42	0.04	0.36	0.21	0.05	0.43	0.33	0.02	0.35	0.43	0.32	0.47	0.14	0	0.03	0.25	0.43	0.4	0.13	0.83	0.03	0.5	0.44	0.2	0.02	0.02	0.44	0.22	0.01	0.44	0.01	0.12	0.44	0.14	0.33	0.74	0.34	0.12	0.04	0.44	0.37	0.18	0.05	0.21	0.03	0.01	0.46	0.2	0.03	0.38	0.03	0.21	0.65	0.18	0.04	0.12	0.05	0.04	0.03	0.16	0.16	0.28	0.03	0.11	0.23	0.55	0.33	0.04	0.04	0.16	0.05	0.18	0.66	0.46	0.19	0.16	0.12	0.03	0.41	0.31	0.05	0.59	0.05	0.06	0.04	0	0.48
0.22	0.24	1	0.49	0.5	0.89	0.5	0.6	0.46	1.36	0.46	6.33	0.27	0.48	0.25	0.49	0.56	0.49	0.04	0.18	0.38	0.22	0.53	0.49	0.49	0.21	0.25	0.23	0.43	0.28	0.23	0.41	0.46	0.33	0.52	0.4	0.18	0.18	0.31	0.42	0.41	0.42	0.19	0.42	0.92	0.53	0.34	0.43	0.3	0.22	0.45	0.64	0.44	0.43	0.28	0.35	0.2	0.18	1.25	0.75	0.2	0.44	0.2	0.45	0.2	0.53	0.22	0.23	0.56	0.46	0.18	0.22	0.23	0.09	0.66	0.24	0.24	0.54	0.68	0.27	0.4	0.98	0.68	0.59	0.4	0.25	0.49	0.52	0.59	0.49	0.5	0.09	0.36	0.12	2.49	0.46	0.56	0.19	0
