0	0.11	0.15	0.53	0.02	0.3	0	0.19	0.1	0.45	0.01	0.21	0.46	0.12	0.6	0.1	0.17	0.25	0.23	0.46	0.12	0.04	0.31	0.03	0.04	0.47	0.23	0.15	0.18	0.13	0.02	0.05	0.12	0.02	0.19	0.07	0.47	0.12	0.01	0.35	0.47	0.43	0.15	0.03	0.04	0.02	0.15	0.13	0.22	0.38	0.1	0.08	0.12	0.07	0.13	0.01	0.13	0.48	0.68	0.02	0.1	0.02	0.13	0.48	0.03	0.07	0.15	0	0.48	0.16	0.13	0.03	0.02	0.49	0.19	0.04	0.1	0.89	0.2	0.14	0.49	0.05	0.49	0.09	0.21	0.04	0.08	0.41	0.02	0.11	0.02	0.19	0.12	0.48	0.5	0.41	0.2	0.11	0.6
0.12	0	0.1	0.05	0.14	0.23	0.12	0.02	0.02	0.02	0.49	1.16	0.26	0.02	0.38	0.46	0.05	0.57	0.21	0.02	0.05	0.14	0.2	0.13	0.46	0.38	0.03	0.03	0.11	0.05	0.48	0.97	0.04	0.15	0.04	0.19	0.02	0.02	0.17	0.2	0.02	0.12	0.01	0.97	0.25	0.47	0.2	0.02	0.33	0.41	0.02	0.48	0.01	0.18	0.05	0.2	0.36	0.02	0.48	0.12	0.48	0.45	0.03	0.49	0.16	0.16	0.04	0.49	0.05	0.02	0.03	0.15	0.59	0.28	0.02	0.13	0.49	0.19	0.69	0.04	0.04	0.15	0.4	0.18	0.27	0.13	0.19	0.18	0.43	0.02	0.14	0.54	0.04	0.31	0.04	0	0.44	0.02	0.44
0.21	0.22	0	0.42	0.16	0.48	0.15	0.11	0.07	0.11	0.16	3.3	0.09	0.28	0.68	0.3	0.11	0.58	0.29	0.48	0.51	0.36	0.77	0.2	0.27	0.06	0.1	0.11	0.16	0.1	0.14	0.22	0.1	0.16	0.09	0.21	0.08	0.38	0.15	0.4	0.09	0.15	0.09	0.16	0.17	0.81	0.8	0.09	0.36	0.24	0.54	0.23	0.09	0.23	0.1	0.15	0.41	0.09	0.23	0.14	0.09	0.92	0.42	0.28	0.19	0.21	0.45	0.43	0.12	0.11	0.09	0.17	0.57	0.3	0.43	0.16	0.33	0.35	0.34	0.1	0.08	0.93	0.43	0.25	0.26	0.17	0.21	0.43	0.53	0.22	0.37	0.94	0.44	0.54	0.2	0.09	0.1	0.94	0.71
0.43	0.43	0.1	0	0.44	0.22	0.44	0.05	0.05	0.12	0.16	2.83	0.07	0.47	0.4	0.31	0.04	0.67	0.58	0.19	0.09	0.19	0.68	0.48	0.48	0.28	0.48	1.49	0.98	0.08	0.16	0.2	0.05	0.49	0.11	0.9	0.05	0.05	0.69	0.49	0.05	0.15	0.04	0.17	0.41	0.81	0.9	0.06	0.37	0.41	0.45	0.23	0.04	0.2	0.22	0.14	0.72	0.04	0.45	0.13	0.07	0.73	0.02	0.43	0.17	0.19	0.43	0.44	0.03	0.06	0.06	0.44	0.4	0.44	0.39	0.45	0.25	0.43	0.55	0.18	0.15	0.17	0.19	0.96	0.3	0.46	0.57	0.18	0.13	0.05	0.16	0.34	0.47	0.98	0.01	0.05	0.01	0.49	0.22
0.45	0.27	0.16	0.15	0	0.29	0.34	0.13	0.12	0.17	0.02	0.51	0.14	0.13	0.28	0.24	0.17	0.59	0.22	0.16	0.54	0.09	0.14	0.02	0.02	0.12	0.14	0.19	0.87	0.47	0.49	0.1	0.52	0	0.13	0.06	0.49	0.48	0.26	0.09	0.14	0.09	0.15	0.4	0.02	0.02	0.15	0.41	0.2	0.04	0.41	0.11	0.13	0.09	0.13	0.02	0.15	0.44	0.24	0.1	0.12	0.44	0.14	0.13	0.09	0.45	0.35	0.42	0.18	0.46	0.14	0.02	0.03	0.18	0.12	0.1	0.09	0.34	0.33	0.13	0.49	0.09	0.13	0.14	0.15	0.1	0.06	0.41	0.1	0.13	0.23	0.17	0.43	0.61	0.15	0.27	0.45	0.13	0.54
0.3	0.23	0.36	0.22	0.29	0	0.3	0.24	0.97	0.47	0.5	1.68	0.26	0.24	0.12	0.25	0.22	0.97	0.11	0.77	0.3	0.68	0.98	0.48	0.59	0.55	0.29	0.48	0.37	0.27	0.58	0.25	0.24	0.59	0.29	0.48	0.24	0.32	0.33	0.48	0.48	0.31	0.98	0.48	0.58	0.57	0.42	0.24	0.48	0.66	1.49	0.99	0.69	0.34	0.27	0.65	0.24	0.23	0.25	0.32	0.44	0.71	0.2	0.72	0.62	0.42	0.21	0.31	0.52	0.63	0.42	0.3	0.62	0.11	0.43	0.32	0.32	0.44	0.36	0.43	0.25	0.65	0.45	0.43	0.48	0.32	0.23	0.27	0.43	0.24	0.3	0.84	0.26	0.15	0.22	0.24	0.21	0.44	0.16
0	0.35	0.15	0.33	0.02	0.48	0	0.14	0.12	0.15	0.01	5.73	0.5	0.12	0.37	0.22	0.51	0.25	0.4	0.47	0.3	0.03	0.08	0.41	0.09	0.1	0.41	0.61	0.18	0.25	0.02	0.19	0.12	0.02	0.11	0.24	0.11	0.1	0.01	0.1	0.13	0.41	0.12	0.03	0.61	0.02	0.15	0.27	0.22	0.16	0.24	0.08	0.12	0.06	0.47	0.41	0.52	0.81	0.41	0.02	0.32	0.29	0.13	0.15	0.03	0.41	0.42	0.16	0.72	0.13	0.13	0.03	0.19	0.18	0.52	0.03	0.1	0.06	0.2	0.42	0.19	0.04	0.42	0.08	0.21	0.43	0.08	0.04	0.02	0.11	0.02	0.19	0.52	0.23	0.14	0.12	0.14	0.12	0.73
0.27	0.4	0.3	0.05	0.13	0.24	0.14	0	0.02	0	0.49	1.48	0.05	0.03	0.62	0.21	0.05	0.56	0.29	0.62	0.42	0.15	0.21	0.14	0.42	0.03	0.03	0.02	0.43	0.06	0.12	0.45	0.42	0.4	0.05	0.19	0.03	0.16	0.25	0.21	0.43	0.11	0.02	0.42	0.51	0.25	0.22	0.45	0.96	0.45	0.34	0.46	0.02	0.16	0.06	0.11	0	0.03	0.17	0.11	0.04	0.35	0.03	0.22	0.77	0.16	0.05	0.15	0.05	0.01	0.04	0.37	0.14	0.47	0.06	0.49	0.23	0.19	0.68	0.05	0.28	0.17	0.1	0.49	0.28	0.13	0.19	0.17	0.48	0.03	0.14	0.94	0.44	0.48	0.1	0.02	0.32	0.03	0.45
0.12	0.02	0.07	0.05	0.11	0.24	0.48	0.02	0	0.02	0.12	2.35	0.35	0.01	0.35	0.46	0.05	0.19	2.89	0.58	0.44	0.13	0.18	0.12	0.13	0.01	0.04	0.09	0.4	0.04	0.41	0.52	0.03	0.14	0.06	0.17	0.41	0.03	0.1	0.21	0.21	0.41	0.1	0.14	0.53	0.42	0.41	0.02	0.31	0.18	0.38	0.51	0.02	0.17	0.04	0.11	0.02	0.03	0.17	0.41	0.41	0.09	0.22	0.38	0.47	0.42	0.04	0.32	0.05	0.23	0.32	0.48	0.52	0.42	0.02	0.12	0.42	0.18	0.31	0.03	0.17	0.13	0.06	0.73	0.51	0.17	0.19	0.14	0.09	0.24	0.12	0.56	0.15	0.32	0.14	0.66	0.18	0.43	0.51
0.13	1.06	0.56	0.23	0.52	0.49	0.47	1.5	0.08	0	0.12	5.1	0.05	0.03	0.38	0.45	0.05	0.51	0.3	0.03	0.45	0.45	0.19	0.14	0.2	0.16	0.11	0.02	0.1	0.06	0.12	0.56	0.02	0.5	0.87	0.2	0.35	0.47	0.1	0.47	0.05	0.13	0.11	0.47	0.23	0.13	0.22	0.02	0.34	0.11	0.12	0.58	0.02	0.17	0.06	0.13	0.33	0.03	0.17	0.13	0.03	0.61	0.33	0.49	0.16	0.24	0.04	0.79	0.05	0.02	0.04	0.49	0.27	0.3	0.03	0.15	0.26	0.8	0.32	0.11	0.09	0.43	0.9	0.21	0.29	0.13	0.2	0.41	0.13	0.32	0.14	0.31	0.25	0.66	0.41	0.02	0.05	0.35	0.33
0.1	0.11	0.21	0.14	0.02	0.31	0.01	0.12	0.1	0.46	0	0.41	0.13	0.1	0.55	0.99	0.49	0.59	0.59	0.49	0.12	0.05	0.26	0.03	0.03	0.11	0.14	0.14	0.17	0.32	0.01	0.03	0.49	0.07	0.11	0.08	0.11	0.6	0.32	0.03	0.14	0.03	0.12	0.4	0.5	0.19	0.15	0.13	0.4	0.02	0.5	0.4	0.13	0.06	0.12	0.4	0.12	0.44	0.4	0.03	0.12	0.18	0.13	0.15	0.4	0.06	0.14	0.21	0.15	0.14	0.39	0.03	0.02	0.18	0.51	0.25	0.26	0.13	0.41	0.19	0.12	0.2	0.12	0.07	0.41	0.31	0.08	0.16	0.02	0.51	0.03	0.41	0.41	0.51	0.16	0.13	0.34	0.13	0.41
2.96	1.16	0.97	1.07	0.49	1.25	1.85	1.69	3.69	0.33	2	0	5.07	8.5	0.65	3.66	4.1	0.27	2.08	12.5	0.49	2.94	4.54	0.4	5.82	1.94	4.35	0.61	1.9	3.63	1.73	0.44	1.55	0.89	0.84	0.14	2.77	6.55	1.74	0.22	14.1	0.22	0.95	2.96	1.7	1.31	6.31	0.35	1.15	1.56	6.22	1.04	0.32	1.6	11.5	0.21	0.45	11.3	2.22	0.24	14	0.49	1.6	3.35	4.1	0.17	13.8	0.21	0.76	1.57	11.9	1.66	3.89	1.86	4.25	0.48	0.62	0.15	0.03	0.31	0.48	0.24	0.59	1.23	13	0.43	1.11	2.34	7.87	0.43	13.3	0.95	7.69	6.12	0.34	0.6	1.21	6.4	1.49
0.11	0.16	0.11	0.38	0.13	0.45	0.11	0.05	0.44	0.44	0.44	4.34	0	0.05	0.34	0.57	0.07	0.52	0.33	0.12	0.42	0.43	0.2	0.14	0.14	0.41	0.16	0.43	0.14	0.18	0.19	0.15	0.05	0.43	0.44	0.18	0.02	0.34	0.11	0.15	0.44	0.11	0.94	0.11	0.32	0.45	0.22	0.42	0.33	0.17	0.05	0.52	0.03	0.17	0.01	0.1	0.05	0.04	0.15	0.23	0.04	0.54	0.06	0.48	0.15	0.28	0.07	0.12	0.07	0.06	0.15	0.14	0.12	1	0.03	0.4	0.15	0.41	0.51	0	0.03	0.18	0.01	0.18	0.41	0.41	0.18	0.18	0.42	0.28	0.43	0.92	0.42	0.6	0.07	0.04	0.16	0.18	0.27
0.34	0.02	0.41	0.15	0.14	0.6	0.41	0.03	0.01	0.07	0.13	5.6	0.4	0	0.36	0.19	0.42	0.36	2.52	0.41	0.06	0.13	0.19	0.53	0.14	0.01	0.42	0.05	0.22	0.42	0.11	0.42	0.03	0.11	0.38	0.31	0.03	0.1	0.11	0.43	0.04	0.12	0.04	0.43	0.36	0.26	0.23	0.43	0.33	0.09	0.04	0.19	0.03	0.16	0.06	0.44	0.03	0.04	0.14	0.1	0.02	0.44	0.04	0.44	0.16	0.46	0.04	0.26	0.05	0.35	0.44	0.14	0.37	0.44	0.44	0.51	0.65	0.47	0.31	0.05	0.03	0.34	0.06	0.2	0.29	0.66	0.55	0.14	0.28	0.01	0.45	0.53	0.05	0.33	0.45	0.04	0.08	0.04	0.46
0.25	0.37	0.48	0.58	0.28	0.12	0.49	0.38	1	0.5	0.25	1.79	0.72	0.36	0	0.16	0.39	0.38	0.57	0.38	0.49	0.22	0.17	0.25	0.53	0.36	0.59	0.4	0.53	0.35	0.22	0.18	0.49	0.27	0.59	0.18	0.35	0.5	0.5	0.49	0.59	0.54	0.38	0.49	0.25	0.4	0.36	0.6	0.2	0.24	0.57	0.18	0.37	0.25	0.7	0.62	0.36	0.73	0.18	0.41	0.37	0.59	0.37	0.51	0.55	0.17	0.4	0.25	0.41	0.39	0.37	0.28	0.28	0.22	0.41	0.23	0.27	0.41	0.04	0.73	0.37	0.24	0.4	0.18	0.76	0.23	0.18	0.22	0.22	0.71	0.24	0.23	0.61	0.32	0.92	0.42	0.4	0.36	0.29
0.1	0.43	0.97	0.36	0.13	0.25	0.09	0.21	0.19	0.51	0.48	11.2	0.37	0.22	0.55	0	0.49	0.2	0.17	0.49	0.2	0.07	0.02	0.09	0.4	0.19	0.23	0.4	0.24	0.21	0.3	0.4	0.9	0.13	0.48	0.05	0.49	0.5	0.09	0.51	0.23	0.36	0.41	0.16	0.42	0.13	0.61	0.41	0.17	0.41	0.21	0.03	0.22	0.1	0.41	0.41	0.22	0.41	0.03	0.09	0.2	0.56	0.82	0.92	0.25	0.01	0.52	0.09	0.37	0.22	0.43	0.18	0.36	0.13	0.21	0.64	0.11	0.03	0.15	0.21	0.21	0.04	0.21	0.02	0.27	0.44	0.03	0.21	0.08	0.45	0.09	0.14	0.3	0.36	0.24	0.49	0.46	0.22	0.18
0.14	0.04	0.11	0.04	0.15	0.22	0.49	0.05	0.05	0.05	0.16	5.97	0.41	0.05	0.4	0.24	0	0.52	0.29	0.05	0.45	0.51	0.92	0.42	0.32	0.42	0.02	0.07	0.12	0.42	0.14	0.32	0.05	0.42	0.06	0.22	0.05	0.13	0.13	0.83	0.43	0.15	0.04	0.23	0.32	0.74	0.52	0.19	0.37	0.49	0.44	0.22	0.05	0.46	0.46	0.14	0.05	0.04	0.18	0.13	0.05	0.13	0.02	0.49	0.28	0.55	0.03	0.16	0.03	0.06	0.06	0.16	0.73	0.32	0.47	0.47	0.25	0.97	0.87	0.07	0.07	0.31	0.38	0.22	0.62	0.15	0.23	0.18	0.47	0.05	0.16	0.45	0.07	0.51	0.03	0.05	0.04	0.05	0.42
0.25	0.19	0.4	0.38	0.24	0.11	0.25	0.22	0.47	0.57	0.25	0.4	0.51	0.37	0.16	0.41	0.48	0	0.4	0.18	0.36	0.25	0.4	0.24	0.25	0.21	0.4	0.52	0.61	0.49	0.26	0.2	0.2	0.23	1.55	0.18	0.41	0.18	0.41	0.51	0.19	0.41	0.19	0.62	0.43	0.41	1.01	0.21	0.32	0.24	0.61	0.41	0.18	0.27	0.21	0.26	0.47	0.19	0.2	0.43	0.2	0.26	0.2	0.91	0.23	0.18	0.42	0.41	0.22	0.42	0.2	0.25	0.52	0.09	0.19	0.42	0.52	0.39	0.27	0.42	0.21	0.52	0.42	0.18	0.42	0.63	0.18	0.63	0.26	0.2	0.24	0.09	0.2	0.06	0.22	0.43	0.6	0.2	0.25
0.22	0.21	0.29	0.29	0.22	0.11	0.23	0.31	0.42	0.29	0.22	1.79	0.8	0.37	0.51	0.16	0.3	0.2	0.4	0.25	0.46	0.24	0.19	0.33	0.59	0.67	0.28	0.31	0.71	0.66	0.23	0.19	0.3	0.42	0.34	0.3	0.31	0.94	0.24	0.24	0.4	0.22	0.49	0.24	0.24	0.24	0.35	0.3	0.32	0.23	0.57	0.17	0.25	0.22	0.58	0.24	0.31	0.26	0.2	0.23	0.34	0.33	0.28	0.71	0.52	0.18	0.29	0.23	0.31	0.3	0.24	0.44	0.25	0.12	0.33	0.23	0.23	0.18	0.55	2.08	0.35	0.58	0.34	0.2	0.53	0.44	0.53	1.06	0.22	0.34	0.23	0.05	0.65	0.06	0.32	0.57	0.28	0.23	0.5
0.47	0.02	0.08	0.47	0.13	0.47	0.12	0.33	0.47	0.03	0.12	1.62	0.03	0.04	0.65	0.42	0.44	0.53	0.23	0.01	0.4	0.26	0.19	0.15	0.17	0.93	0.03	0.05	0.09	0.04	0.12	0.17	0.04	0.14	0.04	0.18	0.01	0.01	0.43	0.23	0.02	0.12	0.02	0.44	0.14	0.16	0.44	0.35	0.33	0.08	0.66	0.19	0.37	0.44	0.04	0.44	0.03	0.02	0.17	0.44	0.03	1.24	0.03	0.24	0.17	0.44	0.14	0.44	0.05	0.44	0.01	0.15	0.44	0.26	0.44	0.11	0.44	0.54	0.44	0.03	0.04	0.44	0.42	0.18	0.43	0.12	0.19	0.43	0.09	0.03	0.13	0.33	0.04	0.48	0.05	0.02	0.43	0.02	0.46
0.11	0.05	0.97	0.1	0.16	0.3	0.47	0.42	0.06	0.06	0.12	1.87	0.08	0.46	0.38	0.37	0.08	0.46	0.46	0.37	0	0.17	0.46	0.15	0.15	0.05	0.06	0.06	0.47	0.1	0.52	0.15	0.06	0.16	0.01	0.52	0.06	0.45	0.47	0.18	0.06	0.14	0.47	0.12	0.31	0.17	0.27	0.06	0.78	0.13	0.08	0.2	1.18	0.18	0.1	0.14	0.05	0.06	0.48	0.13	0.07	0.13	0.41	0.27	0.48	0.19	0.07	0.12	0.49	0.71	0.08	0.16	0.15	0.49	0.06	0.18	0.18	0.19	0.32	2.37	0.06	0.5	0.09	0.5	0.44	0.41	0.4	1.06	0.5	0.06	0.28	0.31	0.09	0.33	0.09	0.41	0.09	0.06	0.36
0.03	0.17	0.47	0.18	0.16	0.3	0.03	0.37	0.48	0.47	0.03	13.8	0.15	0.47	0.97	0.07	0.42	0.25	0.21	0.16	0.42	0	0.47	0.42	0.04	0.42	0.15	0.18	0.39	0.42	0.17	0.2	0.15	0.43	0.61	0.07	0.16	0.52	0.04	0.03	0.16	0.02	0.43	0.07	0.05	0.09	0.16	0.18	0.43	0.03	0.15	0.07	0.17	0.43	0.43	0.68	0.42	0.45	0.43	0.64	0.22	0.05	0.44	0.16	0.03	1.06	0.18	0.27	0.54	0.16	0.17	0.05	0.98	0.2	0.14	0.03	0.03	0.06	0.22	0.43	0.15	0.02	0.21	0.43	0.22	0.04	0.43	0.08	0.44	0.15	0.35	0.74	0.15	0.23	0.4	0.15	0.54	0.15	0.58
0.27	0.99	0.19	0.22	0.49	0.49	0.14	0.2	0.18	0.21	0.07	3.87	0.21	0.21	0.5	0.02	0.23	0.4	0.4	0.21	1.01	0.08	0	0.09	0.09	0.41	0.2	0.41	0.25	0.26	0.08	0.27	0.41	0.51	0.17	0.04	0.35	0.19	0.42	0.06	0.2	0.43	0.21	0.42	0.11	0.92	0.53	0.3	0.43	0.06	0.72	0.12	0.22	0.11	0.41	0.42	0.22	0.21	0.05	0.42	0.21	0.83	0.23	0.43	0.23	0.03	0.23	0.08	0.43	0.53	0.45	0.09	0.31	0.43	0.94	0.08	0.06	0.05	0.54	0.21	0.54	0.05	0.21	0.32	0.44	0.09	0.04	0.11	0.44	0.2	0.45	0.44	0.28	0.18	0.22	0.19	0.55	0.19	0.19
0.21	0.16	0.49	0.16	0.01	0.3	0.03	0.17	0.25	0.14	0.03	0.77	0.27	0.12	0.25	0.46	0.18	0.46	0.23	0.17	0.43	0.05	0.39	0	0.03	0.97	0.15	0.19	0.21	0.15	0.35	0.05	0.14	0.01	0.14	0.47	0.14	0.39	0.04	0.09	0.26	0.13	0.14	0.31	0.01	0.02	0.41	0.39	0.21	0.04	0.15	0.13	0.15	0.07	0.14	0.04	0.17	0.14	0.41	0.33	0.16	0.04	0.16	0.42	0.42	0.07	0.49	0.03	0.3	0.42	0.52	0.21	0.14	0.29	0.17	0.05	0.42	0.14	0.38	0.21	0.16	0.22	0.43	0.08	0.25	0.05	0.44	0.17	0.44	0.64	0.01	0.44	0.14	0.44	0.44	0.64	0.48	0.43	0.27
0.03	0.13	0.19	0.48	0.02	0.49	0.03	0.49	0.14	0.97	0.03	0.73	0.36	0.43	0.25	0.09	0.33	0.25	0.58	0.52	0.15	0.05	0.21	0.02	0	0.49	0.16	0.59	0.21	0.18	0.08	0.05	0.16	0.49	0.14	0.07	0.13	0.4	0.4	0.1	0.16	0.04	0.17	0.07	0.03	0.9	0.14	0.16	0.6	0.18	0.35	0.09	0.51	0.11	0.14	0.03	0.14	0.41	0.05	0.41	0.91	0.41	0.16	0.14	0.35	0.07	0.42	0.03	0.18	0.42	0.18	0.04	0.12	0.19	0.15	0.43	0.09	0.06	0.49	0.77	0.14	0.43	0.14	0.12	0.32	0.05	0.44	0.29	0.04	0.13	0.02	0.44	0.44	0.23	0.18	0.14	0.19	0.44	0.23
0.46	0.4	0.06	0.4	0.13	0.24	0.12	0.09	0.01	0.03	0.47	0.35	0.05	0.01	0.79	0.59	0.07	0.69	0.34	0.04	0.07	0.13	0.18	0.5	0.44	0	0.27	0.12	0.08	0.41	0.12	0.54	0.03	0.69	0.18	0.2	0.03	0.04	0.1	0.22	0.04	0.48	0.03	0.14	0.54	0.11	0.49	0.42	0.31	0.39	0.5	0.41	0.03	0.16	0.24	0.11	0.03	0.03	0.4	0.5	0.09	0.11	0.4	0.22	0.13	0.16	0.05	0.12	0.4	0.04	0.4	0.39	0.15	0.28	0.33	0.15	0.2	0.41	0.32	0.05	0.03	0.15	0.41	0.22	0.29	0.41	0.19	0.16	0.12	0.02	0.14	0.31	0.05	0.35	0.08	0	0.08	0.08	0.24
0.13	0.25	0.1	0.45	0.15	0.2	0.65	0.04	0.17	0.03	0.49	5.8	0.28	0.04	0.76	0.32	0.02	1.16	0.66	0.05	0.06	0.15	0.23	0.15	0.15	0.04	0	0.06	0.11	0.24	0.13	0.19	0.04	0.14	0.05	0.47	0.03	0.48	0.42	0.97	0.03	0.14	0.36	0.18	0.67	0.47	0.22	0.15	0.98	0.47	0.24	0.2	0.02	0.19	0.06	0.11	0.03	0.03	0.16	0.13	0.04	0.59	0	0.22	0.17	0.17	0.13	0.13	0.29	0.05	0.04	0.16	0.5	0.7	0.08	0.16	0.22	0.21	0.32	0.4	0.09	0.18	0.45	0.61	0.28	0.54	0.21	0.18	0.13	0.32	0.16	0.41	0.06	0.61	0.02	0.03	0.42	0.03	0.57
0.46	0.05	0.45	0.45	0.45	0.62	0.14	0.02	0.65	0.02	0.53	2.84	0.42	0.43	0.4	0.23	0.07	0.42	0.31	0.09	0.08	0.38	0.23	0.53	0.16	0.05	0.05	0	0.43	0.08	0.13	0.25	0.02	0.43	0.92	0.21	0.05	0.13	0.14	0.43	0.05	0.19	0.44	0.53	0.6	0.17	0.24	0.04	0.53	0.43	0.06	0.21	0.04	0.25	0.08	0.54	0.02	0.05	0.44	0.15	0.05	0.54	0.44	0.24	0.2	0.18	0.07	0.44	0.07	0.39	0.06	0.17	0.15	0.32	0.06	0.16	0.23	0.44	0.34	0.11	0.64	0.18	0.44	0.2	0.3	0.14	0.44	0.18	0.26	0.05	0.17	0.44	0.22	0.37	0.07	0.05	0.14	0.05	0.51
0.17	0.23	0.15	0.13	0.18	0.3	0.47	0.1	0.38	0.1	0.17	1.53	0.12	0.11	0.38	0.25	0.12	0.39	0.53	0.21	0.13	0.51	0.52	0.21	0.64	0.43	0.25	0.21	0	0.43	0.27	0.22	0.12	0.2	0.39	0.63	0.09	0.16	0.48	0.43	0.1	0.16	0.11	0.43	0.43	0.57	0.34	0.1	0.38	0.43	0.18	0.23	0.09	0.73	0.33	0.36	0.09	0.43	0.45	0.16	0.43	0.73	0.43	0.32	0.54	0.24	0.12	0.56	0.13	0.11	0.43	0.19	0.18	0.35	0.1	0.43	0.24	0.51	0.39	0.43	0.44	0.24	0.13	0.43	0.3	0.44	0.64	0.22	0.17	0.09	0.23	0.44	0.13	0.42	0.13	0.1	0.43	0.13	0.54
0.13	0.05	0.1	0.47	0.14	0.67	0.45	0.06	0.57	0.06	0.12	5.96	0.01	0.06	0.44	0.45	0.08	0.21	0.34	0.04	0.1	0.16	0.22	0.14	0.65	0.06	0.75	0.45	0.13	0	0.12	0.17	0.06	0.14	0.09	0.19	0.03	0.04	0.12	0.53	0.05	0.13	0.46	0.12	0.15	0.26	0.35	0.32	0.58	0.2	0.1	0.21	0.04	0.17	0.21	0.12	0.06	0.05	0.17	0.14	0.05	0.35	0.07	0.7	0.5	0.19	0.6	0.23	0.08	0.4	0.05	0.15	0.94	0.29	0.4	0.39	0.16	0.19	0.41	0.01	0.04	0.15	0.17	0.81	0.41	0.15	0.19	0.19	0.12	0.05	0.41	0.58	0.01	0.43	0.42	0.05	0.08	0.05	0.42
0.02	0.49	0.23	0.42	0.15	0.49	0.02	0.12	0.25	0.13	0.01	1.66	0.11	0.46	0.22	0.25	0.15	0.26	0.23	0.37	0.46	0.04	0.2	0.03	0.04	0.11	0.23	0.14	0.48	0.47	0	0.24	0.12	0.09	0.38	0.44	0.23	0.11	0.01	0.04	0.1	0.4	0.11	0.01	0.43	0.24	0.15	0.13	0.41	0.2	0.09	0.08	0.11	0.45	0.11	0.01	0.12	0.11	0.14	0.01	0.11	0.22	0.45	0.15	0.04	0.07	0.14	0.02	0.4	0.12	0.1	0.04	0.11	0.19	0.1	0.03	0.04	0.41	0.22	0.11	0.54	0.03	0.44	0.36	0.21	0.03	0.43	0.08	0.1	0.09	0.08	0.19	0.31	0.23	0.22	0.72	0.14	0.1	0.45
0.04	0.15	0.22	0.49	0.49	0.25	0.04	0.18	0.49	0.49	0.25	3.76	0.27	0.49	0.49	0.13	0.19	0.2	0.19	0.15	0.15	0.04	0.43	0.49	0.05	0.14	0.16	0.49	0.49	0.31	0.21	0	0.49	0.49	0.15	0.03	0.99	0.23	0.3	0.18	0.16	0.5	0.4	0.07	0.06	0.23	0.46	0.16	0.17	0.31	0.17	0.04	0.41	0.06	0.52	0.05	0.18	0.23	0	0.05	0.42	0.26	0.43	0.17	0.04	0.43	0.17	0.2	0.63	0.43	0.16	0.05	0.38	0.43	0.16	0.08	0.04	0.03	0.17	0.5	0.53	0.09	0.16	0.03	0.43	0.42	0.1	0.09	0.05	0.14	0.05	0.14	0.16	0.18	0.18	0.37	0.45	0.56	0.18
0.45	0.02	0.11	0.05	0.15	0.24	0.12	0.37	0.02	0.01	0.14	0.8	0.05	0.03	0.59	0.22	0.05	0.2	0.4	0.4	0.06	0.16	0.2	0.5	0.15	0.03	0.04	0.02	0.48	0.06	0.11	0.79	0	0.13	0.05	0.19	0.43	1.11	0.11	0.49	0.04	0.31	0.03	0.42	0.51	0.41	0.41	0.02	0.33	0.11	0.04	0.21	0.02	0.51	0.06	0.12	0.01	0.27	0.16	0.41	0.04	0.72	0.04	0.41	0.16	0.91	0.41	0.14	0.05	0	0.04	0.74	0.15	0.61	0.41	0.13	0.32	0.19	0.41	0.05	0.05	0.48	0.36	0.22	0.28	0.91	0.5	0.16	0.11	0.03	0.42	0.32	0.45	0.35	0.6	0.03	0.73	0.03	0.42
0.02	0.15	0.48	0.15	0.32	0.29	0.3	0.43	0.11	0.29	0.02	5.64	0.12	0.14	0.28	0.28	0.15	0.63	0.22	0.44	0.15	0.09	0.37	0.01	0.33	0.93	0.15	0.16	0.2	0.5	0.09	0.1	0.13	0	0.12	0.09	0.12	0.54	0.02	0.09	0.13	0.08	0.54	0.04	0.64	0.02	0.14	0.94	0.44	0.02	0.12	0.54	0.12	0.44	0.13	0.02	0.14	0.4	0.49	0.16	0.44	0.54	0.44	0.42	0.06	0.06	0.45	0.02	0.15	0.15	0.45	0.01	0.19	0.45	0.12	0.12	0.09	0.05	1	0.45	0.13	0.09	0.13	0.05	0.19	0.45	0.06	0.03	0.1	0.12	0.01	0.76	0.13	0.76	0.95	0.45	0.45	0.13	0.23
0.14	0.39	0.26	0.08	0.13	0.47	0.1	0.45	0.09	0.98	0.47	4.77	0.07	0.04	0.35	0.19	0.06	0.46	0.34	0.19	0.01	0.56	0.17	0.14	0.42	0.04	0.86	0.05	0.12	0.13	0.11	0.16	0.05	0.12	0	0.17	0.04	0.04	0.46	0.16	0.04	0.13	0.03	0.13	0.45	0.14	0.26	0.45	0.33	0.45	0.04	0.45	0.03	0.52	0.08	0.13	0.05	0.11	0.14	0.26	0.05	0.53	0.45	0.26	0.54	0.19	0.45	0.11	0.06	0.06	0.04	0.46	0.21	0.29	0.05	0.55	0.17	0.18	0.95	0.13	0.45	0.15	0.08	0.18	0.33	0.22	0.17	0.15	0.44	0.06	0.15	0.61	0.07	0.32	0.44	0.44	0.07	0.05	1.04
0.07	0.39	0.41	0.29	0.17	0.29	0.4	0.37	0.17	0.19	0.08	2.24	0.46	0.66	0.19	0.02	0.46	0.18	0.56	0.28	0.18	0.08	0.42	0.09	0.07	0.46	0.39	0.22	0.25	0.19	0.43	0.46	0.46	0.06	0.57	0	0.46	0.2	0.12	0.09	0.21	0.46	0.2	0.1	0.32	0.06	0.19	0.21	0.15	0.07	0.46	0.04	0.19	0.1	0.19	0.22	0.19	0.19	0.03	0.09	0.2	0.49	0.19	0.35	0.05	0.01	0.2	0.08	0.56	0.42	0.66	0.09	0.23	0.1	0.25	0.46	0.09	0.12	0.46	0.32	0.46	0.13	0.19	0	0.56	0.11	0.01	0.04	0.13	0.2	0.08	0.46	0.47	0.15	0.24	0.18	0.35	0.19	0.47
0.4	0.59	0.08	0.38	0.13	0.24	0.15	0.28	0.45	0.65	0.11	6.19	0.04	0.03	0.54	0.2	0.36	0.47	0.23	0.01	0.06	0.46	0.18	0.13	0.14	0.49	0.08	0.05	0.12	0.11	0.09	0.49	0.03	0.14	0.04	0.19	0	0.01	0.09	0.42	0.02	0.26	0.02	0.55	0.5	0.19	0.19	0.04	0.42	0.09	0	0.17	0.01	0.21	0.03	0.09	0.49	0.23	0.14	0.08	0.02	0.95	0.04	0.49	0.16	0.49	0.04	0.11	0.05	0.04	0.02	0.4	0.45	0.29	0.02	0.25	0.49	0.16	0.34	0.02	0.03	0.16	0.03	0.44	0.26	0.11	0.34	0.15	0.08	0.38	0.14	0.49	0.03	1	0.05	0.16	0.05	0.02	0.88
0.1	0.02	0.58	0.48	0.48	0.58	0.12	0.04	0.48	0.03	0.46	9.69	0.15	0.04	0.45	0.22	0.04	0.95	0.55	0.01	0.45	0.16	0.2	0.42	0.92	0.04	0.42	0.43	0.1	0.43	0.1	0.93	0.43	0.53	0.04	0.18	0.01	0.94	0.08	0.22	0.4	0.5	0.03	2.17	0.31	0.41	0.91	0.03	0.34	0.41	0.41	0.18	0.42	0.42	0.42	0.09	0.14	0.01	0.43	0.42	0.23	0.92	0.04	0.93	0.42	0.48	1.42	0.42	0.92	0.42	0.01	0.49	0.98	0.8	1.47	0.45	0.45	0.95	0.33	0.03	0.46	0.43	0.4	0.18	0.41	0.42	0.43	0.92	0.42	0.41	0.41	0.92	0.41	0.42	0.04	0.02	0.41	0.41	0.18
0.01	0.83	0.14	0.23	0.04	0.29	0.3	0.11	0.75	0.1	0.02	1.3	0.42	0.11	0.26	0.46	0.14	0.52	0.23	0.72	0.12	0.04	0.23	0.04	0.03	0.47	0.47	0.13	0.17	0.12	0.01	0.22	0.11	0.33	0.51	0.47	0.77	0.09	0	0.05	0.1	0.04	0.22	0	0.04	0.02	0.46	0.11	0.37	0.27	0.08	0.09	0.47	0.05	0.11	0.01	0.17	0.09	0.36	0.01	0.09	0.32	0.13	0.14	0.04	0.07	0.14	0.01	0.14	0.47	0.1	0.36	0.08	0.18	0.1	0.03	0.05	0.47	0.47	0.2	0.1	0.05	0.12	0.08	0.17	0.03	0.48	0.05	0.01	0.1	0.03	0.18	0.24	0.58	0.29	0.1	0.29	0.48	0.51
0.1	0.2	0.47	0.25	0.09	0.32	0.17	0.42	0.21	0.21	0.03	7.02	0.39	0.19	0.27	0.11	0.24	0.27	0.24	0.21	0.18	0.03	0.06	0.09	0.49	0.69	0.23	0.25	0.26	0.16	0.04	0.04	0.23	0.09	0.16	0.09	0.2	0.71	0.24	0	0.24	0.03	0.23	0.32	0.42	0.47	0.23	0.5	0.42	0.04	0.55	0.32	0.32	0.42	0.18	0.05	0.21	0.22	0.04	0.04	0.23	0.39	0.23	0.44	0.01	0.05	0.23	0.1	0.23	0.22	0.46	0.09	0.46	0.2	0.48	0.03	0	0.45	0.21	0.15	0.23	0.61	0.16	0.11	0.23	0.03	0.5	0.26	0.04	0.21	0.09	0.56	0.52	1.05	0.25	0.22	0.41	0.23	0.24
0.13	0.02	0.36	0.05	0.15	0.24	0.13	0.27	0.38	0.03	0.13	1.99	0.23	0.04	0.38	1.02	0.22	0.19	0.59	0.25	0.06	0.48	0.58	0.16	1.1	0.34	0.03	0.37	0.42	0.42	0.24	0.16	0.03	0.15	0.04	0.34	0.03	0.31	0.09	0.21	0	0.11	0.27	0.12	0.15	0.32	0.47	0.15	0.35	0.1	0.47	0.18	0.01	0.48	0.05	0.1	0.03	0.48	0.17	0.1	0.04	0.2	0.1	0.21	0.16	0.16	0.04	0.49	0.05	0.04	0.03	0.17	0.49	0.57	0.03	0.11	0.21	0.2	0.62	0.33	0.36	0.16	0.05	0.99	0.27	0.11	0.59	0.17	0.11	0.03	0.29	0.3	0.33	0.36	0.32	0.83	0.4	0.01	0.19
0.35	0.12	0.15	0.16	0.08	0.66	0.48	0.12	0.1	0.12	0.02	2.23	0.12	0.12	0.22	0.4	0.5	0.9	0.4	0.29	0.16	0.02	0.2	0.4	0.04	0.27	0.4	0.14	0.18	0.13	0.18	0.4	0.13	0.4	0.13	0.4	0.36	0.18	0.03	0.4	0.12	0	0.13	0.06	0.16	0.48	0.54	0.12	0.62	0.02	0.1	0.08	0.1	0.08	0.31	0.04	0.13	0.11	0.14	0.04	0.44	0.43	0.13	0.18	0.42	1.45	0.2	0.03	0.15	0.12	0.53	0.04	0.4	0.53	0.11	0.01	0.03	0.07	0.21	0.43	0.12	0.02	0.12	0.09	0.28	0.01	0.43	0.08	0.08	0.43	0.3	0.94	0.44	0.54	0.14	0.12	0.15	0.12	0.49
0.13	0.01	0.09	0.05	0.13	0.23	0.14	0.03	0.03	0.38	0.13	3.07	0.04	0.18	0.37	0.21	0.05	0.51	1.39	0.49	0.33	0.2	0.21	0.14	0.4	0.08	0.03	0.05	0.39	0.36	0.11	0.49	0.03	0.4	0.03	0.18	0.05	0.02	0.11	0.49	0.34	0.13	0	0.29	0.42	0.62	0.59	0.16	0.36	0.1	0.49	0.42	0	0.49	0.08	0.13	0.04	0.04	0.49	0.32	0.03	0.3	1.2	0.24	0.54	0.18	0.04	0.14	0.05	0.03	0.22	0.34	0.4	0.3	0.03	0.11	0.4	0.18	0.61	0.04	0.04	0.4	0.57	0.2	0.9	0.4	0.19	0.22	0.4	0.42	0.16	0.3	0.36	0.56	0.08	0.02	0.06	0.02	0.19
0.03	0.15	0.53	0.31	0.04	0.59	0.03	0.99	0.14	0.16	0.11	1.56	0.46	0.13	0.28	0.13	0.22	0.46	0.25	0.14	0.52	0.06	0.3	0.05	0.05	0.14	0.16	0.18	0.17	0.12	0.01	0.07	0.15	0.21	0.12	0.47	0.11	0.37	0	0.47	0.14	0.44	0.15	0	0.06	0.35	0.47	0.47	0.24	0.02	0.48	0.1	0.13	0.09	0.12	0.13	0.48	0.13	0.07	0.01	0.21	0.19	0.48	0.18	0.48	0.23	0.16	0.03	0.48	0.17	0.12	0.44	0.15	0.19	0.34	0.04	0.12	0.08	0.22	0.1	0.16	0.06	0.11	0.3	0.23	0.24	0.11	0.09	0.01	0.13	0.49	0.87	0.11	0.25	0.49	0.12	0.27	0.49	0.25
0.03	0.15	0.51	0.97	0.02	0.97	0.37	0.15	0.97	0.55	0.04	6.12	0.45	0.95	0.25	0.09	0.46	0.25	0.23	0.47	0.46	0.05	0.1	0.01	0.05	0.46	0.46	0.96	0.19	0.15	0.04	0.06	0.16	0.01	0.14	0.96	0.13	0.46	0.08	0.1	0.45	0.04	0.29	0.06	0.01	0.55	0.29	0.44	0.94	0.05	0.53	0.53	0.44	0.43	0.15	0.42	0.14	0.92	0.31	0.42	0.13	1.63	0.15	0.42	0.05	0.43	0.43	0.03	0.43	0.43	0.52	0	0.73	0.44	0.42	0.42	0.42	0.42	0.2	0.42	0.15	0.41	0.41	0.08	0.42	0.41	0.41	0.42	0.04	0.91	0.01	0.51	0.91	0.42	0.25	0.14	0.91	0.41	0.41
0.03	0.59	0.49	0.51	0	0.68	0.06	0.17	0.5	0.13	0.7	4.49	0.12	0.41	0.36	0.41	0.24	0.39	0.48	0.71	0.81	0.41	0.77	0.4	0.04	0.13	0.92	0.41	0.19	0.47	0.68	0.41	0.15	0.39	0.14	0.14	0.41	0.29	0.04	0.09	0.16	0.08	0.14	0.06	0.01	0	0.52	0.72	0.2	0.03	0.3	0.42	0.14	0.09	0.13	0.92	0.93	0.61	0.42	0.39	0.92	0.03	0.14	0.14	0.09	0.22	0.42	0.02	0.53	0.53	0.14	0.02	0.03	0.43	0.12	0.45	0.11	0.44	0.25	0.15	0.15	0.44	0.43	0.09	0.55	0.1	0.34	0.09	0.44	0.14	0.44	0.17	0.39	0.25	0.35	0.42	0.44	0.44	1.02
0.15	0.23	0.31	0.23	0.41	0.42	0.53	0.57	0.21	0.28	0.15	5.31	0.22	0.49	0.49	0.21	0.23	0.36	2.7	0.51	0.9	0.24	0.5	0.16	0.52	0.6	0.5	0.24	0.63	0.4	0.49	0.5	0.57	0.13	0.5	0.4	0.4	0.19	0.49	0.23	0.4	0.51	0.43	0.17	0.41	0.87	0	0.49	0.91	0.41	0.2	0.47	0.35	0.41	0.22	0.41	0.46	0.2	0.17	0.16	0.21	0.45	0.22	0.01	0.18	0.28	0.42	0.42	0.23	0.23	0.2	0.42	0.2	0.36	0.53	0.21	0.23	0.18	0.63	0.5	0.23	0.43	0.22	0.2	0.07	0.22	0.44	0.94	0.16	0.44	0.15	0.3	0.22	0.35	0.23	0.45	0.3	0.25	0.62
0.66	0.02	0.32	0.29	0.48	0.24	0.47	0.4	0.02	0.47	0.48	10	0.05	0.04	0.37	0.72	0.42	0.52	0.43	0.43	0.43	0.15	0.4	0.15	0.43	0.16	0.64	0.93	0.1	1.34	0.11	0.16	0.01	0.13	0.05	0.21	0.04	0.1	0.35	0.62	0.04	0.12	0.03	0.15	0.16	0.95	0.22	0	0.35	0.12	0.04	0.22	0.03	0.18	0.06	0.47	0.01	0.38	0.16	0.44	0.97	0.23	0.04	0.22	0.15	0.16	0.05	0.51	0.45	0.02	0.34	0.16	0.49	0.59	0.42	0.49	0.22	0.19	0.34	0.5	0.05	0.15	0.06	0.91	0.61	0.13	0.2	0.41	0.18	0.03	0.51	0.32	0.42	0.43	0.06	0.03	0.37	0.92	0.23
0.24	0.34	0.47	0.46	0.2	0.37	0.22	0.34	0.96	0.46	0.22	1.66	0.9	0.4	0.06	0.4	0.35	0.4	0.32	1.1	0.7	0.33	0.38	0.4	0.21	0.33	0.35	0.36	0.91	0.4	0.62	0.17	0.41	0.2	0.95	0.15	0.32	0.32	0.22	0.24	0.46	0.23	0.34	0.4	0.26	0.44	0.4	0.54	0	0.22	0.64	0.18	0.4	0.26	0.33	0.3	0.36	0.4	0.17	0.23	0.32	0.23	0.93	0.33	0.19	0.52	0.43	0.22	0.37	0.36	0.35	0.3	0.94	0.44	0.51	0.25	0.58	0.48	0.06	0.44	0.41	0.19	0.68	0.14	0.44	0.24	0.15	0.18	0.64	0.34	0.39	0.58	0.55	0.29	0.37	0.42	0.73	0.34	0.3
0.03	0.41	0.14	0.47	0.06	0.43	0.02	0.48	0.18	0.15	0.02	7.27	0.18	0.09	0.23	0.1	0.12	1.95	0.47	0.2	0.13	0.03	0.05	0.38	0.04	0.48	0.1	0.5	0.58	0.19	0.19	0.05	0.48	0.06	0.67	0.07	0.09	0.48	0.01	0.04	0.49	0.01	0.49	0.02	0.59	0.42	0.18	0.12	0.5	0	0.1	0.07	0.4	0.06	0.42	0.01	0.11	0.09	0.05	0.02	0.11	0.02	0.4	0.18	0.04	0.41	0.11	0.02	0.14	0.12	0.1	0.04	0.12	0.2	0.1	0.02	0.04	0.08	0.43	0.18	0.44	0.15	0.19	0.07	0.14	0.01	0.25	0.09	0.09	0.18	0.04	0.42	0.65	0.5	0.13	0.66	0.46	0.18	0.22
0.41	0.49	0.08	0.05	0.48	0.68	0.47	0.04	0.02	0.04	0.46	2.64	0.45	0.04	0.64	0.94	0.08	0.43	0.26	0.01	0.06	0.43	0.2	0.19	0.93	0.03	0.04	0.43	0.1	0.42	0.41	0.41	0.41	0.51	0.12	0.18	0.41	0.81	0.41	0.23	0.02	0.41	0.39	0.4	0.61	0.48	0.2	0.04	0.57	0.09	0.03	0.22	0.01	0.44	0.43	0.1	0.05	0.07	0.23	0.43	0.42	0.34	0.41	0.41	0.5	0.48	0.04	0.15	0.98	0.48	0.07	0.47	0.12	0.47	0.02	0.1	0.47	0.52	0.32	0.03	0.04	0.15	0.24	0.46	0.26	0.13	0.47	0.15	0.46	0.46	0.14	0.46	0.47	0.96	0.05	0.46	0.15	0.58	0.18
0.08	0.44	0.22	0.23	0.11	0.25	0.4	0.2	0.22	0.2	0.07	5.24	0.49	0.59	0.18	0.4	0.21	0.58	0.17	0.18	0.22	0.07	0.01	0.87	0.09	0.49	0.21	0.22	0.23	0.22	0.08	0.4	0.19	0.13	0.49	0.26	0.41	0.23	0.09	0.05	0.42	0.08	0.51	0.1	0.41	0.31	0.2	0.31	0.18	0.07	0.27	0	0.72	0.1	0.54	0.39	0.19	0.17	0.04	0.1	0.72	0.47	0.2	0.2	0.34	0.03	0.22	0.43	0.24	0.23	0.43	0.09	0.23	0.14	0.51	0.43	0.69	0.2	0.27	0.44	0.36	0.05	0.21	0.27	0.26	0.44	0.04	0.08	0.08	0.21	0.08	0.15	0.21	0.18	0.21	0.45	0.24	0.2	0.45
0.12	0.01	0.09	0.35	0.16	0.22	0.12	0.02	0.02	0.19	0.15	0.81	0.03	0.03	1.07	0.57	0.04	0.18	0.47	0.02	0.05	0.17	0.39	0.14	0.15	0.04	0.02	0.04	0.47	0.05	0.45	0.29	0.03	0.41	0.03	0.58	0.01	0.11	0.1	0.2	0.03	0.12	0.02	0.15	0.15	0.14	0.2	0.03	0.69	0.09	0.02	1.18	0	0.15	0.04	0.12	0.02	0.18	0.4	0.12	0.03	0.11	0.02	0.2	0.36	0.42	0.03	0.12	0.04	0.03	0.02	0.14	0.44	0.26	0.19	0.11	0.2	0.55	0.32	0.4	0.04	0.18	0.46	0.19	0.31	0.11	0.18	0.17	0.14	0.02	0.51	0.3	0.25	0.33	0.04	0.01	0.41	0.01	0.18
0.05	0.15	0.49	0.9	0.4	0.35	0.06	0.39	0.18	0.17	0.1	6.21	0.17	0.17	0.27	0.11	0.19	0.27	0.24	0.15	0.42	0.1	0.13	0.43	0.25	0.16	0.18	0.94	0.22	0.2	0.06	0.43	0.46	0.4	0.17	0.09	0.15	0.47	0.22	0.07	0.42	0.16	0.17	0.42	0.26	0.26	0.18	0.19	0.27	0.05	0.25	0.12	0.18	0	0.18	0.48	0.24	0.15	0.13	0.06	0.15	0.31	0.18	0.5	0.07	0.34	0.54	0.07	0.57	0.74	0.16	0.09	0.07	0.24	0.46	0.08	0.06	0.09	0.26	0.18	0.17	0.06	0.17	0.53	0.49	0.07	0.09	0.64	0.05	0.16	0.06	0.24	0.17	0.25	0.2	0.38	0.49	0.36	0.27
0.46	0.12	0.46	0.3	0.48	0.46	0.13	0.06	0.04	0.06	0.12	0.41	0.01	0.06	0.35	0.58	0.45	0.48	0.34	0.04	0.48	0.15	0.71	0.17	0.14	0.05	0.48	0.07	0.13	0.16	0.48	0.16	0.06	0.13	0.42	0.19	0.03	0.48	0.37	0.16	0.05	0.12	0.05	0.11	0.9	0.18	0.48	0.2	0.33	0.19	0.26	0.21	0.04	0.48	0	0.12	0.06	0.05	0.16	0.13	0.27	0.33	0.06	0.5	0.47	0.18	0.08	0.5	0.08	0.07	0.05	0.17	0.43	0.52	0.12	0.14	0.16	0.41	0.72	0.31	0.03	0.16	0.41	0.18	0.43	0.14	0.42	0.33	0.12	0.04	0.14	0.43	0.01	0.6	0.08	0.05	0.07	0.05	0.62
0.02	0.11	0.14	0.13	0.02	0.31	0.02	0.12	0.1	0.48	0.02	2.98	0.14	0.13	0.49	0.1	0.15	0.25	0.25	0.35	0.5	0.71	0.4	0.08	0.03	0.22	0.41	0.14	0.17	0.11	0.41	0.06	0.11	0.02	0.64	0.08	0.08	0.41	0	0.41	0.4	0.41	0.11	0	0.31	0.02	0.15	0.13	0.22	0.42	0.4	0.42	1.49	0.42	0.11	0	0.12	0.12	0.1	0.02	0.12	0.41	0.41	0.15	0.04	0.07	0.12	0.01	0.26	0.41	0.1	0.03	0.45	0.42	0.09	0.04	0.05	0.43	0.21	0.11	0.12	0.04	0.52	0.45	0.21	0.42	0.08	0.07	0.01	0.09	0.43	0.93	0.4	0.33	0.14	0.44	0.12	0.1	1.06
0.35	0.02	0.11	0.24	0.49	0.24	0.15	0	0.02	0.04	0.12	4.98	0.05	0.03	0.43	0.45	0.05	0.2	0.31	0.03	0.05	0.44	0.2	0.44	0.16	0.03	0.03	0.03	0.1	0.06	0.11	0.17	0.01	0.14	0.05	0.2	0.07	0.11	0.1	0.21	0.26	0.14	0.03	0.14	0.38	0.64	0.42	0.44	0.33	0.11	0.44	0.19	0.02	0.49	0.13	0.54	0	0.03	0.54	0.12	0.03	0.33	0.03	0.44	0.16	0.16	0.05	0.12	0.05	0.02	0.04	0.16	0.21	0.28	0.03	0.14	0.44	0.32	0.32	0.44	0.05	0.27	0.06	0.44	0.4	0.12	0.44	0.16	0.12	0.03	0.15	0.48	0.05	0.35	0.05	0.02	0.45	0.03	0.21
0.11	0.02	0.09	0.04	0.13	0.23	0.45	0.03	0.03	0.03	0.12	5.43	0.04	0.04	0.38	0.21	0.04	0.49	2.79	0.02	0.06	0.16	0.19	0.23	0.49	0.41	0.03	0.49	0.09	0.2	0.18	0.52	0.03	0.4	0.04	0.7	0.19	0.01	0.4	0.24	0.01	0.12	0.01	0.14	0.4	0.59	0.2	0.03	0.33	0.7	0.02	0.46	0.01	0.15	0.4	0.41	0.03	0	0.29	0.4	0.03	0.36	0.03	0.2	0.48	0.16	0.04	0.41	0.04	0.04	0.02	0.15	0.91	0.42	0.22	0.12	0.41	0.51	0.51	0.04	0.04	0.16	0.92	0.42	0.26	0.37	0.19	0.19	0.12	0.03	0.14	0.37	0.09	0.52	0.12	0.02	0.23	0.19	0.19
0.04	0.23	0.23	0.18	0.1	0.57	0.31	0.16	0.14	0.5	0.48	1.5	0.5	0.14	0.18	0.03	0.48	0.2	0.7	0.7	0.41	0.04	0.41	0.05	0.05	0.4	0.16	0.17	0.2	0.19	0.41	0	0.17	0.09	0.15	0.03	0.42	0.49	0.05	0.42	0.17	0.07	0.42	0.07	0.44	0.48	0.17	0.42	0.17	0.05	0.23	0.03	0.52	0.07	0.16	0.19	0.17	0.3	0	0.06	0.14	0.42	0.16	0.52	0.24	0.42	0.17	0.05	0.42	0.26	0.17	0.43	0.93	0.18	0.14	0.09	0.43	0.03	0.28	0.43	0.16	0.04	0.93	0.43	0.23	0.09	0.03	0.09	0.43	0.43	0.05	0.14	0.16	0.43	0.19	0.17	0.19	0.43	0.43
0.02	0.12	0.14	0.13	0.41	0.32	0.02	0.13	0.1	0.13	0.42	0.6	0.12	0.49	0.59	0.08	0.16	0.26	0.24	0.09	0.13	0.04	0.09	0.42	0.04	0.1	0.13	0.5	0.18	0.46	0.36	0.43	0.13	0.06	0.12	0.09	0.08	0.09	0	0.04	0.1	0.04	0.13	0.02	0.05	0.5	0.47	0.12	0.25	0.01	0.18	0.09	0.11	0.07	0.12	0.15	0.15	0.41	0.05	0.01	0.1	0.93	0.43	0.3	0.04	0.14	0.14	0.02	0.3	0.14	0.09	0.05	0.46	0.49	0.46	0.04	0.05	0.4	0.48	0.24	0.11	0.07	0.12	0.1	0.22	0.43	0.48	0.4	0.01	0.1	0.4	0.55	0.5	0.22	0.14	0.11	0.57	0.42	0.24
0.1	0.02	0.17	0.07	0.12	0.24	0.1	0.03	0.01	0.36	0.14	11.9	0.04	0.01	0.66	0.2	0.05	0.2	0.34	0.03	0.07	0.15	0.57	0.14	0.14	0.42	0.04	0.05	0.11	0.44	0.11	0.88	0.04	0.12	0.05	0.18	0.02	0.41	0.37	0.2	0.04	0.12	0.03	0.11	0.13	0.38	0.49	0.04	0.35	0.28	0.06	0.18	0.03	0.17	0.05	0.09	0.41	0.41	0.22	0.1	0	0.39	0.04	0.61	0.14	0.42	0.05	0.48	0.16	0.1	0.39	0.41	0.31	0.27	0.26	0.11	0.27	0.16	0.31	0.04	0.55	0.13	0.04	0.19	0.49	0.11	0.43	0.15	0.1	0.02	0.13	0.45	0.13	0.95	0.45	0.65	0.17	0.13	0.45
0.98	0.48	0.48	0.48	0.03	0.48	0.02	0.11	0.09	0.57	0.47	0.41	0.41	0.41	0.58	0.91	0.41	0.41	0.41	0.5	0.49	0.05	0.49	0.21	0.04	0.48	0.48	0.13	0.98	0.48	0.01	0.06	0.48	0.06	0.42	1.47	0.47	0.97	0	0.06	0.46	0.05	0.12	0	0.46	0.46	0.97	0.46	1.96	0.01	1.26	1.45	2.86	0.45	0.45	0	0.44	0.44	0.44	0.02	0.44	0.01	0.13	0.44	0.44	0.44	0.14	0.02	0.55	0.44	0.44	0.04	0.44	0.94	1.25	0.45	0.44	0.94	0.21	0.45	1.45	0.94	0.44	0.94	0.94	0.43	0.93	0.08	0.01	0.4	0.92	0.43	0.92	0.92	0.42	0.42	0.5	0.91	0.41
0.13	0.03	0.1	0.2	0.43	0.2	0.13	0.04	0.03	0.05	0.14	2.45	0.11	0.03	0.39	0.44	0.08	0.2	0.48	0.04	0.3	0.45	0.22	0.15	0.5	0.04	0	0.35	0.11	0.07	0.45	0.17	0.04	0.16	0.05	0.19	0.03	0.09	0.13	0.5	0.04	0.45	0.04	0.17	0.49	0.46	0.46	0.04	0.35	0.1	0.43	0.56	0.02	0.19	0.07	0.13	0.03	0.03	0.18	0.46	0.04	0.98	0	0.46	0.17	0.3	0.02	0.28	0.2	0.05	0.04	0.15	0.77	0.31	0.04	0.26	0.23	0.42	0.32	0.06	0.05	0.22	0.34	0.48	0.68	0.13	0.23	0.48	0.12	0.04	0.14	0.31	0.06	0.49	0.38	0.03	0.02	0.69	0.49
0.15	0.27	0.3	0.59	0.13	0.42	0.28	0.48	0.49	0.54	0.15	3.36	0.22	0.3	0.37	0.21	0.45	0.36	0.35	0.56	0.27	0.16	0.21	0.16	0.14	0.22	0.6	0.27	0.33	0.23	0.97	0.17	0.22	0.31	0.24	0.19	0.19	0.48	0.14	0.29	0.21	0.75	0.45	0.51	0.97	0.19	0.4	0.56	0.33	0.15	0.45	0.48	0.2	0.19	0.22	0.15	0.23	0.2	0.17	0.16	0.21	0.16	0.5	0	0.46	0.2	0.23	0.37	0.61	0.23	0.46	0.24	0.46	0.35	0.36	0.22	0.21	0.48	0.31	0.47	0.3	0.3	0.22	0.18	0.06	0.22	0.19	0.18	0.47	0.57	0.12	0.59	0.22	0.47	0.48	0.21	0.23	0.21	0.34
0.93	0.42	0.5	0.42	0.46	0.28	0.03	0.15	0.16	0.21	0.03	1.45	0.15	0.13	0.19	0.42	0.17	0.32	0.2	0.53	0.43	0.03	0.05	0.43	0.04	0.23	0.17	0.43	0.43	0.16	0.43	0.23	0.28	0.06	0.15	0.05	0.54	0.24	0.44	0.01	0.18	0.02	0.17	0.06	0.94	0.44	0.18	0.17	0.19	0.04	0.45	0.05	0.45	0.06	0.15	0.04	0.16	0.75	0.07	0.04	0.15	0.75	0.15	0.55	0	0.17	0.18	0.07	0.46	0.55	0.45	0.05	0.46	0.46	0.14	0.32	0.01	0.05	0.19	0.66	0.14	0.04	0.2	0.05	0.18	0.04	0.22	0.06	0.04	0.13	0.47	0.47	0.15	0.2	0.17	0.14	0.58	0.48	0.2
0.38	0.48	0.2	0.49	0.06	0.22	0.07	0.62	0.18	0.16	0.06	6.96	0.18	0.15	0.17	0.01	0.18	0.41	0.17	0.15	0.38	0.06	0.38	0.32	0.07	0.16	0.51	0.72	0.24	0.19	0.42	0.03	0.45	0.42	0.18	1.34	0.14	0.15	0.07	0.05	0.42	0.08	0.17	0.42	0.42	0.17	0.2	0.42	0.47	0.08	0.42	0.19	0.15	0.12	0.18	0.43	0.16	0.16	0.02	0.07	0.16	0.09	0.17	0.18	0.05	0	0.44	0.07	0.19	0.53	0.15	0.43	0.11	0.12	0.52	0.09	0.44	0.11	0.16	0.54	0.17	0.05	0.29	0.01	0.44	0.08	0.01	0.05	0.08	0.44	0.13	0.12	0.18	0.44	0.19	0.38	0.19	0.18	0.19
0.15	0.31	0.42	0.08	0.16	0.49	0.15	0.05	0.04	0.79	0.25	11.5	0.07	0.04	0.94	0.44	0.03	0.58	0.29	0.05	0.36	0.17	0.45	0.95	0.18	0.28	0.02	0.06	0.51	0.31	0.14	0.75	0.05	0.15	0.06	0.22	0.05	0.46	0.14	0.24	0.04	0.15	0.04	0.46	0.86	0.46	0.57	0.41	0.36	0.13	0.76	0.22	0.03	0.2	0.23	0.49	0.05	0.04	0.17	0.13	0.05	0.14	0.03	0.23	0.19	0.18	0	0.14	0.01	0.06	0.05	0.46	0.15	0.54	0.05	0.16	0.23	0.23	0.33	0.28	0.06	0.16	0.07	0.57	0.95	0.52	0.21	0.19	0.57	0.05	0.47	0.4	0.07	0.36	0.35	0.04	0.03	0.04	0.54
0	0.14	0.52	0.14	0.42	0.3	0	0.13	0.1	0.42	0.01	3.77	0.47	0.1	0.44	0.47	0.14	0.47	0.54	0.12	0.13	0.04	0.09	0.03	0.03	0.1	0.48	0.35	0.48	0.41	0.02	0.04	0.12	0.27	0.11	0.08	0.1	0.29	0.01	0.11	0.13	0.03	0.4	0.03	0.4	0.03	0.15	0.13	0.22	0.03	0.5	0.41	0.11	0.06	0.45	0.02	0.52	0.42	0.04	0.02	0.21	0.43	0.53	0.15	0.04	0.21	0.16	0	0.14	0.2	0.13	0.13	0.45	0.19	0.1	0.04	0.1	0.42	0.45	0.11	0.15	0.03	0.55	0.07	0.21	0.04	0.08	0.05	0.02	0.12	0.02	0.47	0.13	0.25	0.28	0.14	0.14	0.11	0.48
0.16	0.05	0.13	0.03	0.16	0.46	0.14	0.06	0.47	0.97	0.14	5.9	0.07	0.26	0.41	0.48	0.03	0.22	0.31	0.23	0.09	0.17	0.22	0.3	0.18	0.05	0.03	0.07	0.12	0.12	0.14	0.18	0.06	0.17	0.12	0.21	0.05	0.66	0.41	0.71	0.41	0.47	0.05	0.17	0.17	0.16	0.41	0.32	0.38	0.14	0.06	0.24	0.42	0.17	0.08	0.14	0.05	0.43	0.19	0.16	0.06	0.14	0.43	0.23	0.18	0.18	0.01	0.16	0	0.06	0.45	0.18	0.16	0.55	0.06	0.16	0.56	0.66	0.36	0.46	0.07	0.18	0.46	0.22	0.3	0.16	0.23	0.19	0.48	0.05	0.19	0.67	0.07	0.69	0.05	0.05	0.03	0.05	0.23
1	0.03	0.11	0.06	0.51	0.56	0.14	0.02	0.4	0.05	0.15	2.58	0.06	0.04	0.39	0.91	0.41	0.21	0.31	0.04	0.16	0.52	0.61	0.15	0.55	0.04	0.44	0.02	0.11	0.07	0.12	0.17	0.01	0.46	0.14	0.2	0.04	0.15	0.11	0.23	0.07	0.44	0.04	0.17	0.54	0.34	0.22	0.44	0.71	0.22	0.04	1.55	0.03	0.54	0.44	0.11	0.02	0.32	0.49	0.95	0.04	0.65	0.05	0.45	0.19	0.17	0.42	0.14	0.45	0	0.17	0.15	0.15	0.28	0.05	0.46	0.23	0.59	0.34	0.24	0.06	0.58	0.06	0.2	0.29	0.15	0.21	0.46	0.45	0.03	0.15	0.66	0.06	0.46	0.38	0.03	0.05	0.03	0.54
0.12	0.03	0.28	0.06	0.15	0.4	0.12	0.04	0.03	0.08	0.14	6.27	0.04	0.05	0.38	0.23	0.06	0.49	0.24	0.49	0.07	0.51	0.41	0.15	0.15	0.05	0.04	0.4	0.1	0.16	0.1	0.49	0.04	0.42	0.27	0.38	0.02	0.01	0.1	0.9	0.03	0.12	0.6	0.13	0.16	0.13	0.4	0.4	0.36	0.37	0.4	0.21	0.02	0.16	0.12	0.46	0.06	0.18	0.19	0.1	0.04	0.1	0.04	0.49	0.41	0.15	0.05	0.11	0.41	0.05	0	0.16	0.52	0.29	0.03	0.41	0.61	1.24	0.34	0.29	0.41	0.18	0.05	0.23	0.41	0.12	0.23	0.16	0.11	0.04	0.15	0.47	0.04	0.49	0.06	0.03	0.42	0.03	1.33
0.03	0.13	0.17	0.19	0.02	0.3	0.03	0.51	0.13	0.47	0.03	1.46	0.13	0.13	0.32	0.44	0.18	0.45	0.55	0.15	0.17	0.05	0.09	0.01	0.02	0.13	0.15	0.45	0.19	0.15	0.04	0.05	0.15	0.01	0.15	0.09	0.13	0.57	0.03	0.1	0.15	0.04	0.17	0.05	0	0.52	0.14	0.16	0.33	0.25	0.46	0.34	0.14	0.06	0.47	0.04	0.16	0.16	0.41	0.04	0.13	0.18	0.15	0.14	0.04	0.07	0.17	0.03	0.4	0.4	0.4	0	0.5	0.26	0.4	0.05	0.1	0.41	0.56	0.14	0.81	0.04	0.15	0.08	0.19	0.05	0.09	0.42	0.04	0.52	0.01	0.42	0.5	0.23	0.17	0.14	0.42	0.16	0.22
0.03	0.13	0.97	0.31	0.01	0.3	0.31	0.46	0.11	0.2	0.34	6.21	0.14	0.2	0.4	0.47	0.47	0.48	0.77	1.58	0.58	0.88	0.48	0.06	0.03	0.17	0.14	0.97	0.18	0.28	0.86	0.14	0.14	0	0.14	0.06	0.13	0.48	0.02	0.68	0.13	0.1	0.14	0.04	0.38	0.48	0.15	0.55	0.32	0.03	0.27	0.48	0.49	0.07	0.14	0.03	0.61	0.53	0.18	0.1	0.13	0.59	0.14	0.49	0.11	1.19	0.49	0.33	0.16	0.5	0.15	0.13	0	0.19	0.12	0.1	0.4	0.25	0.48	0.21	0.7	0.4	0.4	0.4	0.33	0.41	0.12	0.41	0.13	0.41	0.02	0.3	0.41	0.97	0.15	0.48	0.61	0.17	0.61
0.18	0.46	0.29	0.31	0.18	0.46	0.18	0.29	0.26	0.47	0.18	7	0.27	0.28	0.22	0.13	0.58	0.16	0.23	0.28	0.32	0.78	0.14	0.19	0.19	0.64	0.29	0.99	0.49	0.29	0.26	0.49	0.28	0.18	0.29	0.1	0.69	0.27	0.18	0.3	0.27	0.18	0.26	0.49	0.28	0.69	0.69	0.29	0.6	0.4	0.26	0.14	0.4	0.26	0.28	0.18	0.3	0.4	0.13	0.19	0.52	0.62	0.29	0.33	0.19	0.4	0.3	0.19	0.54	0.3	0.4	0.19	0.42	0	0.41	0.19	0.2	0.12	0.33	0.28	0.45	0.41	0.28	0.1	0.35	0.2	0.41	0.46	0.19	0.26	0.19	0.42	0.62	0.03	0.31	0.34	0.3	0.28	0.19
0.1	0.02	0.07	0.06	0.12	0.24	0.11	0.03	0.13	0.32	0.11	3.6	0.03	0.02	0.74	0.53	0.05	0.19	1.45	0.02	0.06	0.14	0.45	0.13	0.65	0.02	0.04	0.45	0.1	0.04	0.45	0.31	0.04	0.13	0.05	0.18	0.01	0.08	0.46	0.23	0.03	0.23	0.56	0.46	0.76	0.13	0.46	0.04	0.47	0.1	0.26	0.18	0.02	0.57	0.33	0.09	0.03	0.03	0.98	0.48	0.01	0.09	0.04	0.21	0.48	0.16	0.05	0.49	0.06	0.05	0.15	0.13	0.49	0.27	0	0.11	0.49	0.16	0.31	0.03	0.04	0.18	0.19	0.9	0.4	0.5	0.33	0.5	0.1	0.02	0.14	0.59	0.08	0.33	0.06	0.03	0.06	0.39	0.4
0.29	0.13	0.18	0.16	0.09	0.46	0.03	0.14	0.12	0.46	0.03	6.96	0.13	0.43	0.39	0.07	0.35	0.44	0.44	0.11	0.17	0.04	0.09	0.05	0.05	0.46	0.15	0.3	0.38	0.27	0.03	0.08	0.15	0.09	0.18	0.1	0.12	0.33	0.28	0.04	0.14	0.01	0.13	0.04	0.05	0.14	0.48	0.15	0.25	0.41	0.1	0.39	0.1	0.08	0.13	0.04	0.14	0.11	0.09	0.04	0.11	0.31	0.46	0.21	0.23	0.14	0.27	0.04	0.14	0.13	0.14	0.05	0.47	0.2	0.13	0.4	0.04	0.41	0.22	0.13	1.06	0.03	0.13	0.43	0.28	0	0.43	0.1	0.03	0.44	0.05	0.19	0.14	0.45	0.15	0.11	0.16	0.13	0.42
0.48	0.65	0.2	0.36	0.09	0.56	0.1	0.21	0.21	0.45	0.29	2.28	0.44	0.19	0.66	0.11	0.25	0.27	0.24	0.22	0.4	0.48	0.32	0.46	0.09	0.21	0.22	0.57	0.23	0.41	0.04	0.41	0.21	0.09	0.17	0.09	0.41	0.98	0.05	0	0.22	0.14	0.24	0.19	0.88	0.11	0.44	0.25	0.28	0.19	0.31	0.24	0.2	0.47	0.23	0.05	0.21	0.22	0.04	0.04	0.2	0.47	0.23	0.24	0.13	0.15	0.23	0.48	0.44	0.24	0.23	0.1	0.09	0.2	0.22	0.04	0	0.08	0.22	0.15	0.5	0.42	0.78	0.09	0.42	0.42	0.09	0.07	0.04	0.2	0.09	0.21	0.44	0.22	0.32	0.21	0.24	0.21	0.25
0.95	0.18	0.21	0.2	0.44	0.24	0.06	0.48	0.94	0.24	0.06	4.65	0.44	0.17	0.19	0.44	0.43	0.3	0.49	0.19	0.51	0.07	0.93	0.25	0.42	0.17	0.2	0.41	0.23	0.53	0.07	0.9	0.53	0.25	0.18	0.01	0.4	0.35	0.5	0.08	0.59	0.07	0.99	0.09	0.21	0.07	0.58	0.18	0.16	0.48	0.57	0.05	1.11	0.47	0.18	0.07	0.67	0.47	0.56	0.07	0.46	0.46	0.46	0.96	0.45	0.02	0.55	0.14	0.45	0.75	0.19	0.44	0.44	0.12	0.65	0.14	0.43	0	0.22	0.43	0.43	0.06	0.93	0.42	0.24	0.08	0.13	0.91	0.07	0.17	0.41	0.51	0.23	0.29	0.4	0.18	0.2	0.4	0.6
0.2	0.58	0.48	0.32	0.24	0.58	0.48	0.32	0.48	0.37	0.2	5.2	0.31	0.49	0.03	0.18	0.32	0.26	2.6	0.32	0.32	0.21	0.29	0.19	0.19	0.91	0.4	0.41	0.47	0.4	0.22	0.17	0.32	0.91	0.47	0.41	0.31	0.92	0.5	0.22	0.62	0.43	0.67	0.22	0.26	0.31	0.31	0.33	0.02	0.2	0.93	0.43	0.31	0.24	0.43	0.2	0.43	0.31	0.17	0.43	0.63	0.43	0.3	0.53	0.19	0.43	0.7	0.2	0.33	0.43	0.34	0.94	0.44	0.21	0.31	0.22	0.43	0.43	0	0.63	0.43	0.19	0.94	0.46	0.37	0.23	0.46	0.16	0.22	0.94	0.43	0.21	0.31	0.3	0.32	0.64	0.31	0.33	0.94
0.41	0.51	0.9	0.25	0.4	0.4	0.12	0.05	0.03	0.05	0.23	3.86	0.01	0.06	0.9	0.49	0.07	0.49	0.33	0.03	0.1	0.48	0.57	0.47	0.14	0.05	0.06	0.07	0.13	0.3	0.45	0.33	0.05	0.55	0.46	0.19	0.02	0.03	0.4	0.15	0.11	0.43	0.28	0.11	0.47	0.92	0.22	0.05	0.41	0.18	0.03	0.48	0.4	0.21	0.01	0.49	0.05	0.04	0.16	0.48	0.04	0.12	0.06	0.47	0.27	0.17	0.47	0.12	0.32	0.06	0.04	0.46	0.29	0.27	0.03	0.65	0.15	0.5	0.3	0	0.03	0.43	0.38	0.18	0.42	0.13	0.18	0.41	0.29	0.04	0.13	0.3	0.5	0.79	0.3	0.39	0.07	0.08	0.9
0.23	0.04	0.08	0.34	0.13	0.25	0.13	0.1	0.27	0.04	0.12	2.37	0.26	0.03	0.35	0.21	0.07	0.21	0.84	0.04	0.06	0.15	0.64	0.16	0.64	0.03	0.05	0.07	0.13	0.04	0.11	0.16	0.09	0.5	0.05	0.19	0.89	0.04	0.1	0.21	0.05	0.95	0.07	0.16	0.45	0.35	0.23	0.05	0.65	0.24	0.04	0.24	0.04	0.17	0.03	0.11	0.05	0.05	0.21	0.28	0.04	0.14	0.45	0.24	0.32	0.3	0.06	0.15	0.07	0.45	0.41	0.14	0.14	0.28	0.04	0.13	0.45	0.44	0.31	0.07	0	0.19	0.03	0.17	0.29	0.33	0.21	0.15	0.45	0.01	0.15	0.59	0.03	0.34	0.2	0.46	0.06	0.04	0.47
0.03	0.5	0.19	0.21	0.55	0.3	0.03	0.46	0.96	0.57	0.04	2.46	0.45	0.27	0.22	0.05	0.16	0.22	0.2	0.45	0.45	0.16	0.05	0.27	0.05	0.15	0.2	0.55	0.22	0.16	0.03	0.03	0.23	0.08	0.15	0.13	0.34	0.37	0.04	0	0.15	0.02	0.15	0.07	0.04	0.08	0.21	0.46	0.2	0.12	0.66	0.2	0.16	0.08	0.15	0.04	0.14	0.47	0.04	0.13	0.46	0.21	0.16	0.42	0	0.12	0.56	0.03	0.17	0.16	0.16	0.07	0.47	0.2	0.14	0.06	0.29	0.05	0.23	0.22	0.79	0	1.04	0.49	0.27	0.03	0.45	0.06	0.03	0.13	0.04	0.4	0.14	0.2	0.17	0.17	0.35	0.91	0.41
0.12	0.77	0.47	0.47	0.13	0.27	0.39	0.06	0.09	0.08	0.13	1.15	0.01	0.07	0.48	0.21	0.08	0.58	0.49	0.28	0.11	0.15	0.21	0.14	0.14	0.86	0.06	0.07	0.49	0	0.12	0.16	0.06	0.47	0.08	0.19	0.03	0.05	0.5	1	0.05	0.49	0.09	0.4	0.15	0.4	0.27	0.26	0.34	0.2	0.4	0.4	0.04	0.17	0	0.13	0.14	0.05	0.16	0.61	0.04	0.12	0.91	0.41	0.15	0.41	0.41	0.41	0.08	0.41	0.05	0.14	0.42	0.47	0.42	0.14	0.16	0.72	0.31	0.01	0.42	0.31	0	0.19	0.28	0.23	0.19	0.28	0.12	0.04	0.43	0.3	0.32	0.43	0.28	0.05	0.93	0.43	1.03
0.07	0.19	0.21	0.21	0.11	0.47	0.07	0.21	0.57	0.49	0.08	5.37	0.18	0.52	0.18	0.02	0.41	0.18	0.16	0.51	0.51	0.07	0.04	0.08	0.07	0.42	0.21	0.21	0.58	0.37	0.42	0.03	0.22	0.22	0.19	0.01	0.42	0.21	0.12	0.09	0.53	0.53	0.2	0.12	0.43	0.52	0.43	0.19	0.14	0.11	0.9	0.4	0.18	0.09	0.19	0.41	0.2	0.18	0.03	0.08	0.17	0.42	0.54	0.18	0.06	0.01	0.22	0.08	0.22	0.4	0.19	0.08	0.36	0.1	0.51	0.09	0.12	0.03	0.12	0.72	0.17	0.05	0.57	0	0.49	0.22	0	0.04	0.08	0.18	0.15	0.12	0.18	0.53	0.22	0.21	0.38	0.23	0.43
0.55	0.27	0.47	0.52	0.15	0.88	0.48	0.28	0.48	0.28	0.21	2.56	0.28	0.29	0.43	0.41	0.69	0.48	0.49	0.25	0.38	0.49	0.49	0.15	0.2	0.28	0.28	0.49	0.79	0.29	0.21	0.23	0.28	0.19	0.52	0.49	0.52	0.87	0.17	0.6	0.62	0.6	0.38	0.23	1.2	0.24	0.4	0.28	0.39	0.14	0.7	0.4	0.5	0.2	0.9	0.57	0.28	0.4	0.23	0.22	0.81	1.01	0.28	0.06	0.18	0.16	0.9	0.21	0.61	0.53	0.26	0.19	0.15	0.35	0.27	0.52	0.23	0.51	0.37	0.28	0.61	0.21	0.28	0.2	0	0.28	0.25	0.17	0.41	0.27	0.14	0.36	0.28	0.42	0.5	0.27	0.59	0.43	0.4
0.03	0.12	0.16	0.17	0.1	0.31	0.04	0.13	0.12	0.13	0.08	0.96	0.13	0.13	0.22	0.24	0.14	0.64	0.24	0.1	0.17	0.04	0.41	0.05	0.13	0.19	0.41	0.15	0.18	0.71	0.03	0.09	0.16	0.09	0.14	0.09	0.11	0.31	0.42	0.17	0.12	0.42	0.12	0.04	0.43	0.22	0.22	0.14	0.57	0.01	0.2	0.09	0.11	0.43	0.14	0.29	0.43	0.43	0.09	0.43	0.43	0.43	0.13	0.44	0.04	0.08	0.14	0.04	0.15	0.15	0.12	0.05	0.95	0.45	0.29	0	0.04	0.44	0.23	0.38	0.12	0.21	0.45	0.11	0.28	0	0.1	0.13	0.03	0.12	0.04	0.32	0.13	0.23	0.46	0.13	0.15	0.12	0.25
0.08	0.18	0.21	0.21	0.06	0.92	0.42	0.25	0.19	0.25	0.42	0.14	0.18	0.22	0.49	0.03	0.54	0.18	0.17	0.19	0.24	0.41	0.91	0.44	0.07	0.58	0.21	0.42	0.4	0.42	0.08	0.03	0.25	0.42	0.17	0.01	0.19	0.2	0.08	0.42	0.19	0.09	0.2	0.42	0.42	0.06	0.53	0.41	0.15	0.07	0.21	0.33	0.18	0.13	0.43	0.08	0.19	0.19	0.03	0.43	0.44	0.43	0.21	0.19	0.05	0.01	0.21	0.08	0.21	0.21	0.19	0.09	0.44	0.1	0.4	0.11	0.09	0.02	0.13	0.27	0.2	0.25	0.44	0	0.62	0.1	0	0.05	0.09	0.95	0.08	0.12	0.45	0.15	0.21	0.54	0.21	0.46	0.16
0.04	1.27	0.18	0.18	0.09	0.27	0.08	0.52	0.16	0.47	0.07	3.26	0.17	0.17	0.22	0.06	0.43	0.22	0.21	0.17	0.18	0.08	0.43	0.04	0.37	0.26	0.18	0.18	0.22	0.19	0.76	0.09	0.16	0.03	0.15	0.12	0.43	0.18	0.43	0.06	0.16	0.08	0.18	0.43	0.81	0.09	0.2	0.18	0.18	0.43	0.15	0.4	0.32	0.1	0.22	0.07	0.18	0.19	0.43	0.08	0.17	0.32	0.18	0.15	0.43	0.05	0.19	0.05	0.93	0.18	0.16	0.31	0.09	0.15	0.25	0.43	0.06	0.19	0.16	0.17	0.43	0.2	0.18	0.34	0.54	0.09	0.04	0	0.28	0.15	0.36	0.43	0.44	0.22	0.36	0.43	0.18	0.43	0.19
0.02	0.13	0.16	0.13	0.1	0.31	0.02	0.11	0.09	0.51	0.02	8.71	0.11	0.11	0.44	0.08	0.14	0.27	0.47	0.98	0.47	0.44	0.08	0.04	0.04	0.11	0.44	0.44	0.17	0.45	0.45	0.05	0.12	0.2	0.46	0.08	0.18	0.1	0.34	0.04	0.34	0.03	0.33	0.25	0.04	0.1	0.2	0.14	0.23	0.01	0.76	0.46	0.44	0.08	0.46	0.01	0.13	0.11	0.04	0.01	0.11	0.01	0.46	0.16	0.04	0.09	0.13	0.02	0.15	0.12	0.14	0.04	0.26	0.19	0.11	0.04	0.04	0.46	0.23	0.26	0.12	0.04	0.12	0.13	0.22	0.04	0.2	0.07	0	0.48	0.35	0.47	0.12	0.23	0.78	0.1	0.13	0.1	0.24
0.12	0.02	0.36	0.62	0.21	0.24	0.13	0.03	0	0.36	0.12	4.55	0.03	0.01	0.45	0.45	0.3	0.2	0.36	0.03	0.34	0.3	0.2	0.13	0.14	0.01	0.04	0.05	0.09	0.05	0.11	0.16	0.03	0.13	0.06	0.19	0.67	0.03	0.11	0.47	0.14	0.1	0.03	0.16	0.15	0.18	0.21	0.03	0.47	0.18	0.6	0.2	0.02	0.16	0.29	0.48	0.03	0.03	0.16	0.2	0.02	0.98	0.48	0.21	0.48	0.18	0.05	0.25	0.06	0.04	0.04	0.23	0.69	0.49	0.02	0.14	0.82	0.31	0.39	0.04	0.3	0.16	0.04	0.4	0.5	0.13	0.18	0.16	0.11	0	0.15	0.66	0.04	0.7	0.4	0.03	0.05	0.03	0.5
0.02	0.13	0.18	0.47	0.01	0.3	0.04	0.14	0.12	0.47	0.03	3.56	0.13	0.12	0.48	0.48	0.17	0.24	0.23	0.24	0.48	0.04	0.09	0.78	0.02	0.41	0.17	0.16	0.44	0.29	0.1	0.05	0.14	0.01	0.16	0.08	0.14	0.79	0.03	0.49	0.2	0.04	0.3	0.05	0.38	0.16	0.15	0.9	0.21	0.04	0.56	0.08	0.16	0.06	0.14	0.03	0.15	0.14	0.05	0.06	0.13	0.4	0.17	0.15	0.28	0.07	0.53	0.02	0.51	0.15	0.15	0.01	0.41	0.19	0.13	0.4	0.65	0.05	0.19	0.2	0.15	0.41	0.3	0.07	0.49	0.05	0.08	0.41	0.03	0.12	0	0.41	0.27	0.3	0.16	0.15	0.33	0.42	0.42
0.19	1.68	1.17	0.33	0.48	0.12	0.48	0.5	0.32	0.48	0.19	3.86	0.9	0.28	0.22	0.4	0.7	0.42	0.49	0.33	0.31	0.4	0.46	0.5	0.48	0.3	0.31	0.5	0.34	0.5	0.49	0.4	0.99	0.17	0.46	0.12	0.49	0.63	0.17	0.99	0.3	0.5	0.6	0.21	0.19	1	0.3	1.41	0.49	0.48	0.47	0.48	0.31	0.21	0.68	0.19	0.49	0.61	0.69	0.2	0.3	0.43	0.99	0.3	0.17	0.29	0.32	0.45	0.49	0.48	0.33	0.48	0.18	0	0.49	0.2	0.49	0.49	0.31	0.3	0.69	0.49	0.59	0.49	0.6	0.8	0.3	0.49	0.2	0.29	0.5	0.01	0.6	0.04	0.53	0.3	1	0.3	0.4
0.32	0.04	0.1	0.07	0.94	0.26	0.12	0.05	0.03	0.37	0.12	1.69	0	0.4	0.34	0.21	0.46	0.51	0.34	0.03	0.44	0.15	0.56	0.14	0.14	0.05	0.06	0.07	0.46	0.02	0.11	0.57	0.05	0.13	0.07	0.19	0.12	0.77	0.11	0.15	0.47	0.12	0.04	0.16	0.57	0.17	0.48	0.06	0.73	0.18	0.3	1.18	0.04	0.58	0.36	0.48	0.05	0.04	0.58	0.12	0.04	0.78	0.06	0.48	0.15	0.17	0.07	0.12	0.07	0.06	0.04	0.52	0.16	0.99	0.03	0.13	0.15	0.99	0.46	0	0.03	0.59	0.22	0.18	0.67	0.13	0.19	0.18	0.12	0.04	0.13	0.45	0	1	0.07	0.04	0.19	0.5	0.44
0.42	0.53	0.34	0.36	0.22	0.43	0.43	0.43	0.43	0.34	0.32	3.62	0.4	0.43	0.4	0.46	0.72	0.06	0.41	0.53	0.33	0.41	0.18	0.23	0.42	1.12	0.55	0.51	0.42	0.48	0.53	0.53	0.34	0.21	0.32	0.43	0.73	0.73	0.22	0.22	0.43	0.22	0.34	0.43	0.74	0.56	0.54	0.7	0.6	0.54	0.64	0.45	0.65	0.26	1.45	0.95	0.47	0.34	0.18	0.45	0.65	0.94	0.35	0.45	0.19	0.45	0.45	0.23	0.85	0.45	0.95	0.36	0.52	0.03	0.59	0.22	0.56	0.46	0.3	0.97	0.46	0.46	0.67	0.15	0.41	0.47	0.15	0.47	0.24	0.48	0.32	0.03	1.98	0.01	0.47	0.47	0.45	0.67	0.39
0.15	0.04	0.1	0	0.48	0.24	0.15	0.05	0.23	0.05	0.15	10.4	0.07	0.08	0.4	0.62	0.18	0.22	0.29	0.05	0.42	0.48	0.23	0.23	0.18	0.08	0.49	0.07	0.13	0.08	0.49	0.5	0.05	0.16	0.07	0.22	0.05	0.9	0.13	0.23	0.4	0.15	0.04	0.16	0.37	0.15	0.91	0.06	0.91	0.41	0.22	0.58	0.04	0.18	0.08	0.42	0.05	0.04	0.19	0.13	0.07	0.2	0.2	0.23	0.34	0.43	0.03	0.14	0.03	0.63	0.06	0.18	0.15	0.6	0.18	0.16	0.23	0.95	0.32	0.07	0.07	0.39	0.08	0.65	0.46	0.44	0.56	0.38	0.47	0.05	0.19	0.49	0.07	0.47	0	0.05	0.01	0.64	0.22
0.37	0	0.09	0.05	0.13	0.23	0.48	0.33	0.2	0.29	0.13	9.8	0.04	0.26	0.39	0.49	0.05	0.19	0.46	0.02	0.06	0.16	1.07	0.15	0.47	0	0.03	0.57	0.57	0.05	0.11	0.54	0.03	0.25	0.04	0.21	0.02	0.02	0.11	0.21	0.17	0.47	0.02	0.15	0.21	0.69	0.59	0.2	0.7	0.09	0.3	0.4	0.14	0.16	0.6	0.5	0.02	0.02	0.15	0.11	0.04	0.13	0.03	0.41	0.17	0.16	0.04	0.41	0.25	0.37	0.03	0.37	0.16	0.31	0.29	0.12	0.42	0.2	0.63	0.04	0.43	0.39	0.43	0.83	0.63	0.38	0.53	0.31	0.12	0.06	0.16	0.33	0.44	0.32	0.05	0	0.05	0.02	0.84
0.14	0.04	0.1	0.38	0.52	0.21	0.42	0.4	0.92	0.05	0.42	2.88	0.07	0.08	0.62	0.41	0.04	0.21	0.29	0.34	0.09	0.42	0.62	0.52	0.44	0.07	0.02	0.07	0.42	0.08	0.14	0.19	0.05	0.35	0.07	0.21	0.29	0.04	0.48	0.43	0.05	0.43	0.45	0.43	0.16	0.68	0.33	0.05	0.49	1.44	0.44	0.21	0.04	0.44	0.43	0.44	0.05	0.44	0.37	0.14	0.06	1.04	0.54	0.23	0.18	0.95	0.04	0.48	0.44	0.06	0.44	0.16	0.16	0.31	0.54	0.46	0.43	0.53	0.59	0.07	0.06	0.43	0.07	0.73	0.58	0.44	0.44	0.27	0.44	0.05	0.94	0.33	0.64	0.95	0.01	0.3	0	0.13	0.55
0.11	0.09	0.1	0.05	0.15	0.49	0.33	0.34	0.03	0.3	0.13	5.41	0.04	0.29	0.38	0.47	0.04	0.19	0.23	0.02	0.06	0.16	0.47	0.17	0.14	0.04	0.03	0.67	0.13	0.47	0.13	0.29	0.03	0.47	0.44	0.23	0.02	0.02	0.1	0.21	0.01	0.48	0.01	0.14	0.55	0.98	0.68	0.14	0.56	0.12	0.48	0.55	0.01	0.17	0.37	0.98	0.03	0.13	0.42	0.18	0.03	0.48	0.03	0.59	0.21	0.18	0.04	0.12	0.05	0.04	0.03	0.21	0.16	0.49	0.03	0.49	0.36	0.49	0.31	0.04	0.04	0.5	0.05	0.61	0.27	0.34	1	0.36	0.12	0.9	0.15	0.31	0.05	0.34	0.29	0.02	0.4	0	0.19
0.23	0.59	0.69	0.22	0.55	0.16	0.22	0.21	0.19	0.2	0.23	3.34	0.61	0.21	0.53	0.17	0.22	0	0.04	0.2	0.38	0.23	0.53	0.53	0.22	0.3	0.44	0.22	0.55	0.28	0.23	0.17	0.2	0.46	0.52	0.15	1.46	0.53	0.24	1.44	0.19	0.44	0.19	0.45	0.94	0.44	0.34	0.3	0.95	0.22	0.4	0.45	0.18	0.27	0.49	0.37	0.2	0.47	0.78	0.47	0.48	0.59	0.2	0.34	0.59	0.2	0.21	0.49	0.99	0.37	0.19	0.22	1.37	0.09	0.31	0.82	0.52	0.16	0.25	0.27	0.52	0.47	0.28	0.15	0.93	0.44	0.15	0.93	0.43	0.2	0.21	0.09	0.27	0.12	0.36	0.54	0.54	0.19	0
