0	0.11	0.49	0.17	0.02	0.49	0	0.43	0.12	0.12	0.49	7.93	0.12	0.13	0.25	0.13	0.15	0.41	0.23	0.11	0.31	0.91	0.08	0.03	0.03	0.37	0.41	0.17	0.18	0.13	0.02	0.05	0.12	0.02	0.19	0.07	0.42	0.12	0.2	0.1	1.12	0.03	0.12	0.03	0.3	0.31	0.42	0.12	0.5	0.12	0.62	0.08	0.11	0.05	0.13	0.02	0.52	0.11	0.04	0.02	0.12	0.93	0.43	0.15	0.03	0.53	0.5	0.37	0.46	0.28	0.34	0.47	0.17	0.18	0.43	0.03	0.1	0.35	0.43	0.12	0.12	0.04	0.21	0.07	0.44	0.04	0.08	0.44	0.02	0.44	0.02	0.2	0.24	0.23	0.54	0.12	0.54	0.11	0.45
0.45	0	0.45	0.45	0.13	0.24	0.4	0.02	0.02	0.38	0.45	3.36	0.04	0.02	0.37	0.2	0.31	0.48	0.48	0.03	0.1	0.14	0.48	0.13	0.15	0	0.03	0.04	0.46	0.05	0.21	0.48	0.02	0.13	0.04	0.69	0.49	0.38	0.1	0.49	0.49	0.13	0.41	0.49	0.3	0.13	0.21	0.02	0.68	0.09	0.69	0.34	0.01	0.18	0.05	0.49	0.02	0.02	0.16	0.5	0.02	0.12	0.03	0.49	0.15	0.16	0.04	0.5	0.04	0.03	0.03	1	0.14	1	0.02	0.32	0.22	0.4	0.31	0.4	0.04	0.14	0.4	0.43	0.27	0.13	0.4	0.39	0.51	0.41	0.13	1.01	0.04	0.35	0.51	0	0.05	0.41	0.19
0.46	0.1	0	0.68	0.16	0.36	0.15	0.51	0.46	0.1	0.67	2.98	0.1	0.98	0.37	0.22	0.48	0.4	0.29	0.48	0.51	0.17	0.48	0.2	0.19	0.06	0.48	0.11	0.16	0.1	0.14	0.48	0.1	0.51	0.09	0.21	0.08	0.08	0.26	0.49	0.09	0.15	0.09	0.15	0.57	0.21	0.31	0.09	0.36	0.14	0.49	0.36	0.09	0.22	0.1	0.48	0.49	0.09	0.23	0.14	0.09	0.44	0.49	0.59	0.19	0.2	0.11	0.15	0.11	0.11	0.34	0.4	0.17	0.3	0.4	0.4	0.2	0.23	0.9	0.4	0.4	0.53	0.11	0.21	0.26	0.17	0.21	0.18	0.4	0.09	0.17	0.67	0.1	0.6	0.29	0.09	0.25	0.1	0.35
0.14	0.04	0.47	0.01	0.47	0.23	0.68	0.05	0.05	0.05	0.16	0.33	0.43	0.46	0.94	0.24	0.03	0.35	0.45	0.2	0.1	0.65	0.41	0.16	0.85	0.44	0.02	0.44	0.13	0.45	0.23	0.95	0.45	0.15	0.11	0.45	0.05	0.22	0.13	0.23	0.05	0.46	0.05	0.51	0.18	0.16	0.47	0.57	0.67	0.47	0.58	1.27	0.04	0.48	0.08	0.14	0.05	0.26	0.48	0.13	0.07	0.16	0.49	0.23	0.49	0.19	0.04	0.14	0.03	0.06	0.06	0.4	0.4	0.31	0.4	0.4	0.51	0.54	0.51	0.61	0.41	0.71	0.41	0.24	0.29	0.17	0.92	0.18	0.14	0.42	0.16	1.03	0.07	0.62	0.53	0.43	0.43	0.16	0.43
0.38	0.15	0.16	0.16	0	0.79	0.02	0.15	0.13	0.17	0.02	5.77	0.13	0.12	0.44	0.38	0.49	0.44	0.52	0.16	0.16	0.09	0.14	0.01	0.01	0.13	0.14	0.16	0.54	0.45	0.1	0.1	0.45	0.27	0.13	0.06	0.13	0.97	0.04	0.09	0.16	0.09	0.13	0.12	0.02	0.11	0.15	0.14	0.33	0.25	0.82	0.18	0.14	0.07	0.14	1.1	0.15	0.39	0.1	0.1	0.4	0.08	0.14	0.13	0.11	0.14	0.42	0.28	0.17	0.14	0.2	0.02	0	0.44	0.67	0.09	0.09	0.05	0.42	0.99	0.13	0.09	0.13	0.06	0.15	0.16	0.06	0.09	0.48	0.12	0.01	0.17	0.32	0.22	0.49	0.14	0.24	0.14	0.52
0.3	0.25	0.36	0.23	0.29	0	0.36	0.24	0.24	0.49	0.31	1.16	0.26	0.24	0.3	0.49	0.29	0.11	0.49	0.24	0.3	0.49	0.27	0.3	0.3	0.59	0.21	0.45	0.41	0.27	0.31	0.25	0.25	0.29	0.29	0.74	0.43	0.24	0.88	0.64	0.24	0.48	0.48	0.55	0.31	0.66	0.42	0.25	0.36	0.48	0.59	0.65	0.23	0.48	0.27	0.38	0.24	0.48	0.3	0.56	0.25	0.41	0.21	0.42	0.68	0.58	0.22	0.3	0.22	0.46	0.59	0.48	0.4	0.11	0.46	0.31	0.32	0.28	0.21	0.26	0.26	0.46	0.27	0.23	0.66	0.31	0.63	0.27	0.56	0.25	0.3	0.46	0.76	0.15	0.46	0.24	0.22	0.55	0.16
0	0.12	0.15	0.14	0.02	0.3	0	0.13	0.12	0.15	0.01	0.66	0.45	0.1	0.45	0.24	0.14	0.45	0.22	0.11	0.12	0.12	0.95	0.18	0.03	0.1	0.13	0.26	2.08	0.12	0.02	0.04	0.12	0.02	0.11	0.45	0.32	0.1	0.02	0.1	0.38	0.03	0.46	0.03	0.92	0.3	0.15	0.14	0.29	0.02	0.11	0.08	0.12	0.09	0.12	0.01	0.12	0.12	0.04	0.28	0.13	0.02	0.32	0.15	0.03	0.07	0.16	0.06	0.14	0.46	0.52	0.03	0.04	0.46	0.1	0.03	0.1	0.3	0.2	0.56	0.46	0.29	0.96	0.46	0.51	0.03	0.08	0.04	0.02	0.11	0.02	0.19	0.46	0.23	0.15	0.11	0.96	0.12	0.23
0.13	0.02	0.11	0.05	0.13	0.46	0.15	0	0.4	0	0.36	7.49	0.05	0.03	0.39	0.21	0.07	0.37	0.29	0.03	0.12	0.47	0.21	0.47	0.47	0.03	0.04	0.02	0.1	0.06	0.12	0.17	0.29	0.14	0.05	0.38	0.03	0.22	0.26	0.49	0.04	0.12	0.02	0.16	0.46	0.45	0.22	0.34	0.49	0.11	0.84	0.38	0.02	0.17	0.06	0.49	0	0.03	0.18	0.12	0.03	4.05	0.03	3.05	0.16	0.44	0.05	0.13	0.05	0.5	0.41	0.16	0.32	0.91	0.45	0.41	0.22	0.17	0.6	0.05	0.05	0.16	0.06	0.43	0.28	0.14	0.82	0.43	0.12	0.03	0.14	0.3	0.05	0.34	0.42	0.42	0.05	0.03	0.5
0.12	0.02	0.45	0.23	0.13	0.24	0.12	0.02	0	0.04	0.1	6.6	0.16	0.01	0.37	0.42	0.48	0.19	0.35	0.02	0.49	0.17	0.31	0.14	0.12	0.79	0.03	0.04	1.45	0.8	0.1	0.5	0.02	0.19	0.06	0.31	0.02	0.4	0.1	0.59	0.5	0.1	0.02	0.15	0.13	0.13	0.21	0.4	0.64	0.18	0.18	0.54	0.02	0.2	0.04	0.1	0.02	0.39	0.15	0.11	0.4	0.28	0.03	0.23	0.16	0.4	0.4	0.1	0.14	0.03	0.4	0.14	0.41	0.26	0.02	0.12	0.19	0.37	0.33	0.03	0.4	0.19	0.26	0.41	0.28	0.26	0.22	0.14	0.36	0.31	0.13	0.3	0.04	0.41	0.05	0.02	0.24	0.41	0.19
0.12	0.02	0.1	0.44	0.15	0.24	0.47	1.5	0.02	0	0.12	1.9	0.05	0.71	0.36	0.21	0.05	0.2	0.6	0.82	0.05	0.2	0.33	0.15	0.46	0.54	0.03	0.12	0.19	0.06	0.11	0.55	0.03	0.14	0.87	0.19	0.03	0.03	0.16	0.21	0.04	0.13	0.02	0.47	0.48	0.47	0.56	0.01	0.34	0.26	0.48	0.19	0.02	0.17	0.05	0.13	0	0.03	0.49	0.14	0.03	0.2	0.03	0.55	0.16	0.15	0.6	0.13	0.05	0.01	0.4	0.16	0.36	0.4	0.39	0.12	1.03	0.19	0.5	0.05	0.05	0.61	0.06	0.2	0.28	0.29	0.41	0.17	0.12	0.34	0.14	0.31	0.42	0.58	0.05	0.02	0.05	0.37	0.2
0.01	0.15	0.15	0.49	0.02	0.44	0.01	0.14	0.28	0.49	0	2.82	0.11	0.12	0.91	0.41	0.16	0.26	0.41	0.81	0.16	0.03	0.08	0.39	0.38	0.22	0.15	0.72	0.42	0.13	0.01	0.03	0.14	0.42	0.11	0.08	0.25	0.11	0.01	0.03	0.14	0.22	0.42	0.92	0.24	0.41	0.15	0.13	0.22	0.02	0.28	0.07	0.13	0.42	0.53	0.01	0.53	0.15	0.32	0.02	0.14	0.3	0.14	0.15	0.03	1.86	0.73	0.01	0.14	0.53	0.43	0.03	0.04	0.31	0.12	0.43	0.43	0.23	0.2	0.35	0.12	0.37	0.46	0.44	0.39	0.03	0.08	0.44	0.01	1.25	0.03	0.19	0.47	0.45	0.16	0.13	0.32	0.13	0.45
0.21	0.32	0.35	0.34	0.43	0.25	2.61	1.69	5.81	1.04	2.25	5.53	0.82	11.9	0.06	1.55	1.58	1.87	7.84	0.45	1.05	12.1	0.17	0.2	0.2	0.3	0.31	1.52	6.91	1.84	1.71	0.18	1.26	8.54	0.84	0.14	0.47	0.89	4.86	1.92	0.33	0.56	0.33	0.23	0.86	0.26	0.77	0.8	0.4	0.67	1.03	0.76	4.22	6.06	1.96	0.21	1.22	1.17	3.82	2.97	5.24	0.78	2.69	0.96	2.08	8.27	0.48	0.34	0.34	1.08	0.58	0.37	2.15	2.16	4.83	0.23	1.9	9.89	0.01	1.59	12.2	0.2	0.33	1.37	1.22	3.48	0.14	0.17	0.23	0.31	0.48	0.82	9.56	0.59	7.79	3.97	2.16	0.34	1.61
0.12	0.04	0.1	0.23	0.13	0.43	0.11	0.05	0.43	0.05	0.4	4.35	0	0.3	0.45	0.2	0.07	0.39	0.33	0.03	0.29	0.15	0.41	0.46	0.14	0.05	0.06	0.46	0.12	0.01	0.41	0.15	0.05	0.18	0.44	0.46	0.02	0.04	0.14	0.15	0.04	0.12	0.04	0.46	0.44	0.13	0.56	0.05	0.33	0.18	0.46	0.2	0.03	0.16	0.38	0.25	0.37	0.04	0.16	0.11	0.19	0.18	0.58	0.22	0.14	2.05	0.07	0.4	0.07	0.06	0.04	0.14	0.12	0.27	0.03	0.13	0.47	0.16	0.31	0	0.03	0.14	0.01	0.5	0.28	0.16	0.19	0.18	0.11	0.04	0.48	0.29	0	0.34	0.15	0.1	0.07	0.36	0.26
0.12	0.02	0.08	0.08	0.99	0.24	0.12	0.03	0.01	0.03	0.12	8.49	0.13	0	0.36	0.4	0.05	0.23	0.34	0.04	0.13	0.3	0.18	0.4	0.71	0.01	0.03	0.05	2.29	0.41	0.23	0.15	0.03	1	0.38	0.17	0.41	0.04	0.41	0.19	0.05	0.13	0.04	0.14	0.13	0.13	0.46	0.03	0.92	0.46	0.42	0.19	0.03	0.42	0.06	0.11	0.03	0.04	0.14	0.42	0.02	0.5	0.52	0.23	0.16	0.15	0.04	0.42	0.05	0.04	0.42	0.23	0.17	0.27	0.02	0.13	0.51	0.17	0.67	0.28	0.03	0.43	0.06	0.43	0.29	0.13	0.19	0.14	0.43	0.01	0.53	0.31	0.05	0.44	0.08	0.29	0.08	0.44	0.54
0.25	0.93	0.93	0.39	0.28	0.12	0.25	0.77	0.39	0.44	0.64	0.63	0.34	0.35	0	0.34	0.77	0.22	0.33	0.38	0.47	0.56	0.24	0.47	0.25	0.36	0.47	0.77	0.4	0.65	0.22	0.57	0.37	0.47	0.59	0.18	0.35	0.47	0.26	0.27	0.37	0.57	0.37	0.48	0.58	0.29	0.37	0.38	0.06	0.47	1.02	0.48	1.38	0.48	0.35	0.26	0.48	0.38	1.18	0.23	0.49	1.12	0.63	0.37	0.49	0.17	0.38	0.25	0.39	0.39	0.38	0.25	0.59	0.22	0.69	0.23	0.27	0.23	0.04	0.7	0.35	0.19	0.49	1.19	0.81	0.39	0.18	0.22	0.49	0.36	0.24	0.22	0.49	0.32	0.39	0.69	0.47	0.5	0.25
1.26	0.21	0.46	0.25	0.13	0.25	0.46	0.22	0.19	0.21	0.1	2.34	0.52	0.2	0.16	0	0.23	0.2	3.4	0.41	0.41	0.07	0.02	0.09	0.41	0.41	0.22	0.24	0.42	0.21	0.41	0.03	0.52	0.12	0.48	0.02	0.23	0.43	0.25	0.43	0.23	0.53	0.22	0.44	0.09	0.24	0.48	0.54	0.17	0.1	0.21	0.03	0.22	0.11	0.21	0.75	0.22	0.45	0.45	0.08	0.2	0.43	0.24	0.21	0.04	0.01	0.51	0.1	0.25	0.46	0.23	0.09	0.55	0.46	0.21	0.07	0.11	0.03	0.47	0.47	0.21	0.29	0.58	0.02	0.27	0.08	0.2	0.1	0.08	0.21	0.23	0.49	0.21	0.2	0.24	0.41	0.33	0.21	1.82
0.14	0.56	0.12	0.51	0.16	0.48	0.14	0.05	0.05	0.05	0.98	2.27	0.07	0.2	0.4	0.45	0	0.86	0.66	0.05	0.46	0.17	0.24	0.46	0.56	0.05	0.02	0.07	1.48	0.56	0.15	0.33	0.21	0.21	0.06	0.96	0.05	1.06	0.13	0.46	0.05	0.16	0.05	0.16	0.47	0.25	0.23	0.06	0.47	0.12	0.05	0.24	0.04	0.17	0.47	0.15	0.27	0.04	0.19	0.13	0.05	0.19	0.02	0.48	0.48	0.18	0.03	0.48	0.37	0.06	0.42	0.16	0.15	0.48	0.05	0.15	0.25	0.2	0.48	0.07	0.07	0.36	0.08	0.99	0.29	0.14	0.49	0.19	0.14	0.4	0.17	0.34	0.07	0.9	0.4	0.05	0.04	0.04	0.22
0.25	0.23	0.67	0.22	0.23	0.1	0.48	0.2	0.57	0.21	0.25	3.81	0.2	0.21	0.16	0.49	0.22	0	0.04	0.18	0.5	0.6	0.22	0.35	0.47	0.21	0.2	0.22	0.4	0.5	0.5	0.2	0.5	0.25	1.55	0.18	0.18	0.4	0.6	0.27	0.19	0.6	0.19	0.4	0.25	0.27	0.36	0.21	0.41	1.11	0.39	0.42	1.62	0.27	0.21	0.42	0.2	0.18	0.37	1.02	0.2	0.27	0.2	0.36	0.23	0.18	0.21	0.25	0.93	0.43	0.19	0.43	0.25	0.09	0.19	0.26	0.27	0.19	0.26	0.54	0.43	0.44	0.22	0.18	0.43	0.27	0.18	0.44	0.26	0.48	0.43	0.15	0.43	0.06	0.44	0.44	0.37	0.19	0
0.25	0.22	0.58	0.29	0.27	0.11	0.48	0.31	0.34	0.3	0.58	14.5	0.34	0.4	0.44	0.52	0.45	0.37	0	0.45	0.37	0.21	0.27	0.28	0.29	0.33	0.29	0.32	0.54	0.57	0.23	0.19	0.3	0.21	0.34	0.17	0.24	0.24	0.24	0.24	0.27	0.22	0.23	0.25	0.59	0.59	0.35	0.31	0.5	0.23	0.24	0.21	0.26	0.23	0.34	0.24	0.63	0.27	0.6	0.23	0.34	0.73	0.29	0.35	0.21	0.18	0.3	0.23	0.32	0.31	0.24	0.4	0.38	0.05	0.34	0.22	0.43	0.58	0.42	0.71	0.39	0.2	0.37	0.17	0.5	0.49	0.17	0.2	0.22	0.5	0.23	0.05	0.34	0.26	0.61	0.45	0.29	0.23	0.62
0.11	0.9	0.08	0.25	0.14	0.4	0.11	0.03	0.4	0.06	0.12	6.85	0.03	0.04	0.47	0.21	0.57	0.18	0.23	0	0.65	0.16	0.76	0.51	0.17	0.19	0.03	0.05	0.1	0.44	0.12	0.46	0.04	0.46	0.04	0.48	0.01	0.46	0.09	0.46	0.03	0.46	0.02	0.14	0.52	0.96	0.46	0.14	0.42	0.45	0.01	0.29	0.01	0.2	0.04	0.45	0.03	0.02	0.17	0.1	0.65	0.2	0.03	0.46	0.16	0.69	0.05	0.45	0.66	0.27	0.56	0.46	0.13	0.26	0.41	0.46	0.21	0.46	0.34	0.03	0.04	0.47	0.21	0.47	0.25	0.13	0.2	0.47	0.09	0.03	0.13	0.69	0.03	0.36	0.05	0.3	0.47	0.02	0.18
0.12	0.51	0.11	0.29	0.47	0.57	0.12	0.06	0.06	0.12	0.12	2.86	0.08	0.49	0.68	0.45	0.08	1.49	0.99	0.39	0	0.22	0.99	0.15	0.25	0.05	0.06	0.37	0.49	0.5	0.5	0.5	0.32	0.13	0.01	0.18	0.4	0.42	0.51	0.5	0.06	0.14	0.05	0.4	0.4	0.16	0.4	0.41	0.37	0.13	0.41	0.2	0.41	0.17	0.92	0.14	0.31	0.06	0.42	0.13	0.52	0.43	0.06	0.27	0.37	0.4	0.43	0.43	0.3	0.07	0.06	0.16	0.2	0.32	0.23	0.16	0.46	0.19	0.73	1.33	0.28	0.16	0.09	0.2	0.23	0.73	0.43	0.18	0.14	0.43	0.18	0.31	0.09	0.94	0.44	0.44	0.09	0.32	1.54
0.04	1.02	0.17	0.49	0.09	0.31	0.03	0.37	0.13	0.5	0.27	0.5	0.32	0.48	0.22	0.45	0.18	0.65	0.45	0.25	0.17	0	0.45	0.04	0.05	0.22	0.43	0.17	0.65	0.39	0.04	0.07	0.15	0.45	0.61	0.07	0.14	0.45	0.04	0.03	0.17	0.18	0.45	0.06	0.22	0.09	0.53	0.18	0.22	0.06	0.15	0.24	0.17	0.3	0.15	0.04	0.17	0.45	0.04	0.04	0.15	0.69	0.66	0.17	0.03	0.15	0.17	0.03	0.45	0.16	0.45	0.05	0.48	0.34	0.77	0.05	0.03	0.45	0.21	0.15	0.15	0.95	0.37	0.07	0.22	0.04	0.08	0.08	0.45	0.16	0.04	0.52	0.15	0.22	0.46	0.46	0.19	0.41	0.22
0.41	0.19	0.19	0.22	0.41	0.27	0.08	0.2	0.51	0.19	0.07	8.69	0.2	0.19	0.17	0.02	0.4	0.4	0.19	0.7	0.21	0.08	0	0.41	0.15	0.4	0.2	0.23	0.26	0.49	0.41	0.05	0.2	0.14	0.17	0.04	0.42	0.28	0.42	0.06	0.33	0.42	0.2	0.11	0.42	0.42	0.21	0.43	0.48	0.83	1.13	0.63	0.2	0.43	0.21	0.09	0.21	0.3	0.69	0.09	0.2	0.84	0.64	0.21	0.79	0.03	0.44	0.08	0.44	0.2	0.32	0.09	0.13	0.14	0.2	0.08	0.06	0.05	0.16	0.21	0.45	0.05	0.21	0.04	0.27	0.09	0.04	0.11	0.08	0.76	0.46	0.47	0.21	0.19	0.22	0.21	0.55	1.47	0.97
0.4	0.14	0.2	0.18	0.01	0.3	0.4	0.24	0.12	0.14	0.03	4.45	0.13	0.12	0.25	0.29	0.18	0.24	0.23	0.17	0.48	0.04	0.94	0	0.2	0.14	0.48	0.18	0.22	0.53	0.04	0.05	0.48	0.01	0.14	0.36	0.49	0.22	0.03	0.09	0.14	0.04	0.15	0.05	0.71	0.05	0.38	0.7	0.47	0.04	0.13	0.32	0.24	0.06	0.14	0.03	0.17	0.54	0.05	0.05	0.15	0.44	0.16	0.16	0.04	0.44	0.17	0.03	0.4	0.53	0.16	0.01	0.02	0.19	0.13	0.05	0.44	0.07	0.2	0.45	0.16	0.04	0.14	0.08	0.15	0.05	0.09	0.04	0.04	0.14	0.3	0.85	0.46	0.24	0.16	0.56	0.46	0.14	0.47
0.03	0.97	0.19	0.18	0.02	0.47	0.03	0.17	0.15	0.15	0.23	4.37	0.46	0.12	0.25	0.36	0.16	0.56	0.44	0.15	0.15	0.05	0.09	0.02	0	0.14	0.43	1.44	0.47	0.51	0.04	0.06	0.15	0.01	0.14	0.07	0.13	0.15	0.23	0.47	0.48	0.04	0.17	0.07	0.03	0.03	0.14	0.15	0.25	0.37	0.14	0.09	0.49	0.09	0.14	0.03	0.14	0.3	0.05	0.04	0.14	0.1	0.15	0.14	0.04	0.06	0.17	0.03	0.4	0.17	0.17	0.02	0.43	0.23	0.4	0.05	0.91	0.41	0.19	0.14	0.16	0.04	0.15	0.41	0.51	0.41	0.07	0.04	0.04	0.13	0.02	0.41	1.02	0.52	0.87	0.14	0.19	0.42	0.42
0.1	0.38	0.06	0.08	0.42	0.24	0.23	0.03	0.31	0.42	0.42	5.73	0.05	0.01	0.66	0.22	0.05	0.96	0.34	0.37	0.05	0.13	0.46	0.14	0.13	0	0.04	0.05	0.46	0.36	0.11	0.15	0.03	0.11	0.18	0.19	0.03	0.04	0.46	0.21	0.04	0.13	0.03	0.13	0.45	0.11	0.22	0.03	0.47	0.09	0.37	0.16	0.03	0.47	0.06	0.11	0.03	0.03	0.15	0.3	0.02	0.22	0.04	0.68	0.48	0.16	0.05	0.12	0.05	0.04	0.05	0.45	0.66	0.28	0.02	0.14	0.51	0.16	0.31	0.05	0.03	0.16	0.05	0.2	0.29	0.14	0.98	0.17	0.33	0.02	0.14	0.69	0.05	0.58	0.08	0	0.08	0	0.27
0.13	0.24	0.44	0.29	0.15	0.21	0.14	0.04	0.03	0.05	0.14	5.56	0.06	0.03	0.5	0.24	0.35	0.27	0.66	0.03	0.07	0.15	0.22	0.47	0.47	0.57	0	0.06	0.11	0.07	0.13	0.22	0.04	0.14	0.05	0.48	0.03	0.03	0.14	0.23	0.47	0.13	0.03	0.16	0.17	0.17	0.47	0.04	0.55	0.42	0.48	0.51	0.02	0.16	0.06	0.58	0.04	0.03	0.18	0.13	0.04	0.49	0	0.22	0.17	0.23	0.03	0.13	0.03	0.1	0.19	0.16	0.15	0.58	0.04	0.15	0.22	0.39	0.33	0.59	0.05	0.16	0.06	0.49	0.28	0.15	0.22	0.18	0.12	0.5	0.16	0.72	0.06	0.7	0.4	0.4	0.18	0.35	0.31
0.15	0.04	0.12	0.07	0.15	0.35	0.91	0.02	0.28	0.02	0.14	6.51	0.07	0.05	0.41	0.42	0.07	0.23	0.32	0.5	0.4	0.2	0.24	0.34	0.51	0.36	0.05	0	0.44	0.08	0.14	0.51	0.02	0.41	0.92	0.22	0.05	0.32	0.46	0.23	0.05	0.15	0.44	0.26	0.42	0.17	0.41	0.04	0.39	0.47	0.42	0.21	0.04	0.18	0.08	0.14	0.02	0.42	0.18	0.13	0.42	0.82	0.05	0.24	0.43	0.47	0.07	0.14	0.07	0.42	0.06	0.16	0.42	0.3	0.05	0.15	0.23	0.19	0.62	0.07	0.06	0.25	0.08	0.42	0.38	0.16	0.21	0.4	0.43	0.05	0.15	0.35	0.07	0.38	0.43	0.04	0.07	0.05	3.43
0.17	0.45	0.45	0.45	0.19	0.45	0.17	0.71	0.09	0.46	0.18	2.69	0.34	0.11	2.42	1.92	0.99	0.92	0.42	0.34	0.72	0.19	0.92	0.42	0.48	2.24	1.45	0.92	0	0.42	0.17	0.56	0.1	0.21	0.39	0.25	2.25	1.39	0.56	0.23	0.37	0.16	0.12	0.42	0.28	0.49	2.7	2.18	1.83	1.27	0.99	0.23	0.09	0.2	0.13	0.43	0.38	0.11	2.13	1.66	1.19	1.2	0.41	0.62	0.21	0.45	0.15	0.16	0.13	0.12	0.29	0.21	0.19	0.37	0.1	0.72	0.22	0.38	0.42	0.31	0.13	0.48	0.39	0.24	0.62	0.18	0.25	0.22	0.17	0.09	0.2	0.34	0.52	0.4	0.14	0.1	0.13	0.42	1.43
0.12	0.05	0.26	0.68	0.13	0.27	0.12	0.06	0.04	0.06	0.13	0.32	0.01	0.25	0.41	0.62	0.14	0.41	0.34	0.04	0.51	0.15	0.22	0.42	0.15	0.43	0.07	0.08	0.13	0	0.12	0.43	0.06	0.14	0.09	0.19	0.04	0.22	0.12	0.16	0.44	0.13	0.05	0.12	0.95	0.44	0.23	0.16	0.65	0.58	0.29	0.22	0.04	0.23	0	0.45	0.45	0.05	0.47	0.46	0.05	0.45	0.07	0.23	0.15	0.18	0.08	0.36	0.08	0.47	0.18	0.15	0.17	0.29	0.04	0.47	0.16	0.45	0.31	0.01	0.04	0.17	0	0.49	0.68	0.14	0.2	0.49	0.12	0.05	0.15	0.49	0.01	0.35	0.08	0.25	0.16	0.05	0.4
0.02	0.12	0.14	0.16	0.1	0.31	0.02	0.43	0.12	0.43	0.01	0.78	0.11	0.11	0.41	0.07	0.15	0.26	0.23	0.12	0.13	0.04	0.62	0.04	0.42	0.12	0.72	0.14	0.17	0.12	0	0.12	0.11	0.52	0.38	0.08	0.11	0.1	0.01	0.04	0.45	0.03	0.1	0.42	0.04	0.28	0.15	0.13	0.43	0.01	0.67	0.15	0.48	0.07	0.12	0.01	0.41	0.41	0.04	0.01	0.1	0.91	0.41	0.15	0.04	0.07	0.13	0.46	0.13	0.12	0.1	0.04	0.49	0.18	0.11	0.37	0.04	0.67	0.22	0.11	0.12	0.03	0.48	0.08	0.54	0.03	0.08	0.45	0.02	0.11	0.03	0.41	0.42	0.59	0.13	0.49	0.13	0.1	0.23
0.04	0.52	0.43	0.27	0.1	0.25	0.36	0.18	0.53	0.15	0.16	0.92	0.47	0.15	0.18	0.03	0.35	0.52	0.42	0.15	0.16	0.43	0.05	0.44	0.06	0.14	0.16	0.19	0.68	0.54	0.04	0	0.44	0.09	0.15	0.03	0.17	0.23	0.05	0.04	0.42	0.07	0.15	0.07	0.85	0.3	0.17	0.45	0.17	0.13	0.45	0.4	0.16	0.45	0.16	0.05	0.18	0.45	0	0.05	0.45	0.06	0.76	0.17	0.04	0.02	0.55	0.05	0.96	0.18	0.16	0.06	0.46	0.13	0.16	0.08	0.04	0.37	0.97	0.15	0.97	0.27	0.16	0.03	0.46	0.48	0.03	0.09	0.36	0.48	0.08	0.14	0.16	0.48	0.49	0.15	0.17	0.49	0.49
0.14	0.02	0.1	0.05	0.15	0.25	0.12	0.01	0.06	0.01	0.15	3.77	0.05	0.03	0.37	0.72	0.05	0.21	0.3	0.04	0.06	0.16	0.29	0.42	0.15	0.03	0.04	0.02	0.1	0.06	0.11	0.42	0	0.15	0.05	0.42	0.03	0.03	0.42	0.23	0.04	0.12	0.03	0.15	0.17	0.42	0.22	0.43	0.33	0.42	0.62	0.19	0.02	0.2	0.06	0.12	0.01	0.03	0.55	0.12	0.04	0.7	0.04	0.22	0.16	0.44	0.43	0.45	0.43	0	0.04	0.14	0.33	0.83	0.04	0.51	0.49	0.53	0.33	0.43	0.05	0.43	0.06	0.2	0.28	0.14	0.21	0.63	0.11	0.03	0.15	0.32	0.06	0.34	0.1	0.03	0.34	0.03	0.41
0.02	0.15	0.49	0.45	0	0.59	0.14	0.14	0.5	0.14	0.34	0.83	0.12	0.12	0.27	0.12	0.15	0.51	0.43	0.51	0.46	0.47	0.52	0.01	0.01	0.11	0.16	0.16	0.44	0.13	0.93	0.1	0.13	0	0.12	0.06	0.43	0.52	0.02	0.09	0.13	0.08	0.43	0.09	0.02	0.64	0.13	0.38	0.2	0.03	0.12	0.13	0.12	0.44	0.44	0.02	0.16	0.13	0.09	0.06	0.22	0.45	0.54	0.44	0.06	0.06	0.53	0.35	0.16	0.15	0.15	0.01	0.45	0.18	0.34	0.09	0.09	0.05	0.95	0.13	0.14	0.08	0.13	0.22	0.19	0.1	0.06	0.03	0.09	0.13	0.01	0.17	0.13	0.21	0.28	0.52	0.54	0.13	0.55
0.14	0.39	0.26	0.08	0.13	0.47	0.1	0.45	0.09	0.98	0.47	4.77	0.07	0.04	0.35	0.19	0.06	0.46	0.34	0.19	0.01	0.56	0.17	0.14	0.42	0.04	0.86	0.05	0.12	0.13	0.11	0.16	0.05	0.12	0	0.17	0.04	0.04	0.46	0.16	0.04	0.13	0.03	0.13	0.45	0.14	0.26	0.45	0.33	0.45	0.04	0.45	0.03	0.52	0.08	0.13	0.05	0.11	0.14	0.26	0.05	0.53	0.45	0.26	0.54	0.19	0.45	0.11	0.06	0.06	0.04	0.46	0.21	0.29	0.05	0.55	0.17	0.18	0.95	0.13	0.45	0.15	0.08	0.18	0.33	0.22	0.17	0.15	0.44	0.06	0.15	0.61	0.07	0.32	0.44	0.44	0.07	0.05	1.04
0.07	0.44	0.21	0.21	0.44	0.23	0.07	0.42	0.17	0.19	0.08	1.22	0.18	0.18	0.42	0.03	0.43	0.22	0.53	0.54	0.49	0.44	0.04	0.09	0.07	0.2	0.19	0.94	0.44	0.19	0.43	0.04	0.2	0.06	0.57	0.01	0.18	0.48	0.21	0.09	0.46	0.09	0.18	0.1	0.26	0.07	0.19	0.21	0.15	0.07	0.18	0.04	0.19	0.1	0.19	0.22	0.22	0.46	0.04	0.09	0.53	0.34	0.43	0.19	0.05	0.01	0.21	0.48	0.52	0.21	0.19	0.09	0.48	0.48	0.18	0.09	0.09	0.18	0.13	0.26	0.49	0.05	0.19	0	0.25	0.1	0.01	0.41	0.08	0.19	0.08	0.4	0.19	0.4	0.22	0.53	0.23	0.19	1.41
0.5	0.02	0.4	0.28	0.12	1.56	0.1	0.28	0.01	0.41	0.11	5.97	0.03	0.04	0.4	0.29	0.05	0.18	0.24	0.02	0.4	0.15	0.18	0.5	0.15	0.23	0.04	0.41	0.41	0.04	0.1	0.61	0.39	0.48	0.04	0.2	0.01	0.58	0.21	0.52	0.03	0.09	0.02	0.43	0.13	0.43	0.19	0.29	0.62	0.09	0	0.17	0.02	0.14	0.03	0.21	0.14	0.02	0.19	0.08	0.02	0.47	0.03	0.47	0.16	0.14	0.23	0.67	0.05	0.04	0.02	0.14	0.47	0.29	0.01	0.09	0.2	0.4	1.22	0.34	0.03	0.15	0.03	0.47	0.26	0.34	0.19	0.46	0.08	0.26	0.14	0.31	0.33	0.67	0.05	0.02	0.04	0.02	0.18
0.98	0.02	0.08	0.05	0.15	0.24	0.47	0.04	0.02	0.47	0.13	6.53	0.03	0.04	0.37	0.47	0.05	0.96	0.46	0.66	0.06	0.49	0.97	0.13	0.46	0.04	0.03	0.96	0.47	0.04	0.47	0.47	0.43	0.47	0.04	0.47	0.01	0	0.17	0.47	0.02	0.09	0.02	0.23	0.82	0.12	0.96	0.03	0.96	0.08	0.01	0.46	0.01	0.45	0.04	0.09	0.12	0.01	1.06	0.14	0.02	0.78	0.03	1.05	0.15	0.45	0.04	0.52	0.05	0.04	0.01	0.14	0.46	0.56	0.02	0.46	0.46	0.46	0.46	0.03	0.04	0.17	0.56	0.18	0.97	0.1	0.46	0.46	0.46	0.02	0.46	0.66	0.03	0.47	0.04	0.02	0.16	0.02	0.47
0.01	0.1	0.29	0.13	0.48	0.29	0.01	0.13	0.1	0.1	0.11	2.98	0.47	0.48	0.26	0.09	0.34	0.25	0.23	0.1	0.12	0.04	0.27	0.09	0.14	0.12	0.13	0.14	0.22	0.99	0.01	1	0.49	0.02	0.51	0.08	0.09	0.09	0	0.18	0.28	0.03	0.4	0.01	0.31	0.2	0.15	0.4	0.6	0.01	0.33	0.4	0.09	0.07	0.11	0.4	0.51	0.1	0.05	0	0.09	0.51	0.53	0.14	0.04	0.07	0.51	0.01	0.35	0.12	0.11	0.03	0.02	0.42	0.29	0.04	0.05	0.08	0.2	0.11	0.1	0.42	0.29	0.08	0.33	0.42	0.08	0.05	0.01	0.43	0.03	0.18	0.5	0.28	0.44	0.11	0.12	0.1	0.52
0.1	0.35	0.19	0.25	0.09	0.32	0.1	0.54	0.21	0.24	0.03	3.81	0.15	0.19	0.27	0.11	0.9	0.27	0.23	0.21	0.18	0.4	0.06	0.27	0.1	0.4	0.23	0.23	0.39	0.55	0.04	0.04	0.23	0.09	0.16	0.09	0.21	0.42	0.05	0	0.23	0.42	0.31	0.17	0.29	0.19	0.42	0.23	0.33	0.43	1.03	0.05	0.38	0.31	0.16	0.05	0.21	0.45	0.2	0.04	0.23	0.08	0.22	0.45	0.17	0.05	0.23	0.1	0.46	0.23	0.96	0.46	0.68	0.2	0.56	0.03	0	0.32	0.22	0.16	2.03	0	0.16	0.09	0.23	0.03	0.09	0.23	0.04	0.2	0.48	0.21	0.15	0.48	0.48	0.54	0.24	0.67	0.34
0.12	0.54	0.09	0.72	0.15	0.24	0.13	0.42	0.03	0.04	0.13	9.74	0.04	0.41	0.38	0.23	0.17	0.19	0.41	0.02	0.28	0.51	0.2	0.15	0.16	0.04	0.18	0.05	0.92	0.05	0.1	0.42	0.03	0.3	0.04	0.21	0.02	0.28	0.1	0.23	0	0.42	0.42	0.12	0.43	0.45	0.53	0.2	0.42	0.52	0.02	0.49	0.01	0.15	0.05	0.1	0.42	0.42	0.17	0.43	0.37	0.1	0.42	0.21	0.15	0.16	0.04	0.13	0.42	0.42	0.03	0.16	0.13	0.42	0.03	0.12	0.22	0.18	0.45	0.27	0.05	0.15	0.26	0.2	0.65	0.12	0.23	0.4	0.27	0.03	0.17	0.39	0.05	0.75	0.05	0.02	0.05	0.45	0.8
0.03	0.41	0.15	0.23	0.09	0.3	0.03	0.12	0.42	0.13	0.02	5.42	0.12	0.12	0.22	0.45	0.16	0.66	0.22	0.1	0.21	0.02	0.08	0.04	0.04	0.13	0.12	0.13	0.6	0.13	0.26	0.07	0.13	0.08	0.13	0.09	0.1	0.11	0.03	0.03	0.12	0	0.42	0.06	0.76	0.08	0.2	0.15	0.38	0.29	0.12	0.44	0.1	0.09	0.13	0.04	0.13	0.21	0.25	0.04	0.11	0.33	0.12	0.18	0.13	0.08	0.15	0.03	0.15	0.47	0.47	0.04	0.46	0.18	0.48	0	0.03	0.29	0.21	0.12	0.14	0.2	0.29	0.13	0.2	0.01	0.09	0.08	0.04	0.41	0.04	0.27	0.13	0.22	0.15	0.11	0.15	0.12	0.23
0.31	0.01	0.09	0.39	0.13	0.24	0.49	0.03	0.02	0.02	0.49	5.17	0.05	0.17	0.37	0.66	0.04	0.47	0.23	0.02	0.35	0.18	0.46	0.14	0.14	0.03	0.29	0.04	0.76	0.32	0.46	0.17	0.35	0.47	0.03	0.48	0.02	0.02	0.83	0.24	0.01	0.12	0	0.13	0.57	0.24	0.47	0.09	0.33	0.23	0.03	0.2	0	0.18	0.05	0.25	0.02	0.01	0.15	0.48	0.03	0.19	0.03	0.21	0.2	0.17	0.44	0.48	0.05	0.03	0.03	0.14	0.18	0.28	0.03	0.36	0.23	0.2	0.49	0.61	0.04	0.15	0.05	0.21	0.37	0.37	0.19	0.18	0.1	0.69	0.49	0.3	0.04	0.46	0.05	0.02	0.04	0.01	0.19
0.03	0.4	0.14	0.26	0.05	0.41	0.03	0.17	0.14	0.42	0.61	5.23	0.1	0.13	0.56	0.12	0.54	0.51	0.25	0.25	0.45	0.06	0.11	0.05	0.05	0.14	0.26	0.45	0.18	0.15	0.01	0.08	0.16	0.34	0.12	0.1	0.45	0.11	0.01	0.12	0.45	0.06	0.13	0	0.3	0.18	0.17	0.15	0.76	0.09	0.48	0.46	0.13	0.06	0.12	0.1	0.14	0.13	0.46	0.37	0.13	0.77	0.16	0.31	0.06	0.47	0.16	0.36	0.47	0.27	0.47	0.05	0.04	0.47	0.19	0.05	0.13	0.09	0.56	0.1	0.16	0.07	0.28	0.35	0.67	0.04	0.1	0.32	0.01	0.47	0.05	0.23	0.11	0.47	0.47	0.93	0.54	0.15	0.52
0.03	0.49	0.48	0.58	0.02	0.49	0.03	0.9	0.49	1.51	0.03	1.72	0.14	0.43	0.63	0.44	0.19	0.44	0.43	0.43	0.53	0.44	0.43	0.01	0.14	0.53	0.15	0.16	0.44	0.15	0.43	0.36	0.15	0.42	0.14	0.09	0.92	0.14	0.53	0.93	0.47	0.43	0.43	0.43	0.01	0.15	0.14	0.93	0.22	0.04	0.43	0.1	0.53	0.09	0.43	0.05	0.14	0.43	0.2	0.92	0.73	0.3	0.15	0.42	0.93	1.02	0.52	0.03	0.42	0.43	0.42	0	0.2	0.19	0.42	0.42	0.1	0.43	0.43	0.43	0.57	0.04	0.15	0.93	0.43	0.05	0.42	0.93	0.43	0.42	0.01	0.42	0.73	0.43	0.18	0.43	0.93	0.42	0.63
0.47	0.46	0.67	0.3	0	0.32	0.45	0.15	0.34	0.19	0.75	3.32	0.22	0.65	0.66	0.2	0.46	0.31	0.23	0.66	0.46	0.26	0.57	0.41	0.02	0.77	0.18	0.47	0.47	0.35	0.47	0.09	0.16	0.03	0.14	0.06	0.18	0.8	0.02	0.47	0.15	0.47	0.47	0.47	0.09	0	0.24	0.47	0.57	0.36	0.51	0.49	0.21	1.28	0.47	0.39	0.42	0.47	0.47	0.2	0.28	0.47	0.51	0.47	0.18	0.36	0.47	0.03	0.16	0.14	0.47	0.02	0.01	0.48	0.14	0.09	0.48	0.29	0.98	0.48	0.49	0.08	0.98	0.06	0.48	0.42	0.06	0.48	0.1	0.3	0.02	0.49	0.61	0.43	0.5	0.33	0.41	0.45	0.41
0.15	0.47	0.31	0.26	0.48	0.98	0.54	0.48	0.21	0.68	0.25	0.58	0.48	0.23	0.37	0.21	0.23	0.51	0.35	0.34	0.29	0.44	0.57	0.48	0.35	0.48	0.22	0.23	0.46	0.48	0.15	0.17	0.51	0.13	0.5	0.37	0.19	0.19	0.15	0.23	0.49	0.2	0.2	0.18	0.49	0.15	0	0.22	0.33	0.18	0.9	0.5	0.49	0.49	0.23	0.15	0.22	0.2	0.5	0.51	0.21	0.77	0.51	0.01	0.91	0.41	0.23	0.15	0.23	0.23	0.2	0.47	0.15	0.36	0.41	0.21	0.59	0.62	0.31	0.57	0.47	0.23	0.22	0.42	0.42	0.22	0.42	0.17	0.43	0.92	0.15	0.48	0.22	0.53	0.43	0.48	0.23	0.21	0.52
0.13	0.02	0.92	0.62	0.14	0.29	0.12	0.01	0.43	0.13	0.14	4.79	0.05	0.41	0.39	0.48	0.06	0.21	0.48	0.04	0.06	0.15	0.34	0.15	0.49	0.03	0.04	0.03	0.15	0.49	0.5	0.16	0.6	0.4	0.05	0.21	0.04	0.4	0.81	0.91	0.04	0.13	0.03	0.16	0.41	0.21	0.38	0	0.41	0.52	0.04	0.22	0.42	0.19	0.06	0.51	0.01	0.03	0.16	0.13	0.04	0.45	0.04	0.22	0.43	0.16	0.05	0.54	0.44	0.04	0.44	0.18	0.54	0.29	0.04	0.45	0.45	0.42	0.33	0.05	0.05	0.16	0.12	0.56	0.28	0.13	0.2	0.86	0.12	0.67	0.47	0.32	0.06	0.48	0.06	0.03	0.58	0.03	0.68
0.22	0.35	0.47	0.48	0.2	0.36	0.22	0.48	0.47	0.34	0.22	3.39	0.33	0.48	0.45	0.17	0.48	0.32	0.32	0.35	0.36	0.22	0.48	0.21	0.21	0.97	0.48	0.38	0.48	0.34	0.22	0.17	0.48	0.48	0.95	0.15	0.48	0.34	0.23	0.48	0.33	0.23	0.48	0.24	0.54	0.2	0.33	0.35	0	0.22	0.69	0.18	0.33	0.25	0.36	0.23	0.51	0.36	0.42	0.23	0.32	0.89	0.36	0.49	1.53	0.15	0.35	0.55	0.49	0.37	0.35	0.21	0.49	0.38	0.33	0.25	0.24	0.49	0.02	0.86	0.35	0.19	0.34	0.49	0.69	0.24	0.15	0.4	0.23	0.33	0.21	0.4	0.51	0.29	0.38	0.41	0.35	0.34	0.66
0.42	0.09	0.27	0.13	0.04	0.29	0.31	0.11	0.53	0.47	0.43	0.88	0.18	0.45	0.95	0.45	0.12	0.45	0.23	0.08	0.13	0.03	0.45	0.04	0.2	0.09	0.41	0.12	1.58	0.45	0.01	0.05	0.11	0.31	0.67	0.36	0.09	0.46	0.01	0.17	0.15	0.01	0.46	0.02	0.44	0.46	0.18	0.47	0.22	0	0.36	0.07	0.47	0.05	0.47	0.07	0.11	0.49	0.34	0.47	0.47	0.97	0.47	0.15	0.04	0.47	0.11	0.12	0.13	0.12	0.97	0.04	0.47	0.2	0.67	0.03	0.04	0.08	0.2	0.49	0.48	0.09	0.19	0.07	0.14	0.01	0.07	0.08	0	0.48	0.04	0.18	0.18	0.48	0.13	0.29	0.99	0.49	0.58
0.45	0.03	0.45	0.45	0.14	0.44	0.44	0.41	0.02	0.04	0.11	0.72	0.41	0.04	0.59	0.23	0.05	0.18	0.24	0.03	0.45	0.45	0.75	0.46	0.55	0.42	0.42	0.06	2.3	0.93	0.42	0.32	0.3	0.13	0.12	0.42	0.02	0.4	0.08	0.41	0.5	0.1	0.58	0.12	0.98	0.23	0.2	0.05	0.45	1.46	0.46	0.17	0.44	0.43	0.43	0.44	0.04	0.45	0.16	0.42	0.02	0.43	0.03	0.2	0.14	0.42	0.05	0.13	0.05	0.45	0.43	0.15	0.37	0.5	1	0.48	0.2	0.48	0.98	0.43	0.04	0.93	0.04	0.21	0.53	0.11	0.51	0.41	0.41	0.03	0.93	0.61	0.29	0.52	0.05	0.32	0.05	0.05	0.49
0.14	0.2	0.22	0.43	0.42	0.25	0.09	0.5	0.47	0.92	0.07	3.34	0.2	0.18	0.18	0.03	0.43	0.22	0.18	0.18	0.2	0.07	0.01	0.09	0.43	0.42	0.2	0.22	0.54	0.84	0.44	0.03	0.19	0.13	0.49	0.04	0.17	0.18	0.09	0.05	0.35	0.08	0.22	0.45	0.17	0.45	0.38	0.22	0.18	0.07	0.18	0	0.5	0.13	0.21	0.08	0.47	0.17	0.04	0.09	0.18	0.1	0.2	0.46	0.05	0.03	0.21	0.08	0.23	0.46	0.41	0.09	0.13	0.14	0.38	0.46	0.44	0.06	0.47	0.19	0.47	0.05	0.37	0.04	0.27	0.09	0.28	0.47	0.08	0.21	0.08	0.15	0.21	0.98	0.23	0.21	0.23	0.2	0.48
0.12	0.83	0.09	0.48	0.14	0.28	0.39	0.02	0.02	0.02	0.13	4.41	0.07	0.35	0.37	0.2	0.04	0.45	0.26	0.06	0.05	0.16	0.19	0.13	0.45	0.43	0.02	0.04	0.09	0.04	0.1	0.2	0.03	0.12	0.03	0.53	0.01	0.01	0.11	0.22	0.4	0.11	0	0.14	0.2	0.13	0.19	0.03	0.94	0.44	0.52	0.44	0	0.15	0.04	0.1	0.02	0.05	0.16	0.11	0.03	0.46	0.02	0.2	0.14	0.15	0.03	0.12	0.04	0.03	0.02	0.4	0.12	0.26	0.02	0.33	0.21	0.44	0.32	0.15	0.04	0.16	0.04	0.58	0.94	0.1	0.32	0.17	0.11	0.89	0.29	0.31	0.15	0.92	0.04	0.01	0.04	0.24	0.45
0.06	0.16	0.24	0.49	0.41	0.35	0.06	0.17	0.16	0.17	0.05	1.15	0.24	0.29	0.27	0.12	0.18	0.45	0.23	0.17	0.17	0.45	0.28	0.06	0.08	0.39	0.48	0.2	0.23	0.17	0.28	0.08	0.16	0.07	0.17	0.12	0.17	0.44	0.06	0.16	0.16	0.06	0.2	0.09	0.35	0.07	0.19	0.18	0.48	0.04	0.4	0.41	0.43	0	0.17	0.08	0.2	0.17	0.13	0.07	0.51	1.43	0.2	0.31	0.09	0.19	0.21	0.08	0.19	0.18	0.49	0.07	0.13	0.42	0.91	0.41	0.06	0.97	0.24	0.16	0.2	0.13	0.47	0.11	0.19	0.43	0.1	0.09	0.08	0.18	0.13	0.28	0.18	0.28	0.21	0.17	0.48	0.19	0.49
0.13	0.05	0.11	0.16	0.13	0.41	0.13	0.41	0.04	0.06	0.41	0.46	0.01	0.06	0.6	0.54	0.08	0.47	1.17	0.67	0.21	0.16	0.52	0.14	0.15	0.05	0.06	0.08	1.17	0	0.12	0.16	0.06	0.13	0.42	0.19	0.03	0.18	0.47	0.16	0.05	0.12	0.22	0.12	0.15	0.13	0.22	0.45	0.33	0.18	0.03	0.21	0.04	0.17	0	0.48	0.06	0.05	0.16	0.13	0.04	0.12	0.06	0.22	0.15	0.48	0.07	0.12	0.08	0.07	0.05	0.15	0.13	0.92	0.04	0.14	0.16	1.06	0.31	0.01	0.03	0.48	0.36	0.48	0.28	0.41	0.19	0.49	0.48	0.04	0.14	0.31	0.3	0.34	0.08	1.78	0.07	0.05	0.27
0.01	0.49	0.15	0.69	0.02	0.31	0.01	0.41	0.1	0.14	0.02	4.27	0.11	0.4	0.26	0.1	0.14	0.9	0.4	0.11	0.13	0.13	0.38	0.03	0.25	0.41	0.11	0.41	0.17	0.49	0.01	0.05	0.11	0.41	0.64	0.08	0.09	0.09	0	0.05	0.1	0.04	0.1	0.01	0.43	0.42	0.15	0.26	0.42	0.01	0.41	0.42	0.22	0.08	0.43	0	0.12	0.1	0.05	0.02	0.15	0.15	0.11	0.15	0.43	0.07	0.12	0.02	0.15	0.43	0.1	0.04	0.03	0.18	0.41	0.43	0.05	0.74	0.44	0.11	0.39	0.04	0.43	0.08	0.21	0.03	0.44	0.07	0.01	0.1	0.03	0.74	0.44	0.23	0.15	0.1	0.12	0.44	0.34
0.49	0.02	0.49	0.42	0.15	0.24	0.13	0	0.37	0.36	0.12	4.49	0.05	0.03	0.39	0.21	0.05	0.2	0.42	0.42	0.05	0.42	0.19	0.34	0.16	0.03	0.42	0.02	0.1	0.42	0.5	0.18	0	0.14	0.05	0.42	0.03	0.03	0.1	0.21	0.03	0.13	0.19	0.44	0.98	0.14	0.22	0.43	0.33	0.11	0.18	0.19	0.02	0.18	0.69	0.11	0	0.03	0.33	0.44	0.19	0.39	0.03	0.23	0.16	0.34	0.05	0.13	0.05	0.02	0.04	0.14	0.28	0.28	0.44	0.13	0.21	0.19	0.34	0.92	0.05	0.17	0.06	0.21	0.28	0.45	0.45	0.16	0.13	0.03	0.45	1.15	0.05	0.47	0.05	0.02	0.05	0.36	0.61
0.41	0.04	0.09	0.22	0.14	0.82	0.28	0.03	0.03	0.03	0.12	0.54	0.16	0.04	0.36	0.44	0.04	0.18	0.27	0.02	0.06	0.16	0.21	0.45	0.14	0.03	0.03	0.05	2.35	0.42	0.1	0.45	0.03	0.18	0.04	0.75	0.02	0.64	0.09	0.95	0.02	0.11	0.29	0.34	0.76	0.57	0.2	0.3	0.55	0.09	0.29	0.47	0.01	0.46	0.18	0.11	0.24	0	0.54	0.1	0.03	0.26	0.03	0.2	0.17	0.16	0.04	0.13	0.31	0.04	0.02	0.14	0.13	0.27	0.03	0.11	0.22	0.47	0.33	0.04	0.05	0.36	0.05	0.2	0.26	0.47	0.19	0.19	0.12	0.03	0.48	0.48	0.04	0.34	0.26	0.11	0.04	0.24	0.18
0.04	0.16	0.22	0.47	0.1	0.25	0.04	0.47	0.14	0.15	0.09	0.28	0.15	0.3	0.46	0.48	0.19	0.48	0.19	0.15	0.47	0.04	0.28	0.05	0.48	0.48	0.18	0.18	2.14	0.69	0.43	0	0.17	0.49	0.15	0.03	0.16	0.49	0.05	0.06	0.17	0.07	0.41	0.48	0.09	0.11	0.5	0.16	0.5	0.05	0.7	0.03	0.15	0.1	0.16	0.09	0.16	0.4	0	0.05	0.15	0.41	0.41	0.17	0.04	0.51	0.17	0.06	0.25	0.41	0.18	0.05	0.28	0.41	0.61	0.11	0.51	0.61	0.4	0.52	0.53	0.42	0.37	0.03	0.51	0.92	0.3	0.09	0.04	0.16	0.42	0.42	0.15	0.18	0.18	0.37	0.72	0.15	0.18
0.02	0.11	0.14	0.41	0.11	0.32	0.4	0.13	0.1	0.11	0.02	1.28	0.31	0.11	0.23	0.09	0.15	0.3	0.97	0.1	0.91	0.12	0.09	0.08	0.04	0.1	0.12	0.16	2.17	0.47	0	0.05	0.13	0.06	0.12	0.47	0.09	0.97	0	0.05	0.57	0.04	0.47	0.16	0.47	0.97	0.47	0.12	0.23	0.01	0.09	0.47	0.31	0.09	0.33	0.01	0.11	0.12	0.47	0	0.1	0.42	0.52	0.4	0.04	0.49	0.14	0.25	0.14	0.47	0.12	0.04	0.47	0.19	0.1	0.19	0.05	0.07	0.85	0.14	0.11	0.47	0.47	0.09	0.56	0.41	0.09	0.08	0.01	0.1	0.04	0.2	0.46	0.22	0.13	0.12	0.13	0.38	0.46
0.1	0.02	0.09	0.45	0.12	0.25	0.1	0.03	0.07	0.03	0.12	2.99	0.04	0.01	0.45	0.43	0.1	0.45	0.34	0.03	0.29	0.48	0.18	0.14	0.45	0.22	0.32	0.05	0.11	0.55	0.12	0.16	0.04	0.12	0.05	0.18	0.11	0.03	0.47	0.2	0.04	0.1	0.11	0.14	0.13	0.62	0.21	0.04	0.35	0.36	0.11	0.18	0.03	0.54	0.11	0.11	0.03	0.03	0.45	0.09	0	0.3	0.04	0.21	0.8	0.4	0.05	0.16	0.05	0.04	0.51	0.13	0.12	0.27	0.37	0.11	0.21	0.28	0.31	0.4	0.03	0.13	0.18	0.18	0.29	0.11	0.21	0.15	0.1	0.02	0.14	0.3	0.43	0.33	0.07	0.27	0.06	0.09	0.2
0.02	0.47	0.17	0.24	0.03	0.99	0.02	0.11	0.46	0.12	0.02	1.16	0.96	0.12	0.46	0.45	0.46	0.95	0.24	0.95	0.15	0.05	0.95	0.04	0.04	0.45	0.94	0.44	0.94	0.95	0.01	0.94	0.12	0.02	0.42	0.44	0.94	0.43	0	0.43	0.44	1.43	0.44	0.01	0.43	1.43	0.43	0.43	0.92	0.22	0.42	0.42	0.92	0.09	0.41	0.01	0.92	0.1	0.42	0.91	0.41	0.92	0.91	0.16	0.05	0.09	0.99	0.02	0.49	0.99	0.49	0.04	0.03	0.19	0.99	0.04	0.05	0.48	0.48	0.48	0.48	0.05	0.48	0.98	1.08	0.04	0.97	0.47	0.01	0.97	0.47	0.47	0.47	0.98	0.47	0.47	0.47	0.46	0.23
0.41	0.41	0.1	0.02	0.14	0.32	0.13	0.03	0.27	0.03	0.14	2.04	0.43	0.03	0.37	0.22	0.02	0.93	0.43	0.39	0.37	0.17	0.4	0.43	0.18	0.04	0	0.09	1.84	0.07	0.43	0.29	0.43	0.15	0.05	0.2	0.04	0.03	0.6	0.23	0.33	0.12	0.04	0.43	0.31	0.41	0.22	0.04	0.35	0.44	0.44	0.22	0.02	0.17	0.44	0.24	0.15	0.03	0.51	0.14	0.04	0.13	0	0.22	0.54	0.17	0.02	0.14	0.02	0.04	0.04	0.15	0.51	0.44	0.17	0.26	0.22	0.18	0.31	0.06	0.05	0.16	0.46	0.45	0.45	0.56	0.22	0.45	0.13	0.04	0.14	0.46	0.06	0.37	0.41	0.28	0.02	0.85	0.21
0.57	0.21	0.3	0.23	0.42	0.42	0.15	0.48	0.21	0.22	0.15	3.89	0.22	0.23	0.37	0.21	0.23	0.36	0.35	1.08	0.42	0.16	0.41	0.16	0.43	0.22	0.22	0.24	0.47	0.43	0.43	0.43	0.22	0.13	0.24	0.19	0.19	0.34	0.14	0.46	0.21	0.2	0.21	0.17	0.15	0.43	0.01	0.43	0.73	0.15	0.83	0.21	0.2	0.19	0.22	0.15	0.22	0.53	0.34	0.26	0.21	0.15	0.22	0	0.18	0.84	0.55	0.15	0.24	0.23	0.2	0.14	0.2	0.44	0.36	0.6	0.39	0.18	1.03	0.32	0.44	0.23	0.22	0.18	0.07	0.21	0.19	0.39	0.44	0.21	0.44	0.62	0.22	0.35	0.23	0.21	0.23	0.55	1.45
0.09	0.4	0.51	0.18	0.09	0.55	0.03	0.41	0.54	0.16	0.03	0.25	0.43	0.13	0.2	0.43	0.26	0.23	0.2	0.29	0.17	0.03	0.24	0.04	0.43	0.93	0.15	0.3	0.8	0.43	0.04	0.04	0.43	0.06	0.15	0.05	0.15	0.16	0.04	0.01	0.44	0.02	0.17	0.06	0.05	1.14	0.64	0.39	0.49	0.04	0.18	0.05	0.52	0.95	0.16	0.04	0.55	0.15	0.04	0.04	0.14	0.95	0.45	0.45	0	0.05	0.18	0.03	0.18	0.16	0.15	0.05	0.09	0.19	0.14	0.4	0.01	0.91	0.37	2.66	0.47	0.04	0.32	0.05	0.52	0.04	0.05	0.06	0.04	0.13	0.04	0.17	0.15	0.2	0.24	0.14	0.47	0.16	0.47
0.07	0.16	1.79	0.44	0.1	0.99	0.07	0.16	0.22	0.55	0.06	2.76	0.54	0.24	0.17	0.05	0.44	0.45	0.17	0.44	0.19	0.44	0.33	0.07	0.13	0.16	0.17	0.94	2.75	1.44	0.94	0.33	0.35	0.24	0.18	0.44	0.14	0.32	0.08	0.43	0.95	0.4	0.17	0.07	0.35	0.07	0.45	0.16	0.15	0.55	0.45	0.19	0.45	0.11	0.18	0.07	0.3	0.16	0.45	0.45	0.31	0.15	0.17	0.2	0.94	0	0.45	0.08	0.32	0.56	0.15	0.45	1.02	0.12	0.72	0.12	0.05	0.18	0.16	0.66	0.17	0.1	0.45	0.01	0.55	0.07	0.01	0.05	0.08	0.18	0.07	0.46	0.31	1.36	0.46	0.16	0.19	0.18	0.48
0.16	0.04	0.12	0.04	0.16	0.22	0.16	0.05	0.4	0.04	0.21	2.05	0.07	0.09	0.8	0.24	0.03	0.59	0.31	0.1	0.1	0.47	0.81	0.17	0.17	0.05	0.02	0.07	0.13	0.08	0.51	0.2	0.38	0.16	0.06	0.41	0.05	0.04	0.14	0.24	0.04	0.41	0.41	0.19	0.19	0.2	0.23	0.1	0.36	0.11	0.05	0.22	0.03	0.2	0.07	0.42	0.05	0.04	0.43	0.15	0.05	0.79	0.37	0.23	0.43	0.56	0	0.14	0.01	0.06	0.41	0.16	0.93	0.3	0.05	0.16	0.24	0.93	0.43	0.17	0.06	0.28	0.28	0.43	0.54	0.44	0.44	0.19	0.13	0.72	0.16	0.34	0.07	0.37	0.03	0.11	0.3	0.37	0.65
0	0.13	0.55	0.45	0.02	0.3	0	0.15	0.1	0.45	0.01	0.41	0.12	0.12	0.25	0.42	0.15	0.25	0.23	0.92	0.13	0.03	0.47	0.03	0.13	0.42	0.13	0.53	0.17	0.13	0.43	0.28	0.55	0.02	0.11	1.13	0.11	0.18	0.2	0.44	0.13	0.03	0.12	0.03	0.03	0.02	0.42	0.13	0.22	0.13	0.11	0.26	0.11	0.13	0.45	0.02	0.13	0.11	0.95	0.02	0.45	0.14	0.13	0.42	0.16	0.07	0.16	0	0.17	0.16	0.12	0.03	0.03	0.18	0.47	0.04	0.47	0.57	0.2	0.4	0.15	0.03	0.48	0.16	0.21	0.15	0.08	0.05	0.02	0.11	0.03	0.2	0.5	0.5	0.52	0.5	0.14	0.12	0.5
0.31	0.05	0.12	0.56	0.44	0.23	0.17	0.4	0.05	0.05	0.4	1.22	0.42	0.05	0.8	0.24	0.25	0.43	0.3	0.05	0.09	0.44	0.41	0.44	0.17	0.05	0.02	0.45	0.15	0.2	0.13	0.19	0.05	0.46	0.12	0.5	0.3	0.05	0.14	0.47	0.05	0.15	0.47	0.17	0.28	0.51	0.61	0.08	0.68	0.49	0.25	0.22	0.18	0.2	0.08	0.14	0.05	0.05	0.4	0.15	0.06	1.01	0.04	0.41	0.17	0.18	0.01	0.48	0	0.42	0.06	0.17	0.15	0.48	0.42	0.16	0.6	0.2	0.34	0.07	0.07	0.28	0.16	0.22	0.45	0.66	0.24	0.2	0.25	0.44	0.17	0.34	0.07	0.37	0.09	0.05	0.06	0.45	0.41
0.13	0.05	0.44	0.44	0.16	0.26	1	0.02	0.03	0.08	0.54	0.34	0.06	0.04	0.37	0.23	0.46	0.21	0.71	0.04	0.06	0.17	0.41	0.46	0.68	0.04	0.05	0.02	1.63	0.07	0.43	0.22	0.01	0.38	0.14	0.2	0.05	0.04	0.12	0.23	0.04	0.12	0.04	0.47	0.45	0.23	0.47	0.02	0.35	0.14	0.04	0.23	0.03	0.17	0.07	0.12	0.02	0.04	0.17	0.12	0.04	0.29	0.18	0.34	0.17	0.16	0.06	0.13	0.06	0	0.05	0.15	0.15	0.49	0.04	0.14	0.23	0.49	0.74	0.06	0.05	0.49	0.07	0.21	0.29	0.13	0.21	0.17	0.49	0.03	0.15	0.31	0.06	0.5	0.06	0.03	0.06	0.04	0.21
0.51	0.03	0.09	0.29	0.17	0.25	0.16	0.04	0.04	0.04	0.13	6.85	0.04	0.05	0.38	0.24	0.33	0.19	0.24	0.43	0.33	0.17	0.37	0.16	0.53	0.39	0.43	0.06	0.34	0.05	0.15	0.43	0.04	0.13	0.27	0.22	0.02	0.24	0.48	0.3	0.03	0.12	0.03	0.44	0.39	0.15	0.2	0.04	0.44	0.09	0.94	0.44	0.02	0.16	0.05	0.11	0.04	0.02	0.17	0.44	0.33	0.44	0.04	0.2	0.44	0.44	0.22	0.11	0.26	0.44	0	0.16	0.27	0.44	0.03	0.13	0.23	0.18	0.65	0.33	0.45	0.18	0.43	0.47	0.26	0.13	0.22	0.16	0.1	0.95	0.45	0.65	0.04	0.34	0.11	0.03	0.05	0.22	0.19
0.03	0.13	0.54	0.32	0.01	0.3	0.03	0.16	0.95	0.14	0.03	3.46	0.13	0.13	0.25	0.09	0.5	0.47	0.23	0.51	0.97	0.07	0.09	0.01	0.03	0.24	0.15	0.47	0.49	0.14	0.12	0.41	0.15	0.01	0.15	0.09	0.15	0.47	0.03	0.09	0.86	0.04	0.15	0.05	0.4	0.48	0.14	0.15	0.21	0.04	0.15	0.98	0.15	0.07	0.48	0.03	0.14	0.49	0.05	0.04	0.13	0.11	0.49	0.14	0.04	0.26	0.79	0.49	0.18	0.69	0.59	0	0.05	0.19	0.18	0.43	0.09	0.06	0.2	0.51	0.16	0.04	0.27	0.08	0.91	0.4	0.09	0.04	0.04	0.41	0.01	0.35	0.14	0.51	0.41	0.14	0.17	0.16	0.88
0.02	0.5	0.5	0.44	0.4	0.49	0.03	0.14	0.2	0.4	0.45	4.71	0.36	0.5	0.36	0.98	0.48	0.23	0.22	0.48	0.98	0.11	0.49	0.02	0.04	0.13	0.27	0.99	0.41	0.99	0.1	0.59	0.14	0.4	0.14	0.3	0.16	0.65	0.02	0.41	0.15	0.4	0.42	0.08	0.02	0	0.53	0.52	0.2	0.15	0.12	0.73	0.14	0.43	0.15	0.03	0.43	0.52	0.18	0.63	0.16	0.17	0.15	0.2	0.09	0.06	0.53	0.06	0.19	0.45	0.53	0.01	0	0.18	0.13	0.44	0.09	0.09	0.53	0.16	0.43	0.1	0.37	0.07	0.35	0.1	0.43	0.09	0.44	0.44	0.01	0.44	0.17	0.45	0.82	0.55	0.97	0.45	0.65
0.41	0.45	0.35	1.18	0.18	0.79	0.18	0.28	0.26	0.28	0.65	1.18	0.27	0.27	0.22	0.13	0.32	0.28	0.05	0.66	0.32	0.2	0.14	0.19	0.19	0.28	0.67	0.58	0.45	0.29	0.48	0.13	0.28	0.65	0.29	0.1	0.28	0.49	0.18	0.2	0.28	0.55	0.28	0.19	0.49	0.21	0.36	0.28	0.25	0.2	0.26	0.22	0.4	0.24	0.4	0.18	0.28	0.27	0.4	0.19	0.27	0.19	0.34	0.35	0.47	0.12	0.3	0.18	0.56	0.29	0.28	0.19	0.37	0.01	0.27	0.19	0.2	0.38	0.47	0.46	0.41	0.18	0.41	0.1	0.35	0.19	0.43	0.41	0.19	0.56	0.28	0	0.92	0.41	0.32	0.29	0.3	0.29	0.09
0.49	0.23	0.07	0.06	0.49	0.25	0.11	0.04	0.02	0.03	0.49	9.43	0.03	0.33	0.57	0.52	0.05	0.4	0.34	0.02	0.41	0.15	0.2	0.15	0.75	0.02	0.4	0.41	0.41	0.04	0.1	0.41	0.04	0.13	0.05	0.35	0.41	0.82	0.37	0.21	0.03	0.11	0.03	0.42	0.15	0.41	0.21	0.04	0.33	0.11	0.02	0.95	0.02	0.52	0.29	0.42	0.04	0.03	0.53	0.1	0.01	0.85	0.04	0.43	0.19	0.16	0.05	0.12	0.43	0.04	0.2	0.43	0.64	0.25	0	0.11	0.23	0.17	0.93	0.03	0.43	0.15	0.04	0.18	0.27	0.94	0.52	0.18	0.09	0.02	0.14	0.44	0.03	0.33	0.44	0.03	0.27	0.24	0.19
0.04	0.37	0.49	0.24	0.09	0.31	0.03	0.14	0.12	0.39	0.03	2.36	0.23	0.16	0.42	0.07	0.42	0.27	0.22	0.11	0.37	0.44	0.44	0.31	0.05	0.13	0.15	0.45	0.55	0.14	0.03	0.09	0.14	0.28	0.18	0.1	0.12	0.31	0.48	0.28	0.12	0	0.13	0.27	0.51	0.18	0.22	0.15	0.25	0.04	0.39	0.09	0.12	0.08	0.13	0.04	0.29	0.11	0.47	0.03	0.11	0.04	0.13	0.22	0.04	0.1	0.46	0.04	0.14	0.13	0.5	0.05	0.48	0.19	0.11	0	0.59	0.32	0.26	0.13	0.13	0.03	0.13	0.1	0.27	0	0.1	0.09	0.43	0.12	0.05	0.19	0.3	0.23	0.45	0.13	0.16	0.28	0.47
0.1	0.2	0.2	0.42	0.09	0.32	0.18	0.21	0.19	0.43	0.03	0.23	0.29	0.19	0.27	0.11	0.25	0.27	0.35	0.21	0.18	0.03	0.45	0.1	0.09	0.56	0.22	0.54	0.3	0.16	0.04	0.04	0.23	0.09	0.17	0.09	0.46	0.22	0.05	0.01	0.57	0.25	0.22	0.12	0.5	0.17	0.24	0.25	0.24	0.15	0.45	0.05	0.2	0.11	0.16	0.05	0.21	0.42	0.04	0.04	0.21	0.18	0.53	0.43	0.01	0.12	0.23	0.1	0.25	0.25	0.22	0.47	0.5	0.2	0.21	0.04	0	0.08	0.52	0.15	0.77	0	0.16	0.09	0.24	0.14	0.1	0.36	0.04	0.21	0.09	0.32	0.16	0.22	0.25	0.21	0.24	0.44	0.24
0.15	0.98	0.22	0.68	0.05	0.31	0.06	0.17	0.47	0.19	0.11	5.04	0.4	0.57	0.47	0.4	0.2	0.49	0.18	0.52	0.49	0.06	0.05	0.06	0.06	0.5	0.98	0.58	0.23	0.19	0.07	0.03	0.18	0.05	0.18	0.07	0.17	0.46	0.08	0.08	0.19	0.95	0.18	0.09	0.1	0.44	0.3	0.18	0.16	0.44	0.46	0.09	0.93	0.16	0.18	0.22	0.42	0.19	0.03	0.42	0.44	0.07	0.21	0.41	0.05	0.41	0.81	0.91	0.19	0.6	0.18	0.9	0.06	0.12	0.4	0.09	0.08	0.01	1.09	0.18	0.49	0.04	0.17	0.03	0.35	0.48	0.01	0.03	0.47	0.17	0.05	0.13	0.46	0.16	0.66	0.18	0.45	0.19	0.45
0.46	0.42	0.33	0.47	1.07	0.21	0.2	0.61	0.31	0.37	0.2	4.22	0.31	0.41	0.04	0.15	0.32	0.26	0.62	0.32	0.45	0.42	0.16	0.19	0.2	0.29	0.31	0.34	0.73	0.31	0.22	0.42	0.53	0.43	0.47	0.13	0.32	0.33	0.2	0.22	1.53	0.21	0.43	0.22	0.54	0.23	0.54	0.36	0.02	0.2	0.64	0.17	0.32	0.29	0.32	0.2	0.45	0.55	0.36	0.46	0.3	1.04	0.63	0.31	0.19	0.16	0.97	0.49	0.47	0.34	0.34	0.35	0.35	0.68	0.48	0.22	0.32	0.49	0	0.31	0.39	0.51	0.59	0.19	0.5	0.22	0.49	0.49	0.23	0.3	0.19	0.58	0.31	0.3	0.33	0.33	0.32	1.01	0.61
0.12	0.06	0.12	0.08	0.13	0.48	0.12	0.05	0.47	0.06	0.12	7.6	0	0.23	0.62	0.42	0.07	0.2	0.61	0.41	0.11	0.14	0.9	0.14	0.13	0.25	0.06	0.07	0.12	0.01	0.48	0.63	0.05	0.47	0.46	0.57	0.02	0.03	0.11	0.15	0.04	0.11	0.04	0.11	0.14	0.97	0.22	0.06	0.44	0.21	0.94	0.43	0.03	0.17	0.01	0.11	0.05	0.38	0.91	0.12	0.04	1.5	0.06	0.22	0.14	0.17	0.07	0.12	0.07	0.06	0.04	0.14	0.14	0.47	0.03	0.46	0.15	0.46	0.66	0	0.03	0.15	0.01	0.18	0.44	0.35	0.19	0.43	0.11	0.04	0.13	0.49	0.01	2.93	0.07	0.43	0.07	0.2	0.43
0.13	0.04	0.34	0.07	0.13	0.26	0.12	0.05	0.02	0.05	0.12	0.5	0.11	0.03	0.36	0.21	0.07	0.21	0.7	0.04	0.06	0.16	0.96	0.16	0.16	0.07	0.05	0.08	0.28	0.04	0.47	0.2	0.05	0.45	0.05	0.19	0.07	0.04	0.47	0.21	0.05	0.47	0.04	0.21	0.44	0.32	0.23	0.37	0.67	0.42	0.24	0.21	0.04	0.18	0.03	0.13	0.05	0.04	0.79	0.12	0.03	0.45	0.05	0.57	0.14	0.2	0.12	0.47	0.07	0.06	0.05	0.14	0.13	0.36	0.23	0.24	0.21	0.18	0.31	0.03	0	0.53	0.03	0.17	0.54	0.13	0.21	0.54	0.14	0.01	0.15	0.3	0.15	0.48	0.07	0.04	0.06	0.04	0.49
0.03	0.15	0.19	0.17	0.42	0.51	0.03	0.46	0.14	0.14	0.33	8.77	0.48	0.16	0.98	0.48	0.2	0.25	0.2	0.15	0.17	0.03	0.68	0.04	0.04	0.14	0.17	0.16	0.22	0.54	0.34	0.98	0.17	0.14	0.15	0.05	0.13	0.32	0.04	0	0.16	0.02	0.14	0.07	0.04	0.09	0.21	0.16	0.25	0.44	0.42	0.04	0.15	0.05	0.16	0.1	0.15	0.19	0.05	0.04	0.19	0.09	0.17	0.48	0.32	0.38	0.18	0.14	0.48	0.46	0.16	0.34	0.08	0.44	0.41	0.03	0.01	0.26	0.19	0.31	0.16	0	0.5	0.1	0.21	0.41	0.34	0.06	0.41	0.14	0.04	0.51	0.49	0.69	0.49	0.17	0.18	0.21	0.61
0.12	0.16	0.1	0.48	0.38	0.48	0.68	0.06	0.04	0.06	0.48	1.67	0.01	0.06	0.36	0.48	0.08	0.21	0.35	0.04	0.29	0.15	0.22	0.49	0.14	0.05	0.06	0.49	0.28	0	0.5	0.16	0.06	0.27	0.08	0.19	0.03	0.4	0.4	0.16	0.05	0.4	0.05	0.5	0.25	0.41	0.41	0.21	0.91	0.41	0.37	0.21	1.75	0.61	0	0.11	0.06	0.05	0.73	0.13	0.42	0.12	0.19	0.23	0.62	0.18	0.42	0.12	0.42	0.07	0.05	0.14	0.13	0.29	0.04	0.43	0.16	0.55	0.54	0.63	0.03	0.53	0	0.43	0.43	0.13	0.73	0.18	0.12	0.04	0.43	0.33	0.01	0.45	0.08	0.24	0.64	0.44	0.52
0.41	0.19	0.44	0.21	0.06	0.46	0.07	0.21	0.16	0.2	1.06	3.03	0.18	0.2	1.42	0.91	0.21	0.18	0.16	0.21	0.42	0.39	0.04	0.08	0.07	0.42	0.19	0.46	0.31	0.52	0.08	0.42	0.22	0.42	0.19	0	0.19	0.39	0.42	0.09	0.56	0.09	1.03	0.1	0.43	0.43	0.2	0.19	0.15	0.07	0.19	0.43	0.18	0.11	0.19	0.08	0.4	0.53	0.43	0.09	0.17	0.08	0.94	0.43	0.05	0.01	0.6	0.33	0.22	0.21	0.44	0.08	0.06	0.1	0.19	0.1	0.11	0.03	0.45	0.77	0.17	0.05	0.48	0	0.2	0.1	0	0.17	0.08	0.46	0.07	0.12	0.29	0.49	0.76	0.46	0.43	0.2	0.46
0.45	0.65	0.26	0.75	0.15	0.96	0.46	0.62	0.27	0.96	0.21	0.78	0.28	0.48	0.43	0.27	0.29	0.42	0.8	0.59	0.25	0.22	0.56	0.49	0.49	0.29	0.29	0.3	0.41	0.29	0.41	0.23	0.32	0.19	0.52	0.61	0.25	0.4	0.17	0.61	0.26	0.2	0.34	0.41	0.2	0.57	0.51	0.41	0.39	0.14	0.26	0.27	0.26	0.21	0.29	0.42	0.52	0.26	0.23	0.22	0.62	1.05	0.28	0.06	0.18	0.42	0.29	0.21	0.3	0.42	0.26	0.19	0.94	0.44	0.3	0.63	0.23	0.3	0.37	0.61	0.54	0.26	0.28	0.2	0	0.43	0.53	0.17	0.22	0.27	0.14	0.43	0.44	0.48	0.29	0.74	0.44	0.59	1.02
0.03	0.3	0.16	0.46	0.46	0.31	0.04	0.12	0.23	0.12	0.03	7.06	0.46	0.44	0.23	0.08	0.44	0.27	0.24	0.12	0.54	0.44	0.09	0.05	0.05	0.13	0.44	0.44	0.18	0.14	0.03	0.09	0.45	0.1	0.14	0.1	0.12	0.55	0.03	0.21	0.45	0.01	0.12	0.04	0.24	0.14	0.46	0.14	0.24	0.01	0.11	0.47	0.11	0.06	0.13	1.07	0.12	0.11	0.08	0.04	0.12	0.13	0.13	0.48	0.04	0.07	0.14	0.15	0.16	0.48	0.12	0.16	0.1	0.19	0.12	0	0.04	0.09	0.22	0.13	0.49	0.15	0.14	0.1	0.28	0.4	0.4	0.37	0.34	0.12	0.4	0.2	0.51	0.61	0.15	0.13	0.14	0.91	0.64
0.2	0.32	0.21	0.56	0.06	0.42	0.45	0.19	0.46	0.22	0.08	5.86	0.19	0.17	0.18	0.03	0.36	0.18	0.17	0.47	0.18	0.29	0.04	0.09	0.07	0.68	0.47	0.21	0.27	0.38	0.08	0.04	0.19	0.06	0.17	0.01	0.19	0.49	0.08	0.1	0.19	0.09	0.28	0.1	0.09	0.1	0.41	0.59	0.25	0.07	0.49	0.22	0.2	0.09	0.19	0.5	0.19	0.2	0.25	0.21	0.19	0.38	0.21	0.19	0.05	0.4	0.33	0.08	0.23	0.48	0.57	0.09	0.4	0.1	0.43	0.1	0.09	0.21	0.13	0.4	0.41	0.06	0.42	0	0.25	0.41	0	0.41	0.71	0.18	0.08	0.43	0.41	0.15	0.33	0.39	0.38	0.92	0.42
0.04	0.47	0.18	0.18	0.09	0.47	0.04	0.2	0.15	0.23	0.07	5.15	0.17	0.16	0.63	0.06	0.43	0.22	0.43	0.21	0.18	0.08	0.5	0.93	0.05	0.16	0.16	0.19	0.27	0.19	0.43	0.09	0.16	0.16	0.15	0.04	0.16	1.04	0.05	0.21	0.16	0.43	0.18	0.07	0.05	0.43	0.17	0.18	0.18	0.09	0.43	0.09	0.17	0.09	0.43	0.07	0.17	0.19	0.43	0.08	0.16	0.8	0.16	0.15	0.53	0.05	0.2	0.05	0.43	0.17	0.16	0.38	0.78	0.15	0.18	0.08	0.07	0.03	0.43	0.17	0.15	0.43	0.43	0.34	0.17	0.09	0.38	0	0.07	0.15	0.43	0.43	0.18	0.48	0.43	0.15	0.19	0.17	0.43
0.02	0.19	0.16	0.45	0.16	0.31	0.02	0.11	0.09	0.15	0.02	1.08	0.2	0.42	0.47	0.2	0.13	0.59	0.57	0.09	0.16	0.04	0.08	0.37	0.22	0.16	0.34	0.13	0.17	0.35	0.04	0.04	0.42	0.36	0.46	0.08	0.09	0.16	0.01	0.04	0.1	0.03	0.1	0.01	0.04	0.79	0.31	0.13	0.49	0	0.09	0.24	0.12	0.11	0.12	0.01	0.49	0.12	0.05	0.01	0.49	0.03	0.12	0.16	0.04	0.08	0.13	0.02	0.15	0.15	0.34	0.04	0.09	0.19	0.3	0.03	0.04	0.07	0.56	0.11	0.12	0.7	0.4	0.41	0.22	0.03	0.08	0.24	0	0.11	0.03	0.49	0.32	0.23	0.14	0.12	0.13	0.1	0.23
0.27	0.4	0.44	0.06	0.12	0.58	0.13	0.03	0	0.02	0.12	0.32	0.03	0.01	0.35	0.21	0.05	0.2	0.57	0.03	0.06	0.13	0.18	0.4	0.5	0.02	0.04	0.4	0.09	0.04	0.09	0.41	0.03	0.13	0.06	0.41	0.03	0.1	0.61	0.28	0.07	0.1	0.03	0.16	0.31	0.72	0.61	0.06	0.33	0.52	0.42	0.2	0.02	0.18	0.42	0.09	0.42	0.34	0.92	0.11	0.02	0.34	0.04	0.21	0.15	0.42	0.05	0.11	0.36	0.26	0.93	0.14	0.12	0.44	0.32	0.43	0.2	0.25	0.54	0.94	0.01	0.17	0.04	0.54	0.27	0.13	0.19	0.15	0.11	0	0.14	0.7	0.04	0.34	0.05	0.03	0.05	0.03	0.95
0.02	0.13	0.18	0.9	0.4	0.3	0.02	0.14	0.12	0.41	1.11	3.09	0.13	0.18	0.35	0.09	0.57	0.24	0.25	0.42	0.46	0.04	0.42	0.29	0.02	0.29	0.16	0.16	0.21	0.14	0.62	0.05	0.15	0.01	0.16	0.08	0.15	0.45	0.03	0.43	0.15	0.11	0.15	0.05	0.05	0.01	0.15	0.43	0.21	0.04	0.13	0.08	0.14	0.06	0.43	0.24	0.34	0.44	0.1	0.44	0.13	0.37	0.17	0.13	0.04	0.07	0.15	0.03	0.54	0.44	0.16	0.01	0.1	1.45	0.13	0.44	1.14	1.89	0.64	0.13	0.15	0.44	0.14	0.07	0.14	0.05	0.19	0.04	0.03	0.65	0	0.29	0.14	0.55	0.36	0.16	0.16	0.45	0.21
0.19	0.62	0.51	1.02	0.52	0.41	0.19	0.5	0.31	0.3	0.41	3.97	0.3	0.49	0.99	0.14	0.48	0.48	0.11	0.59	0.32	0.19	0.48	0.18	0.18	0.48	0.31	0.32	0.52	0.68	0.48	0.14	0.53	0.98	0.46	0.12	0.48	0.42	0.58	0.48	0.58	0.27	0.48	0.3	0.48	0.34	0.59	0.78	0.26	0.48	0.98	0.15	0.29	0.23	0.3	0.2	0.48	0.48	0.32	0.48	0.58	0.74	0.32	0.44	0.98	0.12	0.33	0.48	0.32	0.48	0.32	0.48	0.22	0	0.98	0.35	0.21	0.47	0.57	0.3	0.33	0.18	0.47	1.17	0.37	0.19	0.48	0.15	0.48	0.3	0.18	0	0.68	0.03	0.48	0.47	1.01	0.67	0.57
0.12	0.32	0.1	0.46	0.13	0.39	0.12	0.05	0.03	0.05	0.47	1.85	0.46	0.05	0.34	0.21	0.07	0.95	0.34	0.03	0.09	0.15	0.47	0.14	0.14	0.05	0.06	0.07	0.75	0.01	0.25	0.48	0.05	0.12	0.07	0.48	0.03	0.99	0.48	0.2	0.05	0.12	0.04	0.99	0.14	0.53	0.22	0.06	0.33	0.59	0.43	0.49	0.04	0.17	0.33	0.11	0.43	0.04	0.3	0.6	0.4	0.11	0.4	0.22	0.15	0.41	0.13	0.5	0.4	0.4	0.04	0.14	0.4	0.4	0.23	0.13	0.41	0.17	0.69	0.23	0.41	0.23	0.01	0.18	0.41	0.13	0.19	0.18	0.12	0.04	0.41	0.3	0	0.52	0.08	0.3	0.42	0.05	0.42
0.44	0.33	0.44	0.54	0.22	0.17	0.23	0.44	0.44	0.54	0.22	0.91	0.41	0.33	0.41	0.47	0.62	0.06	0.05	0.42	0.33	0.22	0.42	0.23	0.42	0.32	0.63	0.37	0.62	0.69	0.45	0.43	1.14	0.21	0.32	0.43	0.44	0.35	0.54	0.22	0.36	0.22	0.44	0.54	0.62	0.64	0.71	0.35	0.29	0.22	0.62	0.21	0.35	0.45	0.95	0.23	0.41	0.34	0.45	0.22	0.33	1.16	0.36	0.66	0.2	0.53	0.46	0.23	0.56	0.56	0.46	0.56	0.22	0.03	0.46	0.46	0.22	0.54	0.46	0.34	0.35	0.47	0.35	0.97	0.41	0.47	0.3	0.22	0.47	0.68	0.23	0.48	0.98	0	0.48	0.32	0.48	0.53	0.12
0.14	0.04	0.19	0.22	0.54	0.5	0.14	0.05	0.4	0.4	0.32	0.35	0.4	0.08	0.4	0.23	0.04	0.47	0.32	0.23	0.48	0.18	0.22	0.16	0.43	0.08	0.02	0.44	0.46	0.46	0.49	0.18	0.05	0.49	0.07	0.53	0.06	0.49	0.47	0.23	0.05	0.14	0.47	0.16	0.39	0.48	0.4	0.06	0.38	0.13	0.41	0.45	0.09	0.58	0.08	0.14	0.28	0.41	0.61	0.13	0.07	0.41	0.41	0.23	0.18	0.28	0.03	0.36	0.03	0.13	0.06	0.16	0.3	0.31	0.42	0.16	0.23	0.2	0.43	0.08	0.07	0.19	0.43	0.21	0.29	0.21	0.21	0.31	0.15	0.44	0.19	0.36	0.1	0.39	0	0.05	0.64	0.05	0.55
0.13	0.38	0.31	0.05	0.13	0.61	0.12	0.52	0.02	0.03	0.42	6.22	0.34	0.04	0.38	0.5	0.5	0.19	0.22	0.6	0.4	0.14	0.5	0.17	0.14	0	0.37	0.04	0.53	0.05	0.37	0.41	0.41	0.13	0.04	0.2	0.42	0.32	0.11	0.22	0.11	0.12	0.42	0.12	0.52	0.83	0.5	0.17	0.34	0.3	0.02	0.19	0.01	0.16	0.05	0.22	0.03	0.02	0.15	0.11	0.14	0.35	0.03	0.21	0.16	0.5	0.04	0.11	0.38	0.04	0.03	0.45	0.49	0.27	0.03	0.45	0.48	0.49	0.33	0.04	0.27	0.46	0.05	0.18	0.56	0.12	0.47	0.17	0.12	0.03	0.47	0.31	0.04	0.32	0.48	0	0.05	0.02	0.19
0.94	0.04	0.1	0.44	0.16	0.54	0.64	0.05	0.05	0.44	0.15	11.2	0.08	0.37	0.38	0.46	0.03	0.36	0.29	0.3	0.96	0.19	0.23	0.16	0.26	0.08	0.38	0.07	1.47	0.46	0.14	0.47	0.97	0.16	0.07	0.21	0.05	0.04	0.14	0.23	0.21	0.13	0.04	0.16	0.78	0.49	0.23	0.06	0.36	0.48	0.05	0.44	0.04	0.49	0.07	0.14	0.05	0.15	0.49	0.14	0.06	1.09	0.02	0.23	0.49	0.19	0.04	0.48	0.03	0.06	0.05	0.17	0.48	0.32	0.68	0.16	0.59	0.49	0.71	0.07	0.06	0.18	0.07	0.44	0.29	0.14	0.49	0.18	0.14	0.05	0.18	0.59	0.07	0.49	0.01	0.32	0	0.49	0.49
0.44	0.02	0.1	0.05	0.48	0.24	0.31	0.03	0.03	0.03	0.22	5.84	0.04	0.04	0.5	0.21	0.05	0.19	0.28	0.31	0.06	0.16	0.21	0.17	0.14	0.41	0.41	1.91	0.13	0.2	0.11	0.61	0.03	0.13	0.44	0.41	0.02	0.02	0.1	0.41	0.01	0.11	0.01	0.12	0.38	0.15	0.92	0.41	0.33	0.41	0.11	0.19	0.6	0.41	0.41	0.41	0.03	0.01	0.17	0.11	0.18	0.42	0.37	0.21	0.15	0.18	0.42	0.12	0.16	0.42	0.03	0.32	0.23	0.29	0.03	0.13	0.43	0.5	0.67	0.04	0.04	0.43	0.05	0.19	0.27	0.43	0.19	0.53	0.12	0.43	0.16	0.31	0.07	0.93	0.93	0.27	0.04	0	0.43
0.56	0.3	0.35	0.42	0.63	1.44	0.43	0.6	0.73	0.2	0.44	0.48	0.27	0.21	0.25	0.98	0.22	0	0.04	0.18	0.59	0.22	0.19	0.22	0.49	0.21	0.53	0.22	0.91	0.99	0.58	0.44	0.22	0.23	0.52	0.49	0.18	0.5	0.5	0.6	0.91	0.23	0.51	0.62	0.27	0.43	0.74	0.23	0.42	0.63	0.18	0.19	0.18	0.54	0.61	0.23	0.85	0.18	0.17	0.23	0.45	0.45	0.56	0.34	0.2	0.19	0.96	1.17	0.67	0.21	0.46	0.46	0.66	0.47	0.22	0.24	0.24	0.57	0.25	0.97	0.47	0.58	0.48	0.97	0.5	0.47	0.47	0.19	0.24	0.48	0.98	0.09	0.27	0.12	0.22	0.19	0.48	0.19	0
