0	0.11	0.53	0.15	0.02	0.32	0	0.12	0.12	1.33	0.01	5.86	0.19	0.13	0.45	0.1	0.17	0.25	0.22	0.64	0.2	0.04	0.08	0.03	0.03	0.1	0.75	0.17	0.55	0.13	0.02	0.05	0.12	0.02	0.19	0.1	0.46	0.14	0.01	0.1	0.12	0.03	0.13	0.14	0.48	0.02	0.15	0.14	0.46	0.02	0.47	0.08	0.12	0.16	0.12	0.47	0.34	0.12	0.04	0.02	0.12	0.47	0.14	0.15	0.03	0.07	0.48	0	0.34	0.13	0.13	0.03	0.16	0.19	0.1	0.03	0.1	0.06	0.37	0.48	0.13	0.03	0.45	0.07	0.21	0.34	0.08	0.04	0.02	0.11	0.02	0.49	0.19	0.23	0.34	0.12	0.49	0.23	0.23
0.47	0	0.1	0.47	0.15	0.43	0.11	0.02	0.02	0.05	0.47	0.53	0.04	0.02	0.44	0.21	0.04	0.64	0.23	0.02	0.05	0.92	0.27	0.14	0.28	0	0.03	0.11	0.44	0.05	0.1	0.17	0.02	0.21	0.04	0.59	0.02	0.44	0.29	0.21	0.02	0.13	0.01	0.51	0.46	0.12	0.47	0.02	0.35	0.09	0.07	0.19	0.01	0.6	0.09	0.45	0.02	0.02	0.45	0.11	0.02	0.24	0.03	0.21	0.32	0.16	0.04	0.22	0.04	0.03	0.03	0.45	0.14	0.52	0.02	0.46	0.46	0.19	0.32	2.67	0.04	0.13	0.05	0.19	0.47	0.11	0.47	0.18	0.1	0.02	0.47	1.14	0.04	0.66	0.05	0	0.04	0.02	0.19
0.15	0.1	0	0.41	0.48	0.48	0.14	0.48	0.44	0.1	0.42	1.59	0.09	0.45	0.93	0.42	0.11	0.4	0.29	0.44	0.43	0.24	0.22	0.2	0.19	0.11	0.43	0.43	0.19	0.11	0.14	0.22	0.43	0.31	0.09	0.22	0.43	0.43	0.29	0.19	0.1	0.3	0.09	0.43	6.65	0.93	0.43	0.09	0.36	0.21	0.08	0.22	0.09	0.36	0.43	0.51	0.16	0.09	0.53	0.43	0.09	0.16	0.1	0.28	0.19	0.44	0.11	0.42	0.11	0.44	0.44	0.17	0.2	0.62	0.07	0.94	0.44	0.21	0.64	0.1	0.08	0.18	0.11	0.44	0.41	0.16	0.44	0.18	0.4	0.44	0.44	0.34	0.2	0.48	0.1	0.09	0.21	0.37	0.35
0.47	0.04	0.1	0	0.47	0.47	0.15	0.47	0.05	0.05	0.16	0.42	0.07	0.08	0.69	0.25	0.04	0.22	0.3	0.05	0.1	0.19	0.22	0.18	0.18	0.41	0.02	0.07	0.44	0.91	0.13	0.21	0.05	0.17	0.11	0.25	0.05	0.05	0.13	0.25	0.93	0.43	0.16	0.17	2.44	1.39	0.23	0.06	0.56	0.13	0.94	0.23	0.04	0.45	0.08	0.56	0.55	0.04	0.21	0.46	0.07	1.03	0.02	0.97	0.17	0.19	0.04	0.47	0.03	0.08	0.06	0.16	0.15	0.49	0.06	0.16	0.49	0.19	0.6	0.44	0.07	0.4	0.08	0.6	1.01	0.51	0.21	0.18	0.14	0.06	0.41	0.33	0.49	0.39	0	0.42	0.01	0.05	0.22
0.02	0.46	0.16	0.17	0	1.06	0.02	0.48	0.31	0.15	0.02	6.32	0.13	0.11	0.28	0.46	0.42	0.23	0.46	0.23	0.16	0.1	0.47	0.01	0.01	0.12	0.14	0.15	0.49	0.38	0.1	0.1	0.14	0	0.13	0.4	0.13	0.15	0.04	0.09	0.91	0.41	0.65	0.16	2.65	0.33	0.59	0.44	0.2	0.42	0.12	0.11	0.13	0.46	0.14	0.03	0.3	0.13	0.1	0.17	0.12	0.53	0.45	0.13	0.45	0.06	0.48	0.05	0.17	0.16	0.14	0.02	0	0.18	0.26	0.15	0.09	0.05	0.24	0.16	0.12	0.4	0.3	0.33	0.15	0.51	0.06	0.41	0.1	0.38	0.01	0.18	0.63	0.25	0.23	0.28	0.26	0.58	0.23
0.5	0.64	0.52	0.24	0.29	0	0.3	0.26	0.44	0.65	0.31	2.08	0.48	0.26	0.34	0.63	0.24	0.11	0.4	0.4	0.55	0.46	0.27	0.3	0.41	0.26	0.22	0.3	0.3	0.4	0.69	0.25	0.26	0.29	0.29	0.4	0.4	0.44	0.29	0.4	0.26	0.3	0.25	0.4	0.69	0.4	0.42	0.26	0.4	0.29	0.26	0.25	0.4	0.9	0.4	0.71	0.3	0.25	0.25	0.4	0.6	0.7	0.86	0.42	0.48	0.22	0.23	0.9	0.4	0.27	0.26	0.3	0.29	0.4	0.4	0.5	0.32	0.31	0.39	0.28	0.27	0.36	0.65	0.23	0.48	0.49	0.4	0.27	0.31	0.26	0.32	0.4	0.28	0.15	0.24	1	0.6	0.28	0.16
0.45	0.12	0.45	0.99	0.02	0.3	0	0.15	0.53	0.55	0.01	1.01	0.12	0.11	0.25	0.1	0.14	0.26	0.84	0.11	0.12	0.04	0.08	0.03	0.03	0.43	0.14	0.32	0.49	0.13	0.22	0.2	0.14	0.02	0.11	0.07	0.11	0.11	0.01	0.1	0.5	0.4	0.11	0.08	3.36	0.4	0.31	0.5	0.22	0.23	0.11	0.08	0.18	0.05	0.13	0.01	0.12	0.47	0.04	0.02	0.12	0.02	0.14	0.52	0.03	0.07	0.15	0.4	0.4	0.13	0.17	0.14	0.03	0.18	0.39	0.03	0.1	0.09	0.2	0.12	0.13	0.03	0.4	0.57	0.21	0.9	0.08	0.04	0.1	0.5	0.02	0.19	0.12	0.23	0.24	0.11	0.14	0.4	0.22
0.13	0.02	0.49	0.78	0.13	0.26	0.15	0	0.1	0	0.14	4.73	0.05	0.36	0.38	0.22	0.05	0.39	0.41	0.03	0.7	0.4	0.21	0.14	0.16	0.03	0.03	0.42	0.1	0.22	0.5	0.18	0.01	0.13	0.05	0.19	0.03	0.12	0.44	0.21	0.03	0.41	0.02	0.44	0.16	0.13	0.48	0.01	0.35	0.63	0.04	0.44	0.15	0.49	0.44	0.11	0.09	0.25	0.17	0.12	0.03	0.4	0.03	0.22	0.16	0.55	0.05	0.51	0.05	0.02	0.04	0.17	0.14	0.45	0.03	0.13	0.21	0.17	0.39	0.09	0.05	0.18	1.01	0.2	0.99	0.28	0.19	0.16	0.54	0.4	0.15	0.32	0.05	0.75	0.4	0.03	0.36	0.03	0.21
0.12	0.17	0.07	0.33	0.44	0.44	0.12	0.02	0	0.02	0.1	2.67	0.03	0.01	1.16	0.46	0.05	0.2	0.58	0.02	0.06	0.46	0.46	0.12	0.12	0.01	0.03	0.04	0.2	0.04	0.09	0.17	0.03	0.13	0.06	0.67	0.01	0.02	0.33	0.22	0.26	0.11	1.18	0.2	2.62	0.21	0.21	0.02	0.33	0.18	0.02	0.21	0.02	0.48	0.04	0.1	0.02	0.03	0.15	0.48	0.02	0.48	0.03	0.21	0.16	0.49	0.04	0.35	0.05	0.03	0.03	0.14	0.13	0.26	0.11	0.13	0.19	0.18	0.37	0.49	0.02	0.15	0.04	0.16	0.27	0.1	0.49	0.14	0.09	0.34	0.13	0.29	0.04	0.6	0.05	0.03	0.5	0.03	0.51
0.13	0.03	0.12	1.4	0.9	0.37	0.21	0	0.03	0	0.12	6.23	1.3	0.03	2.79	2.9	2.4	1.71	1.38	0.98	0.7	1.22	1.27	1.17	0.38	0.03	0.05	0.09	0.1	0.43	0.13	0.4	0.03	0.37	0.87	0.4	0.04	0.08	0.46	0.27	0.07	0.61	0.06	1.06	2.56	1.26	0.8	0.57	0.92	0.55	0.32	0.54	0.31	1.32	1.26	0.99	1.13	1.48	1.97	2.17	2.53	2.82	2.7	2.94	2.63	2.94	2.51	2.15	1.75	1.08	0.37	0.17	0.74	1.66	1.78	2.14	1.84	1.69	2.35	2.35	1.41	2.54	2.39	3.11	2.77	2.65	2.38	1.95	1.5	1.04	0.95	1.11	1.14	1.96	1.74	1.84	2.1	0.61	2.4
0.01	0.49	0.15	0.39	0.02	0.5	0.01	0.44	0.4	0.13	0	6.09	0.12	0.12	0.25	0.1	0.43	0.83	0.23	0.13	0.36	0.41	0.21	0.25	0.43	0.11	0.31	0.48	0.54	0.12	0.01	0.1	0.14	0.28	0.11	0.08	0.11	0.52	0.08	0.03	0.51	0.3	0.12	0.03	0.21	0.44	0.15	0.13	0.44	0.02	0.44	0.07	0.13	0.27	0.44	0.01	0.4	0.13	0.03	0.02	0.14	0.34	0.14	0.15	0.1	0.24	0.15	0.01	0.16	0.15	0.13	0.03	0.55	0.18	0.48	0.65	0.03	0.06	0.45	0.45	0.12	0.03	0.32	0.08	0.21	0.03	0.08	0.06	0.01	0.46	0.04	0.56	0.12	0.86	0.16	0.13	0.56	0.53	0.34
1.59	0.38	0.36	1.85	8.22	2.69	0.21	1.63	1.42	3.93	1.94	11.6	1.78	8.16	1.29	0.16	1.88	2.31	3.67	0.42	1.51	9.93	1.65	0.2	2.12	1.14	5.83	0.36	1.07	1.01	7.17	2.08	0.46	1.47	0.84	0.14	1.09	0.6	0.21	1.49	1.84	8.24	0.35	0.25	4.89	0.94	5.23	14.9	0.43	0.77	2.76	1.03	0.43	0.84	5.16	2.84	0.64	7.71	6.22	0.23	0.32	5.09	0.32	0.62	0.92	2.84	9.41	0.52	1.63	5.32	1.69	3.33	0.36	1.36	4.75	4.13	1.47	0.46	0.58	3.56	3.96	0.22	0.76	1.27	11.6	0.84	9.84	1.82	0.23	0.44	0.75	3.53	8.62	0.45	1.31	2.37	9.81	1.2	0.54
0.12	0.39	0.21	1.06	0.13	0.99	0.12	0.05	0.18	0.06	0.11	0.31	0	0.35	0.45	0.46	0.2	0.47	0.33	0.03	0.47	0.17	0.44	0.14	0.14	0.05	0.06	0.07	0.12	0.01	0.5	0.15	0.05	0.12	0.44	0.18	0.03	0.53	0.11	0.3	0.04	0.11	0.04	0.35	8.04	0.47	0.27	0.05	0.32	0.57	0.03	0.2	0.27	0.29	0.01	0.11	0.12	0.04	0.47	0.11	0.04	0.12	0.06	0.47	0.14	0.17	0.07	0.48	0.07	0.06	0.04	0.14	0.48	0.27	0.29	0.13	0.15	0.17	0.35	0.48	0.03	0.14	0.01	0.57	0.28	0.21	0.18	0.53	0.49	0.03	0.25	0.62	0	0.67	0.07	0.04	0.07	0.04	0.87
0.4	0.1	0.09	0.4	0.11	0.41	0.13	0.03	0.01	0.41	0.13	4.37	0.41	0	0.51	0.19	0.05	0.21	0.34	1.22	0.06	0.48	0.18	0.12	0.42	0.01	0.03	0.05	0.09	0.42	0.12	0.14	0.1	0.19	0.38	0.46	0.03	0.12	0.11	0.43	0.14	0.43	0.04	0.15	0.36	0.19	0.93	0.03	0.33	0.43	0.44	0.43	0.03	0.45	0.08	0.4	0.03	0.04	0.14	0.44	0.54	0.66	0.03	0.23	0.5	0.54	0.1	0.12	0.44	0.04	0.44	0.52	0.36	0.45	0.27	0.15	0.45	0.65	0.54	0.05	0.03	0.14	0.45	0.34	0.29	0.4	0.19	0.16	0.12	0.56	0.12	0.66	0.05	0.46	0.09	0.09	0.47	0.23	1.47
0.25	0.36	0.53	0.52	0.42	0.12	0.83	0.78	0.54	0.47	0.25	5.73	0.34	0.52	0	0.73	0.43	0.53	0.32	0.53	0.4	0.22	0.17	0.25	0.25	0.36	0.93	0.41	0.74	0.35	0.22	0.44	0.61	0.27	0.59	0.18	0.44	0.73	0.26	0.45	0.63	0.55	0.39	0.28	0.95	0.28	0.37	0.45	0.46	0.23	0.38	0.46	0.36	0.47	0.56	0.26	0.72	0.67	0.18	0.23	0.67	0.46	0.37	0.57	0.19	0.29	0.47	0.25	0.39	0.39	0.37	0.78	0.48	0.22	0.49	0.48	0.27	0.54	0.14	0.36	0.37	0.48	0.53	0.18	0.66	0.23	0.26	0.22	0.48	0.36	0.24	0.39	0.78	0.48	0.58	0.37	0.4	0.36	0.25
0.1	0.21	0.44	0.33	0.13	0.25	0.45	0.24	0.56	0.21	0.95	4.69	0.2	0.66	0.16	0	0.46	0.3	0.17	0.76	0.19	0.07	0.02	0.46	0.09	0.56	0.56	0.46	0.25	0.21	0.08	0.03	0.22	0.47	0.48	0.23	0.57	0.56	0.09	0.11	0.24	0.47	0.22	0.13	3.59	0.78	0.21	0.29	0.17	0.09	0.23	0.03	0.22	0.15	0.21	0.36	0.48	0.21	0.08	0.08	0.2	0.48	0.48	0.21	0.04	0.01	0.24	0.49	0.23	0.23	0.49	0.09	0.12	0.49	0.21	0.07	0.99	0.04	0.15	0.59	0.49	0.08	0.21	0.02	0.59	0.08	0.03	0.06	0.4	0.21	0.09	0.14	0.21	0.4	0.41	0.37	0.24	0.21	0.4
1.08	0.58	0.11	0.25	0.15	1.49	0.99	0.05	0.05	0.11	0.3	5.57	0.45	0.05	0.66	0.6	0	0.22	0.45	0.41	0.56	0.17	0.22	0.27	0.18	0.05	0.2	0.07	0.46	0.48	0.47	0.4	0.05	0.18	0.06	0.22	0.05	0.04	0.47	0.23	0.05	0.16	0.47	0.63	2.64	0.17	0.23	0.05	0.35	0.12	0.06	0.48	0.04	0.43	0.08	0.48	0.05	0.04	0.58	0.15	0.05	0.23	0.02	0.23	0.49	0.17	0.03	0.14	0.37	0.06	0.06	0.16	0.48	0.32	0.05	0.15	0.37	0.19	0.42	2.41	0.07	0.52	0.08	0.22	0.29	0.15	0.42	0.18	0.15	0.05	0.17	0.33	0.07	0.36	0.03	0.43	0.03	0.16	0.53
0.25	0.19	0.4	0.4	0.24	0.46	0.25	0.46	0.19	0.46	0.5	4.62	0.2	0.6	0.16	0.54	0.3	0.41	0.4	0.18	0.6	0.78	0.91	0.47	0.41	0.53	0.35	0.22	0.37	0.5	0.41	0.34	0.41	0.41	1.55	0.18	0.18	0.17	0.72	0.27	0.33	0.25	0.41	0.28	0.68	0.55	0.51	0.36	0.62	0.24	0.52	0.51	0.18	0.49	0.21	0.92	0.2	0.18	0.46	0.26	0.41	0.57	0.32	0.92	0.24	0.42	0.42	0.25	0.22	0.21	0.19	0.62	0.23	0.09	0.42	0.27	0.27	0.54	0.26	0.52	0.48	0.92	0.21	0.22	0.42	1.02	0.18	0.51	0.42	0.52	0.24	0.09	0.42	0.06	0.45	0.19	0.21	0.19	0
0.42	0.22	0.32	0.3	0.22	0.11	0.58	0.6	0.35	0.41	0.22	1	0.34	0.39	0.33	0.37	0.31	0.04	0	0.61	0.74	0.21	0.19	0.23	0.23	0.33	0.29	0.32	0.64	0.34	0.44	0.19	0.31	0.21	0.34	0.17	0.46	0.24	0.23	0.24	0.28	0.46	0.23	0.63	0.44	0.22	0.51	0.54	0.49	0.43	0.71	0.52	0.27	0.31	0.34	0.24	0.32	0.44	0.58	0.23	0.65	0.27	0.42	0.35	0.2	0.53	0.3	0.26	0.32	0.76	0.63	0.23	0.24	0.05	0.33	0.22	0.55	0.81	0.26	0.65	0.37	0.59	0.35	0.41	0.41	0.23	0.17	0.52	0.6	0.49	0.23	0.05	1.08	0.48	0.3	0.23	0.3	0.23	0.04
0.11	0.09	0.08	0.25	0.41	0.26	0.23	0.03	0.02	0.03	0.28	5.49	0.03	0.04	0.36	0.6	0.05	0.4	0.24	0	0.4	0.16	0.21	0.4	0.15	0.4	0.03	0.5	0.09	0.07	0.29	0.5	0.04	0.15	0.04	0.26	0.01	0.99	0.09	0.24	0.02	0.49	0.15	0.17	6.1	0.18	0.19	0.22	0.69	0.08	0.12	0.98	0.48	0.32	0.04	0.1	0.03	0.02	0.98	0.98	0.03	1.22	0.03	0.19	0.48	0.42	0.04	0.28	0.16	0.04	0.01	0.14	0.13	0.26	0.35	0.11	0.21	0.43	0.33	0.41	1.68	0.48	0.1	0.23	0.26	0.48	0.19	0.58	0.15	0.05	0.13	0.68	0.35	0.35	0.11	0.02	0.05	0.02	0.18
0.12	0.05	0.11	0.89	0.16	0.3	0.32	0.05	0.21	0.05	0.12	5.83	0.08	0.06	0.59	0.19	0.08	0.96	0.37	0.64	0	0.39	0.2	0.15	0.15	0.05	0.06	0.06	0.13	0.96	0.12	0.23	0.2	0.13	0.01	0.18	0.06	0.06	0.12	0.46	0.11	0.14	0.07	0.11	1.39	1.07	0.63	0.06	0.47	0.13	0.31	0.2	0.05	0.18	0.09	0.14	0.05	0.06	0.47	0.48	0.07	0.15	0.06	0.48	0.16	0.48	0.08	0.12	0.08	0.06	0.37	0.16	0.53	0.54	0.06	0.14	0.52	0.48	0.32	0.08	0.07	0.17	0.48	0.2	0.33	0.14	0.59	0.18	0.49	0.06	0.57	0.32	0.48	0.32	0.1	0.06	0.44	0.45	0.4
0.04	0.81	0.18	0.4	0.1	0.3	0.04	0.15	0.15	0.4	0.03	12.7	0.18	0.5	0.22	0.07	0.27	1.68	0.21	0.16	0.18	0	0.4	0.41	0.05	0.15	0.17	0.18	0.79	0.16	0.15	0.09	0.21	0.09	0.61	0.07	0.52	0.45	1	0.08	0.37	0.03	0.52	0.06	0.4	0.62	0.16	0.41	0.58	0.03	0.17	0.77	0.16	0.12	0.41	0.41	0.16	0.44	0.04	0.06	0.16	0.25	0.51	0.51	0.52	0.38	0.18	0.04	0.4	0.23	0.49	0.08	0.3	0.21	0.18	0.29	0.03	0.93	0.21	0.82	0.15	0.51	0.26	0.4	0.42	0.04	0.08	0.44	0.43	0.34	0.04	0.63	0.16	0.43	0.17	0.25	0.18	0.28	0.23
0.08	0.2	0.41	0.22	0.41	0.51	0.08	0.41	0.19	0.21	0.07	3.02	0.54	0.19	0.17	0.41	0.23	0.41	2.05	0.21	0.44	0.08	0	0.09	0.42	0.42	0.22	0.66	0.42	0.22	0.08	0.05	0.42	0.13	0.17	0.42	0.2	0.28	0.43	0.06	0.2	0.08	0.21	0.43	1.63	0.43	0.21	1.24	0.18	0.05	0.22	0.74	0.2	0.11	0.21	0.09	0.21	0.21	0.34	0.44	0.2	0.57	0.23	0.48	0.05	0.03	0.21	0.08	0.4	0.29	0.45	0.45	0.19	0.45	0.18	0.45	0.06	0.45	0.16	0.45	0.56	0.06	0.32	0.04	0.27	0.09	0.04	0.31	0.08	0.18	0.66	0.15	0.21	0.56	0.22	0.46	0.23	0.21	0.19
0.03	0.14	0.48	0.16	0.01	0.68	0.03	0.15	0.48	0.14	0.03	4.36	0.13	0.42	0.25	0.09	0.18	0.24	0.23	0.29	0.15	0.41	0.21	0	0.02	0.13	0.15	0.19	0.26	0.15	0.04	0.05	0.16	0.42	0.14	0.18	0.42	0.42	0.03	0.21	0.14	0.04	0.15	0.06	0.03	0.01	0.16	0.16	0.34	0.04	0.13	0.09	0.16	0.43	0.14	0.03	0.17	0.14	0.43	0.13	0.14	0.43	0.43	0.37	0.05	0.23	0.16	0.41	0.43	0.15	0.17	0.01	0.01	0.19	0.13	0.05	0.13	0.45	0.64	0.43	0.32	0.15	0.51	0.43	0.14	0.05	0.09	0.08	0.04	0.14	0.01	0.18	0.14	0.23	0.16	0.53	0.16	0.42	0.3
0.03	0.29	0.18	0.44	0.01	0.62	0.11	0.15	0.18	0.58	0.03	1.58	0.14	0.29	0.25	0.09	0.52	0.48	0.23	0.17	0.15	0.04	0.09	0.02	0	0.14	0.16	0.48	0.61	0.42	0.04	0.3	0.15	0.01	0.14	0.07	0.15	0.47	0.03	0.09	0.49	0.2	0.17	0.06	0.26	0.01	0.49	0.16	0.21	1	0.13	0.09	0.49	0.27	0.34	0.03	0.14	0.15	0.05	0.04	0.14	0.31	0.4	0.44	0.05	0.3	0.5	0.4	0.18	0.15	0.16	0.02	0.22	0.19	0.25	0.05	0.25	0.9	0.38	0.14	0.14	0.08	0.4	0.07	0.61	0.05	0.25	0.41	0.04	0.21	0.41	0.26	0.14	0.5	0.48	0.14	0.42	0.22	0.58
0.12	0	0.06	0.12	0.14	0.26	0.12	0.29	0.01	0.11	0.11	1.79	0.4	0.01	0.5	0.81	0.05	0.41	0.34	0.37	0.05	0.13	0.41	0.14	0.13	0	0.04	0.05	0.42	0.06	0.12	0.17	0.03	0.42	0.18	0.19	0.42	0.34	0.4	0.21	0.04	0.42	0.32	0.14	1.23	0.12	0.22	0.03	0.31	0.09	0.14	0.52	0.42	0.53	0.05	0.1	0.03	0.03	0.43	0.1	0.02	0.93	0.43	0.22	0.15	0.16	0.05	0.1	0.05	0.04	0.2	0.14	0.3	0.66	0.02	0.14	0.55	0.24	0.32	0.43	0.03	0.53	0.05	1.24	0.29	0.12	0.2	0.17	0.13	0.19	0.13	0.73	0.05	0.48	0.08	0	0.43	0	0.39
0.4	0.11	0.1	0.45	0.14	0.22	0.14	0.04	0.04	0.03	0.14	0.33	0.06	0.03	0.44	0.23	0.02	0.44	0.29	0.2	0.06	0.47	0.97	0.15	0.15	0.37	0	0.06	0.48	0.07	0.39	0.19	0.04	0.15	0.05	0.48	0.03	0.79	0.11	0.98	0.03	0.14	0.03	0.19	6.08	0.99	0.22	0.04	0.35	0.1	0.04	1.03	0.49	0.32	0.06	0.48	0.03	0.14	0.47	0.13	0.04	1.94	0	0.22	0.15	0.16	0.02	0.5	0.03	0.5	0.04	0.16	0.23	0.9	0.04	0.14	0.4	0.21	0.31	0.06	0.05	0.17	0.32	0.21	0.7	0.15	0.21	0.41	0.12	0.41	0.16	0.51	0.06	0.55	0.02	0.91	0.02	0.03	0.65
0.16	0.04	0.46	0.14	0.16	0.98	0.15	0.02	0.16	0.17	0.16	5.67	0.07	0.41	0.4	0.24	0.18	0.62	0.32	0.08	0.24	0.4	0.62	0.42	0.16	0.42	0.42	0	0.12	0.08	0.52	0.18	0.02	0.16	0.92	0.52	0.42	0.08	0.13	0.23	0.05	0.38	0.05	0.21	0.32	0.42	0.24	0.04	0.72	0.13	0.43	0.43	0.04	0.36	0.13	0.14	0.35	0.05	0.56	0.13	0.43	0.41	0.05	0.24	0.43	0.18	0.07	0.14	0.07	0.44	0.43	0.16	0.15	0.53	0.06	0.42	0.23	0.57	0.68	0.07	0.07	0.44	0.44	0.23	0.74	0.44	0.21	0.19	0.41	0.17	0.17	0.64	0.07	0.37	0.07	0.06	0.07	0.05	0.23
1.42	0.32	0.15	0.46	0.17	0.39	2.09	1.64	1.08	0.6	0.56	3.53	0.12	0.11	0.38	0.48	0.48	0.48	0.39	0.48	0.13	0.2	0.26	0.48	0.58	0.08	0.11	0.5	0	0.49	0.17	0.99	0.49	0.49	0.39	0.25	0.09	0.09	0.28	0.49	0.41	0.49	0.1	0.49	4.41	0.3	0.33	0.1	0.39	0.49	0.16	0.23	0.09	0.26	0.13	0.17	0.1	0.09	0.21	0.9	0.11	0.43	0.3	0.31	0.9	0.6	0.4	0.17	0.21	0.12	0.11	0.19	0.48	0.91	0.4	0.18	0.5	0.61	0.4	1.97	1.47	1.01	0.56	0.25	0.3	0.18	0.26	0.91	2.02	1.49	1.06	0.6	0.13	0.78	0.13	0.1	2.23	0.11	1.29
0.14	0.16	0.47	0.46	0.13	0.29	0.12	0.06	0.04	0.06	0.12	9.01	0.19	0.06	0.35	0.22	0.47	0.21	0.35	0.04	0.24	0.49	0.47	0.14	0.15	1.07	0.07	0.08	0.98	0	0.12	0.16	0.07	0.51	0.09	0.2	0.03	0.04	0.48	0.16	0.48	0.13	0.08	0.28	0.27	0.85	0.23	0.06	0.49	0.18	0.43	1.09	0.04	0.5	0	0.12	0.06	0.05	0.31	0.49	0.24	0.49	0.07	0.23	0.15	0.18	0.08	0.4	0.08	0.07	0.05	0.15	0.55	0.5	0.04	0.5	0.16	0.19	0.67	0.01	0.04	0.46	0	0.61	0.29	0.14	0.91	0.41	0.41	0.09	0.14	0.3	0.41	0.35	0.36	0.21	0.08	0.05	0.92
0.04	0.49	0.14	0.21	0.49	0.69	0.02	0.13	0.1	0.16	0.02	6.47	0.11	0.45	0.22	0.16	0.14	0.45	0.22	0.12	0.12	0.05	0.45	0.23	0.04	0.11	0.45	0.13	0.17	0.34	0	0.05	0.11	0.3	0.38	0.08	0.1	0.16	0.01	0.04	0.1	0.08	0.1	0.04	0.31	0.46	0.15	0.11	0.22	0.16	0.1	0.46	0.1	0.66	0.12	0.01	0.11	0.47	0.05	0.01	0.47	0.4	0.13	0.15	0.04	0.07	0.16	0.02	0.13	0.47	0.1	0.04	0.16	0.37	0.09	0.32	0.32	0.07	0.48	0.58	0.11	0.48	0.48	0.43	0.48	0.03	0.08	0.07	0	0.28	0.03	0.49	0.52	0.54	0.5	0.49	0.35	0.51	0.7
0.04	0.35	0.26	0.21	0.1	0.25	0.48	0.17	0.48	0.48	0.03	0.4	0.16	0.14	0.18	0.41	0.51	0.2	0.19	0.76	0.4	0.04	0.05	0.05	0.42	0.14	0.18	0.18	0.22	0.2	0.04	0	0.16	0.09	0.15	0.03	0.16	0.43	0.05	0.04	0.44	0.44	0.17	0.07	1.86	0.37	0.45	0.28	0.17	0.09	0.16	0.46	0.16	0.65	0.16	0.05	0.17	0.17	0.47	0.05	0.75	0.38	0.16	0.17	0.51	0.36	0.5	0.04	0.2	0.4	0.91	0.05	0.6	0.13	0.4	0.43	0.4	0.2	0.17	0.91	0.41	0.03	0.16	0.03	0.23	0.41	0.03	0.25	0.04	0.14	0.41	0.14	0.16	1.03	0.18	0.17	0.4	0.49	0.72
0.41	0.02	0.1	0.05	0.16	0.42	0.12	0.01	0.41	0.02	0.14	1.68	0.05	0.03	0.44	0.47	0.05	0.2	0.31	0.03	0.07	0.84	0.2	0.63	0.16	0.03	0.04	0.02	0.1	0.06	0.46	0.16	0	0.13	0.05	0.43	0.04	0.03	0.48	0.23	0.03	0.12	0.03	0.16	1.84	0.42	0.44	0.01	0.33	0.11	0.04	0.44	0.02	0.57	0.06	0.13	0.01	0.03	0.16	0.13	0.39	0.13	0.04	0.22	0.19	0.16	0.05	0.15	0.43	0.01	0.16	0.21	0.87	0.3	0.04	0.48	0.24	0.58	0.53	0.05	0.35	0.19	0.06	2.39	0.28	0.2	0.88	0.22	0.48	0.36	0.16	0.62	0.05	0.96	0.05	0.16	0.05	0.03	0.25
0.07	0.13	0.15	0.46	0	0.29	0.02	0.14	0.42	0.14	0.02	2.44	0.46	0.13	0.56	0.12	0.76	0.31	0.21	0.15	0.46	0.09	0.13	0.46	0.01	0.17	1.01	0.16	0.56	0.14	0.09	0.46	0.13	0	0.12	0.2	0.12	0.66	0.02	0.09	0.15	0.08	0.46	0.96	1.73	0	0.13	0.42	0.2	0.38	0.12	0.46	0.46	0.34	0.24	0.46	0.19	0.13	0.09	0.06	0.12	0.67	0.15	0.13	0.71	0.32	0.29	0.67	0.17	0.16	0.47	0.01	0	0.19	0.47	0.47	0.09	0.18	0.48	0.13	0.52	0.3	0.19	0.05	0.32	0.09	0.06	0.58	0.09	0.48	0.01	0.17	0.12	0.48	0.15	0.13	0.18	0.32	0.48
0.14	0.39	0.26	0.08	0.13	0.47	0.1	0.45	0.09	0.98	0.47	4.77	0.07	0.04	0.35	0.19	0.06	0.46	0.34	0.19	0.01	0.56	0.17	0.14	0.42	0.04	0.86	0.05	0.12	0.13	0.11	0.16	0.05	0.12	0	0.17	0.04	0.04	0.46	0.16	0.04	0.13	0.03	0.13	0.45	0.14	0.26	0.45	0.33	0.45	0.04	0.45	0.03	0.52	0.08	0.13	0.05	0.11	0.14	0.26	0.05	0.53	0.45	0.26	0.54	0.19	0.45	0.11	0.06	0.06	0.04	0.46	0.21	0.29	0.05	0.55	0.17	0.18	0.95	0.13	0.45	0.15	0.08	0.18	0.33	0.22	0.17	0.15	0.44	0.06	0.15	0.61	0.07	0.32	0.44	0.44	0.07	0.05	1.04
0.07	0.19	0.21	0.21	0.06	0.23	0.07	0.19	0.47	0.46	0.08	3.68	0.18	0.41	0.18	0.41	0.46	0.34	0.41	0.9	0.34	0.08	0.48	0.95	0.2	0.56	0.39	0.24	0.26	0.33	0.46	0.03	0.19	0.22	0.57	0	0.19	0.48	0.08	0.49	0.74	0.09	0.5	0.49	3.36	0.12	0.5	0.22	0.33	0.07	0.4	0.05	0.2	0.16	0.42	0.24	0.19	0.2	0.42	0.42	0.19	0.36	0.21	0.42	0.41	0.01	0.21	0.22	0.52	0.21	0.19	0.52	0.17	0.1	0.18	0.1	0.09	0.02	0.13	1.96	0.22	0.05	0.44	0	0.61	0.17	0	0.04	0.46	0.19	0.08	0.13	0.19	0.16	0.47	0.18	0.23	0.19	0.16
0.5	0.02	0.08	0.42	0.12	0.4	0.1	0.28	0.02	0.26	0.12	2.78	0.02	0.03	0.51	0.34	0.05	0.57	0.46	0.01	0.06	0.15	0.18	0.13	0.3	0.46	0.04	0.43	0.1	0.03	0.46	0.47	0.04	0.12	0.04	0.57	0	0.57	0.47	0.2	0.02	0.09	0.02	0.14	0.15	0.3	0.19	0.38	0.47	0.09	0.32	0.18	0.05	0.47	0.27	0.09	0.22	0.02	0.47	0.08	0.02	0.08	0.03	0.19	0.15	0.14	0.05	0.46	0.05	0.04	0.02	0.13	0.36	0.29	0.01	0.1	0.2	0.27	0.54	0.46	0.03	0.14	0.35	0.19	0.25	0.12	0.53	0.15	0.1	0.02	0.19	0.46	0.03	0.42	0.05	0.02	0.14	0.02	0.18
1.08	0.02	0.08	0.05	0.98	0.57	0.48	0.03	0.02	0.03	0.49	4.04	0.03	0.04	0.99	0.59	0.05	0.49	0.59	0.01	0.06	0.4	0.29	0.48	0.16	0.04	0.03	0.05	0.49	0.08	0.49	0.16	0.03	0.49	0.04	0.49	0.01	0.01	0.09	0.61	0.02	0.49	0.02	0.69	2.82	0.14	0.5	0.52	0.34	0.08	0.12	1.1	0.6	0.4	0.5	0.1	0.03	0.9	0.18	0.42	0.42	0.92	0.41	0.41	0.41	0.15	0.41	0.92	0.41	0.41	0.92	0.41	0.41	0.41	0.02	0.41	0.25	0.42	0.61	0.03	0.41	0.15	0.04	0.42	0.42	0.42	0.92	0.42	0.43	0.42	0.52	1.11	0.03	0.63	0.43	0.07	0.43	0.41	0.18
0.55	0.32	0.2	0.66	0.04	0.29	0.06	0.1	0.1	0.44	0.01	3.01	0.1	0.1	0.26	0.6	0.4	0.25	0.62	0.41	0.11	0.04	0.09	0.03	0.03	0.1	0.44	0.12	0.17	0.12	0.01	0.05	0.1	0.51	0.51	0.08	0.08	0.09	0	0.05	0.11	0.41	0.51	0.01	3.94	0.71	0.15	0.51	0.22	0.03	0.1	0.09	0.1	0.13	0.11	0.13	0.1	0.52	0.05	0.35	0.09	0.65	0.13	0.15	0.04	0.42	0.14	0.01	0.45	0.12	0.24	0.41	0.32	0.32	0.09	0.03	0.31	0.08	0.42	0.26	0.1	0.28	0.12	0.08	0.26	0.03	0.42	0.05	0.01	0.42	0.03	0.21	0.26	0.22	0.42	0.22	0.12	0.47	0.42
0.44	0.44	0.19	0.26	0.47	0.32	0.1	0.49	0.45	0.21	0.03	1.44	0.15	0.2	0.27	0.11	0.42	0.58	0.23	0.23	0.56	0.03	0.44	0.94	0.23	0.22	0.25	0.25	0.45	0.16	0.04	0.04	0.23	0.47	0.16	0.09	0.55	0.47	0.47	0	0.23	0.03	0.22	0.42	1.63	0.48	0.23	0.24	0.24	0.04	0.3	0.05	0.22	0.3	0.49	0.05	0.21	0.23	0.04	0.04	0.23	0.05	0.22	0.6	0.01	0.05	0.24	0.1	0.62	0.22	0.43	0.37	0.09	0.4	0.21	0.4	0.4	0.08	0.41	0.15	0.23	0	0.66	0.48	0.42	0.42	0.09	0.06	0.04	0.42	0.09	0.42	0.15	0.57	0.25	0.21	0.23	0.21	0.54
0.49	0.21	0.09	2	0.15	0.99	0.12	0.03	0.3	0.12	0.2	3.41	0.3	0.04	0.4	0.6	0.05	0.19	0.28	0.02	0.06	0.15	0.2	0.16	0.17	0.12	0.41	0.05	0.1	0.05	0.1	0.41	0.12	0.21	0.04	0.22	0.19	0.91	0.41	0.41	0	0.51	0.01	0.42	3.76	0.92	0.42	0.04	0.33	0.1	0.02	0.42	0.01	0.47	0.2	0.12	0.52	0.02	0.17	0.1	0.44	1.07	0.03	0.21	0.15	0.16	0.13	0.13	0.43	0.04	0.18	0.17	0.14	0.28	0.03	0.12	0.44	0.44	0.59	0.05	0.05	0.15	0.42	0.35	0.27	0.29	0.5	0.17	0.1	0.81	0.15	0.81	0.17	0.37	0.05	0.02	0.04	0.36	0.19
0.03	0.48	0.15	0.45	0.09	0.3	0.03	0.4	0.11	0.44	0.03	3.74	0.44	0.12	0.22	0.06	0.45	0.26	0.22	0.12	0.13	0.4	0.32	0.04	0.04	0.11	0.13	0.15	0.17	0.38	0.03	0.08	0.13	0.08	0.13	0.09	0.1	0.48	0.03	0.03	0.11	0	0.49	0.12	0.22	0.09	0.41	0.49	0.23	0.01	0.15	0.08	0.49	0.11	0.17	0.33	0.2	0.11	0.08	0.04	0.1	0.35	0.29	0.2	0.03	0.08	0.41	0.03	0.15	0.14	0.41	0.04	0.09	0.19	0.11	0.01	0.42	0.07	0.21	0.12	0.42	0.03	0.12	0.15	0.2	0.01	0.09	0.42	0.04	0.11	0.22	0.2	0.94	0.25	0.44	0.16	0.96	0.12	0.24
0.34	0.01	0.47	0.05	0.39	0.39	0.13	0.02	0.02	0.03	0.12	7.01	0.04	0.04	0.58	0.21	0.04	0.44	0.44	0.02	0.06	0.16	0.44	0.15	0.44	0.03	0.03	0.04	0.37	0.05	0.1	0.54	0.03	0.15	0.03	0.18	0.02	0.02	0.18	0.22	0.01	0.13	0	0.13	1.09	0.14	0.47	0.04	0.33	0.5	0.94	0.55	0	0.52	0.05	0.44	0.02	0.15	0.41	0.34	0.03	0.54	0.03	0.44	0.16	0.46	0.04	0.12	0.44	0.03	0.03	0.35	0.14	0.28	0.03	0.33	0.22	0.32	0.32	0.11	0.06	0.16	0.64	0.2	0.54	0.21	0.19	0.18	0.1	0.03	0.15	0.3	0.04	0.34	0.44	0.04	0.19	0.01	0.19
0.03	0.15	0.43	0.44	0.44	0.33	0.44	0.4	0.15	0.16	0.03	6.67	0.23	0.17	0.49	0.57	0.36	0.68	0.37	0.28	0.57	0.14	0.47	0.2	0.09	0.22	0.57	0.55	0.47	0.13	0.02	1.27	0.47	0.05	0.12	0.14	0.47	0.14	0.23	0.17	0.31	0.47	0.2	0	0.7	0.11	0.17	0.29	0.48	0.35	0.68	0.47	0.35	0.16	0.48	0.24	0.15	0.16	0.48	0.08	0.15	0.37	0.23	0.17	0.1	0.07	0.58	0.03	0.17	0.17	0.48	0.05	0.04	0.19	0.4	0.06	0.14	0.24	0.47	0.49	0.19	0.69	0.45	0.42	0.5	0.04	0.26	0.07	0.01	0.14	0.05	0.35	0.29	0.25	0.7	0.43	0.32	0.14	0.67
0.45	0.95	0.95	0.45	0.04	0.93	2.04	0.42	0.45	0.43	0.47	5.51	1.53	3.99	0.48	0.98	0.2	0.27	1.05	1.99	0.94	0.05	0.47	0.03	0.44	0.49	0.45	0.48	3.01	0.61	0.45	0.55	0.91	0.03	0.14	0.44	1.05	0.5	0.48	2	1.52	0.06	0.17	7.02	0.04	1.58	0.98	2.94	0.45	1	0.94	0.48	0.49	2.44	0.42	0.42	0.41	0.48	0.62	0.14	0.58	1.52	2	0.44	0.44	1.45	0.41	5.03	0.52	0.42	0.41	2.25	0.04	0.42	0.91	0.08	0.46	0.46	0.46	0.96	2.17	0.49	0.95	2.02	1.23	0.45	1.96	0.06	0.45	0.56	0.03	0.95	7.49	0.43	0.41	0.16	1.56	1.52	0.43
0.36	0.16	0.16	0.54	0	0.29	0.02	0.56	0.4	0.4	0.33	6.58	0.48	0.48	0.68	0.13	0.18	0.49	0.43	0.14	0.5	0.47	0.49	0.01	0.01	0.11	0.14	0.49	1.97	0.14	0.1	0.49	0.49	0.87	0.14	0.06	0.14	0.19	0.56	0.77	0.15	0.08	0.49	0.07	3.2	0	0.49	0.49	0.24	0.17	0.49	0.63	0.18	1.42	0.51	0.02	0.17	0.41	0.09	0.11	0.13	0.41	0.65	0.61	0.41	0.07	0.35	0.42	0.15	0.16	0.92	0.02	0	0.62	0.13	0.09	0.42	0.37	0.91	0.41	0.13	0.4	0.42	0.4	0.4	0.24	0.64	0.44	0.11	0.13	0.01	0.7	0.45	0.24	0.19	0.44	0.18	0.14	0.58
0.41	0.2	0.52	0.52	0.16	0.42	0.42	0.22	0.21	1.32	0.42	5.86	0.22	0.23	0.37	0.21	0.44	0.36	0.35	0.19	0.44	0.16	0.26	0.15	0.14	0.6	0.45	0.23	0.85	0.38	0.15	0.45	0.22	0.5	0.5	0.55	0.19	0.45	0.15	0.45	0.21	0.2	0.45	0.55	1.11	0.15	0	0.45	0.33	0.18	0.56	0.2	0.19	0.86	0.46	0.22	0.22	0.45	0.49	0.16	0.46	0.57	0.22	0.01	0.18	0.21	0.86	0.46	0.76	0.46	0.2	0.14	0.23	0.36	0.47	0.22	0.24	0.17	0.31	0.57	0.23	0.23	0.47	0.2	0.4	0.47	0.51	0.17	0.31	0.21	0.47	0.3	0.56	0.35	0.24	0.46	0.24	0.54	0.34
0.26	0.43	0.18	0.23	0.14	0.26	0.44	0.4	0.17	0.27	0.49	1.3	0.05	0.5	0.56	0.59	0.05	0.21	0.32	0.4	0.06	0.51	0.9	0.16	0.41	0.04	0.04	0.03	0.11	0.07	0.11	0.41	0.01	0.42	0.05	0.52	0.04	0.42	0.12	0.43	0.43	0.13	0.04	0.17	2.03	0.35	0.22	0	0.39	0.12	0.05	0.22	0.44	0.2	0.44	0.14	0.01	0.04	0.23	0.45	0.04	0.28	0.04	0.22	0.17	0.55	0.05	0.46	0.06	0.02	0.04	0.46	0.51	0.47	0.04	0.13	0.97	0.2	0.47	0.34	0.05	0.57	0.06	0.19	0.28	0.48	0.2	0.16	0.48	0.2	0.14	0.36	0.06	0.69	0.06	0.03	0.05	0.08	0.42
0.45	0.55	0.65	0.35	0.2	0.45	0.22	0.34	0.31	0.45	0.24	0.01	0.32	0.67	0.06	0.47	0.35	0.32	0.32	0.97	0.47	0.22	0.57	0.21	0.59	0.34	0.77	0.67	0.37	0.34	0.22	0.23	0.47	0.2	0.95	0.15	0.33	0.47	0.22	0.23	0.34	0.43	0.47	0.25	0.23	0.2	0.73	0.4	0	0.23	0.65	0.18	0.33	0.28	0.33	0.22	0.34	0.42	0.17	0.42	0.96	0.61	0.92	0.42	0.2	0.21	0.7	0.22	0.37	0.8	0.72	0.21	0.62	0.41	0.51	0.24	0.23	0.33	0.41	0.64	0.58	0.27	0.34	0.41	0.82	0.24	0.15	0.41	0.23	0.67	0.21	0.26	0.33	0.91	0.41	0.34	1.12	0.47	0.59
0.02	0.09	0.33	0.13	0.04	0.4	0.02	0.25	0.23	0.11	0.02	1.99	0.18	0.09	0.23	0.49	0.12	0.24	0.49	0.08	0.13	0.03	0.33	0.49	0.04	0.09	0.1	0.12	0.16	0.29	0.32	0.05	0.11	0.4	0.67	0.3	0.09	0.42	0.4	0.11	0.1	0.02	0.4	0.03	4.84	0.41	0.41	0.12	0.22	0	0.09	0.07	0.41	0.09	0.49	0.13	0.43	0.1	0.05	0.41	0.23	0.68	0.1	0.53	0.52	0.42	0.52	0.02	0.14	0.12	0.09	0.42	0.04	0.42	0.1	0.09	0.92	0.08	0.21	0.42	0.26	0.44	0.54	0.07	0.14	0.01	0.07	0.45	0	0.18	0.04	0.45	0.18	0.76	0.18	0.49	0.45	0.12	0.34
0.48	0.02	0.47	0.05	0.12	0.26	0.45	0.04	0.06	0.03	0.14	1.92	0.03	0.49	0.48	0.98	0.05	0.18	0.25	0.01	0.06	0.14	0.2	0.15	0.44	0.28	0.93	0.05	0.42	0.42	0.41	0.52	0.04	0.47	0.12	0.18	0.02	0.28	0.45	0.44	0.36	0.11	0.02	0.43	2.84	0.44	0.42	0.53	0.49	0.09	0.04	0.25	0.43	0.41	0.92	0.11	0.04	0.02	0.41	0.4	0.02	0.49	0.04	0.27	0.45	0.15	0.05	0.13	0.45	0.04	0.03	0.44	0.44	0.25	0.42	0.11	0.2	0.42	0.33	3.54	0.04	0.13	0.03	0.19	0.53	0.11	0.19	0.46	0.09	0.02	0.14	0.45	0.42	0.45	0.44	0.24	0.44	0.13	0.53
0.08	0.26	0.23	0.33	0.11	0.5	0.7	0.2	0.2	0.21	0.5	0.91	0.41	0.19	0.18	0.03	0.21	0.41	0.41	0.19	0.41	0.07	0.01	0.09	0.41	0.16	0.2	0.22	0.24	0.22	0.08	0.52	0.19	0.46	0.49	0.05	0.18	0.19	0.09	0.23	0.47	0.08	0.41	0.11	0.67	0.13	0.2	0.58	0.18	0.07	0.51	0	0.5	0.71	0.21	0.16	0.19	0.17	0.09	0.09	0.18	0.28	0.41	0.21	0.05	0.03	0.42	0.08	0.24	0.23	0.19	0.09	0.13	0.14	0.19	0.16	0.05	0.6	0.16	0.19	0.63	0.06	0.21	0.04	0.27	0.53	0.1	0.45	0.08	0.43	0.08	0.15	0.21	0.18	0.44	0.19	0.23	0.22	0.22
0.12	0.01	0.32	0.38	0.14	0.29	0.46	0.02	0.91	0.02	0.13	1.72	0.03	0.03	0.71	0.2	0.04	0.18	0.27	0.18	0.05	0.16	0.19	0.22	0.13	0.25	0.02	0.04	0.09	0.25	0.25	0.35	0.22	0.14	0.03	0.4	0.01	0.27	0.4	0.22	0.01	0.13	0	0.14	6.37	0.23	0.19	0.03	0.32	0.26	0.31	0.51	0	0.39	0.04	0.1	0.02	0.02	0.92	0.42	0.03	0.34	0.02	0.2	0.14	0.15	0.03	0.11	0.25	0.42	0.02	0.14	0.31	0.42	0.46	0.31	0.22	0.2	0.34	0.03	0.04	0.29	0.04	0.56	0.25	0.1	0.39	0.15	0.09	0.15	0.14	0.3	0.86	0.33	0.12	0.06	0.04	0.01	2.94
0.33	0.44	0.26	0.44	0.09	0.34	0.14	1.36	0.47	0.54	0.18	0.96	0.44	0.54	0.42	0.11	0.2	0.94	0.44	0.44	0.59	0.25	0.23	0.28	0.17	0.46	0.31	0.35	0.28	0.88	0.53	0.18	0.7	0.26	0.17	0.26	0.9	0.76	0.22	0.44	0.2	0.5	0.4	0.5	0.78	0.33	0.33	0.21	0.31	0.43	0.15	0.11	0.43	0	0.19	0.07	0.28	0.45	0.21	0.26	0.18	0.09	0.17	0.18	0.14	0.13	0.95	0.45	0.25	0.2	0.21	0.12	0.28	0.64	0.18	0.12	0.15	0.48	0.52	0.23	0.21	0.09	0.91	0.4	0.61	0.11	0.14	0.1	0.1	0.41	0.16	0.24	0.61	0.3	0.31	0.2	0.25	1.02	0.28
0.25	0.05	0.91	0.45	0.13	0.29	0.41	0.06	0.18	0.08	0.41	0.61	0.01	0.06	0.67	0.21	0.47	0.21	0.34	0.24	0.33	0.48	0.57	0.14	0.15	0.48	0.27	0.07	0.13	0	0.12	0.16	0.06	0.13	0.42	0.48	0.03	0.27	0.12	0.16	0.05	0.13	0.09	0.48	2.66	0.13	0.48	0.06	0.34	0.53	0.14	0.58	0.04	0.37	0	0.12	0.06	0.05	0.16	0.13	0.27	0.12	0.06	0.22	0.48	0.18	0.07	0.12	0.08	0.13	0.05	0.48	0.26	0.28	0.04	0.48	0.35	0.18	0.31	0.01	0.03	0.21	0	0.52	0.48	0.46	0.2	0.19	0.12	0.04	0.14	0.48	0.01	0.34	0.08	0.05	0.26	0.05	0.27
0.2	0.12	0.14	0.75	0.19	0.31	0.02	0.11	0.1	0.95	0.01	1.36	0.11	0.12	0.44	0.19	0.37	0.97	0.46	0.5	0.13	0.05	0.09	0.15	0.05	0.1	0.13	0.15	0.17	0.12	0.01	0.39	0.11	0.02	0.64	0.47	0.09	0.4	0	0.05	0.48	0.05	0.1	0.03	5.5	0.02	0.15	0.14	0.26	0.19	0.11	0.08	0.12	0.48	0.11	0	0.12	0.49	0.08	0.01	0.12	0.49	0.11	0.48	0.04	0.07	0.19	0.01	0.14	0.13	0.1	0.31	0.03	0.18	0.45	0.5	0.05	0.07	0.2	0.12	0.12	0.4	0.11	0.25	0.22	0.3	0.08	0.11	0.01	0.09	0.22	0.4	0.4	0.23	0.14	0.56	0.26	0.33	0.91
1.03	0.02	0.11	0.05	0.13	1.14	0.15	0	0.02	0.13	0.14	7.44	0.05	0.03	0.38	0.55	0.44	0.2	0.31	0.05	0.42	0.41	0.19	0.14	0.14	0.03	0.03	0.02	0.1	0.33	0.35	0.17	0.01	0.42	0.05	0.19	0.42	0.05	0.11	0.41	0.03	0.44	0.03	0.42	0.26	0.17	0.6	0.52	0.33	0.42	0.21	0.68	0.02	1.12	0.06	0.15	0	0.03	0.16	0.51	0.41	0.41	0.03	0.22	0.41	0.16	0.05	0.12	0.44	0.01	0.41	0.14	0.32	0.28	0.03	0.15	0.23	0.71	0.91	0.41	0.05	0.4	0.06	0.19	0.28	0.12	0.41	0.17	0.13	0.03	0.18	0.61	0.05	0.37	0.41	0.43	0.05	0.03	1.09
0.11	0.42	0.09	0.58	0.13	0.25	0.77	0.11	0.03	0.03	0.47	4.49	0.04	0.11	0.45	0.48	0.07	0.19	0.28	0.17	0.07	0.15	0.69	0.14	0.54	0.03	0.08	0.05	0.09	0.05	0.1	0.17	0.03	0.13	0.04	0.19	0.01	0.4	0.09	0.22	0.01	0.18	0.01	0.18	2.01	0.4	0.2	0.03	0.91	0.41	0.02	0.51	0.19	0.71	0.24	0.41	0.03	0	0.46	0.11	0.03	0.41	0.41	0.41	0.16	0.31	0.04	0.39	0.04	0.04	0.02	0.15	0.31	0.41	0.03	0.11	0.22	0.27	0.51	0.62	0.05	0.48	0.3	0.36	0.41	0.12	0.19	0.17	0.12	0.03	0.41	0.31	0.15	0.57	0.04	0.52	0.04	0.01	0.19
0.04	0.17	0.5	0.18	0.98	0.25	0.04	0.48	0.14	0.21	0.04	8.91	0.48	0.14	0.48	0.3	0.19	0.48	0.2	0.49	0.16	0.04	0.28	0.49	0.05	0.49	1.1	0.18	0.33	0.17	0.69	0.7	0.17	0.28	0.15	0.03	0.14	0.59	0.05	0.04	0.4	0.08	0.57	0.09	3.92	0.55	0.34	0.17	0.17	0.4	0.26	0.03	0.15	0.91	0.41	0.05	0.16	0.53	0	0.4	0.18	0.91	0.16	0.17	0.04	0.03	0.17	0.04	0.18	0.46	0.16	0.05	0.13	0.41	0.92	0.41	0.91	0.04	0.17	0.45	0.42	0.16	0.42	0.07	0.92	0.42	0.03	0.52	0.04	0.14	0.05	0.43	0.16	0.73	0.18	0.18	0.17	0.89	0.35
0.02	0.1	0.44	0.18	0.11	0.42	0.02	0.13	0.1	0.12	0.02	1.77	0.11	0.25	0.23	0.08	0.15	0.4	0.23	0.49	0.12	0.12	0.09	0.4	0.04	0.1	0.14	0.71	0.17	0.48	0.01	0.05	0.13	0.41	0.12	0.09	0.08	0.1	0	0.04	0.31	0.15	0.41	0.13	0.24	0.1	0.51	0.12	0.23	0.01	0.09	0.45	0.1	0.11	0.41	0.01	0.13	0.41	0.28	0	0.41	0.02	0.12	0.16	0.04	0.07	0.41	0.4	0.14	0.14	0.2	0.41	0.54	0.19	0.16	0.03	0.04	0.25	0.41	0.11	0.11	0.51	0.12	0.46	0.54	0.04	0.91	0.09	0.01	0.1	0.04	0.41	0.14	0.22	0.36	0.11	0.13	0.11	0.4
0.12	0.02	0.09	0.15	0.15	0.26	0.12	0.03	0.02	0.03	0.18	4.66	0.4	0.27	0.6	0.91	0.41	0.2	0.34	0.74	0.07	0.16	0.2	0.14	0.14	0.02	0.04	0.33	0.11	0.42	0.42	0.14	0.04	0.23	0.05	0.21	0.02	0.26	0.11	0.2	0.04	0.1	0.03	0.19	1.12	0.16	0.51	0.04	0.33	0.44	0.02	0.84	1.98	0.44	0.04	0.1	0.03	0.03	0.43	0.44	0	0.38	0.04	0.21	0.27	0.16	0.05	0.45	0.28	0.43	0.19	0.15	0.45	0.28	0.01	0.11	0.56	0.16	0.56	0.14	0.03	0.38	0.46	0.17	0.27	0.45	0.21	0.15	0.11	0.02	0.13	0.3	0.04	0.34	0.07	0.04	0.15	0.03	0.2
0.03	0.46	0.17	0.96	0.03	0.46	0.02	0.46	0.45	0.11	0.03	10.3	0.5	0.5	0.5	0.51	0.49	0.54	0.59	0.99	0.99	0.47	0.1	0.04	0.68	0.12	0.48	0.48	1.87	0.48	0.05	0.06	0.47	0.02	0.42	0.47	0.09	0.56	0	0.05	0.47	0.04	0.46	0.01	0.46	0.03	0.47	0.47	0.98	0.01	0.47	0.46	0.13	0.97	0.12	0.01	0.46	0.5	0.96	0.02	0.46	0.01	0.45	0.55	0.45	0.45	0.45	0.02	0.55	0.45	0.95	0.04	0.02	0.94	0.1	0.03	0.43	0.93	0.44	0.43	0.93	0.43	0.92	0.92	0.52	0.92	0.42	0.43	0.01	0.92	0.03	0.41	0.43	0.41	0.41	0.51	0.13	0.41	0.48
0.55	0.03	0.1	0.27	0.14	0.27	0.14	0.4	0.03	0.05	0.42	1.42	0.45	0.03	0.37	0.5	0.02	0.2	0.45	0.04	0.06	0.17	0.22	0.15	0.16	0.04	0	0.05	0.11	0.46	0.12	0.16	0.04	0.15	0.05	0.46	0.03	0.03	0.48	0.22	0.03	0.12	0.03	0.28	1.97	0.21	0.22	0.04	0.35	0.19	0.04	0.46	0.02	0.47	0.06	0.51	0.03	0.03	0.16	0.12	0.04	0.47	0	0.26	0.17	0.55	0.38	0.15	0.02	0.04	0.04	0.94	0.15	0.82	0.04	0.15	0.22	0.18	0.33	0.06	0.26	0.16	0.14	0.21	0.28	0.3	0.21	0.16	0.47	0.04	0.47	0.45	0.06	0.36	0.13	0.03	0.02	0.03	0.2
0.4	0.59	0.3	0.23	0.13	0.42	0.15	0.48	0.21	0.24	0.15	1.86	0.22	0.23	0.37	0.21	0.23	0.4	1.7	0.43	0.27	1.41	0.6	0.16	0.14	0.22	0.22	1.54	0.44	0.54	0.15	0.17	0.38	0.13	0.24	0.19	0.23	0.56	0.15	0.21	0.21	0.44	0.21	0.63	0.58	0.15	0.01	0.4	0.33	0.39	0.58	0.21	0.2	0.43	0.22	0.15	0.48	0.2	0.44	0.16	0.27	0.16	0.22	0	0.18	0.2	0.23	0.15	0.24	0.36	0.2	0.5	0.13	0.64	0.21	0.54	0.44	0.18	0.44	0.22	0.23	0.59	0.22	0.44	0.06	0.32	0.19	0.18	0.16	0.22	0.13	0.69	0.22	0.35	0.23	0.34	0.23	0.21	0.52
0.34	0.46	0.54	0.22	0.46	0.67	0.03	0.45	0.47	0.16	0.03	5.31	0.15	0.13	0.19	0.04	0.17	0.23	0.2	0.16	0.16	0.03	0.9	0.4	0.04	0.13	0.37	0.43	0.4	0.15	0.43	0.04	0.16	0.13	0.15	0.05	0.4	0.15	0.04	0.01	0.17	0.4	0.16	0.41	1.06	0.09	0.18	0.17	0.19	0.04	0.25	0.06	0.17	0.41	0.15	0.04	0.16	0.15	0.03	0.04	0.41	0.31	0.15	0.16	0	0.41	0.18	0.03	0.4	0.16	0.16	0.05	0.42	0.42	0.14	0.04	0.01	0.18	0.42	0.52	0.14	0.17	0.15	0.05	0.42	0.05	0.31	0.06	0.04	0.13	0.42	0.17	0.49	0.19	0.42	0.14	0.18	0.17	0.43
0.07	0.16	0.2	0.45	0.45	0.22	0.07	0.46	0.18	0.66	0.06	0.16	0.18	0.15	0.17	0.02	0.92	0.18	0.18	0.15	0.52	0.05	0.03	0.07	0.42	0.16	0.42	0.43	0.26	0.19	0.07	0.13	0.16	0.06	0.18	0.02	0.14	0.83	0.43	0.05	0.28	0.11	0.17	0.07	0.08	0.06	0.55	0.52	0.15	0.42	0.72	0.03	0.36	0.42	0.19	0.07	0.42	0.16	0.2	0.07	0.42	0.41	0.16	0.52	0.44	0	0.17	0.07	0.72	0.2	0.15	0.07	0.09	0.12	0.16	0.09	0.05	0.16	0.16	0.52	0.47	0.23	0.18	0.01	0.16	0.08	0.01	0.43	0.2	0.53	0.07	0.1	0.18	0.14	0.43	0.16	0.24	0.92	0.83
0.16	0.04	0.49	0.49	0.16	0.23	0.17	0.05	0.05	0.26	0.16	1.81	0.07	0.05	0.76	0.23	0.03	0.21	0.32	0.05	0.08	0.17	0.32	0.17	0.16	0.05	0.01	0.06	0.12	0.08	0.14	0.19	0.09	0.16	0.06	0.21	0.05	0.04	0.15	0.24	0.04	0.46	0.04	0.58	1.35	0.48	0.23	0.45	0.36	0.46	0.29	0.21	0.03	0.19	0.46	0.14	0.04	0.04	0.46	0.15	0.12	0.14	0.03	0.56	0.19	0.25	0	0.46	0.01	0.06	0.05	0.56	0.15	0.3	0.05	0.16	0.46	0.21	0.34	0.07	0.36	0.46	0.46	0.39	0.35	0.16	0.21	0.93	0.13	0.34	0.38	0.33	0.46	0.51	0.03	0.33	0.39	0.04	0.46
0	0.14	0.54	0.44	0.02	0.31	0.32	0.17	0.1	0.12	0.01	0.53	0.11	0.44	0.25	0.1	0.44	0.26	0.24	0.11	0.44	0.04	0.48	0.03	0.32	0.12	0.14	0.21	1.05	0.55	0.37	0.04	0.12	0.03	0.11	0.08	0.11	0.66	0.01	0.1	0.18	0.03	0.11	0.06	0.85	0.02	0.17	0.14	0.33	0.03	0.12	0.08	0.11	0.11	0.48	0.02	0.14	0.11	0.04	0.02	0.11	0.02	0.13	0.48	0.03	0.07	0.15	0	0.15	0.49	0.11	0.03	0.5	0.19	0.45	0.04	0.49	0.79	0.2	0.12	0.49	0.07	0.13	0.07	0.49	0.04	0.08	0.06	0.02	0.11	0.5	0.5	0.12	0.23	0.4	0.4	0.28	0.11	0.23
0.17	0.04	0.11	0.19	0.16	0.24	0.16	0.14	0.05	0.05	0.49	3.71	0.07	0.51	0.49	0.24	0.03	0.22	0.31	0.14	0.1	0.19	0.55	0.18	0.16	0.05	0.02	0.07	0.13	0.42	0.13	0.19	0.06	0.43	0.12	0.21	0.05	0.13	0.44	0.25	0.22	0.14	0.04	0.2	7.7	0.43	0.23	0.36	0.38	0.46	0.4	0.21	0.04	0.19	0.08	0.13	0.05	0.05	0.47	0.16	0.06	0.16	0.04	0.24	0.48	0.48	0.01	0.16	0	0.29	0.06	0.17	0.92	0.49	0.06	0.16	0.25	0.2	0.41	0.07	0.07	0.19	0.4	0.4	0.41	0.16	0.23	0.42	0.69	0.05	0.42	0.35	0.07	0.36	0.04	0.05	0.04	0.05	0.93
0.13	0.03	0.11	0.17	0.27	0.65	0.14	0.01	0.2	0.1	0.3	4.65	0.06	0.04	0.37	0.56	0.06	0.21	0.32	0.05	0.08	0.17	0.22	0.15	0.33	0.04	0.04	0.02	0.11	0.07	0.12	0.18	0.01	0.25	0.14	0.21	0.04	0.08	0.11	0.4	0.04	0.12	0.03	0.21	5.21	0.15	0.22	0.03	0.42	0.95	0.9	0.4	0.1	0.51	0.13	0.11	0.41	0.11	0.17	0.41	0.04	0.21	0.04	0.23	0.18	0.31	0.06	0.13	0.06	0	0.05	0.15	0.52	0.3	0.42	0.14	0.62	0.2	0.35	0.06	0.42	0.27	0.06	0.44	0.29	0.14	0.2	0.42	0.12	0.04	0.15	0.8	0.06	0.43	0.06	0.03	0.43	0.04	0.75
0.11	0.03	0.08	0.06	0.15	0.26	0.31	0.09	0.03	0.04	0.14	3.77	0.43	0.05	0.4	0.24	0.35	0.43	0.25	0.01	0.2	0.17	0.21	0.49	0.39	0.05	0.04	0.44	1.89	0.39	0.1	0.17	0.04	0.44	0.27	0.21	0.02	0.06	0.09	0.23	0.03	0.12	0.06	0.44	0.44	0.25	0.2	0.04	0.39	0.44	0.02	0.19	0.02	0.44	0.05	0.1	0.44	0.02	0.19	0.09	0.04	0.54	0.04	0.2	0.15	0.15	0.05	0.44	0.06	0.44	0	0.17	0.13	0.26	0.22	0.14	0.24	0.5	0.68	0.04	0.05	0.16	0.45	0.19	0.38	0.36	0.21	0.16	0.11	0.04	0.19	0.48	0.04	0.34	0.06	0.03	0.05	0.42	0.3
0.31	0.46	0.17	0.66	0.02	0.46	0.03	0.14	0.53	0.55	0.03	0.2	0.46	0.47	0.44	0.09	0.18	0.25	0.97	0.14	0.16	0.05	0.41	0.33	0.03	0.48	0.54	0.68	0.19	0.15	0.04	0.05	0.16	0.01	0.15	0.09	0.14	0.14	0.39	0.09	0.15	0.04	0.37	0.06	0.59	0.01	0.48	0.16	0.49	0.04	0.13	0.95	0.14	0.99	0.14	0.04	0.14	0.49	0.05	0.05	0.53	0.04	0.91	0.14	0.05	0.07	0.41	0.03	0.32	0.41	0.15	0	0.01	0.19	0.51	0.06	0.09	0.1	0.51	0.14	0.26	0.13	0.71	0.37	0.41	0.11	0.31	0.04	0.04	0.42	0.01	0.19	0.14	0.23	0.16	0.42	0.49	0.16	0.43
0.04	0.3	0.36	0.2	0.13	0.98	0.02	0.47	0.18	0.47	0.21	1.83	0.18	0.13	0.48	0.13	0.41	0.24	0.4	0.13	0.61	0.14	0.13	0.15	0.01	0.19	0.44	0.18	0.52	0.42	0.42	0.52	0.92	0	0.14	0.62	0.12	0.42	0.42	0.09	0.42	0.18	0.28	1.43	0.92	0	0.15	0.42	0.42	0.42	0.46	0.42	0.12	0.52	0.18	0.03	0.5	0.53	0.1	0.43	0.43	0.03	0.14	0.17	0.43	0.08	0.15	0.29	0.93	0.17	0.34	0.43	0	0.63	0.53	0.12	0.42	0.42	0.62	0.92	0.57	0.42	0.16	0.23	0.42	0.68	0.52	0.63	0.1	0.13	0.01	0.43	0.13	0.22	0.15	0.54	0.22	1	0.23
0.42	0.29	0.56	0.31	0.42	0.12	0.18	0.28	0.42	0.28	0.18	0.24	0.27	0.27	0.22	0.13	0.3	0.66	0.05	0.27	0.32	0.2	0.14	0.19	0.46	0.27	0.29	0.56	0.66	0.29	0.18	0.51	0.27	0.52	0.29	0.13	0.27	0.27	0.18	0.56	0.28	0.18	0.26	0.8	4.7	0.2	0.36	0.96	0.25	0.2	0.32	0.23	0.26	0.26	0.47	0.46	0.3	0.26	0.13	0.19	0.27	0.29	0.47	0.43	0.19	0.12	0.42	0.25	0.3	0.3	0.98	0.48	0.18	0	0.48	0.19	0.47	0.12	0.21	0.27	0.48	0.48	0.28	0.1	0.35	0.19	0.28	0.15	0.48	0.26	0.19	0.37	0.27	0.03	0.31	0.48	0.3	0.28	0.09
0.12	0.48	0.07	0.06	0.12	0.37	0.32	0.04	0.02	0.49	0.11	1.08	0.03	0.02	0.37	0.43	0.49	0.52	0.35	0.02	0.06	0.5	0.5	0.41	0.14	0.15	0.04	0.06	0.49	0.04	0.09	0.49	0.04	0.5	0.05	0.5	0.01	0.02	0.1	0.23	0.03	0.11	0.03	0.19	1.55	0.16	0.21	0.51	0.71	0.14	0.02	0.18	0.02	0.21	0.04	0.09	0.51	0.03	1.02	0.1	0.01	1	0.04	0.53	0.82	0.42	0.05	0.18	0.42	0.05	0.03	0.43	0.12	0.25	0	0.43	0.22	0.18	0.31	0.03	0.43	0.47	0.04	0.43	0.27	0.12	0.43	0.16	0.43	0.02	0.2	0.29	0.54	0.94	0.44	0.03	0.06	0.03	1.75
0.04	0.42	0.16	0.16	0.1	0.31	0.21	0.14	0.14	0.14	0.03	2.96	0.13	0.13	0.23	0.55	0.15	0.26	0.22	0.28	0.14	0.04	0.09	0.34	0.05	0.12	0.15	0.14	0.48	0.14	0.03	0.08	0.13	0.4	0.18	0.11	0.11	0.39	0.42	0.04	0.29	0.01	0.12	0.04	0.31	0.22	0.59	0.22	0.44	0.02	0.39	0.32	0.46	0.34	0.13	0.04	0.14	0.11	0.35	0.03	0.11	0.47	0.26	0.58	0.03	0.12	0.49	0.04	0.14	0.13	0.49	0.4	0.54	0.19	0.11	0	0.04	0.47	0.43	0.13	0.63	0.14	0.13	0.44	0.27	0	0.38	0.09	0.03	0.45	0.05	0.46	0.42	0.23	0.96	0.11	0.16	0.13	0.24
0.26	0.2	0.2	0.23	0.28	0.32	0.45	0.21	0.19	0.27	0.03	0.36	0.15	0.19	0.43	0.11	0.25	1.17	0.44	0.21	0.18	0.09	0.14	0.09	0.09	0.21	1	0.25	0.8	0.4	0.05	0.04	0.22	0.09	0.17	0.09	0.21	0.61	0.05	0	0.21	0.03	0.22	0.12	1.14	0.09	0.23	0.45	0.23	0.25	0.48	0.05	0.2	0.43	0.48	0.05	0.21	0.22	0.04	0.04	0.21	0.7	0.23	0.22	0.01	0.41	0.23	0.38	0.25	0.24	0.23	0.09	0.44	0.2	0.2	0.03	0	0.17	0.21	0.15	0.21	0.44	0.16	0.09	0.23	0.04	0.22	0.06	0.04	0.2	0.09	0.21	0.47	0.22	0.33	0.21	0.26	0.22	0.24
0.06	0.95	0.21	0.45	0.45	0.23	0.44	0.17	0.44	0.84	0.43	3.73	0.43	0.42	0.19	0.42	0.19	0.41	0.18	0.41	0.61	0.12	0.05	0.4	0.22	0.17	0.4	0.5	0.4	0.2	0.07	0.46	0.99	0.04	0.18	0.05	0.47	0.47	0.08	0.08	0.47	0.46	0.19	0.46	4.06	0.41	0.45	0.51	0.45	0.08	0.19	0.95	0.18	0.26	0.18	0.44	0.53	0.19	0.93	0.07	0.19	0.07	0.42	0.18	0.05	0.02	0.56	0.1	0.18	0.41	0.18	0.06	0.12	0.4	0.47	0.16	0.08	0.41	0.6	0.17	0.4	0.5	0.29	0.09	0.5	0.09	0.01	0.03	0.07	0.49	0.48	0.44	0.48	0.16	0.21	0.2	0.2	0.48	0.47
0.2	0.46	0.34	0.68	0.24	0.46	0.2	0.33	0.7	0.66	0.56	2.39	0.31	0.59	0.31	0.15	0.33	0.26	0.26	0.33	0.49	0.21	0.54	0.49	0.2	0.3	0.99	0.35	0.4	0.32	0.22	0.25	0.33	0.23	0.47	0.5	0.33	0.5	0.2	0.21	0.6	0.21	0.55	0.5	1.1	0.6	0.4	0.54	0.02	0.51	0.56	0.27	0.5	0.71	0.32	0.41	0.34	0.32	0.17	0.51	0.3	0.21	0.32	0.31	0.19	0.16	0.51	0.2	0.34	0.42	0.35	0.19	0.42	0.42	0.42	0.23	0.42	0.14	0	0.48	0.64	0.42	0.71	0.12	0.37	0.5	0.42	0.17	0.28	0.31	0.19	0.51	0.31	0.53	0.52	0.34	0.82	0.91	0.52
0.12	0.91	0.1	0.07	0.13	0.44	0.51	0.05	0.03	0.05	0.12	1.17	0	0.05	0.51	0.2	0.41	0.2	1.01	0.4	0.4	0.15	0.33	0.49	0.85	0.1	0.06	0.19	0.27	0.01	0.96	0.16	0.05	0.45	0.46	0.19	0.02	0.44	0.11	0.15	0.44	0.12	0.04	0.13	3.2	0.12	0.52	0.42	0.44	0.18	0.62	0.92	0.23	0.92	0.01	0.11	0.05	0.44	0.5	0.5	0.04	0.12	0.06	0.34	0.48	0.18	0.08	0.27	0.07	0.06	0.04	0.14	0.47	0.67	0.03	0.14	0.46	0.46	0.31	0	0.03	0.48	0.95	0.45	0.5	0.44	0.44	0.18	0.12	0.04	0.43	0.4	0.11	0.63	0.42	0.04	0.15	0.43	0.61
0.44	0.44	0.08	0.07	0.54	0.64	0.12	0.47	0.02	0.2	0.12	0.57	0.03	0.03	0.36	0.55	0.45	0.5	1.15	0.04	0.06	0.16	0.47	0.14	0.45	0.03	0.05	1.23	0.41	0.61	0.13	0.16	0.05	0.14	0.05	0.2	0.31	0.46	0.11	0.23	0.36	0.14	0.04	0.38	0.97	0.12	0.23	0.05	0.33	0.12	0.22	0.2	0.04	0.5	0.03	0.12	0.05	0.04	0.17	0.12	0.03	0.79	0.05	0.73	0.27	0.17	0.07	0.14	0.12	0.05	0.05	0.28	0.84	0.38	0.04	0.14	0.21	0.19	0.31	0.12	0	0.21	0.03	0.17	0.29	0.86	0.57	0.29	0.4	0.01	0.3	0.5	0.03	0.34	0.07	0.04	0.51	0.09	0.41
0.04	0.4	0.19	0.37	0.12	0.31	0.23	0.46	0.48	0.26	0.05	3.42	0.14	0.15	0.38	0.41	0.51	0.23	0.41	0.4	0.19	0.06	0.27	0.07	0.05	0.18	0.17	0.29	0.26	0.17	0.11	0.11	0.24	0.1	0.15	0.19	0.43	0.16	0.04	0.01	0.16	0.14	0.14	0.07	1.59	0.39	0.66	0.21	0.52	0.17	0.21	0.11	0.54	0.54	0.15	0.04	0.18	0.64	0.15	0.44	0.15	0.43	0.16	0.2	0	0.05	0.2	0.05	0.18	0.26	0.18	0.04	0.45	0.5	0.13	0.03	0	0.22	0.19	0.15	0.45	0	0.9	0.05	0.21	0.03	0.45	0.06	0.03	0.13	0.04	0.17	0.16	0.2	0.17	0.46	0.36	0.28	1.08
0.12	0.41	0.32	0.19	0.53	0.43	0.12	0.43	0.04	0.06	0.12	10.1	0.01	0.06	0.7	0.36	0.15	0.21	0.43	0.43	0.09	0.19	0.29	0.74	0.14	0.05	0.06	0.26	0.24	0	0.12	0.16	0.06	0.44	0.08	0.19	0.03	0.45	0.11	0.16	0.05	0.13	0.14	0.64	2.66	0.27	0.22	0.06	0.33	0.18	0.03	0.21	0.12	1.06	0.46	0.11	0.06	0.05	0.97	0.46	0.09	0.41	0.06	0.54	0.49	0.47	0.07	0.47	0.08	0.07	0.05	0.14	0.13	0.47	0.04	0.48	0.34	0.17	0.58	2.89	0.03	0.15	0	0.48	0.29	0.48	0.19	0.2	0.98	0.04	0.14	0.49	0.01	0.34	0.24	0.05	0.17	0.13	0.45
0.99	0.18	0.37	0.49	0.06	0.23	0.59	0.3	0.16	0.49	0.27	0.13	0.49	0.18	0.18	0.07	0.5	0.18	0.16	0.4	0.46	0.07	0.04	0.08	0.07	0.19	0.23	0.41	0.41	0.19	0.11	0.03	0.41	0.14	0.19	0.4	0.44	0.46	0.41	0.71	0.27	0.41	0.18	0.21	0.97	0.41	0.52	0.19	0.14	0.07	0.19	1.26	0.42	0.43	0.27	0.08	0.19	0.18	0.41	0.49	0.17	0.09	0.21	0.23	0.05	0.01	0.42	0.07	0.22	0.47	0.19	0.63	0.13	0.31	0.19	0.43	0.3	0.05	0.44	0.18	0.17	0.33	0.19	0	0.2	0.27	0	0.04	0.08	0.44	0.07	0.12	0.53	1	0.21	0.45	0.22	0.43	2.95
0.72	0.27	0.26	0.42	0.15	0.59	0.21	0.42	0.27	0.42	0.21	1.78	0.28	0.29	0.48	0.27	0.69	0.42	2.36	0.25	0.28	0.49	0.47	0.15	0.4	0.28	0.6	2.21	0.3	0.29	0.21	0.6	0.28	0.43	0.52	0.5	0.41	0.25	0.17	0.41	0.26	0.2	0.27	0.3	0.58	0.15	0.08	0.3	0.43	0.41	0.64	0.38	0.44	0.53	0.28	0.54	0.44	0.44	0.23	0.22	0.64	0.29	0.28	0.07	0.18	0.94	0.29	0.21	0.39	0.29	0.26	0.24	0.15	0.35	0.5	0.5	0.23	0.24	0.76	0.66	0.47	0.21	0.54	0.48	0	0.46	0.42	0.18	0.22	0.47	0.14	0.97	0.47	0.41	0.64	0.67	0.47	0.27	0.44
0.03	0.17	0.16	0.79	0.1	0.31	0.49	0.38	0.12	0.12	0.03	2.51	0.12	0.15	0.23	0.08	0.4	0.27	0.24	0.26	0.4	0.4	0.37	0.05	0.41	0.41	0.14	0.23	0.17	0.14	0.41	0.09	0.14	0.09	0.14	0.1	0.41	0.15	0.41	0.04	0.11	0.01	0.11	0.25	0.35	0.41	0.21	0.41	0.42	0.01	0.49	0.2	0.19	0.26	0.14	0.06	0.12	0.42	0.09	0.04	0.13	0.04	0.13	0.22	0.06	0.07	0.16	0.32	0.43	0.16	0.5	0.05	0.09	0.2	0.43	0	0.21	0.09	0.22	2.84	0.13	0.03	0.14	0.43	0.28	0	0.11	0.43	0.03	0.13	0.04	0.59	0.13	0.43	0.15	0.94	0.14	0.33	0.74
0.08	0.18	0.43	0.92	0.06	0.23	0.4	0.2	0.53	0.5	0.34	2.12	0.18	0.17	0.18	0.42	0.62	0.18	0.17	0.72	0.5	0.14	0.2	0.09	0.07	0.19	0.43	0.21	0.26	0.2	0.12	0.03	0.19	0.3	0.17	0.01	0.41	0.53	0.44	0.41	0.34	0.1	0.2	0.1	2.43	0.41	0.44	0.27	0.42	0.42	0.29	0.04	0.28	0.44	0.5	0.43	0.19	0.38	0.44	0.09	0.24	0.79	0.44	0.19	0.21	0.22	0.44	0.13	0.21	0.22	0.21	0.45	0.09	0.1	0.55	0.38	0.09	0.03	0.45	0.37	0.29	0.3	0.25	0.45	0.35	0.1	0	0.04	0.09	0.6	0.08	0.12	0.19	0.15	0.45	0.21	0.21	0.22	0.16
0.05	0.16	0.45	0.23	0.09	0.27	0.1	0.16	0.45	0.21	0.38	1.52	0.18	0.51	0.27	0.41	0.57	0.22	0.44	0.17	0.19	0.1	0.11	0.04	0.04	0.41	0.41	0.35	0.2	0.41	0.07	0.09	0.51	0.03	0.15	0.41	0.16	0.18	0.05	0.06	0.17	0.08	0.17	0.11	0.78	0.41	0.41	0.19	0.18	0.09	0.2	0.08	0.17	0.28	0.53	0.07	0.52	0.17	0.44	0.41	0.15	0.11	0.42	0.53	0.35	0.05	0.42	0.05	0.2	0.18	0.42	0.07	0.39	0.15	0.42	0.72	0.07	0.92	0.42	0.18	0.42	0.09	0.49	0.04	0.17	0.1	0.05	0	0.42	0.15	0.04	0.15	0.42	0.69	0.21	0.42	0.72	0.98	0.25
0.12	0.11	0.16	0.69	0.29	0.56	0.07	0.12	0.11	0.11	0.03	0.85	0.11	0.43	0.43	0.09	0.14	0.53	0.23	0.09	0.53	0.04	0.09	0.34	0.64	0.17	0.44	0.14	0.17	0.12	0	0.04	0.16	0.09	0.46	0.08	0.08	0.1	0.01	0.04	0.44	0.04	0.1	0.01	0.21	0.1	0.2	0.13	0.94	0.01	0.1	0.08	0.12	0.11	0.44	0.01	0.28	0.11	0.09	0.01	0.44	0.01	0.12	0.16	0.32	0.08	0.13	0.02	0.45	0.12	0.11	0.04	0.46	0.19	0.11	0.04	0.04	0.18	0.85	0.11	0.34	0.07	0.12	0.39	0.22	0.03	0.09	0.45	0	0.45	0.03	0.2	0.12	0.23	0.13	0.45	0.41	0.1	0.74
0.49	0.02	0.09	0.05	0.14	0.26	0.39	0.03	0	0.02	0.11	0.31	0.03	0.2	0.58	0.21	0.05	0.34	0.35	0.03	0.06	0.44	0.58	0.14	1.18	0.26	0.04	0.05	0.43	0.05	0.45	0.15	0.03	0.13	0.06	0.24	0.02	0.02	0.11	0.22	0.03	0.1	0.48	0.18	5.18	0.15	0.21	0.03	0.32	0.18	0.2	0.21	0.02	0.48	0.04	0.11	0.03	0.03	0.16	0.47	0.26	0.3	0.04	0.21	0.16	0.17	0.16	0.49	0.06	0.04	0.21	0.49	0.69	0.28	0.13	0.49	0.21	0.4	0.3	0.19	0.99	0.14	0.04	0.41	0.91	0.12	0.18	0.15	0.41	0	0.14	0.29	0.4	0.34	0.05	0.33	0.12	0.38	0.2
0.02	0.13	0.5	0.28	0.01	0.3	0.02	0.4	0.13	0.92	0.03	0.61	0.13	0.12	0.64	0.14	0.19	0.59	0.23	0.5	0.17	0.81	0.09	0.01	0.02	0.12	0.17	0.15	0.19	0.14	0.03	0.45	0.14	0.01	0.16	0.08	0.14	0.4	0.06	0.09	0.87	0.43	0.13	0.14	0.27	0.01	0.15	0.16	0.21	0.47	0.4	0.08	0.16	0.57	0.14	0.07	0.39	0.97	0.05	0.04	0.13	0.03	0.47	0.15	0.04	0.23	0.16	0.02	0.34	0.15	0.16	0.01	0.04	0.4	0.13	0.05	0.09	0.06	0.48	0.14	0.15	0.13	0.79	0.33	0.24	0.04	0.08	0.04	0.03	0.45	0	0.58	0.45	0.49	0.17	0.45	0.16	0.44	0.4
0.7	0.45	0.32	0.36	0.17	0.45	0.46	0.7	1.46	0.46	0.19	0.64	0.44	0.44	0.22	0.14	0.44	0.09	0.05	0.94	0.33	0.19	0.49	0.43	0.54	0.3	0.43	0.73	0.94	0.43	0.43	0.17	0.3	0.17	0.46	0.46	0.31	0.44	0.18	0.44	0.94	0.19	0.44	0.61	2.34	0.93	0.43	0.32	0.43	0.17	0.31	0.15	0.43	0.3	0.43	0.19	0.31	0.35	0.5	0.2	0.32	1.34	0.54	0.44	0.17	0.44	0.51	0.19	0.33	0.94	0.44	0.44	0.22	0.44	0.32	0.2	0.44	0.54	0.44	0.3	0.33	0.46	0.3	0.12	0.46	0.2	0.46	0.15	0.2	0.3	0.46	0	0.46	0.03	0.32	0.46	0.61	0.68	0.09
0.12	0.42	0.1	0.08	0.13	0.28	0.12	0.05	0.04	0.33	0.12	6.55	0	0.06	0.34	0.21	0.07	0.48	0.44	0.44	0.08	0.44	0.21	0.67	0.13	0.05	0.06	0.44	0.44	0.01	0.11	0.16	0.44	0.13	0.07	0.18	0.03	0.03	0.11	0.15	0.44	0.12	0.04	0.45	0.5	0.45	0.38	0.47	0.32	0.18	0.55	0.37	0.04	0.45	0.01	0.22	0.34	0.04	0.16	0.45	0.04	0.27	0.06	0.22	0.15	0.17	0.46	0.23	0.07	0.06	0.37	0.14	0.15	0.67	0.03	0.13	0.56	0.17	0.31	0.35	0.27	0.42	0.97	0.48	0.67	0.14	0.18	0.45	0.12	0.47	0.16	0.67	0	0.34	0.07	0.97	0.07	0.05	0.47
0.74	0.58	0.54	0.36	0.44	0.54	0.44	0.53	0.32	0.42	0.95	11	0.43	0.43	0.32	0.53	0.65	0.19	0.43	0.39	0.63	0.22	0.18	0.23	0.44	0.32	0.44	0.36	1.35	0.34	0.26	0.44	0.34	0.45	0.32	0.3	0.65	0.97	0.24	0.45	0.36	0.22	0.47	0.25	0.99	0.22	0.35	0.46	0.29	0.22	0.46	0.56	0.33	0.48	0.35	0.23	0.35	0.43	0.32	0.57	0.33	1.02	0.35	0.68	0.47	0.14	0.57	0.23	0.52	0.35	0.68	0.23	0.23	0.03	0.36	0.58	0.58	0.17	0.3	0.48	0.48	0.48	0.6	0.15	0.41	0.23	0.15	0.49	0.23	0.52	0.49	0.39	0.34	0	0.36	0.32	0.49	0.34	0.43
0.14	0.04	0.4	0	0.16	0.34	0.41	0.05	0.38	0.05	0.28	2.74	0.07	0.08	0.4	0.56	0.03	0.58	0.3	0.05	0.09	0.18	0.59	0.54	0.49	0.28	0.18	0.07	0.13	0.08	0.49	0.43	0.05	0.5	0.07	0.6	0.41	0.37	0.14	0.25	0.05	0.41	0.04	0.17	3.51	0.41	0.42	0.05	0.65	0.35	0.05	0.41	0.04	1.18	0.08	0.14	0.05	0.04	0.19	0.13	0.07	0.13	0.02	0.23	0.97	0.19	0.03	0.14	0.03	0.43	0.33	0.43	0.2	0.6	0.06	0.16	0.44	0.2	0.65	0.07	0.07	0.18	0.31	0.21	0.48	0.45	0.38	0.19	0.35	0.45	0.17	0.69	0.07	0.74	0	0.05	0.57	0.05	1.07
0.14	0	0.52	0.05	0.73	0.49	0.25	0.43	0.02	0.43	0.21	1.09	0.04	0.25	0.39	0.22	0.05	0.19	1.28	0.02	0.06	0.15	0.25	0.15	0.15	0.31	0.03	0.3	0.28	0.05	0.11	0.51	0.51	0.13	0.04	0.2	0.02	0.91	1.78	0.21	0.02	0.12	0.02	0.12	0.56	1.22	0.2	0.03	0.52	0.1	0.02	0.56	0.01	0.63	0.05	0.1	0.02	0.02	0.15	0.1	0.43	0.46	0.03	0.43	0.17	0.46	0.04	0.11	0.05	0.39	0.03	0.45	0.65	0.27	0.03	0.45	0.21	0.17	0.32	0.26	0.04	0.14	0.24	0.2	0.46	0.3	0.51	0.17	0.47	0.03	0.47	0.31	0.04	0.47	0.05	0	0.1	0.02	0.58
0.43	0.04	0.1	0.43	0.93	0.24	0.16	0.05	0.43	0.14	0.15	0.34	0.07	0.08	0.88	0.48	0.38	0.55	0.49	0.05	1.48	0.18	0.25	0.48	0.27	0.08	0.02	0.07	0.49	0.46	0.15	0.4	0.4	0.15	0.07	0.5	0.41	0.41	0.41	0.41	0.41	0.41	0.4	0.16	0.52	0.35	0.42	0.41	0.37	0.13	0.92	0.31	0.18	1.16	0.42	0.42	0.52	0.06	0.17	0.42	0.52	0.32	0.43	0.93	0.18	0.43	0.04	0.94	0.04	0.27	0.45	0.31	0.42	0.45	0.06	0.14	0.46	0.19	0.87	0.07	0.47	0.18	0.07	0.47	0.78	0.14	0.48	0.47	0.26	0.05	0.48	0.68	0.07	0.4	0.58	0.05	0	0.04	0.22
0.15	0.02	0.1	0.42	0.14	0.25	0.62	0.03	0.22	0.93	0.15	5.58	0.46	0.21	0.36	0.22	0.4	0.46	0.23	0.4	0.06	0.22	0.21	0.17	0.16	0.13	0.03	0.05	1.4	0.05	0.47	0.47	0.03	0.38	0.44	0.2	0.02	0.02	0.1	0.56	0.22	0.47	0.01	0.13	1.57	0.16	0.47	0.03	0.33	0.12	0.03	0.47	0.01	0.47	0.05	0.1	0.03	0.12	0.47	0.47	0.04	0.14	0.03	0.47	0.16	0.18	0.04	0.13	0.05	0.04	0.03	0.16	0.14	0.62	0.03	0.13	0.24	0.4	0.58	0.04	0.04	0.16	0.05	0.48	0.58	0.53	0.48	0.16	0.13	0.03	0.25	0.98	0.04	0.34	0.05	0.02	0.04	0	0.48
0.24	0.19	0.66	0.22	0.23	0.15	0.23	0.47	0.56	0.2	0.68	4.95	0.27	0.43	0.3	0.72	0.22	0	0.04	0.46	0.45	0.61	0.41	0.45	0.22	0.24	0.96	0.47	0.42	0.6	0.57	0.17	0.2	0.47	0.52	0.17	0.32	0.54	0.23	0.58	0.26	0.48	0.19	0.31	1.49	0.26	0.49	0.51	0.5	0.9	0.18	0.19	0.41	0.34	0.28	0.41	0.51	0.32	0.17	0.72	0.2	0.23	0.2	0.52	0.2	0.2	0.21	0.22	0.42	0.21	0.4	0.43	0.3	0.09	0.19	0.8	0.29	0.55	0.52	0.27	0.21	0.42	0.55	0.15	0.74	0.25	0.46	0.43	0.23	0.21	0.55	0.49	0.43	0.32	0.43	0.19	0.22	0.49	0.01
