0	0.12	0.43	0.52	0.02	0.3	0.43	0.19	0.12	0.29	0.01	2.13	0.12	0.12	0.25	0.46	0.15	0.46	0.22	0.11	0.12	0.03	0.1	0.05	0.03	0.1	0.13	0.15	0.47	0.13	0.02	0.05	0.14	0.02	0.19	0.08	0.11	0.1	0.01	0.1	0.47	0.03	0.14	0.03	0.04	0.28	0.15	0.13	0.47	0.29	0.11	0.47	0.2	0.09	0.15	0.18	0.24	0.11	0.45	0.02	0.1	0.02	0.14	0.34	0.24	0.07	0.15	0	0.15	0.49	0.13	0.03	0.48	0.24	0.1	0.04	0.48	0.06	0.43	0.32	0.49	0.03	0.12	0.16	0.54	0.25	0.08	0.04	0.22	0.75	0.02	0.99	0.12	0.22	0.79	0.12	0.17	0.13	0.52
0.12	0	0.1	0.34	0.44	0.23	0.94	0.35	0.44	0.02	0.12	1.29	0.04	0.02	0.37	0.46	0.47	0.47	0.27	0.02	0.05	0.14	0.57	0.13	0.47	0	0.22	0.04	0.47	0.06	0.1	0.97	0.02	0.27	0.04	0.2	0.02	0.02	0.1	0.2	0.16	0.29	0.98	0.16	0.15	0.48	0.23	0.58	0.35	0.1	0.03	0.48	0.01	0.35	0.05	0.11	0.07	0.02	0.21	0.48	0.02	0.11	0.03	0.21	0.49	0.17	0.04	0.12	0.05	0.03	0.03	0.43	0.49	0.49	0.02	0.14	0.49	0.18	0.59	2.3	0.04	0.5	0.05	0.6	0.27	0.12	0.5	0.49	0.11	0.02	0.14	0.8	0.04	0.65	0.04	0	0.5	0.02	0.19
0.15	0.67	0	1.31	0.41	0.36	0.15	0.11	0.07	0.14	0.15	0.74	0.24	0.15	0.49	0.94	0.11	0.4	0.56	0.24	0.76	0.17	0.66	0.2	0.19	0.06	0.1	0.11	0.15	0.26	0.14	0.96	0.65	0.16	0.09	0.38	0.46	0.87	0.15	0.19	0.46	0.15	0.09	0.15	0.26	0.64	1.47	0.97	0.6	0.14	0.75	0.41	0.47	0.33	0.1	0.47	0.57	0.09	0.47	0.14	0.09	0.41	0.1	0.3	0.47	0.21	0.47	0.4	0.42	0.42	0.97	0.17	0.17	0.3	0.07	0.47	0.31	0.21	0.77	0.24	0.47	0.18	0.18	0.34	0.47	0.16	0.21	0.18	0.16	0.09	0.48	0.34	0.48	0.34	0.8	0.09	0.35	0.11	0.49
0.45	0.04	0.45	0	0.17	0.6	0.46	0.05	0.05	0.36	0.96	2.69	0.07	0.08	0.75	0.58	0.24	0.22	0.68	0.05	0.48	0.43	0.99	0.18	0.35	0.08	0.5	0.14	0.49	0.08	0.13	1.09	0.06	0.41	0.11	0.5	0.05	0.05	0.13	0.5	0.4	0.15	0.05	0.17	0.19	0.91	0.61	0.06	0.45	0.51	0.09	0.42	0.42	0.52	0.13	0.13	0.34	0.04	0.19	0.53	0.07	0.43	0.02	0.28	0.44	0.44	0.04	0.44	0.42	0.06	0.06	0.17	0.47	0.56	0.46	0.16	0.26	0.46	0.46	0.07	0.07	0.47	0.08	0.36	0.48	0.48	0.57	0.48	0.13	0.05	0.16	0.38	0.5	0.37	0	0.05	0.4	0.12	0.27
0.02	0.15	0.16	0.15	0	0.4	0.02	0.13	0.12	0.13	0.42	12.2	0.13	0.12	0.28	0.14	0.15	0.48	0.22	0.54	0.16	0.4	0.55	0.02	0.02	0.47	0.14	0.15	0.93	0.14	0.1	0.1	0.13	0	0.13	0.45	0.13	0.39	0.04	0.09	0.47	0.08	0.15	0.1	0.02	0.33	0.48	0.33	0.2	0.04	0.41	0.11	0.13	0.11	0.14	0.02	0.91	0.41	0.29	0.1	0.12	0.26	0.48	0.19	0.09	0.38	0.15	0.16	0.44	0.16	0.15	0.01	0.37	0.18	0.44	0.09	0.09	0.28	0.24	0.12	0.13	0.09	0.13	0.06	0.15	0.1	0.06	0.25	0.1	0.49	0.01	0.47	0.34	0.29	0.4	0.16	0.15	0.14	0.61
0.43	0.23	0.36	0.59	0.29	0	0.43	0.24	0.24	0.63	0.31	3.8	0.26	0.38	0.49	0.3	0.22	0.1	0.11	0.24	0.3	0.31	0.69	0.3	0.68	0.99	0.49	0.49	0.32	0.27	0.31	0.49	0.24	0.29	0.29	0.92	0.23	0.23	0.29	0.49	0.23	0.3	0.24	0.99	0.62	0.29	0.42	0.24	0.49	0.29	0.24	0.34	0.49	0.4	0.26	1.1	0.24	0.23	0.25	0.32	0.24	0.5	0.2	0.53	0.48	0.22	0.21	0.4	0.22	0.25	0.49	0.3	0.4	0.11	0.24	0.31	0.4	0.4	0.21	0.26	0.26	0.29	0.27	0.4	0.9	0.4	0.23	0.27	0.31	0.27	0.3	0.49	0.41	0.15	0.31	0.24	0.4	0.23	0.16
0	0.12	0.5	0.5	0.02	0.48	0	0.14	0.44	0.13	0.01	11.9	0.12	0.49	0.26	0.21	0.14	0.25	0.22	0.19	0.12	0.24	0.49	0.03	0.43	0.12	0.59	0.49	0.18	0.12	0.02	0.37	0.49	0.02	0.11	0.07	0.11	0.66	1.17	0.1	0.14	0.03	0.5	0.4	0.03	0.02	0.21	0.14	0.22	0.4	0.12	0.08	0.12	0.4	0.4	0.16	0.13	0.11	0.26	0.02	0.4	0.02	0.13	0.6	0.34	0.18	0.15	0	0.16	0.4	0.41	0.37	0.08	0.41	0.11	0.03	0.1	0.06	0.46	0.46	0.13	0.04	0.91	0.41	0.21	0.03	0.08	0.04	0.02	0.11	0.02	0.2	0.41	0.62	0.33	0.12	0.14	0.12	0.22
0.27	0.4	0.3	0.05	0.13	0.24	0.14	0	0.02	0	0.49	1.48	0.05	0.03	0.62	0.21	0.05	0.56	0.29	0.62	0.42	0.15	0.21	0.14	0.42	0.03	0.03	0.02	0.43	0.06	0.12	0.45	0.42	0.4	0.05	0.19	0.03	0.16	0.25	0.21	0.43	0.11	0.02	0.42	0.51	0.25	0.22	0.45	0.96	0.45	0.34	0.46	0.02	0.16	0.06	0.11	0	0.03	0.17	0.11	0.04	0.35	0.03	0.22	0.77	0.16	0.05	0.15	0.05	0.01	0.04	0.37	0.14	0.47	0.06	0.49	0.23	0.19	0.68	0.05	0.28	0.17	0.1	0.49	0.28	0.13	0.19	0.17	0.48	0.03	0.14	0.94	0.44	0.48	0.1	0.02	0.32	0.03	0.45
0.1	0.02	0.4	0.05	0.12	0.24	0.1	0.02	0	0.02	0.1	2.12	0.03	0.39	1.43	0.2	0.42	0.59	0.35	0.02	0.06	0.13	0.19	0.17	0.14	0.01	0.03	0.42	0.09	0.04	0.09	0.15	0.03	0.62	0.06	0.42	0.02	0.18	0.11	0.21	0.03	0.1	0.02	0.13	0.37	0.14	0.48	0.79	0.31	0.25	0.03	0.2	0.02	0.19	0.04	0.1	0.03	0.04	0.54	0.11	0.02	0.09	0.03	0.44	0.14	0.18	0.05	0.15	0.05	0.03	0.03	0.15	0.11	0.26	0.31	0.12	0.44	0.17	0.32	0.39	0.02	0.14	0.04	0.45	0.48	0.1	0.2	0.14	0.1	0.3	0.45	0.42	0.03	0.34	0.05	0.02	0.05	0.03	0.42
0.17	0.44	0.1	0.3	0.14	0.83	0.14	1.5	0.16	0	0.45	1.43	0.05	0.43	0.38	0.22	0.33	0.2	0.29	0.03	0.05	0.18	0.44	0.44	0.14	0.03	0.31	0.02	0.1	0.27	0.44	0.17	0.29	0.15	0.87	0.45	0.04	0.27	0.34	0.95	0.04	0.45	0.03	0.14	0.94	0.14	0.21	0.01	0.33	0.11	0.03	0.2	0.02	0.22	0.06	0.12	0	0.03	0.42	0.12	0.03	1	0.03	0.47	0.15	0.16	0.05	0.33	0.48	0.02	0.06	0.17	0.2	0.3	0.03	0.14	0.68	1.21	0.81	0.35	0.83	0.16	0.28	0.2	0.37	0.14	0.19	0.17	0.13	0.49	0.44	0.33	0.05	0.62	0.05	0.02	0.05	0.04	0.6
0.01	0.13	0.43	0.14	0.02	0.31	0.01	0.12	0.34	0.12	0	1.41	0.12	0.4	0.25	0.4	0.14	0.25	0.22	0.15	0.14	0.03	0.19	0.1	0.35	0.12	0.14	0.16	0.18	0.41	0.02	0.03	0.14	0.02	0.11	0.08	0.29	0.11	0.01	0.42	0.15	0.02	0.12	0.47	0.03	0.4	0.42	0.14	0.62	0.02	0.13	0.46	0.13	0.16	0.12	0.01	0.12	0.42	0.03	0.02	0.14	0.38	0.13	0.15	0.03	0.43	0.53	0.01	0.14	0.15	0.14	0.03	0.02	0.43	0.47	0.03	0.03	0.43	0.43	0.11	0.12	0.02	0.25	0.07	0.74	0.94	0.08	0.06	0.01	0.14	0.03	0.19	0.29	0.23	0.54	0.44	0.84	0.3	0.61
2.96	1.16	0.97	1.07	0.49	1.25	1.85	1.69	3.69	0.33	2	0	5.07	8.5	0.65	3.66	4.1	0.27	2.08	12.5	0.49	2.94	4.54	0.4	5.82	1.94	4.35	0.61	1.9	3.63	1.73	0.44	1.55	0.89	0.84	0.14	2.77	6.55	1.74	0.22	14.1	0.22	0.95	2.96	1.7	1.31	6.31	0.35	1.15	1.56	6.22	1.04	0.32	1.6	11.5	0.21	0.45	11.3	2.22	0.24	14	0.49	1.6	3.35	4.1	0.17	13.8	0.21	0.76	1.57	11.9	1.66	3.89	1.86	4.25	0.48	0.62	0.15	0.03	0.31	0.48	0.24	0.59	1.23	13	0.43	1.11	2.34	7.87	0.43	13.3	0.95	7.69	6.12	0.34	0.6	1.21	6.4	1.49
0.12	0.42	0.09	0.36	0.12	0.26	0.11	0.05	0.03	0.43	0.41	1.09	0	0.05	0.68	0.2	0.45	0.35	0.33	0.34	0.08	0.45	0.52	0.14	0.14	0.05	0.06	0.07	0.13	0.01	0.86	0.6	0.43	0.12	0.44	0.46	0.02	0.51	0.46	0.41	0.04	0.46	0.04	0.12	0.45	0.26	0.52	0.05	0.32	0.17	0.12	0.2	0.03	0.18	0.01	0.11	0.05	0.04	0.47	0.12	0.04	0.12	0.06	0.47	0.14	0.17	0.07	0.5	0.07	0.06	0.36	0.14	0.13	0.67	0.03	0.13	0.15	0.17	0.31	0.11	0.03	0.15	0.01	0.18	0.28	0.13	0.48	0.31	0.11	0.03	0.14	0.29	0	0.34	0.19	0.04	0.15	0.04	0.48
0.5	0.13	0.4	1.1	0.2	0.23	0.12	0.03	0.01	0.03	0.12	1.43	0.05	0	0.67	0.52	0.05	0.21	0.49	0.42	0.73	0.13	0.18	0.42	0.13	0.01	0.03	0.05	0.43	0.06	0.11	0.42	0.03	0.11	0.38	0.72	0.03	0.04	0.11	0.42	0.04	0.12	0.04	0.93	0.18	0.49	0.23	0.03	0.63	0.1	0.04	0.93	0.03	0.19	0.43	0.43	0.43	0.04	0.16	0.1	0.01	0.45	0.44	0.23	0.16	0.15	0.04	0.1	0.05	0.04	0.05	0.13	0.43	1.04	0.33	0.14	0.21	0.16	0.45	0.45	0.03	0.33	0.06	0.55	0.29	0.13	0.19	0.14	0.45	0.01	0.12	0.3	0.96	0.46	0.81	0.04	0.44	0.19	0.46
0.25	0.36	0.58	0.55	0.48	0.12	0.25	0.38	0.68	0.41	0.25	0.78	0.34	0.35	0.01	0.16	0.4	0.44	0.41	0.59	0.71	0.22	0.17	0.41	0.25	0.36	0.4	0.92	0.42	0.35	0.22	0.42	0.37	0.42	0.59	0.48	0.42	0.62	0.26	0.41	0.73	0.22	0.42	0.29	0.8	0.28	0.63	0.72	0.06	0.3	0.92	0.42	0.52	0.26	0.7	0.62	0.74	0.72	0.18	0.42	0.43	1.06	0.37	0.37	0.19	1.03	0.53	0.25	0.39	0.53	0.43	0.25	0.27	0.22	0.63	0.22	0.27	0.19	0.42	0.43	0.37	0.19	0.73	0.27	0.43	0.23	0.43	0.26	0.23	0.37	0.46	0.44	0.35	0.54	0.39	0.36	0.41	0.74	0.26
0.67	0.21	0.47	0.25	0.13	0.25	0.09	0.21	0.3	0.43	0.44	0.45	0.45	0.22	0.16	0	0.23	0.46	0.66	0.22	0.28	0.07	0.47	0.09	0.09	0.47	0.57	0.43	0.57	0.77	0.08	0.03	0.47	0.12	0.48	0.02	1.38	0.97	0.09	0.48	0.48	0.48	0.34	0.13	0.48	0.14	0.21	0.22	0.47	0.13	0.49	0.03	0.22	0.1	0.37	0.1	0.29	0.34	0.03	0.08	0.35	1.49	0.59	0.59	0.05	0.01	0.59	0.1	0.25	0.23	0.23	0.09	0.4	0.13	0.2	0.07	0.2	0.9	0.4	0.21	0.21	0.04	0.4	0.4	0.91	0.4	0.4	0.3	0.08	0.49	0.09	0.14	0.81	0.41	0.58	0.22	0.24	0.52	0.18
0.14	0.04	0.11	0.93	0.21	0.22	0.14	0.4	0.05	0.1	0.27	10.9	0.07	0.4	0.39	0.61	0	0.4	0.31	0.4	0.08	0.57	0.23	0.4	0.63	0.05	0.02	0.07	0.31	0.08	0.44	0.43	0.05	0.33	0.06	0.22	0.43	0.37	0.13	0.43	0.05	0.16	0.43	0.18	0.44	0.45	0.59	0.05	0.56	0.12	0.06	0.45	0.15	0.21	0.32	0.14	0.05	0.04	0.18	0.14	0.45	0.45	0.04	0.23	0.18	0.18	0.03	0.14	0.26	0.36	0.06	0.27	0.46	0.32	0.23	0.15	0.25	0.29	0.46	0.07	0.47	0.56	0.08	0.21	0.29	0.15	0.24	0.18	0.48	0.05	0.36	0.34	0.07	0.37	0.04	0.05	0.04	0.04	0.49
0.96	0.46	0.4	0.22	0.23	0.38	0.47	0.47	0.2	0.23	0.47	8.95	0.49	0.61	0.16	0.21	0.22	0.9	0.04	0.18	0.36	0.4	0.92	0.25	0.72	0.92	0.46	0.22	0.93	0.43	0.62	0.2	0.2	0.23	1.55	0.18	0.18	0.17	0.25	0.27	0.42	0.42	0.19	0.28	0.25	0.5	0.43	0.39	0.32	0.24	0.18	0.43	0.18	0.29	0.21	0.65	0.2	0.19	0.43	0.47	0.58	0.26	0.93	0.36	0.23	0.18	0.22	0.34	0.22	0.21	0.53	0.25	0.44	0.09	0.21	0.26	0.45	0.19	0.26	0.2	0.21	0.45	0.96	0.46	0.42	0.54	0.53	1.12	0.26	0.54	0.24	0.49	0.45	0.46	0.31	0.95	0.37	0.54	0
0.22	0.21	0.29	0.42	0.22	0.11	0.23	0.31	0.64	0.29	0.26	12.4	0.34	0.6	0.33	0.17	0.56	0.37	0	0.23	0.38	0.21	0.19	0.23	0.31	0.33	0.28	0.59	0.54	0.34	0.23	0.43	0.3	0.56	0.34	0.17	0.23	1.06	0.23	0.28	0.26	0.56	0.23	0.25	0.31	0.29	0.4	0.35	0.32	0.57	0.79	0.28	0.25	0.36	0.34	0.24	0.31	0.26	0.6	0.23	0.35	0.54	0.49	0.48	0.2	0.18	0.29	0.23	0.31	0.59	0.24	0.45	0.26	0.05	0.45	0.45	0.24	0.74	0.26	0.34	0.61	0.2	0.71	0.25	0.41	0.62	0.17	0.27	0.22	0.35	0.23	0.41	0.34	0.32	0.29	0.21	0.28	0.23	0.04
0.51	1.04	0.08	0.44	0.54	0.41	0.12	0.98	0.03	0.3	0.27	2.14	1.64	0.26	0.38	0.21	0.05	0.18	0.43	0	0.06	0.43	0.52	0.43	0.17	0.04	0.03	0.43	0.09	0.04	0.43	0.18	0.43	0.45	0.04	0.18	0.01	0.01	0.43	0.24	0.04	0.42	0.02	0.14	0.42	0.56	0.19	0.04	0.42	0.08	0.62	0.42	0.01	0.22	0.42	0.11	0.03	0.02	0.18	0.48	0.92	0.46	0.03	0.42	0.82	0.42	0.04	0.11	0.05	0.04	0.01	0.2	0.13	0.41	0.02	0.11	0.41	0.42	0.49	0.03	0.04	0.41	0.41	0.53	0.26	0.41	0.44	0.99	0.09	0.03	0.16	0.31	0.04	0.4	0.05	0.4	0.4	0.08	0.7
0.41	0.16	0.11	0.18	0.65	0.46	0.13	0.42	0.06	0.06	0.12	2.68	0.08	0.06	0.38	0.2	0.08	0.68	0.49	0.31	0	0.17	0.49	0.49	0.15	0.05	0.06	0.16	0.13	0.99	0.13	0.15	0.49	0.13	0.01	0.49	0.07	0.44	0.12	0.5	0.06	0.27	0.08	0.45	0.4	0.4	0.28	0.4	0.36	0.31	0.24	0.21	0.5	0.17	0.6	0.41	0.06	0.06	0.16	0.13	0.41	0.68	0.06	0.28	0.47	0.4	0.08	0.12	0.41	0.06	0.41	0.16	0.28	0.47	0.51	0.41	0.18	0.41	0.32	0.41	0.07	0.41	0.09	0.2	0.91	0.82	0.19	0.18	0.19	0.06	0.42	0.31	0.08	0.33	0.44	0.2	0.42	0.06	0.72
0.03	0.15	0.92	0.42	0.28	0.3	0.31	0.37	0.14	0.26	0.03	13.8	0.15	0.47	0.97	0.33	0.2	0.25	0.22	0.14	0.18	0	0.47	0.05	0.04	0.16	0.15	0.17	0.37	0.97	0.04	0.04	0.16	0.37	0.61	0.07	0.13	0.52	0.04	0.03	0.25	0.41	0.16	0.06	0.13	0.47	0.48	0.46	0.57	0.03	0.17	0.07	0.17	0.07	0.15	0.04	0.47	0.45	0.04	0.04	0.16	0.21	0.15	0.16	0.03	0.05	0.98	0.03	0.18	0.16	0.15	0.3	0.98	0.2	0.14	0.03	0.58	0.3	0.28	0.48	0.16	0.02	0.15	0.07	0.22	0.04	0.08	0.08	0.04	0.15	0.04	0.78	0.15	0.54	0.38	0.94	0.17	0.47	1.28
0.63	0.18	0.48	0.62	0.14	0.36	0.08	0.2	0.49	0.23	0.07	10.1	0.97	0.18	0.17	0.47	0.23	0.22	0.19	0.19	0.48	0.08	0	0.09	0.09	0.18	0.22	0.48	0.26	0.22	0.48	0.17	0.69	0.99	0.17	0.04	0.5	0.5	0.09	0.5	0.2	0.08	0.5	0.11	1.4	0.13	0.4	0.22	0.41	0.05	0.44	0.01	0.5	0.41	0.21	0.46	0.41	0.41	0.06	0.41	0.41	0.84	0.22	0.61	0.05	0.63	0.23	0.42	0.22	0.2	0.21	0.09	0.16	0.47	0.19	0.09	0.42	0.05	0.28	0.2	0.43	0.42	0.93	0.43	0.27	0.09	0.43	0.37	0.4	0.18	0.09	0.43	0.94	0.43	0.22	1.04	0.23	0.84	0.59
0.03	0.3	0.2	0.16	0.01	0.3	0.96	0.17	0.12	0.14	0.03	1.07	0.14	0.49	0.25	0.09	0.18	0.5	0.23	0.32	0.53	0.5	0.4	0	0.03	0.17	0.15	0.51	0.42	0.15	0.38	0.22	0.81	0.41	0.14	0.09	0.13	0.72	0.22	0.09	0.16	0.42	0.15	0.05	0.28	0.3	0.45	0.42	0.55	0.07	0.15	0.09	0.16	0.19	0.32	0.43	0.15	0.15	0.28	0.04	0.43	1.18	0.15	0.16	0.43	0.07	0.53	0.03	0.54	0.16	0.16	0.01	0.14	0.19	0.35	0.43	0.09	0.06	0.21	0.14	0.16	0.44	0.14	0.08	0.15	0.39	0.45	0.04	0.04	0.54	0.01	0.19	0.14	0.23	0.45	0.55	0.54	0.14	0.49
0.03	0.5	0.19	0.47	0.01	0.88	0.03	0.49	0.33	0.48	0.38	10.4	0.48	0.12	0.36	0.09	0.48	0.25	0.48	0.15	0.15	0.04	0.48	0.02	0	0.49	0.15	0.35	0.5	0.15	0.03	0.49	0.15	0.01	0.14	0.07	0.13	0.4	0.03	0.4	0.17	0.04	0.7	0.05	0.4	0.08	0.14	0.16	0.21	0.41	0.13	0.09	0.29	0.1	0.41	0.03	0.43	0.14	0.05	0.42	0.14	0.05	0.42	0.14	0.05	0.07	0.45	0.42	0.54	0.17	0.17	0.03	0.01	0.19	0.55	0.05	0.09	0.43	0.2	0.14	0.14	0.04	0.94	0.07	0.51	0.36	0.07	0.04	0.43	0.15	0.02	0.3	0.95	0.44	0.34	0.22	0.44	0.57	0.22
0.22	0.03	0.06	0.45	0.14	0.42	0.12	0.09	0.01	0.42	0.12	1.47	0.05	0.01	0.49	0.22	0.05	0.54	0.34	0.13	0.44	0.16	0.19	0.14	0.13	0	0.04	0.05	0.08	0.06	0.47	0.51	0.31	0.13	0.18	0.26	0.03	0.47	0.47	0.22	0.04	0.47	0.05	0.34	0.13	0.17	0.22	0.03	0.31	0.09	0.05	0.17	0.03	0.47	0.05	0.1	0.05	0.03	0.15	0.1	0.02	0.19	0.29	0.5	0.13	0.16	0.05	0.12	0.4	0.04	0.05	0.19	0.41	0.3	0.02	0.14	0.21	0.17	0.32	0.31	0.12	0.16	0.16	0.48	0.28	0.18	0.19	0.17	0.12	0.01	0.49	1.03	0.05	0.32	0.08	0	0.08	0.29	0.92
0.16	0.03	0.1	0.96	0.14	0.21	0.46	0.04	0.03	0.03	0.14	10.7	0.06	0.03	0.39	0.58	0.02	0.2	0.28	0.49	0.06	0.18	0.23	0.16	0.97	0.4	0	0.06	0.19	0.49	0.49	0.22	0.04	0.15	0.05	0.49	0.04	0.03	0.11	0.22	0.05	0.14	0.03	0.32	0.5	0.4	0.22	0.04	0.4	0.1	0.4	0.2	0.02	0.4	0.06	0.12	0.03	0.03	0.42	0.4	0.04	0.51	0	0.22	0.41	0.17	0.02	0.13	0.21	0.41	0.04	0.16	0.74	0.29	0.04	0.41	0.23	0.21	0.91	0.41	0.05	0.2	0.06	0.19	1.22	0.15	0.46	0.18	0.12	0.04	0.17	0.31	0.43	0.69	0.37	0.42	0.72	0.03	0.2
0.42	0.04	0.12	0.48	0.16	0.25	0.43	0.02	0.04	0.02	0.22	3.78	0.07	0.05	0.42	0.27	0.47	0.27	0.31	0.05	0.06	0.18	0.44	0.16	0.16	0.31	0.47	0	0.12	0.08	0.13	0.19	0.02	0.16	0.92	0.21	0.05	0.06	0.14	0.23	0.31	0.51	0.08	0.47	0.35	0.57	0.24	0.48	0.37	0.13	0.27	0.21	0.04	0.19	0.08	0.32	0.02	0.04	0.48	0.15	0.05	0.58	0.41	0.24	0.48	0.18	0.07	0.14	0.36	0.02	0.06	0.16	0.27	0.48	0.06	0.15	0.23	0.19	0.68	0.37	0.06	0.18	0.08	0.22	0.3	0.48	0.22	0.48	0.48	0.05	0.17	0.48	0.07	0.72	0.33	0.05	0.48	0.63	0.22
0.17	0.48	0.15	1.09	0.58	0.3	0.17	0.1	0.09	0.1	0.17	1.05	0.55	0.48	0.7	0.24	0.19	0.57	0.76	0.33	0.59	0.28	0.25	0.21	0.19	0.08	0.11	0.23	0	0.98	0.48	0.48	0.1	0.2	0.39	0.25	0.48	0.1	0.17	0.23	0.11	0.16	0.58	0.18	0.19	0.18	0.35	0.48	0.62	0.17	0.18	0.24	0.48	0.39	0.18	0.17	0.1	0.44	0.22	0.25	0.48	0.4	0.2	0.52	0.37	0.44	0.12	0.48	0.48	0.21	0.1	0.19	0.18	0.98	0.47	0.47	0.23	0.28	0.39	0.13	0.48	0.22	0.28	0.78	0.57	0.17	0.25	0.32	0.22	0.98	0.2	0.44	0.41	0.48	0.29	1.56	0.13	0.12	0.5
0.13	0.05	0.43	0.44	0.47	0.27	0.35	0.15	0.44	0.06	0.12	0.85	0.21	0.06	0.36	0.21	0.13	0.29	0.74	0.04	0.1	0.16	0.57	0.15	0.15	0.06	0.26	1.77	0.2	0	0.12	0.26	0.06	0.13	0.09	0.42	0.03	0.04	0.13	0.48	0.05	0.48	0.05	0.14	0.41	0.31	0.23	0.48	0.73	0.19	0.04	0.22	0.04	0.48	0	0.48	0.06	0.05	0.17	0.17	0.39	0.13	0.07	0.23	0.49	0.19	0.08	0.15	0.08	0.07	0.05	0.15	0.33	0.49	0.21	0.13	0.25	0.29	0.49	0.01	0.04	0.15	0	0.24	0.29	0.14	0.6	0.57	0.12	0.4	0.15	0.3	0.49	0.34	0.08	0.05	0.08	0.05	0.57
0.02	0.28	0.47	0.19	0.1	0.31	0.02	0.13	0.1	0.16	0.13	1.49	0.8	0.4	0.22	0.07	0.52	0.66	0.23	0.5	0.4	0.04	0.08	0.03	0.03	0.4	0.12	0.14	0.24	0.4	0	0.25	0.12	0.09	0.38	0.4	0.1	0.11	0.01	0.9	0.1	0.03	0.12	0.01	0.4	0.09	0.39	0.13	0.31	0.01	0.41	0.08	0.74	0.1	0.41	0.01	0.12	0.1	0.04	0.01	0.11	0.01	0.14	0.15	0.21	0.14	0.13	0.02	0.43	0.13	0.47	0.04	0.09	0.97	0.09	0.03	0.04	0.07	0.22	0.27	0.23	0.09	0.28	0.48	0.21	0.43	0.88	0.07	0	0.09	0.58	0.38	0.11	0.23	0.13	0.1	0.26	0.48	0.23
0.04	0.15	0.4	0.19	0.1	0.25	0.04	0.18	0.5	0.17	0.03	0.18	0.89	0.21	0.48	0.34	0.19	0.2	0.19	0.15	0.49	0.04	0.05	0.34	0.49	0.15	0.49	0.18	0.22	0.16	0.04	0	0.16	0.09	0.15	0.03	0.49	0.17	0.05	0.04	0.17	0.4	0.19	0.07	0.4	0.1	0.17	0.19	0.17	0.41	0.17	0.09	0.18	0.1	0.17	0.05	0.52	0.17	0.1	0.42	0.16	0.06	0.18	0.17	0.42	0.34	0.19	0.04	0.53	0.16	0.16	0.05	0.1	0.93	0.16	0.09	0.43	0.04	0.44	0.25	0.44	0.44	0.92	0.04	0.44	0.86	0.03	0.09	0.04	0.45	0.05	0.14	0.45	0.45	0.45	0.17	0.47	0.15	0.17
0.47	0.47	0.11	0.07	0.15	0.24	0.12	0.37	0.02	0.03	0.14	2.39	0.43	0.03	0.44	0.21	0.05	0.2	0.53	0.07	0.06	0.15	0.46	0.43	0.43	0.12	0.04	0.02	0.1	0.43	0.11	0.16	0	0.13	0.05	0.19	0.04	0.12	0.11	0.44	0.18	0.3	0.31	0.16	0.56	0.19	0.22	0.25	0.84	0.94	0.2	0.21	0.33	0.44	0.09	0.12	0.78	0.03	0.44	0.13	0.04	0.44	0.04	0.54	0.18	0.16	0.05	0.44	0.05	0.01	0.04	0.15	0.16	0.29	0.2	0.12	0.23	0.19	0.52	0.05	0.05	0.15	0.06	0.2	0.47	0.15	0.19	0.17	0.11	0.41	0.15	0.5	0.06	0.6	0.05	0.79	0.05	0.04	1.15
0.02	0.13	0.16	0.44	0	0.35	0.02	0.43	0.44	0.14	0.24	12.2	0.12	0.98	0.48	0.48	0.15	0.23	0.21	0.14	0.13	0.98	0.13	0.23	0.01	0.12	0.26	0.18	0.48	0.13	0.09	0.78	0.13	0	0.12	0.06	0.13	0.15	0.31	0.09	0.47	0.08	0.16	0.04	0.01	0	0.97	0.22	0.2	0.02	0.17	0.93	0.48	0.11	0.13	0.04	0.14	0.13	0.48	0.06	0.12	0.14	0.48	0.13	0.06	0.06	0.22	0.02	0.15	0.25	0.15	0.01	0	0.18	0.49	0.09	0.09	0.31	0.49	0.42	0.13	0.09	0.2	0.05	0.19	0.44	0.06	0.23	0.1	0.12	0.01	0.17	0.52	0.56	0.15	0.13	0.9	0.4	0.9
0.14	0.39	0.26	0.08	0.13	0.47	0.1	0.45	0.09	0.98	0.47	4.77	0.07	0.04	0.35	0.19	0.06	0.46	0.34	0.19	0.01	0.56	0.17	0.14	0.42	0.04	0.86	0.05	0.12	0.13	0.11	0.16	0.05	0.12	0	0.17	0.04	0.04	0.46	0.16	0.04	0.13	0.03	0.13	0.45	0.14	0.26	0.45	0.33	0.45	0.04	0.45	0.03	0.52	0.08	0.13	0.05	0.11	0.14	0.26	0.05	0.53	0.45	0.26	0.54	0.19	0.45	0.11	0.06	0.06	0.04	0.46	0.21	0.29	0.05	0.55	0.17	0.18	0.95	0.13	0.45	0.15	0.08	0.18	0.33	0.22	0.17	0.15	0.44	0.06	0.15	0.61	0.07	0.32	0.44	0.44	0.07	0.05	1.04
0.34	0.19	0.21	0.44	0.06	0.55	0.07	0.37	0.47	0.56	0.08	3.76	0.45	0.28	0.28	0.3	0.45	0.18	0.17	0.18	0.55	0.45	0.04	0.14	0.07	0.19	0.2	0.22	0.25	0.45	0.08	0.09	0.38	0.06	0.57	0	0.17	0.2	0.45	0.45	0.22	0.09	0.46	0.49	0.16	0.06	0.45	0.22	0.15	0.07	0.4	0.04	0.45	0.15	0.19	0.44	0.19	0.19	0.03	0.09	0.18	0.74	0.19	0.46	0.05	0.11	0.31	0.12	0.22	0.21	0.19	0.09	0.34	0.46	0.18	0.09	0.09	0.35	0.13	0.31	0.22	0.09	0.19	0.3	0.25	0.1	0.2	0.04	0.08	0.51	0.09	0.12	0.18	0.15	0.24	0.46	0.22	0.2	0.26
0.1	0.02	0.08	0.05	0.13	0.35	0.12	0.28	0.27	0.46	0.13	1.45	0.02	0.17	0.73	0.2	0.43	0.31	0.28	0.01	0.06	0.49	0.18	0.43	0.18	0.33	0.03	0.05	0.09	0.43	0.09	0.17	0.04	0.53	0.04	0.31	0	0.11	0.09	0.21	0.02	0.1	0.02	0.12	0.63	0.13	0.23	0.04	0.32	0.43	0	0.49	0.01	0.14	0.43	0.32	0.03	0.01	0.14	0.08	0.02	0.98	0.03	0.19	0.43	0.14	0.04	0.1	0.05	0.04	0.02	0.14	0.13	1	0.01	0.34	0.2	0.43	0.31	0.09	0.03	0.21	0.43	0.17	0.54	0.12	0.53	0.15	0.93	0.02	0.27	0.35	0.03	0.34	0.08	0.02	0.05	0.02	0.53
0.97	0.36	0.48	0.04	0.98	0.23	0.98	0.04	0.02	0.03	0.51	7.59	0.03	0.29	0.46	0.46	0.04	0.51	0.97	0.01	0.97	0.47	0.47	0.47	0.15	0.57	0.03	0.05	0.1	0.04	0.1	0.16	0.03	0.47	0.04	0.19	0.01	0.02	0.48	0.58	0.02	0.1	0.02	0.46	0.98	0.58	0.49	0.04	0.48	0.48	0.48	0.18	0.01	0.15	0.14	0.44	0.03	0.01	0.48	0.1	0.02	0.48	0.03	0.48	0.49	0.49	0.04	0.12	0.05	0.04	0.01	0.49	0.49	0.29	0.41	0.49	0.6	0.48	0.4	0.41	0.41	0.18	0.43	0.41	0.25	0.1	0.91	0.18	0.91	0.41	0.41	0.41	0.91	0.41	0.04	0.41	0.41	0.41	1.22
0.46	0.33	0.14	0.35	0.04	0.46	0.01	0.11	0.1	0.1	0.01	3.27	0.1	0.46	0.26	0.1	0.46	0.25	0.23	0.09	0.46	0.04	0.09	0.04	0.03	0.1	0.14	0.46	0.17	0.46	0.03	0.39	0.11	0.02	0.51	0.08	0.47	0.28	0	0.05	0.19	0.03	0.19	0	0.04	0.73	0.15	0.19	0.22	0.01	0.13	0.46	0.09	0.05	0.17	0.04	0.11	0.09	0.05	0	0.67	0.47	0.13	0.35	0.04	0.07	0.12	0.01	0.13	0.12	0.1	0.36	0.1	0.18	0.09	0.04	0.05	0.27	0.2	0.11	0.13	0.05	0.29	0.48	0.48	0.07	0.08	0.05	0.24	0.49	0.03	0.48	0.95	0.53	0.13	0.11	0.49	0.1	0.23
0.1	0.56	0.46	0.25	0.19	0.32	0.1	0.42	0.21	0.21	0.03	0.44	0.15	0.46	0.43	0.87	0.26	0.54	0.23	0.6	0.18	0.03	0.43	0.46	0.09	0.45	0.23	0.23	0.48	0.48	0.04	0.72	0.3	0.09	0.16	0.09	0.21	0.22	0.05	0	0.4	0.03	0.24	0.12	0.41	0.4	0.23	0.25	0.24	0.04	0.41	0.05	0.23	0.08	0.16	0.93	1.1	0.22	0.04	0.44	0.21	0.39	0.43	0.21	0.25	0.19	0.6	0.1	0.23	0.23	0.23	0.1	0.25	0.2	0.45	0.2	0	0.22	0.21	0.15	0.37	0	0.16	0.47	0.23	0.04	0.1	0.19	0.04	0.2	0.09	0.59	0.38	0.22	0.29	0.21	0.23	0.21	0.4
0.12	0.02	0.09	0.48	0.17	0.24	0.49	0.03	0.04	0.03	0.12	1.5	0.04	0.05	0.38	0.41	0.34	0.49	0.26	0.38	0.3	0.16	0.46	0.14	0.16	0.04	0.03	0.13	0.47	0.05	0.1	0.27	0.04	0.15	0.04	0.21	0.02	0.97	0.1	0.21	0	0.11	0.41	0.42	0.45	0.36	0.2	0.04	0.34	0.1	0.03	0.41	0.25	0.27	0.05	0.1	0.03	0.02	0.17	0.1	0.04	0.43	0.03	0.21	0.48	0.16	0.04	0.35	0.49	0.04	0.09	0.16	0.33	0.9	0.03	0.12	0.6	0.18	0.68	0.2	0.51	0.15	0.41	0.22	0.27	0.12	0.94	0.18	0.25	0.03	0.17	0.44	0.16	1.03	0.05	0.44	0.05	0.01	0.59
0.03	0.12	0.15	0.51	0.08	0.3	0.08	0.12	0.1	0.11	0.02	4.49	0.11	0.13	0.22	0.06	0.16	0.25	0.48	0.11	0.16	0.02	0.08	0.04	0.08	0.13	0.14	0.15	0.35	0.13	0.03	0.07	0.13	0.28	0.13	0.09	0.43	0.1	0.03	0.03	0.11	0	0.12	0.13	0.44	0.15	0.2	0.13	0.23	0.02	0.14	0.08	0.1	0.06	0.45	0.04	0.13	0.1	0.08	0.12	0.31	0.89	0.12	0.44	0.02	0.08	0.14	0.04	0.38	0.4	0.25	0.04	0.08	0.18	0.15	0.41	0.03	0.38	0.41	0.12	0.13	0.02	0.12	0.09	0.42	0.01	0.09	0.08	0.03	0.11	0.24	0.45	0.12	0.62	0.15	0.11	0.45	0.17	0.23
0.36	0.01	0.37	0.19	0.14	0.63	0.13	0.03	0.02	0.04	0.52	1.2	0.04	0.42	0.42	0.21	0.04	0.36	0.24	0.02	0.42	0.82	0.19	0.15	0.16	0.08	0.03	0.42	0.1	0.45	0.11	0.43	0.43	0.43	0.03	0.43	0.1	0.02	0.12	0.23	0.29	0.14	0	0.12	0.53	0.93	0.43	0.67	0.33	0.12	0.03	0.23	0.04	0.29	0.14	0.13	0.05	0.09	0.44	0.11	0.03	0.69	0.09	0.44	0.15	0.17	0.04	0.14	0.44	0.03	0.03	0.16	0.44	0.45	0.03	0.49	0.22	0.19	0.31	0.04	0.04	0.15	0.05	0.38	0.27	0.14	0.19	0.44	0.45	0.04	0.15	0.32	0.43	0.34	0.44	0.03	0.05	0.03	0.45
0.41	0.15	0.15	0.39	0.04	0.49	0.27	0.99	0.14	0.14	0.03	3	0.49	0.35	0.28	0.12	0.16	0.27	1.92	0.13	0.4	0.06	0.43	0.06	0.07	0.41	0.17	0.19	0.17	0.41	0.01	0.2	0.34	0.41	0.12	0.1	0.11	0.92	0	0.62	0.15	0.05	0.14	0	0.06	0.63	0.35	0.19	0.26	0.02	0.21	0.18	0.11	0.11	0.42	0.38	0.16	0.13	0.07	0.01	0.13	0.66	0.51	0.17	0.06	0.11	0.17	0.03	0.47	0.17	0.43	0.1	0.29	0.65	0.23	0.07	0.26	0.13	0.23	0.12	0.42	0.06	0.11	0.11	0.54	0.06	0.1	0.29	0.01	0.13	0.13	0.41	0.12	0.45	0.16	0.12	0.39	0.46	0.45
0.03	0.46	0.17	0.47	0.02	0.46	0.03	0.49	0.13	0.46	0.05	3.12	0.14	0.51	0.41	0.81	0.5	0.47	1.71	0.63	0.51	0.05	0.09	0.41	0.03	0.41	1	0.5	0.23	0.29	0.04	0.49	0.23	0.01	0.14	0.5	0.49	0.6	0.49	0.49	0.59	0.04	0.49	0.06	0.01	0.02	0.98	0.15	0.22	0.05	0.48	0.48	0.17	0.48	0.47	0.04	0.47	0.16	0.06	0.04	0.48	0.04	0.47	0.47	0.05	0.98	0.16	0.03	0.18	0.17	0.47	0	0.48	0.48	0.27	0.05	0.1	0.49	1	0.14	0.15	1	0.15	0.08	0.19	0.05	0.49	0.04	0.04	0.5	0.02	0.72	0.14	0.51	0.42	0.49	0.5	0.14	0.49
0.08	1	0.91	0.4	0.02	0.43	0.25	0.17	0.64	0.13	0.71	7.63	0.48	0.21	0.32	0.48	0.25	0.53	0.48	0.39	0.16	0.49	0.21	0.03	0.49	0.5	0.24	0.5	0.35	0.15	0.27	0.46	0.9	0.4	0.14	0.41	0.16	0.14	0.02	0.41	0.91	0.41	0.17	0.4	0.91	0	0.18	0.92	0.2	0.44	0.21	0.14	0.41	0.41	0.4	0.41	0.2	0.41	0.09	0.1	0.41	0.29	0.28	0.18	0.09	0.06	0.41	0.2	0.16	0.14	0.51	0.04	0	0.42	0.63	0.09	0.94	0.42	0.24	0.43	0.18	0.1	0.55	0.06	0.55	0.44	0.06	0.27	0.1	0.14	0.38	0.17	0.73	0.67	1.1	0.13	0.16	0.66	0.45
0.15	0.48	0.58	1.03	0.15	0.48	0.15	0.57	0.21	0.21	0.18	2.46	0.22	0.23	0.37	0.97	0.47	0.36	0.35	0.48	0.28	0.17	0.21	0.3	0.54	0.22	0.22	0.23	0.33	0.48	0.15	0.32	0.22	0.13	0.5	0.24	0.69	0.19	0.15	0.23	0.49	0.2	0.2	0.17	0.89	0.15	0	0.4	0.33	0.53	0.25	0.41	0.19	0.18	0.61	0.5	0.22	0.2	0.17	0.16	0.41	0.16	0.51	0.01	0.41	0.81	0.29	0.49	0.42	0.23	0.2	0.14	0.93	0.43	0.21	0.22	0.93	0.18	0.31	0.22	0.43	0.21	0.43	0.2	0.07	0.53	0.43	0.17	0.16	0.21	0.43	0.63	0.22	0.46	0.23	0.94	0.52	0.21	0.84
0.32	0.02	0.09	0.11	0.14	0.24	0.12	0.4	0.02	0.07	0.19	0.48	0.07	0.14	0.37	0.21	0.06	0.49	0.59	0.04	0.08	0.15	0.2	0.16	0.16	0.4	0.04	0.2	0.71	0.9	0.43	0.59	0.51	1.01	0.05	0.32	0.35	0.39	0.12	0.23	0.04	0.42	0.03	0.19	1.42	0.42	0.22	0	1.03	0.53	0.43	0.53	0.03	0.19	0.64	0.13	0.01	0.44	1.03	0.13	0.04	0.21	0.04	0.45	0.17	0.16	0.05	0.42	0.06	0.04	0.41	0.16	0.47	0.28	0.22	0.14	0.23	0.18	0.62	0.05	0.05	0.48	0.06	0.59	0.28	0.14	0.21	0.16	0.12	0.03	0.14	0.4	0.06	0.5	0.12	0.39	0.41	0.03	0.38
0.22	0.37	0.4	0.35	0.2	0.37	0.22	0.66	0.6	0.33	0.22	1.14	0.55	0.33	0.06	0.45	0.35	0.32	0.32	0.72	0.85	0.22	0.96	0.3	0.35	0.33	0.45	0.48	0.75	0.65	0.45	0.18	0.35	0.54	0.95	0.15	0.32	1.42	0.22	0.47	0.33	0.56	0.33	0.42	0.48	0.6	0.33	0.46	0	0.22	0.66	0.18	0.56	0.64	0.56	0.22	0.57	0.34	0.17	0.23	0.46	0.23	0.66	0.33	0.46	0.16	0.36	0.31	0.36	0.34	0.47	0.22	0.22	0.25	0.67	0.25	0.24	0.16	0.02	0.65	0.87	0.23	0.34	0.47	0.39	0.47	0.15	0.47	0.23	0.33	0.47	0.38	0.61	0.67	0.38	0.49	0.35	0.47	0.3
0.02	0.46	0.14	0.13	0.04	0.29	0.02	0.48	0.24	0.11	0.02	1.58	1.08	0.09	0.23	0.09	0.48	0.24	0.23	0.08	0.26	0.03	0.31	0.04	0.36	0.09	0.49	0.12	0.49	0.19	0.01	0.05	0.11	0.02	0.67	0.07	0.12	0.08	0.01	0.4	0.4	0.02	0.41	0.16	0.35	0.41	0.51	0.34	0.6	0	0.41	0.07	0.92	0.41	0.19	0.21	0.41	0.4	0.17	0.01	0.11	0.42	0.42	0.15	0.04	0.08	0.43	0.02	0.13	0.12	0.1	0.04	0.42	0.93	0.43	0.41	0.04	0.38	0.2	1.04	0.12	0.44	0.19	0.07	0.14	0.29	0.07	0.08	0.04	0.18	0.04	0.18	0.45	0.26	0.37	0.09	0.12	0.51	0.22
0.12	0.37	0.47	1	0.48	0.25	0.13	0.2	0.03	0.06	0.95	6.47	0.44	0.44	0.46	0.62	0.1	0.43	0.44	0.07	0.93	0.42	0.19	0.5	0.49	0.05	0.21	0.08	0.1	0.04	0.26	0.2	0.04	0.47	0.12	0.56	0.07	0.42	0.47	0.96	0.11	0.18	0.43	0.45	0.45	0.43	0.72	0.42	0.34	0.42	0.43	0.51	0.02	0.22	0.49	0.14	0.04	0.48	0.48	0.1	0.34	0.97	0.46	0.97	0.47	0.54	0.05	0.33	0.46	0.04	0.94	0.15	0.14	0.62	0.06	0.42	0.91	0.4	0.38	0.06	0.04	0.25	0.1	0.19	0.5	0.49	0.97	0.16	0.98	0.94	0.15	1.45	1.44	0.6	0.45	0.04	0.43	0.43	0.83
0.18	0.61	0.4	0.88	0.11	0.25	0.08	0.2	0.41	0.27	0.07	7.79	0.2	0.38	0.18	0.03	0.21	0.55	0.17	0.4	0.51	0.43	0.39	0.09	0.43	0.18	0.2	0.22	0.24	0.43	0.08	0.03	0.21	0.13	0.49	0.04	0.17	0.53	0.31	0.05	0.18	0.44	0.53	0.11	0.1	0.13	0.21	0.23	0.49	0.07	0.18	0	0.37	0.11	0.59	0.35	0.44	0.18	0.03	0.46	0.55	0.85	0.2	0.39	0.05	0.03	0.45	0.73	0.23	0.36	0.22	0.1	0.14	0.45	0.22	0.09	0.05	0.28	0.16	0.53	0.19	0.05	0.62	0.04	0.26	0.09	0.04	0.08	0.08	0.22	0.08	0.57	0.21	0.43	0.21	0.19	0.97	0.47	2.47
0.11	0.51	0.46	0.86	0.15	0.23	0.12	0.02	0.02	0.02	0.14	2.08	0.16	0.03	0.38	0.2	0.08	0.18	0.25	0.01	0.34	0.45	0.19	0.13	0.13	0.38	0.02	0.04	0.42	0.35	0.11	0.16	0.02	0.12	0.03	0.21	0.01	0.01	0.1	0.45	0.01	0.12	0	0.14	0.15	0.5	0.19	0.03	0.32	0.09	0.03	0.47	0	0.14	0.04	0.1	0.02	0	0.16	0.12	0.03	0.17	0.02	0.2	0.47	0.47	0.03	0.18	0.04	0.03	0.32	0.14	0.13	0.27	0.15	0.12	0.21	0.18	0.31	0.03	0.04	0.17	0.04	0.21	0.25	0.11	0.45	0.15	0.09	0.02	0.14	0.44	0.1	0.37	0.04	0.01	0.04	0.48	0.48
0.18	0.15	0.57	0.2	0.13	0.47	0.05	0.39	0.16	0.2	0.08	2.46	0.43	0.18	0.39	0.14	0.54	0.27	0.22	0.15	0.56	0.07	0.52	0.07	0.1	0.21	0.31	0.2	0.24	0.49	0.28	0.4	0.53	0.11	0.17	0.1	0.15	0.19	0.1	0.11	0.44	0.07	0.37	0.14	0.07	0.45	0.17	0.44	0.26	0.09	0.35	0.11	2.41	0	0.25	0.07	0.4	0.29	0.2	0.11	0.6	0.36	0.39	0.18	0.06	0.11	0.21	0.45	0.49	0.19	0.59	0.07	0.59	0.28	0.19	0.3	0.09	0.1	0.43	0.43	0.19	0.44	0.32	0.47	0.21	0.43	0.97	0.08	0.06	0.42	0.3	0.77	0.19	0.37	0.24	0.41	0.22	0.26	0.51
0.42	0.05	0.1	0.42	0.13	0.4	0.13	0.06	0.42	0.2	0.47	13	0.01	0.06	0.35	0.21	0.46	0.96	0.34	0.39	0.11	0.53	0.49	0.14	0.32	0.26	0.06	0.07	0.13	0	0.12	0.17	0.06	0.5	0.42	0.47	0.03	0.04	1.46	0.16	0.05	0.12	0.06	0.5	0.47	0.14	0.22	0.06	0.34	0.54	0.73	0.68	0.04	0.21	0	0.45	0.13	0.05	0.56	0.12	0.58	0.24	0.07	0.37	0.15	0.48	0.48	0.13	0.08	0.07	0.05	0.15	0.14	0.48	0.04	0.14	0.15	0.18	0.31	0.35	0.03	0.15	0	0.19	0.28	0.48	0.21	0.19	0.12	0.04	0.15	0.3	0.01	0.34	0.08	0.05	0.2	0.05	0.38
0.46	0.24	0.14	0.96	0.17	0.66	0.01	0.12	0.09	0.52	0.22	0.21	0.11	0.13	0.26	0.48	0.14	0.25	0.24	0.48	0.13	0.59	0.09	0.03	0.04	0.1	0.13	0.14	0.17	0.45	0.01	0.28	0.49	0.02	0.64	0.08	0.84	0.36	0.16	0.05	0.5	0.32	0.13	0.02	0.11	0.4	0.44	0.33	0.9	0.01	0.5	0.09	0.12	0.07	0.12	0.4	0.13	0.22	0.6	0.4	0.12	0.28	0.11	0.15	0.39	1.55	0.14	0.19	0.14	0.14	0.1	0.4	0.02	0.18	0.51	0.41	0.19	0.1	0.21	0.11	0.12	0.42	0.12	0.42	0.21	0.29	0.08	0.08	0.01	0.09	0.18	0.19	0.11	0.62	0.36	0.13	0.52	0.11	1.28
0.33	0.02	0.48	0.32	0.13	0.24	0.48	0	0.02	0	0.14	14.2	0.05	0.03	0.39	0.21	0.05	0.2	0.31	0.32	0.4	0.5	0.31	0.16	0.14	0.03	0.03	0.02	0.42	0.06	0.11	0.18	0.02	0.16	0.05	0.19	0.4	0.4	0.11	0.6	0.03	0.28	0.04	0.41	0.16	0.62	0.22	0.01	0.41	0.11	0.71	0.19	0.02	0.41	0.14	0.11	0	0.03	1.96	0.34	0.03	0.72	0.03	0.62	0.82	0.42	0.04	0.13	0.45	0.52	0.04	0.42	0.15	0.28	0.04	0.15	0.29	0.47	0.93	0.39	0.05	0.14	0.06	0.44	1.12	0.13	0.2	0.16	0.44	0.03	0.14	0.31	0.09	1.25	0.05	0.03	0.05	0.03	1.05
0.31	0.01	0.09	0.04	0.78	0.57	0.12	0.03	0.03	0.03	0.38	3.16	0.04	0.04	0.36	0.21	0.04	0.2	0.27	0.02	0.06	0.15	0.21	0.14	0.14	0.24	0.03	0.23	0.09	0.05	0.1	0.17	0.03	0.14	0.04	0.19	0.02	0.19	0.42	0.22	0.02	0.1	0.01	0.43	0.43	0.13	0.4	0.03	0.45	0.42	0.02	0.18	0.01	0.43	0.05	0.45	0.11	0	0.43	0.12	0.03	0.43	0.03	0.2	0.16	0.36	0.04	0.13	0.43	0.04	0.02	0.14	0.14	0.52	0.22	0.11	0.24	0.31	0.33	0.18	0.43	0.16	0.05	0.44	0.59	0.27	0.41	0.4	0.11	0.23	0.14	0.54	0.38	0.94	0.44	0.25	0.22	0.01	0.19
0.04	0.49	0.22	0.49	0.1	0.25	0.26	0.16	0.49	0.16	0.03	9.32	0.15	0.15	0.18	0.35	0.56	0.2	0.19	0.49	0.15	0.04	0.05	0.05	0.05	0.14	0.18	0.18	0.21	0.17	0.43	0	0.17	0.09	0.15	0.03	0.14	0.28	0.4	0.5	0.16	0.08	0.21	0.07	0.5	0.5	0.3	0.5	0.4	0.05	0.3	0.03	0.78	0.29	0.17	0.05	0.31	0.36	0	0.41	0.41	0.71	0.18	0.26	0.04	0.02	0.17	0.04	0.18	0.18	0.41	0.05	0.51	0.52	0.42	0.09	0.42	0.03	0.17	0.15	0.42	0.06	0.52	0.42	0.23	0.42	0.03	0.09	0.42	0.16	0.05	0.14	0.43	0.18	0.63	0.17	0.43	0.15	0.53
0.41	0.48	0.14	0.13	0.1	0.32	0.02	0.13	0.11	0.44	0.02	1.9	0.11	0.1	0.38	0.4	0.16	0.26	0.23	0.09	0.44	0.04	0.31	0.04	0.15	0.11	0.28	0.15	0.18	0.53	0.01	0.06	0.13	0.17	0.12	0.09	0.08	0.49	0	0.04	0.1	0.39	0.12	0.32	0.43	0.28	0.52	0.52	0.23	0.02	0.48	0.09	0.11	0.22	0.45	0.01	0.11	0.1	0.05	0.01	0.09	0.47	0.13	0.16	0.04	0.07	0.14	0.02	0.13	0.15	0.09	0.08	0.49	0.19	0.09	0.03	0.05	0.11	0.39	1.49	0.11	0.41	0.51	0.4	0.42	0.04	0.09	0.08	0.01	0.11	0.04	0.2	0.47	0.32	0.43	0.12	0.13	0.48	0.24
0.11	0.02	0.09	0.91	0.13	0.24	0.1	0.03	0.02	0.41	0.14	1.4	0.04	0.41	0.46	0.21	0.05	0.2	0.34	0.03	0.07	0.15	0.47	0.14	0.14	0.02	0.07	0.05	0.47	0.05	0.45	0.22	0.03	0.34	0.05	0.18	0.02	0.41	0.48	0.2	0.04	0.4	0.03	0.11	0.6	0.15	0.52	0.04	0.35	0.11	0.02	0.37	0.03	0.2	0.04	0.11	0.03	0.27	0.14	0.1	0	0.12	0.04	0.21	0.14	0.28	0.1	0.1	0.06	0.04	0.22	0.13	0.14	0.27	0.01	0.11	0.21	0.3	0.3	0.04	0.43	0.13	0.05	0.34	0.27	0.11	0.45	0.4	0.45	0.02	0.13	0.29	0.4	0.34	0.43	0.03	0.08	0.03	0.2
0.93	0.47	0.41	0.51	0.91	0.42	1.42	0.11	0.91	2.79	0.41	1.89	0.98	0.48	0.98	0.98	0.98	0.49	0.48	0.47	0.47	1.47	0.47	0.04	0.04	0.47	0.47	0.47	0.96	0.47	0.01	0.06	0.46	0.02	0.42	0.45	0.46	0.18	0	0.95	0.45	0.45	0.45	0.95	0.45	0.03	0.45	0.45	0.23	0.01	0.45	0.45	0.95	0.07	0.44	0.01	1.44	0.44	0.44	0.43	0.43	0.01	0.43	0.42	0.93	0.42	0.53	0.02	0.92	0.12	0.92	0.41	0.42	0.91	0.92	0.41	0.41	0.07	1.82	0.91	0.42	0.41	0.41	0.29	0.41	0.91	0.41	0.4	0.42	0.4	0.06	0.49	0.69	0.99	0.49	0.49	0.99	0.98	0.58
0.23	0.03	0.49	0.02	0.14	0.2	0.13	0.08	0.03	0.03	0.14	4.54	0.06	0.03	0.44	0.23	0.02	0.33	0.34	0.03	0.07	0.18	0.49	0.16	0.16	0.04	0	0.44	0.11	0.94	0.47	1.31	0.04	0.15	0.05	0.45	0.03	0.03	0.13	0.22	0.53	0.14	0.03	0.16	0.19	0.75	0.41	0.04	0.37	0.45	0.04	0.21	0.36	0.16	0.06	0.12	0.04	0.03	0.18	0.12	0.04	0.12	0	0.45	0.17	0.17	0.01	0.14	0.3	0.04	0.04	0.15	0.14	0.3	0.56	0.14	0.22	0.48	0.51	0.46	0.11	0.42	0.06	0.45	0.28	0.48	0.34	0.18	0.12	0.04	0.15	0.31	0.96	1.18	0.02	0.03	0.02	0.03	0.2
0.15	0.21	0.3	0.23	0.13	0.55	0.15	0.48	0.21	0.55	0.15	9.03	0.48	0.48	0.48	0.21	0.23	1.2	0.35	0.2	0.27	0.48	0.31	0.48	0.15	0.28	0.22	0.48	0.92	0.23	0.15	0.17	0.5	0.23	0.24	0.19	0.19	0.28	0.48	0.45	0.22	0.2	0.21	0.21	0.36	0.26	0.69	0.53	0.33	0.15	0.2	0.21	0.36	0.21	0.22	0.49	0.22	0.58	0.4	0.16	0.21	0.79	0.59	0	0.18	0.2	0.49	0.51	0.24	0.23	0.49	0.14	0.15	0.35	0.35	0.22	0.21	0.23	0.41	0.22	0.4	0.9	0.45	0.18	0.07	0.22	0.19	0.18	0.16	0.21	0.6	0.55	0.22	0.9	0.4	0.46	0.91	0.6	0.49
0.43	0.63	0.29	0.17	0.09	0.63	0.03	0.15	0.15	0.15	0.03	1.59	0.15	0.13	0.19	0.12	0.17	0.23	1.33	0.17	0.45	0.03	0.23	0.04	0.04	0.14	0.15	0.45	0.18	0.15	0.04	0.1	0.45	0.06	0.15	0.05	0.15	0.46	0.04	0.01	0.31	0.02	0.56	0.46	0.45	0.49	0.28	0.17	0.56	0.04	0.14	0.05	0.47	0.25	0.15	0.05	0.16	0.15	0.04	0.04	0.47	0.31	0.26	0.16	0	0.05	0.48	0.41	0.18	0.16	0.15	0.05	1.18	0.19	0.21	0.03	0.01	0.05	0.19	0.39	0.27	0.18	0.49	0.44	0.48	0.2	0.05	0.06	0.04	0.15	0.04	0.24	0.32	0.25	0.5	0.49	0.17	0.17	0.48
0.07	0.99	0.58	1.01	0.07	0.22	0.08	0.16	0.46	0.16	0.06	8.89	0.17	0.49	0.17	0.01	0.59	0.18	0.49	0.15	0.19	0.05	0.21	0.07	0.07	0.49	0.17	0.18	0.25	0.49	0.43	0.02	0.16	0.06	0.18	0.35	0.49	0.15	0.07	0.05	0.29	0.08	0.51	0.07	0.07	0.06	0.41	0.16	0.5	0.29	0.15	0.03	0.15	0.1	0.18	0.07	0.3	0.16	0.5	0.07	0.37	0.65	0.17	0.5	0.31	0	0.18	0.08	0.19	0.17	0.15	0.07	0.13	0.13	0.4	0.1	0.33	0.27	0.16	0.18	0.5	0.06	0.18	0.4	0.16	0.23	0.22	0.05	0.4	0.27	0.07	0.12	0.18	0.46	0.19	0.9	0.19	0.19	0.51
0.15	0.36	0.61	0.04	0.18	0.39	0.15	0.05	0.44	0.04	0.14	2.38	0.07	0.04	0.4	0.23	0.03	0.21	0.29	0.05	0.42	0.17	0.46	0.17	0.16	0.46	0.26	0.25	0.13	0.08	0.15	0.19	0.05	0.16	0.06	0.21	0.05	0.47	0.21	0.24	0.05	0.15	0.06	0.17	0.19	0.5	0.23	0.05	0.38	0.12	0.15	0.57	0.03	0.22	0.07	0.14	0.05	0.04	0.19	0.13	0.05	0.27	0.05	0.57	0.18	0.18	0	0.14	0.01	0.06	0.13	0.16	0.15	0.56	0.25	0.17	0.23	0.32	0.47	0.22	0.06	0.55	0.36	0.2	0.48	0.2	0.35	0.41	0.14	0.05	0.16	0.58	0.42	0.69	0.04	0.04	0.04	0.04	0.48
0	0.14	0.15	0.15	0.03	0.3	0	0.42	0.49	0.12	0.01	3.29	0.39	0.12	0.47	0.1	0.21	0.87	0.24	0.47	0.16	0.03	0.08	0.03	0.03	0.12	0.13	0.51	0.48	0.13	0.02	0.04	0.17	0.02	0.11	0.08	0.1	0.89	0.01	0.1	0.13	0.03	0.15	0.03	0.04	0.02	0.15	0.49	0.62	0.06	0.95	0.08	0.12	0.07	0.12	0.02	0.39	0.81	0.41	0.36	0.11	0.41	0.23	0.35	0.04	0.07	0.41	0	0.24	0.16	0.41	0.04	0.41	0.42	0.28	0.03	0.46	0.06	0.52	0.12	0.14	0.03	0.13	0.14	0.21	0.04	0.08	0.05	0.93	0.12	0.02	0.93	0.43	0.48	0.43	0.12	0.15	0.15	0.93
0.16	0.04	0.12	0.15	0.48	0.22	0.49	0.06	0.05	0.49	0.16	3.74	0.52	0.05	0.42	0.26	0.43	0.22	0.31	0.08	0.31	0.17	0.44	0.16	0.16	0.05	0.03	0.12	0.12	0.45	0.45	0.45	0.05	0.17	0.12	0.45	0.45	0.13	0.45	0.37	0.05	0.45	0.04	0.17	0.19	0.21	0.56	0.06	0.38	0.47	0.54	0.52	0.04	0.19	0.08	0.98	0.89	0.04	0.19	0.48	0.06	0.49	0.04	0.49	0.59	0.18	0.01	0.54	0	0.07	0.06	0.5	0.18	0.4	0.39	0.16	0.56	0.2	0.34	0.61	0.07	0.19	0.08	0.42	0.3	0.17	0.24	0.18	0.14	0.06	0.23	0.34	0.43	0.36	0.8	0.05	0.43	0.43	0.22
0.13	0.03	0.11	0.06	0.44	0.25	0.94	0.33	0.03	0.03	0.13	5.91	0.06	0.04	0.48	0.6	0.06	0.29	0.32	0.27	0.07	0.19	0.57	0.58	0.15	0.04	0.49	0.3	0.12	0.07	0.13	0.58	0.01	0.49	0.14	0.43	0.04	0.26	0.15	0.25	0.04	0.12	0.41	0.17	0.23	0.5	0.22	0.02	0.36	0.12	0.05	0.21	0.4	0.2	0.4	0.13	0.02	0.04	0.36	0.14	0.4	0.35	0.4	0.23	0.17	0.17	0.06	0.14	0.06	0	0.2	0.17	0.18	0.6	0.4	0.13	0.24	0.34	0.38	0.06	0.38	0.6	0.07	0.2	0.29	0.51	0.6	0.27	0.13	0.41	0.15	0.5	1.41	0.91	0.41	0.03	0.41	0.04	0.61
0.17	0.03	0.09	0.6	0.15	0.27	0.4	0.04	0.03	0.14	0.13	8.42	0.04	0.05	0.38	0.43	0.44	0.19	0.24	0.01	0.07	0.64	0.44	0.15	0.16	0.05	0.04	0.06	0.16	0.05	0.1	0.17	0.45	0.13	0.27	0.21	0.02	0.01	0.1	0.23	0.03	0.11	0.04	0.13	0.16	0.15	0.32	0.04	0.35	0.1	0.45	0.49	0.02	0.18	0.36	0.1	0.37	0.02	0.17	0.09	0.04	0.1	0.34	0.2	0.46	0.15	0.05	0.12	0.2	0.05	0	0.53	0.14	0.26	0.46	0.43	0.22	0.31	0.32	0.04	0.05	0.5	0.05	0.3	0.26	0.11	0.47	0.53	0.11	0.4	0.47	0.32	0.04	0.47	0.06	0.03	0.05	0.47	0.73
0.03	0.13	0.17	0.42	0.01	0.3	0.03	0.21	0.34	0.16	0.03	12.1	0.92	0.14	0.25	0.09	0.46	0.25	0.42	0.15	0.23	0.43	0.09	0.01	0.43	0.13	0.16	0.43	0.63	0.14	0.53	0.05	0.16	0.01	0.15	0.16	0.13	0.14	0.43	0.43	0.43	0.04	0.46	0.06	0.93	0.18	0.32	0.15	0.21	0.04	0.75	0.1	0.37	0.11	0.52	0.03	0.34	0.66	0.05	0.04	0.14	0.04	0.67	0.4	0.05	0.07	0.17	0.03	0.19	0.67	0.16	0	0.47	0.19	0.46	0.05	0.1	0.4	0.47	0.2	0.57	0.12	0.15	0.43	0.19	0.08	0.13	0.04	0.04	0.15	0.36	0.48	0.14	0.94	0.99	0.48	0.17	0.14	0.22
0.02	0.47	0.47	0.22	0	0.37	0.22	0.46	0.97	0.47	0.05	5.08	0.13	0.46	0.27	0.46	0.16	0.96	0.23	0.56	0.46	0.09	0.14	0.41	0.01	0.47	0.47	0.16	0.24	0.5	0.71	0.11	0.48	0.05	0.14	0.06	0.14	0.29	0.31	0.23	0.27	0.98	0.14	0.06	0.08	0.18	0.16	0.18	0.49	0.09	0.48	0.49	0.14	0.1	0.4	0.17	0.16	0.27	0.1	0.4	0.9	0.4	0.4	0.17	0.42	0.4	0.81	0.4	0.31	0.91	0.41	0.41	0.4	0.56	0.5	0.17	0.4	0.09	0.24	0.22	0.4	0.91	0.5	0.06	0.16	0.09	0.38	0.1	0.41	0.81	0.05	0.41	0.46	0.22	0.41	0.41	0.63	0.5	0.66
0.18	0.37	0.29	0.47	0.47	0.11	0.18	0.3	0.27	0.3	0.19	4.16	0.27	0.27	0.22	0.4	0.31	0.2	0.41	0.54	0.32	0.2	0.14	0.19	0.19	0.27	0.29	0.29	0.35	0.29	0.18	0.6	0.29	0.18	0.29	0.33	0.28	0.46	0.18	0.53	0.27	0.18	0.62	0.19	0.43	0.18	0.36	0.28	0.25	0.2	0.93	0.42	0.42	0.55	0.46	0.18	0.3	0.26	0.13	0.93	0.29	1.93	0.28	0.35	0.43	0.12	0.57	0.18	0.31	0.61	0.28	0.19	0.47	0	0.47	0.42	0.2	0.63	0.42	0.28	0.28	0.18	0.43	0.1	0.35	0.2	0.99	0.43	0.19	0.27	0.63	0	0.28	0.43	0.32	0.28	0.3	0.93	0.43
0.37	0.41	0.07	0.94	0.44	0.24	0.1	0.03	0.02	0.03	0.11	5.01	0.03	0.02	0.45	0.2	0.05	0.27	0.95	0.02	0.06	0.15	0.21	0.45	0.16	0.02	0.04	0.05	0.1	0.04	1.16	0.17	0.04	0.12	0.05	0.46	0.01	0.46	0.1	0.23	0.03	0.96	0.05	0.11	0.96	0.15	0.21	0.47	0.33	0.47	0.02	0.18	0.02	0.57	0.06	0.09	0.19	0.03	0.24	0.36	0.01	0.48	0.04	0.21	0.14	0.16	0.05	0.1	0.06	0.04	0.38	0.14	0.13	0.25	0	0.13	0.22	0.16	0.69	0.03	0.04	0.19	0.04	0.49	0.27	0.12	0.39	0.49	0.1	0.02	0.43	0.5	0.85	0.63	0.06	0.03	0.06	0.03	0.5
0.04	0.13	0.41	0.15	0.41	0.32	0.03	0.13	0.12	0.42	0.03	0.23	0.13	0.14	0.23	0.07	0.15	0.43	0.22	0.11	0.16	0.41	0.39	0.05	0.46	0.13	0.19	0.15	0.5	0.23	0.03	0.08	0.14	0.37	0.18	0.17	0.27	0.44	0.21	0.04	0.12	0.01	0.13	0.04	0.07	0.93	0.23	0.53	0.56	0.48	0.11	0.09	0.12	0.1	0.13	0.04	0.49	0.11	0.09	0.04	0.11	0.91	0.41	0.22	0.04	0.38	0.15	0.04	0.44	0.13	0.12	0.05	0.42	0.54	0.13	0	0.04	0.13	0.22	0.13	0.46	0.03	0.13	0.1	0.44	0	0.1	0.09	0.04	0.48	0.05	0.59	0.13	0.23	0.26	0.11	0.16	0.41	0.24
0.1	0.38	0.45	0.23	0.45	0.32	0.1	0.21	0.19	0.45	0.03	1.73	0.15	0.24	0.27	0.11	0.49	0.56	2.16	0.22	0.44	0.03	0.06	0.4	0.09	0.45	0.64	0.44	0.23	0.16	0.04	0.04	0.21	0.09	0.17	0.09	0.21	0.31	0.05	0	0.22	0.03	0.4	0.54	0.1	0.37	0.23	0.42	0.47	0.04	0.21	0.38	0.53	0.07	0.16	0.52	0.21	0.62	0.1	0.23	0.51	0.2	0.25	0.21	0.46	1.3	0.23	0.1	0.24	0.25	0.23	0.49	0.48	0.2	0.48	0.03	0	0.08	0.22	0.89	0.21	0	0.25	0.49	0.23	0.04	0.1	0.3	0.04	0.2	0.09	0.47	0.15	0.22	0.25	0.22	0.45	0.21	0.24
0.06	0.96	0.56	1.01	0.13	0.45	0.06	0.48	0.16	0.44	0.06	0.83	0.41	0.18	0.41	0.41	0.2	0.28	0.18	0.41	0.19	0.07	0.05	0.4	0.06	0.19	0.4	0.2	0.6	0.19	0.07	0.21	0.19	0.04	0.18	0.59	0.16	0.18	0.48	0.98	0.21	0.47	0.67	0.08	0.67	0.47	0.26	0.18	0.16	0.46	0.32	0.05	0.95	0.45	0.18	0.41	0.46	0.19	0.03	0.07	0.43	0.52	0.19	0.18	0.43	0.02	0.21	0.42	1.52	0.52	0.19	0.41	0.16	0.13	0.16	0.4	0.46	0.01	0.5	0.17	0.49	0.04	0.49	0.03	0.24	0.48	0.02	0.03	0.07	0.56	0.05	0.13	0.47	0.53	0.21	0.56	0.37	0.46	0.48
0.2	0.67	0.57	0.32	0.45	0.48	0.2	0.32	0.32	0.42	0.48	1.7	0.76	0.76	0.04	0.19	0.32	0.61	0.26	0.97	0.47	0.58	0.67	0.47	0.19	0.31	0.3	0.68	0.48	0.65	0.22	0.22	0.49	0.23	0.47	0.13	0.5	0.49	0.2	0.21	0.33	0.21	0.36	0.22	0.2	0.66	0.55	0.36	0.02	0.21	0.43	0.5	0.4	0.51	0.31	0.91	0.66	0.31	0.17	0.41	0.3	0.21	0.3	0.42	0.57	0.16	0.51	0.42	0.33	0.33	0.34	0.59	0.23	0.27	1.23	0.23	0.43	0.53	0	0.31	0.31	0.43	0.54	0.12	0.37	0.22	0.53	0.46	0.43	0.3	0.19	0.36	0.43	0.63	1.09	0.33	0.32	0.43	0.24
0.43	1.42	0.1	0.07	0.41	0.41	0.12	0.05	0.4	0.05	0.12	9.68	0	0.41	0.34	0.21	0.41	0.41	0.33	0.4	0.09	0.5	0.2	0.49	0.14	0.43	0.06	0.07	0.58	0.07	0.48	0.44	0.05	0.47	0.46	0.57	0.02	0.96	0.46	0.15	0.07	0.45	0.07	0.38	0.14	0.94	0.22	0.05	0.43	0.17	0.03	0.2	0.42	0.17	0.01	0.41	0.05	0.12	0.42	0.4	0.04	0.11	0.06	0.4	0.14	0.18	0.07	0.22	0.07	0.06	0.04	0.14	0.16	0.27	0.03	0.13	0.15	0.47	0.31	0	0.03	0.46	0.01	0.25	0.28	0.45	0.45	0.18	0.44	0.04	0.53	0.29	0	0.35	0.07	0.42	0.72	0.04	0.42
0.13	0.04	0.08	0.07	0.44	0.25	0.44	0.05	0.02	0.05	0.44	4.12	0.41	0.41	0.36	0.22	0.07	0.21	0.34	0.41	0.06	0.15	0.71	0.16	0.16	0.39	0.05	0.07	0.41	0.04	0.11	0.16	0.12	0.13	0.05	0.2	0.03	0.92	0.1	0.23	0.25	0.16	0.41	0.16	0.19	0.49	0.23	0.05	0.33	0.41	0.04	1.98	0.04	0.18	0.03	0.11	0.05	0.04	0.41	0.12	0.51	0.3	0.3	0.23	0.18	0.17	0.06	0.61	0.07	0.06	0.26	0.14	0.58	0.28	0.47	0.41	0.21	0.92	0.41	0.03	0	0.92	0.42	0.56	0.29	0.13	0.19	0.22	0.12	0.01	0.14	0.3	0.41	0.36	0.41	0.04	0.51	0.04	0.34
0.04	0.18	0.2	0.19	0.12	0.65	0.27	0.46	0.14	0.16	0.02	0.54	0.14	0.14	0.32	0.05	0.49	0.22	3.21	0.2	0.18	0.06	0.14	0.4	0.06	0.56	0.18	0.58	0.47	0.34	0.09	0.19	0.7	0.14	0.15	0.43	0.9	0.7	0.04	0	0.36	0.06	0.55	0.8	0.22	0.4	0.26	0.46	0.22	0.27	0.16	0.05	0.15	0.06	0.15	0.04	0.18	0.18	0.03	0.04	0.15	0.08	0.15	0.19	0	0.05	0.41	0.04	0.18	0.19	0.21	0.11	0.08	0.18	0.14	0.05	0	0.39	0.91	0.41	0.17	0	0.15	0.05	0.46	0.41	0.05	0.08	0.41	0.13	0.04	0.18	0.42	0.21	0.44	0.14	0.4	0.52	0.42
0.43	0.47	0.1	0.47	0.13	0.47	0.47	0.06	0.04	0.07	0.12	6.7	0.01	0.44	1.18	0.58	0.08	0.21	0.34	0.49	0.1	0.15	0.22	0.14	0.49	0.05	0.06	0.47	0.13	0	0.35	0.59	0.06	0.13	0.08	0.49	0.03	0.31	0.3	0.16	0.08	0.26	0.05	0.15	0.71	0.13	0.22	0.45	0.56	0.6	0.04	0.21	0.04	0.2	0.2	0.11	0.45	0.41	0.16	0.13	0.04	0.51	0.06	0.22	0.51	0.18	0.07	0.12	0.08	0.07	0.05	0.42	0.15	0.72	0.04	0.13	0.52	0.17	0.31	0.31	0.4	0.15	0	0.19	0.62	0.14	0.34	0.42	0.12	0.63	0.43	0.86	0.39	0.63	0.08	0.4	0.43	0.32	0.28
0.07	0.42	0.42	0.21	0.44	0.43	0.07	0.2	0.16	0.34	0.42	8.98	0.29	0.45	0.18	0.02	0.41	0.45	0.55	0.2	0.21	0.07	0.4	0.08	0.07	0.18	0.19	0.31	0.24	0.47	0.46	0.03	0.44	0.05	0.19	0	0.17	0.44	0.08	0.46	0.37	0.09	0.2	0.1	0.28	0.52	0.2	0.56	0.14	0.07	0.29	0.04	0.18	0.1	0.67	0.42	0.47	0.33	0.03	0.13	0.47	0.19	0.21	0.2	0.24	0.06	0.47	0.3	0.24	0.21	0.47	0.08	0.13	0.1	0.47	0.09	0.09	0.06	0.13	0.18	0.58	0.33	0.26	0	0.3	0.48	0	0.04	0.08	0.18	0.07	0.23	0.18	0.31	0.24	0.59	0.51	0.2	0.15
0.4	0.7	0.26	0.8	0.15	0.48	0.21	0.28	0.4	0.28	0.22	13.9	0.28	0.29	0.43	0.4	0.4	0.42	0.41	0.25	0.25	0.4	0.27	0.15	0.41	0.48	0.28	0.35	0.31	0.42	0.46	0.56	0.61	0.42	0.52	0.72	0.25	1.03	0.53	0.43	0.38	0.2	0.27	0.43	0.48	0.43	0.07	0.28	0.93	0.27	0.53	0.26	0.43	0.64	0.63	0.21	0.28	0.26	0.57	0.22	0.27	1.07	0.64	0.07	0.18	0.64	0.44	0.21	0.29	0.29	0.44	0.2	0.15	0.35	0.45	0.45	0.23	0.24	0.37	0.45	0.29	0.21	0.95	0.2	0	0.51	0.25	0.45	0.22	0.27	0.14	0.53	0.28	0.41	0.45	0.27	0.31	0.47	0.58
0.03	0.71	0.16	0.16	0.1	0.48	0.04	0.13	0.12	0.15	0.03	2.64	0.13	0.51	0.55	0.27	0.47	0.52	1.18	0.48	0.15	0.04	0.08	0.05	0.05	0.47	0.58	0.78	0.19	0.14	0.03	0.09	0.15	0.68	0.14	0.1	0.13	0.86	0.03	0.03	0.52	0.01	0.11	0.42	0.3	0.34	0.22	0.49	0.48	0.01	1.01	0.45	0.11	0.1	0.14	0.03	0.12	0.11	0.25	0.4	0.12	1.31	0.49	0.22	0.04	0.12	0.14	0.03	0.92	0.15	0.12	0.16	0.43	0.53	0.33	0	0.11	0.09	0.22	0.13	0.43	0.73	0.14	0.09	0.66	0	0.11	0.09	0.03	0.94	0.44	0.31	0.47	0.42	0.14	0.13	0.44	0.13	0.26
0.08	0.18	0.46	0.76	0.06	0.23	0.45	0.25	0.17	0.2	0.08	4.78	0.46	0.17	0.18	0.2	0.43	0.18	0.47	0.19	0.18	0.08	0.04	0.09	0.47	0.19	0.2	0.21	0.28	0.47	0.08	0.03	0.21	0.06	0.17	0.01	0.19	0.33	0.11	0.1	0.19	0.09	0.48	0.18	0.26	0.48	0.86	0.22	0.15	0.68	0.27	0.17	0.18	0.09	0.49	0.08	0.19	0.2	0.19	0.09	0.21	0.32	0.21	0.19	0.05	0.01	0.41	0.08	0.49	0.21	0.19	0.09	0.17	0.1	0.4	0.1	0.09	0.06	0.13	0.4	0.2	0.05	0.19	0	0.49	0.24	0	0.04	0.08	0.18	0.91	0.12	0.19	0.15	0.21	0.2	0.4	0.6	0.16
0.42	0.41	0.18	0.18	0.09	0.43	0.04	0.52	0.15	0.21	0.06	2.3	0.17	0.17	0.88	0.27	0.19	0.23	0.45	0.37	0.18	0.22	0.11	0.04	0.04	0.16	0.17	0.19	0.58	0.19	0.07	0.09	0.48	0.29	0.15	0.04	0.16	0.16	0.17	0.06	0.49	0.08	0.18	0.07	0.48	0.48	0.4	0.18	0.58	0.09	0.87	0.09	0.48	0.08	0.19	0.07	0.99	0.49	0.49	0.08	0.16	0.54	0.49	0.18	0.06	0.05	0.49	0.49	0.18	0.79	0.16	0.04	0.09	0.15	0.16	0.08	0.34	0.03	0.16	0.17	0.81	0.06	0.18	0.99	0.17	0.09	0.05	0	0.08	0.15	0.4	0.49	0.18	0.22	0.19	0.17	0.2	0.53	0.19
0.02	0.1	0.39	0.14	0.1	0.31	0.02	0.11	0.09	0.11	0.01	2.48	0.11	0.68	0.38	0.37	0.5	0.26	0.23	0.42	0.4	0.04	0.09	0.16	0.19	0.9	0.13	0.13	0.53	0.12	0.5	0.36	0.12	0.4	0.46	0.39	0.08	0.26	0.25	0.4	0.39	0.4	0.36	0.01	0.47	0.11	0.3	0.47	0.23	0.41	0.36	0.08	0.12	0.07	0.11	0.01	0.13	0.41	0.04	0.01	0.11	0.31	0.12	0.16	0.04	0.42	0.42	0.14	0.14	0.39	0.52	0.25	0.43	0.5	0.12	0.42	0.04	0.07	0.22	0.11	0.14	0.03	0.12	0.19	0.43	0.35	0.09	0.08	0	0.43	0.23	0.43	0.12	0.23	0.43	0.1	0.13	0.1	0.43
0.12	0.02	0.9	0.23	0.18	0.24	0.13	0.03	0.24	0.03	0.39	9.09	0.04	0.23	0.4	0.22	0.05	0.2	0.36	0.03	0.06	0.99	0.18	0.13	0.49	0.02	0.04	0.05	0.5	0.15	0.15	0.46	0.03	0.12	0.06	0.17	0.02	0.4	0.25	0.41	0.2	0.41	0.08	0.16	0.43	0.31	0.21	0.41	0.32	0.47	0.16	0.21	0.41	0.41	0.04	0.11	0.03	0.03	0.17	0.11	0.02	0.92	0.31	0.61	0.15	0.52	0.05	0.43	0.42	0.18	0.05	0.48	0.47	0.27	0.02	0.53	0.43	0.56	0.3	0.04	0.02	0.48	0.04	0.44	0.44	0.47	0.18	0.15	0.45	0	0.15	0.42	0.04	0.44	0.45	0.12	0.45	0.03	0.2
0.59	0.14	0.18	0.23	0.01	0.4	0.02	0.14	0.13	0.15	0.03	0.2	0.47	0.12	0.27	0.39	0.17	0.32	0.47	0.15	0.57	0.14	0.49	0.01	0.02	0.12	0.48	0.15	0.2	0.63	0.03	0.05	0.15	0.02	0.16	0.08	0.14	0.78	0.15	0.09	0.16	0.04	0.15	0.07	0.01	0.01	0.49	0.21	0.69	0.04	0.59	0.45	0.49	0.07	0.14	0.28	0.34	0.14	0.05	0.41	0.13	0.07	0.17	0.12	0.25	0.41	0.55	0.02	0.47	0.41	0.36	0.01	0.02	0.19	0.13	0.04	0.09	0.34	0.44	0.13	0.42	0.26	0.84	0.29	0.72	0.42	0.71	0.04	0.03	0.52	0	0.18	0.14	0.23	0.42	0.35	0.33	0.38	0.55
0.19	0.55	0.41	0.45	0.51	0.12	0.56	0.5	0.3	0.6	0.4	11.7	0.66	0.28	0.22	0.44	0.45	0.09	0.05	0.95	0.32	0.2	0.45	0.18	0.21	0.3	0.45	0.45	0.55	0.45	0.22	0.46	0.32	0.37	0.46	0.46	0.3	0.46	0.46	0.21	0.47	0.19	0.47	0.21	0.46	0.28	0.47	0.32	0.96	0.34	0.31	0.46	0.56	0.46	0.3	0.43	0.46	0.46	0.14	0.46	0.67	0.31	0.46	0.3	0.17	0.11	0.66	0.19	0.33	0.33	1.26	0.19	0.32	0.21	0.46	0.25	0.21	0.46	0.22	0.46	0.52	0.63	0.3	0.31	0.96	0.46	0.17	0.15	0.46	0.56	0.47	0	0.45	0.03	0.45	0.31	0.33	0.45	0.14
0.12	0.04	0.1	0.1	0.13	0.26	0.46	0.05	0.03	0.28	0.12	1.29	0.47	0.05	0.57	0.46	0.47	0.53	0.34	0.04	0.09	0.41	0.47	0.14	0.47	0.05	0.06	0.47	0.12	0.02	0.48	0.22	0.05	0.48	0.07	0.48	0.03	0.03	0.39	0.48	0.05	0.12	0.04	0.35	0.44	0.49	0.26	0.06	0.65	0.18	0.03	0.43	0.28	0.49	0.01	0.5	0.05	0.04	0.5	0.12	0.04	0.4	0.4	0.22	0.15	0.17	0.07	0.41	0.07	0.06	0.04	0.14	0.52	0.61	0.41	0.14	0.15	0.41	0.31	0	0.03	0.15	0.01	0.41	0.28	0.41	0.19	0.46	0.12	0.43	0.13	0.42	0	0.52	0.42	0.58	0.07	0.15	0.66
0.43	0.52	0.92	0.36	0.5	0.15	0.43	0.43	0.44	0.5	0.22	11.6	0.41	0.5	0.32	0.41	0.36	0.2	0.05	0.34	0.41	0.22	0.18	0.41	0.23	0.32	0.61	0.36	0.39	1.42	0.23	0.58	0.56	0.21	0.32	0.15	0.33	0.36	0.45	0.92	0.37	0.93	0.34	0.25	0.6	0.22	0.63	0.43	0.54	0.63	0.33	0.54	0.33	0.26	0.34	0.49	0.47	0.34	0.18	0.52	0.54	0.65	0.45	0.35	0.45	0.14	0.36	0.23	0.48	0.35	0.66	0.46	0.51	0.03	0.55	0.22	0.22	0.16	0.64	0.57	0.35	0.2	0.46	0.15	0.57	0.87	0.47	0.22	0.47	0.33	0.23	0.06	0.48	0	0.36	0.34	0.4	0.34	0.49
0.14	1.48	0.98	0	0.48	0.23	0.22	0.05	0.05	0.05	0.22	4.58	0.29	0.08	0.41	0.63	0.03	0.22	0.61	0.05	0.46	0.29	0.47	0.47	0.19	0.08	0.02	0.38	0.47	0.16	0.14	0.51	0.05	0.48	0.07	0.24	0.05	0.04	0.13	0.23	0.11	0.48	0.05	0.49	0.54	0.44	0.23	0.69	0.38	0.12	0.05	0.58	0.04	0.22	0.08	0.2	0.5	0.04	0.4	0.13	0.07	0.27	0.02	0.61	0.18	0.41	0.05	0.49	0.37	0.06	0.27	0.18	0.19	0.52	0.08	0.45	0.42	0.21	0.58	0.07	0.07	0.29	0.78	0.42	0.29	0.16	0.43	0.19	0.13	0.05	0.19	0.37	0.31	0.37	0	0.43	0.1	0.05	0.54
0.73	0.36	0.09	0.17	0.14	0.23	0.11	0.33	0.02	0.02	0.12	11.9	0.04	0.49	0.69	0.23	0.05	0.19	0.21	0.02	0.06	0.16	0.61	0.55	0.5	0.5	0.4	0.5	0.31	0.06	0.1	0.16	0.4	0.4	0.04	0.2	0.41	0.41	0.51	0.21	0.02	0.12	0.41	0.12	1.11	0.16	0.41	0.03	0.33	0.44	0.21	0.42	0.01	0.18	0.21	0.42	0.02	0.42	0.15	0.26	0.43	0.63	0.03	0.21	0.16	0.17	0.04	0.11	0.05	0.14	0.03	0.93	0.55	0.53	0.03	0.11	0.22	0.17	0.44	0.04	0.1	0.15	0.05	0.45	0.26	0.23	0.45	0.17	0.12	0.03	0.16	0.58	0.04	0.32	0.05	0	0.37	0.02	0.19
0.14	0.4	0.1	0.18	0.4	0.21	0.5	0.4	0.05	0.05	0.2	6.35	0.07	0.08	0.4	0.57	0.04	0.51	0.28	0.47	0.1	0.49	0.58	0.4	0.16	0.58	0.02	0.07	0.47	0.09	0.14	0.19	0.47	0.47	0.07	0.22	0.27	0.04	0.23	0.23	0.05	0.47	0.04	0.15	0.18	0.15	0.52	0.05	0.43	0.12	0.47	0.21	0.04	0.56	0.08	0.15	0.05	0.04	0.18	0.14	0.07	0.13	0.48	0.23	0.19	0.19	0.04	0.27	0.48	0.06	0.27	0.48	0.56	0.32	0.47	0.16	0.25	0.19	0.47	0.07	0.06	0.19	0.07	0.58	0.33	0.14	0.22	0.47	0.15	1.47	0.97	0.97	0.47	0.36	0.01	0.05	0	0.04	0.21
0.13	0.02	0.12	0.28	0.14	0.48	0.48	0.34	0.03	0.03	0.13	7.26	0.04	0.04	0.49	0.59	0.04	0.19	0.23	0.02	0.06	0.16	0.21	0.47	0.5	0.05	0.4	0.43	0.9	0.4	0.11	0.15	0.4	0.51	0.44	0.34	0.02	0.4	0.1	0.35	0.26	0.41	0.01	0.44	0.71	0.48	0.57	0.61	0.34	0.91	0.04	0.19	0.01	0.18	0.05	0.1	0.03	0.01	0.15	0.41	0.04	1.02	0.03	0.21	0.42	0.42	0.04	0.12	0.05	0.04	0.11	0.15	0.92	0.51	0.03	0.13	0.43	0.53	0.43	0.04	0.43	0.53	0.05	0.2	0.27	0.73	0.58	0.18	0.13	0.03	0.15	0.32	0.43	0.84	0.32	0.02	0.04	0	0.44
0.22	0.24	0.35	0.22	0.23	0.16	0.48	0.21	0.19	0.2	0.49	9.14	0.27	0.38	0.5	0.18	0.3	0.21	0.04	0.2	0.36	0.41	0.19	0.22	0.41	0.21	0.21	0.51	0.91	0.51	0.62	0.42	0.2	0.56	0.52	0.53	0.18	0.48	0.23	0.24	0.44	0.23	0.45	0.75	0.22	0.23	0.46	0.22	0.62	0.56	0.47	0.46	0.18	0.26	0.46	0.23	0.2	0.18	0.28	0.47	0.2	0.23	0.47	0.34	0.47	0.47	0.22	0.32	0.49	0.22	0.19	0.98	0.98	0.48	0.47	0.24	0.24	0.36	0.99	0.48	0.21	0.2	0.59	0.49	0.4	0.25	0.15	0.19	0.5	0.28	0.6	0.14	0.6	0.4	0.22	0.41	0.41	0.42	0.01
