0	0.11	0.43	0.15	0.02	0.3	0	0.44	0.1	1.67	0.01	1.69	0.12	0.46	0.33	0.41	0.15	0.25	0.45	0.12	0.13	0.97	0.23	0.22	0.03	0.17	0.14	0.17	0.18	0.13	0.21	0.06	0.57	0.02	0.47	0.94	0.11	0.75	0.01	0.1	0.47	0.03	0.12	0.03	0.03	0.03	0.15	0.48	0.48	0.02	0.1	0.48	0.11	0.09	0.12	0.01	0.13	0.11	0.04	0.72	0.11	0.26	0.48	0.15	0.33	0.73	0.52	0	0.15	0.13	0.13	0.05	0.02	0.18	0.48	0.04	0.49	0.06	0.54	0.12	0.17	0.35	0.93	0.09	0.59	0.4	0.08	0.04	0.02	0.11	0.21	0.31	0.32	0.49	0.36	0.12	0.14	0.49	0.22
0.14	0	0.45	0.04	0.45	0.23	0.12	0.02	0.46	0.71	0.18	0.32	0.04	0.02	0.37	0.2	0.12	0.48	0.21	0.48	0.06	0.15	0.98	0.15	0.48	0	0.03	0.04	0.48	0.05	0.35	0.16	0.02	0.16	0.04	0.49	0.02	0.02	0.48	0.2	0.02	0.48	0.19	0.16	0.49	0.44	0.58	0.02	0.73	0.09	0.02	0.99	0.01	0.99	0.05	0.49	0.02	0.02	0.15	0.12	0.02	0.79	0.03	0.21	0.35	0.16	0.04	0.11	0.04	0.43	0.03	0.15	0.15	0.56	0.02	0.12	0.71	0.18	0.61	0.04	0.04	0.13	0.05	0.48	0.41	0.12	0.19	0.17	0.11	0.41	0.13	0.29	0.24	0.32	0.19	0	0.04	0.02	0.33
0.15	0.94	0	0.45	0.16	0.36	0.15	0.5	0.07	1.66	0.54	2.85	0.1	0.08	0.53	0.45	0.43	0.4	0.29	0.59	0.11	0.23	0.45	0.2	0.19	0.06	0.1	0.11	0.15	0.11	0.14	0.46	0.45	0.16	0.09	0.46	0.08	0.2	0.36	0.19	0.14	0.47	0.57	0.15	0.58	0.18	0.47	0.15	0.36	0.14	0.57	0.46	0.09	0.58	0.11	0.48	0.58	0.09	0.23	0.14	0.09	0.18	0.1	0.59	0.19	0.2	0.11	0.49	0.12	0.11	0.08	0.34	0.19	0.3	0.07	0.5	1.08	0.24	0.4	0.1	0.08	0.18	0.14	0.4	0.26	0.4	0.21	0.9	0.4	0.09	0.21	0.33	0.14	0.47	0.1	0.9	0.1	0.11	1.01
0.15	0.04	1.45	0	0.45	0.22	0.15	0.58	0.35	1.78	0.16	1.39	0.07	0.49	0.46	0.26	0.03	0.22	0.42	0.5	0.1	0.36	0.37	0.5	0.16	0.24	0.41	0.07	0.13	0.08	0.13	0.19	0.05	0.41	0.07	0.61	0.05	2.73	0.42	0.42	0.42	0.45	0.04	0.17	0.93	0.16	0.53	0.18	0.76	0.13	0.05	0.44	0.04	0.44	0.46	0.45	1.06	0.04	0.19	0.13	0.45	0.46	0.02	0.54	0.17	0.46	0.15	0.47	0.08	0.06	0.06	0.47	0.87	0.57	0.48	0.16	0.58	0.19	1.18	0.07	0.07	0.17	0.1	0.34	0.29	0.16	0.49	0.49	0.39	0.05	0.16	1	0.07	0.4	0	0.13	0.4	0.21	0.51
0.02	0.13	0.16	0.52	0	0.29	0.02	0.13	0.11	1.18	0.02	13	0.47	0.32	0.31	0.13	0.15	0.24	0.22	0.55	0.51	0.09	0.22	0.09	0.02	0.4	0.16	0.15	0.18	0.14	0.1	0.1	0.13	0	0.13	0.44	0.13	0.15	0.04	0.45	0.56	0.09	0.13	0.08	0.02	0.5	0.15	0.48	0.43	0.04	0.14	0.25	0.49	0.13	0.44	0.31	0.14	0.13	0.22	0.1	0.41	0.07	0.15	0.15	0.09	0.06	0.15	0.32	0.43	0.18	0.14	0.02	0.44	0.57	0.22	0.46	0.09	0.05	0.24	0.4	0.13	0.47	0.13	0.06	0.47	0.1	0.06	0.48	0.99	0.12	0.01	0.17	0.13	0.49	0.16	0.14	0.16	0.46	0.24
0.3	0.31	0.62	0.25	0.29	0	0.3	0.62	0.24	1.45	0.31	0.85	0.78	0.24	0.12	0.25	0.22	0.48	0.21	0.24	0.3	0.33	0.27	0.3	0.98	0.24	0.2	0.26	1.96	0.49	0.32	0.25	0.27	0.29	0.49	0.49	0.23	0.23	0.29	0.48	0.48	0.3	0.23	0.49	0.3	0.31	0.42	0.37	0.36	0.68	0.36	0.49	0.23	0.34	0.98	0.31	0.55	0.23	0.25	0.32	0.24	1.89	0.48	0.49	0.28	0.22	0.98	0.3	0.22	0.48	0.24	0.3	0.69	0.12	0.33	0.38	0.33	0.49	0.58	0.41	0.25	0.48	0.56	0.89	0.99	0.31	0.24	0.27	0.31	0.49	0.3	0.12	0.26	0.4	0.49	0.49	0.51	0.23	0.19
0.15	0.18	0.4	0.14	0.02	0.46	0	0.26	0.46	1.22	0.01	3.44	0.12	0.48	0.48	0.1	0.15	0.48	0.22	0.12	0.12	0.04	0.08	0.03	0.03	0.21	0.13	0.49	0.17	0.12	0.05	0.06	0.49	0.37	0.11	0.07	0.11	0.4	0.01	0.17	0.14	0.03	0.3	0.04	0.9	0.08	0.15	0.15	0.22	0.4	0.1	0.44	0.11	0.38	0.4	0.01	0.12	0.11	0.04	0.02	0.41	0.41	0.29	0.15	0.03	0.36	0.91	0	0.14	0.15	0.21	0.41	0.07	0.51	0.1	0.03	0.1	0.1	0.2	0.51	0.3	0.03	0.41	0.41	0.21	0.04	0.08	0.42	0.02	0.11	0.42	0.42	0.12	0.46	0.14	0.42	0.14	0.11	2.42
0.42	0.02	0.52	0.05	0.42	0.24	0.15	0	0.02	1.12	0.14	9.21	0.42	0.03	0.38	0.33	0.05	0.2	0.49	0.03	0.06	0.49	0.2	0.49	0.17	0.03	0.04	0.42	0.1	0.06	0.12	0.18	0.01	0.14	0.05	0.19	0.03	0.03	0.95	0.62	0.03	0.43	0.03	0.17	0.51	0.27	0.22	0.01	0.74	0.42	0.04	0.87	0.11	0.17	0.07	0.12	0	0.03	0.28	0.11	0.03	0.5	0.03	0.45	0.16	0.16	0.05	0.13	0.05	0.02	0.04	0.51	0.22	0.99	0.03	0.12	0.23	0.18	0.56	0.87	0.05	0.17	0.45	0.19	0.28	0.13	0.47	0.17	0.13	0.03	0.47	0.32	0.4	0.45	0.05	0.02	0.4	0.03	0.2
0.12	0.02	0.47	0.05	0.11	0.24	0.17	0.47	0	1.6	0.47	7.99	0.03	0.02	0.35	0.59	0.05	0.2	0.35	0.37	0.08	0.14	0.19	0.13	0.12	0.01	0.49	0.04	1.66	0.05	0.45	0.17	0.02	0.36	0.06	0.18	0.01	0.02	0.1	0.21	0.03	0.11	0.35	0.56	0.6	0.34	0.4	0.35	0.31	0.18	0.02	0.21	0.41	0.19	0.04	0.48	0.07	0.03	0.15	0.12	0.02	0.42	0.03	0.21	0.42	0.52	0.05	0.53	0.05	0.15	0.16	0.42	0.13	0.27	0.02	0.12	0.21	0.43	0.31	0.05	0.02	0.43	0.23	0.31	0.27	0.12	0.18	0.43	0.09	0.1	0.52	1.04	0.03	0.32	0.13	0.21	0.05	0.03	0.48
1.76	1.71	1.61	1.93	1.58	1.91	1.8	0.48	1.11	0	1.22	3.06	1.17	1.12	1.57	1.53	1.11	1.34	1.34	1.44	1.18	1.22	1.21	1.24	1.93	1.43	1.26	1.09	3.04	1.15	1.57	1.54	1.84	1.36	1.2	1.43	1.11	1.3	1.34	1.32	1.09	1.2	1.51	1.27	1.45	1.42	1.67	1.66	1.59	1.3	1.66	1.25	1.22	1.53	1.4	1.46	1.77	1.12	1.1	1.47	1.07	1.13	1.33	1.63	1.51	1.76	1.57	1.84	1.87	1.89	2.1	2.28	2.56	2.91	3.08	2.56	2.57	2.49	2.73	1.63	1.35	1.6	1.34	1.55	1.68	1.75	1.5	1.48	1.34	1.68	1.88	2.38	1.88	1.87	1.57	3.24	1.6	1.87	2.18
0.01	0.13	0.15	0.16	0.02	0.31	0.19	0.44	0.11	0.98	0	11.2	0.51	0.12	0.25	0.1	0.16	0.46	0.23	0.13	0.14	0.27	0.46	0.3	0.03	0.11	0.16	0.46	0.47	0.14	0.01	0.22	0.14	0.41	0.24	0.33	0.11	1.94	0.01	0.03	0.47	0.02	0.13	0.03	0.21	0.15	0.47	0.14	0.22	0.02	0.11	0.28	0.47	0.47	0.12	0.15	1.1	0.47	0.43	0.02	0.12	0.42	0.48	0.17	0.03	0.06	0.15	0.27	0.19	0.16	0.13	0.03	0.02	0.18	0.12	0.23	0.03	0.71	0.2	0.23	0.12	0.21	0.49	0.59	0.59	0.38	0.08	0.06	0.02	0.34	0.08	0.5	0.29	0.22	0.56	0.13	0.49	0.13	0.45
4.95	0.91	0.35	4.25	0.25	0.25	1.04	0.43	0.3	1.86	3.06	7.5	1.41	3.42	6.08	0.16	5.77	7.51	0.31	0.44	1.15	7.47	1.81	0.2	0.2	5.16	2.76	2.47	0.4	0.32	1.09	1.67	2.11	1.09	10.6	1.18	0.33	0.5	7.87	5.7	13.9	0.22	0.34	0.84	1.8	1.88	7.96	1.67	2.85	1.05	0.44	0.19	1.27	0.94	5.62	4.98	0.45	1.7	1.02	5.96	3.55	0.61	2.21	6.22	0.2	0.47	0.9	9.85	0.48	13.1	0.5	1.17	3.95	4.27	4.82	0.23	1.98	1.1	3.51	0.31	1.2	13.4	0.33	9.88	0.42	1.16	6.54	0.5	1.8	1.95	10.3	0.55	2.04	1.92	1.21	0.32	0.33	13.2	0.74
0.11	0.04	0.09	0.42	0.12	0.64	0.47	0.05	0.03	1.79	0.12	6.55	0	0.05	0.62	0.42	0.07	0.31	0.43	0.03	0.32	0.14	0.2	0.14	0.14	0.05	0.06	0.07	0.67	0.39	0.11	0.87	0.05	0.12	0.96	0.18	0.02	0.03	0.46	0.19	0.05	0.12	0.04	0.11	0.78	0.12	0.22	0.05	0.62	0.57	0.03	0.2	0.03	0.19	0.01	0.1	0.42	0.04	0.41	0.11	0.04	0.45	0.06	0.22	0.14	0.44	0.07	0.41	0.37	0.37	0.04	0.45	0.12	0.27	0.41	0.13	0.15	0.17	0.67	0	0.03	0.14	0.01	0.18	0.28	0.13	0.43	0.43	0.11	0.04	0.13	0.43	0.32	0.33	0.07	0.38	0.07	0.43	0.54
0.44	0.44	0.44	0.08	0.47	0.52	0.11	0.03	0.01	1.4	0.45	3.43	0.05	0	0.36	0.55	0.05	0.21	0.34	0.04	0.08	0.14	0.24	0.12	0.12	0.01	0.03	0.05	0.12	0.46	0.25	0.15	0.03	0.46	0.04	0.17	0.03	0.04	0.11	0.46	0.04	0.12	0.17	0.16	0.13	0.11	0.28	0.03	0.47	0.09	0.3	0.43	0.03	0.19	0.4	0.49	0.03	0.04	0.15	0.48	0.01	0.58	0.03	0.23	0.14	0.49	0.04	0.49	0.28	0.04	0.27	0.49	0.14	0.27	0.49	0.15	0.21	0.17	0.59	0.1	0.13	0.14	0.06	0.48	0.29	0.52	0.19	0.4	0.12	0.01	0.5	0.3	0.71	0.66	0.08	0.41	0.08	0.41	0.25
0.25	0.47	0.37	0.48	0.28	0.48	0.88	0.38	0.36	1.35	0.25	1.95	1.09	0.59	0	0.16	0.39	0.19	0.69	0.49	0.49	0.22	0.49	0.25	1	0.5	0.39	0.4	0.9	0.4	0.22	0.44	0.6	0.56	0.34	0.4	0.35	1.02	0.6	0.27	0.74	0.22	0.61	0.41	1.92	0.27	0.91	0.41	0.06	0.46	0.62	0.18	0.42	0.25	0.68	0.26	0.38	0.64	0.52	0.23	0.38	0.98	0.37	0.37	0.19	0.24	0.43	0.25	0.4	0.4	0.37	0.25	0.43	0.22	0.4	0.34	0.27	0.19	0.42	0.34	0.63	0.22	0.43	0.18	0.44	0.23	0.18	0.22	0.22	0.64	0.24	0.44	1.13	0.31	0.39	0.38	0.75	0.36	0.95
0.48	0.48	0.23	0.26	0.13	0.48	0.09	0.49	0.19	1.26	0.1	9	0.49	0.49	0.27	0	0.23	0.41	0.17	0.59	0.2	0.47	0.02	0.59	0.09	0.19	0.23	0.59	0.25	0.21	0.07	0.03	0.21	0.12	0.56	0.02	0.49	0.52	0.09	0.11	0.24	0.06	0.4	0.22	0.39	0.12	0.21	1.07	0.56	0.1	0.4	0.09	0.23	0.51	0.21	0.41	0.22	0.45	0.03	0.41	0.21	0.3	0.24	0.41	0.12	0.01	0.23	0.1	0.23	0.38	0.23	0.24	0.92	0.13	0.2	0.07	0.24	0.53	0.43	0.53	0.21	0.04	0.21	0.02	0.27	0.93	0.03	0.06	0.43	0.53	0.09	0.14	0.45	0.22	0.26	0.22	0.44	0.21	0.22
0.4	0.05	0.12	0.1	0.5	0.5	0.14	0.05	0.4	1.23	0.6	12.7	0.07	0.05	0.4	0.44	0	0.55	0.29	0.05	0.49	0.24	0.22	0.66	0.46	0.05	0.02	0.07	0.66	0.46	0.15	0.18	0.05	0.54	0.32	0.21	0.05	0.04	0.13	0.24	0.05	0.16	0.04	0.16	0.58	0.16	0.23	0.59	0.35	0.99	0.05	0.24	0.04	0.17	0.08	0.41	0.05	0.04	0.25	0.13	0.42	0.14	0.02	0.23	0.19	0.18	0.42	0.14	0.03	0.06	0.06	0.16	0.15	0.43	0.05	0.43	0.29	0.43	0.33	0.07	0.07	0.19	0.43	0.22	0.43	0.14	0.24	0.18	0.14	0.05	0.16	0.33	0.07	0.75	0.36	0.26	0.04	0.44	0.27
0.68	0.22	1.19	0.26	0.49	0.14	0.28	0.2	0.22	1.09	0.28	2.45	0.45	0.6	0.39	0.2	0.55	0.01	0.44	0.3	0.36	0.54	0.44	0.85	0.45	0.44	0.45	0.44	0.38	0.45	0.26	0.2	0.45	0.23	0.48	0.18	0.19	0.45	0.25	0.85	0.85	0.45	0.3	0.56	0.25	0.62	0.36	0.21	0.32	0.65	0.65	0.95	0.55	0.29	0.21	0.66	0.2	0.19	0.37	0.26	0.2	0.26	0.2	0.36	0.23	0.18	0.46	0.34	0.4	0.21	0.46	0.25	0.27	0.09	0.54	0.46	0.31	0.22	0.28	0.22	0.25	0.46	0.37	0.22	0.79	0.31	0.46	0.27	0.31	0.25	0.56	0.17	0.96	0.06	0.45	0.23	0.27	0.23	0.46
0.26	0.45	0.29	0.29	0.22	0.11	0.23	0.4	0.35	1.84	0.33	4.39	0.34	0.36	0.32	0.16	0.29	0.04	0	0.23	0.39	0.21	0.19	0.23	0.28	0.33	0.28	0.31	1.37	0.34	0.23	0.19	0.45	0.21	0.35	0.17	0.23	0.3	0.23	0.24	0.26	0.22	0.22	0.25	0.54	0.46	0.35	0.52	0.32	0.73	0.23	0.5	0.54	0.85	0.34	0.69	0.31	0.46	0.2	0.23	0.34	0.99	0.37	0.35	0.46	0.54	0.29	0.24	0.31	0.31	0.4	0.23	0.24	0.36	0.4	0.37	0.23	0.25	0.26	0.33	0.34	0.5	0.72	0.16	0.41	0.51	0.17	0.21	0.22	0.71	0.23	0.41	0.42	0.72	0.66	0.21	0.58	0.22	0.31
0.11	0.02	0.08	0.05	0.14	0.24	0.49	0.47	0.02	1.88	0.46	3.3	0.03	0.04	0.49	0.21	0.05	0.18	0.48	0	0.06	0.24	0.57	0.14	0.37	0.04	0.03	0.05	0.09	0.99	0.48	0.47	0.03	0.15	0.04	0.18	0.01	0.29	0.09	0.49	0.02	0.49	0.21	0.13	0.49	0.16	0.19	0.04	0.45	0.48	0.43	0.24	0.01	0.2	0.9	0.4	0.12	0.02	0.17	0.1	0.9	0.27	0.03	0.4	0.37	0.44	0.4	0.22	0.4	0.38	0.01	0.17	0.9	0.26	0.02	0.4	0.4	0.5	0.57	0.03	0.4	0.57	0.04	0.19	0.25	0.9	0.5	0.15	0.09	0.49	0.53	0.33	0.04	0.57	0.59	0.47	0.05	0.02	0.22
0.12	0.09	0.11	0.26	0.19	0.46	0.12	0.46	0.21	2.77	0.12	5.12	0.47	0.09	0.47	0.2	0.44	0.87	0.39	0.47	0	0.47	0.2	0.15	0.15	0.05	0.46	0.08	0.14	0.22	0.12	0.57	0.06	0.13	0.01	0.18	0.07	0.08	0.12	0.18	0.07	0.14	0.06	0.46	0.16	0.49	0.28	0.46	0.56	0.13	0.31	0.46	0.06	0.34	0.29	0.52	0.05	0.06	0.4	0.46	0.1	0.49	0.09	0.27	0.18	0.19	0.1	0.46	0.46	0.07	0.47	0.47	0.47	1.1	0.07	0.26	0.18	0.47	0.38	0.09	0.46	0.16	0.11	0.46	0.43	0.15	0.47	0.21	0.14	0.46	0.47	0.32	0.1	0.33	0.43	0.46	0.64	0.07	0.39
0.03	0.22	0.17	0.18	0.09	0.3	0.04	0.52	0.14	1.4	0.03	0.54	0.15	0.48	0.47	0.07	0.18	0.47	0.21	0.16	0.47	0	0.97	0.04	0.47	0.27	0.15	0.28	0.57	0.47	0.04	0.04	0.15	0.47	0.17	0.07	0.62	0.15	0.48	0.03	0.15	0.02	0.17	0.06	0.23	0.98	0.25	0.17	0.22	0.12	0.15	0.07	0.18	0.4	0.48	0.05	0.16	0.29	0.04	0.04	0.16	0.05	0.48	0.16	0.03	0.05	0.17	0.17	0.48	0.48	0.15	0.04	0.25	0.2	0.48	0.15	0.03	0.07	0.56	0.17	0.48	0.03	0.16	0.07	0.22	0.04	0.08	0.08	0.04	0.58	0.04	0.55	0.48	0.78	0.58	0.93	0.17	0.2	0.47
0.46	0.86	0.31	0.22	0.14	0.27	0.47	0.2	0.18	1.78	0.12	0.63	0.21	0.48	0.17	0.03	0.24	0.68	0.19	0.58	0.19	0.08	0	0.48	0.48	0.51	0.22	0.69	0.57	0.22	0.08	0.05	0.49	0.49	0.17	0.19	0.49	0.29	0.09	0.05	0.21	0.08	0.22	0.11	0.2	0.18	0.6	0.36	0.18	0.05	1.1	0.4	0.9	0.13	0.5	0.41	0.28	0.21	0.4	0.4	0.2	0.1	0.4	0.61	0.05	0.41	0.23	0.41	0.22	0.41	0.53	0.51	0.41	0.41	0.19	0.41	0.06	0.4	0.16	0.2	0.42	0.42	0.58	0.04	0.48	0.09	0.04	0.11	0.42	0.42	0.42	0.15	0.21	0.42	0.6	0.21	0.21	0.19	0.35
0.03	1.4	0.2	0.4	0.02	0.4	0.03	0.4	0.12	1.59	0.03	2.91	0.14	0.14	0.25	0.09	0.4	0.4	0.23	0.15	0.15	0.4	0.09	0	0.02	0.13	0.15	0.4	0.23	0.14	0.5	0.05	0.41	0.32	0.14	0.09	0.13	0.41	0.03	0.09	0.15	0.51	0.14	0.72	0.14	0.39	0.57	0.17	0.52	0.04	0.44	0.09	0.15	0.09	0.82	0.42	0.42	0.14	0.74	0.04	0.16	0.93	0.43	0.13	0.04	0.43	0.46	0.03	0.18	0.51	0.53	0.01	0.43	0.19	0.37	0.05	0.09	0.32	0.54	1.44	0.44	0.44	0.17	0.14	0.15	0.44	0.13	0.04	0.04	0.16	0.01	0.19	0.29	0.32	0.16	0.15	0.57	0.52	0.36
0.03	0.13	0.46	0.16	0.01	0.47	0.03	0.48	0.43	2.57	0.03	1.06	0.47	0.14	0.47	0.47	0.16	0.51	0.47	0.53	0.47	0.37	0.09	0.02	0	0.15	0.16	0.48	0.2	0.48	0.04	0.07	0.15	0.01	0.45	0.07	0.32	0.25	0.03	0.49	0.17	0.04	0.15	0.05	0.28	0.01	0.14	0.15	0.21	0.04	0.49	0.09	0.15	0.11	0.14	0.93	0.14	0.15	0.05	0.04	0.15	0.4	0.35	0.14	0.04	0.4	0.16	0.03	0.5	0.4	0.17	0.09	0.08	0.19	0.41	0.05	0.09	0.06	0.61	0.14	0.16	0.41	0.15	0.07	0.2	0.07	0.07	0.04	0.04	0.42	0.02	0.87	0.88	0.82	0.42	0.15	0.19	0.42	0.53
0.41	0	0.06	0.43	0.14	0.24	0.12	0.91	0.01	1.4	0.12	0.47	0.05	0.01	0.38	0.53	0.05	0.48	0.34	0.16	0.46	0.13	0.18	0.46	0.46	0	0.18	0.05	0.86	0.46	0.11	0.17	0.03	0.11	0.04	0.46	0.03	0.04	0.13	0.59	0.05	0.52	0.03	0.46	0.77	0.64	0.23	0.04	0.46	0.09	0.13	0.51	0.56	0.21	0.05	0.1	0.03	0.03	0.15	0.1	0.02	0.11	0.04	0.22	0.15	0.16	0.05	0.1	0.24	0.13	0.47	0.15	0.14	0.52	0.02	0.14	0.2	0.48	0.48	0.2	0.03	0.63	0.05	0.2	0.28	0.12	0.2	0.15	0.12	0.01	0.15	1.08	0.12	0.48	0.09	0	0.08	0	0.53
0.13	0.2	0.1	0.25	0.14	0.2	0.14	0.04	0.03	1.55	0.16	3.57	0.06	0.03	0.49	0.23	0.02	0.21	0.29	0.49	0.07	0.15	0.22	0.16	0.16	0.49	0	0.06	0.11	0.07	0.13	0.18	0.2	0.14	0.4	0.19	0.09	0.03	0.4	0.23	0.4	0.15	0.03	0.16	0.16	0.14	0.4	0.61	0.55	0.1	0.07	0.21	0.02	0.41	0.06	0.13	0.03	0.03	0.16	0.41	0.04	0.2	0	0.22	0.15	0.42	0.02	0.14	0.03	0.17	0.04	0.52	0.52	0.3	0.13	0.14	0.33	0.21	0.32	0.23	0.07	0.52	0.42	0.19	0.47	0.14	0.43	0.38	0.43	0.04	0.16	0.36	0.06	0.35	0.91	0.81	0.03	0.03	0.63
0.46	0.09	0.12	0.07	0.55	0.26	0.3	0.02	0.05	0.72	0.14	0.8	0.07	0.05	0.41	0.23	0.07	0.22	1.17	0.83	0.08	0.41	0.41	0.16	0.41	0.05	0.45	0	0.12	0.08	0.28	0.41	0.02	0.15	0.05	0.22	0.05	0.33	0.14	0.42	0.05	0.56	0.05	0.42	0.16	0.72	0.42	0.08	0.37	0.2	0.18	0.58	0.04	0.52	0.47	0.42	0.02	0.18	0.34	0.13	0.93	0.31	0.92	0.24	0.17	0.38	0.06	0.42	0.07	0.02	0.06	0.52	1	0.3	0.42	0.17	0.23	0.51	0.35	2.24	0.07	0.42	0.08	0.22	0.52	0.24	0.9	0.18	0.42	0.21	0.42	0.33	0.07	0.69	0.07	0.05	0.12	0.1	0.22
0.38	0.82	0.2	0.39	0.49	0.6	0.54	0.4	0.43	1.05	0.31	11.7	1.92	0.3	0.39	0.45	0.21	0.37	0.41	1.56	1.35	0.51	0.42	2.32	1.82	1.31	0.45	0.12	0	0.45	1.45	0.47	1.46	0.95	0.45	0.54	0.09	0.09	0.17	2.22	2.56	1.65	0.74	0.65	0.45	0.42	0.51	0.45	2.13	1.53	0.66	0.32	1.48	0.23	0.13	0.25	2.17	2.02	0.82	0.34	0.11	0.95	0.45	0.32	0.19	2.35	1.85	0.95	0.13	0.11	0.1	0.19	0.18	0.35	0.45	0.27	0.23	0.45	0.39	0.34	0.51	0.22	0.31	0.95	0.8	1.05	0.38	0.31	0.17	0.09	0.21	0.35	0.13	0.95	0.13	0.09	0.41	0.12	0.65
0.13	0.05	0.11	0.12	0.14	0.27	0.45	0.4	0.07	0.97	0.13	7.97	0.01	0.06	1.18	0.29	0.08	0.21	0.35	0.04	0.49	0.16	0.22	0.15	0.15	0.4	0.07	0.08	0.44	0	0.49	0.42	0.46	0.52	0.08	0.2	0.03	0.04	0.44	0.44	0.44	0.13	0.05	0.12	0.45	0.41	0.23	0.08	0.59	0.56	0.46	0.21	0.05	0.18	0	0.12	0.43	0.05	0.17	0.47	0.05	0.98	0.07	0.47	0.16	0.18	0.08	0.13	0.08	0.07	0.25	0.15	0.14	0.58	0.04	0.14	0.29	0.49	0.59	0.01	0.04	0.15	0	0.45	0.62	0.14	0.5	0.19	0.12	0.14	0.48	0.7	0.29	0.64	0.08	0.06	0.9	0.05	0.32
0.02	0.47	0.14	0.79	0.1	0.31	0.02	0.12	0.1	1.77	0.25	3.78	0.11	0.12	0.23	0.07	0.47	0.26	0.23	0.12	0.57	0.04	0.3	0.04	0.04	0.25	0.25	0.14	0.47	0.31	0	0.1	0.48	0.12	0.68	0.08	0.1	0.23	0.01	0.04	0.1	0.03	0.1	0.01	0.04	0.49	0.15	0.13	0.37	0.02	0.44	0.48	0.09	0.14	0.12	0.01	0.51	0.11	0.04	0.01	0.1	0.11	0.13	0.15	0.04	0.1	0.14	0.02	0.4	0.13	0.1	0.04	0.21	0.18	0.36	0.03	0.04	0.33	0.22	0.11	0.4	0.03	0.12	0.08	0.21	0.03	0.08	0.07	0.29	0.09	0.27	0.19	0.27	0.23	0.14	0.1	0.14	0.1	0.43
0.04	0.15	0.59	0.29	0.99	0.28	0.04	0.17	0.5	1.07	0.04	12.3	0.15	0.42	0.52	0.03	0.42	0.2	0.19	0.24	0.43	0.04	0.19	0.05	0.05	0.14	0.43	0.17	0.21	0.16	0.04	0	0.16	0.1	0.14	0.03	0.16	0.29	0.05	0.12	0.16	0.08	0.17	0.84	0.06	0.12	0.17	0.16	0.17	0.15	0.45	0.03	0.16	0.07	0.16	0.45	0.17	0.15	0	0.05	0.16	0.95	0.18	0.56	0.31	0.02	0.19	0.48	0.21	0.17	0.16	0.05	0.29	0.48	0.38	0.33	0.43	0.48	0.34	0.51	0.16	0.38	0.38	0.03	0.48	0.08	0.14	0.69	0.04	0.28	0.05	0.14	0.16	0.41	0.49	0.15	0.17	0.16	0.5
0.29	0.54	0.11	0.21	0.15	0.24	0.44	0.37	0.02	1.09	0.14	1.89	0.05	0.49	0.59	0.21	0.05	0.53	0.31	0.04	0.08	0.15	0.2	0.49	0.14	0.03	0.04	0.02	0.1	0.07	0.39	0.16	0	0.31	0.05	0.2	0.31	0.49	0.11	0.23	0.06	0.13	0.03	0.16	0.17	0.39	0.22	0.09	0.46	0.11	0.35	0.21	0.4	0.21	0.36	0.12	0.01	0.03	0.17	0.12	0.4	1.2	0.04	0.53	0.18	0.47	0.05	0.14	0.05	0.19	0.04	0.2	0.56	0.29	0.04	0.12	0.4	0.34	0.56	1.15	0.19	0.15	0.06	0.4	0.28	0.14	0.55	0.16	0.11	0.03	0.4	0.32	0.05	0.5	0.05	0.4	0.05	0.03	0.53
0.02	0.13	0.16	0.43	0	0.53	0.02	0.13	0.48	1.02	0.1	11.3	0.12	0.14	0.56	0.29	0.15	0.23	0.22	0.14	0.14	0.38	0.13	0.57	0.28	0.43	0.16	0.77	0.47	0.22	0.09	0.67	0.13	0	0.12	0.06	0.12	0.97	0.02	0.09	0.17	0.08	0.22	0.04	0.28	0.2	0.14	0.16	0.2	0.02	0.87	0.13	0.12	0.48	0.13	0.02	0.14	0.26	0.09	0.48	0.12	0.29	0.15	0.13	0.06	0.06	0.48	0.02	0.15	0.48	0.13	0.02	0.01	0.18	0.13	0.09	0.09	0.06	0.37	0.19	0.14	0.08	0.13	0.05	0.27	0.46	0.06	0.03	0.49	0.28	0.49	0.17	0.24	0.37	0.22	0.13	0.16	0.13	0.59
0.11	0.04	0.09	0.48	0.13	0.29	0.48	0.45	0.06	1.35	0.11	1.62	0.07	0.04	0.34	0.19	0.06	0.35	0.58	0.48	0.01	0.17	0.68	0.27	0.14	0.04	0.05	0.53	0.48	0.08	0.48	0.14	0.05	0.48	0	0.17	0.04	0.12	0.11	0.16	0.04	0.13	0.04	0.47	0.15	0.53	0.27	0.06	1.15	0.13	0.05	0.47	0.03	0.33	0.08	0.12	0.05	0.04	0.14	0.12	0.05	0.13	0.08	0.47	0.15	0.46	0.07	0.11	0.06	0.06	0.04	0.15	0.46	0.29	0.05	0.15	0.17	0.56	0.3	0.07	0.05	0.19	0.08	0.17	0.22	0.14	0.46	0.47	0.12	0.06	0.15	0.44	0.17	0.33	0.46	0.04	0.15	0.05	1.22
0.07	0.19	0.21	0.22	0.42	0.23	0.07	0.42	0.18	1.1	0.08	3.56	0.18	0.9	0.4	0.4	0.22	0.53	0.17	0.41	0.18	0.08	0.11	0.26	0.4	0.42	0.21	0.22	0.49	0.19	0.08	0.15	0.19	0.41	0.17	0	0.57	0.51	0.08	0.09	0.49	0.09	0.2	0.44	0.97	0.06	0.48	0.56	0.15	0.07	0.19	0.04	0.59	0.14	0.19	0.08	0.19	0.19	0.04	0.09	0.18	0.67	0.19	0.19	0.05	0.01	0.21	0.07	0.22	0.49	0.19	1.19	0.07	0.1	0.18	0.1	0.09	0.99	0.49	1.2	0.22	0.06	0.19	0	0.25	0.21	0.01	0.04	0.08	0.2	0.08	0.23	0.18	0.15	0.22	0.18	0.49	0.2	0.89
0.1	0.02	0.08	0.38	0.13	0.6	0.4	0.04	0.02	1.74	0.12	5.39	0.03	0.41	0.96	0.46	0.05	0.18	0.23	0.01	0.55	0.46	0.46	0.29	0.16	0.03	0.03	0.05	0.46	0.04	0.11	0.17	0.04	0.46	0.27	0.2	0	0.03	0.48	0.2	0.27	0.09	0.46	0.12	0.13	0.21	0.19	0.04	0.35	0.46	0	0.26	0.01	0.14	0.98	0.47	0.03	0.02	0.16	0.39	0.02	0.47	0.03	0.19	0.16	0.43	0.05	0.47	0.05	0.04	0.02	0.13	0.12	0.46	0.01	0.1	0.21	0.45	0.33	0.02	0.03	0.45	0.03	0.51	0.25	0.47	0.19	0.15	0.1	0.02	0.14	0.97	0.03	0.33	0.05	0.12	0.04	0.02	0.69
0.47	0.02	0.08	0.47	0.14	0.23	0.12	0.04	0.02	0.92	0.44	6.16	0.39	0.4	0.37	0.41	0.91	0.41	0.41	0.01	0.59	0.48	0.19	0.48	0.38	0.04	0.03	0.05	0.41	0.04	0.48	0.48	0.03	0.15	0.04	0.19	0.08	0.49	0.09	0.2	0.02	0.13	0.02	0.36	0.14	0.79	0.19	0.03	0.5	0.08	0.05	0.49	0.01	0.5	0.04	0.09	0.42	0.01	0.16	0.6	0.18	0.45	0.03	0.99	0.17	0.49	0.04	0.11	0.05	0.04	0.5	0.15	0.9	0.6	0.02	0.41	1.02	0.41	0.57	0.4	0.04	0.4	0.04	0.41	0.6	0.9	0.56	0.51	0.41	0.41	0.5	0.62	0.41	0.92	0.41	0.41	0.05	0.02	0.93
0.26	0.11	0.14	0.13	0.04	0.66	0.01	0.48	0.19	0.94	0.1	9.44	0.11	0.11	0.26	0.09	0.14	0.29	0.53	0.1	0.12	0.04	0.17	0.03	0.03	0.1	0.14	0.45	0.45	0.12	0.01	0.18	0.45	0.02	0.11	0.08	0.96	0.49	0	0.05	0.13	0.03	0.46	0.13	0.04	0.02	0.15	0.46	0.46	0.01	0.08	0.09	0.09	0.08	0.96	0	0.11	0.09	0.05	0.01	0.47	0.35	0.13	0.14	0.05	0.07	0.52	0.01	0.47	0.12	0.49	0.03	0.18	0.24	0.09	0.03	0.05	0.08	0.58	0.11	0.48	0.16	0.12	0.48	0.17	0.42	0.08	0.05	0.01	0.15	0.03	0.48	0.11	0.48	0.48	0.1	0.48	0.12	0.6
0.1	0.21	0.45	0.4	0.09	0.32	0.1	0.24	0.22	1.24	0.03	7.6	0.15	0.47	0.83	0.33	0.44	0.27	0.97	1.41	0.18	0.03	0.11	0.09	0.99	0.21	0.23	0.25	0.49	0.47	0.04	0.6	0.21	0.46	0.48	0.09	0.2	0.24	0.05	0	0.63	0.2	0.21	0.4	0.45	0.41	0.24	0.61	0.29	0.93	0.43	0.05	0.22	0.13	0.16	0.05	0.22	0.55	0.04	0.04	0.21	0.42	0.23	0.59	0.01	0.05	0.42	0.1	0.63	0.23	0.24	0.09	0.45	0.2	0.21	0.31	0	0.46	0.22	0.33	0.46	0.01	0.3	0.09	0.48	0.03	0.09	0.06	0.04	0.2	0.09	0.21	0.15	0.51	0.25	0.49	1	0.49	0.59
0.43	0.44	0.09	0.05	0.15	0.23	0.44	0.03	0.03	1.41	0.13	0.91	0.04	0.33	0.37	0.21	0.05	0.19	0.41	0.02	0.06	0.16	0.42	0.22	0.57	0.04	0.03	0.05	0.1	0.24	0.1	0.16	0.03	0.47	0.04	0.21	0.03	0.02	0.47	0.22	0	0.11	0.01	0.47	0.52	0.33	0.33	0.04	0.35	0.1	0.21	0.19	0.48	0.27	0.05	0.15	0.04	0.01	0.19	0.1	0.04	0.1	0.03	0.47	0.16	0.48	0.05	0.14	0.05	0.04	0.03	0.48	0.13	0.27	0.03	0.48	0.21	0.26	0.32	0.04	0.05	0.15	0.05	0.22	0.28	0.91	0.21	0.28	0.6	0.03	0.41	0.39	0.05	0.64	0.05	0.31	0.41	0.01	0.19
0.03	0.12	0.55	0.14	0.09	0.3	0.35	0.12	0.11	0.9	0.15	2.17	0.44	0.12	0.22	0.06	0.15	0.29	0.22	0.43	0.15	0.02	0.43	0.43	0.27	0.63	0.12	0.14	0.74	0.13	0.37	0.11	0.55	0.2	0.34	0.09	0.64	0.09	0.19	0.03	0.15	0	0.12	0.06	0.42	0.54	0.45	0.12	0.23	0.01	0.29	0.08	0.46	0.06	0.19	0.04	0.2	0.12	0.39	0.04	0.2	0.2	0.45	0.2	0.02	0.08	0.45	0.24	0.16	0.66	0.12	0.04	0.16	0.18	0.12	0	0.03	0.07	0.62	0.12	0.14	0.02	0.12	0.09	0.2	0.09	0.09	0.48	0.04	0.11	0.04	0.19	0.58	0.48	0.2	0.5	0.21	0.48	0.27
0.31	0.01	0.43	0.04	0.14	0.43	0.14	0.02	0.02	1.19	0.12	0.33	0.04	0.04	0.36	0.2	0.16	0.19	0.22	0.02	0.07	0.16	0.19	0.14	0.4	0.49	0.03	0.24	0.15	0.08	0.11	0.49	0.22	0.15	0.03	0.18	0.02	0.02	0.11	0.22	0.01	0.13	0	0.12	0.16	0.5	0.21	0.4	0.5	0.21	0.03	0.2	0	0.18	0.05	0.1	0.02	0.17	0.25	0.42	0.03	0.12	0.03	0.21	0.14	0.5	0.04	0.12	0.05	0.03	0.23	0.4	0.43	0.29	0.03	0.13	0.22	0.2	0.31	0.04	0.31	0.16	0.05	0.2	0.27	0.13	0.2	0.33	0.1	0.03	0.4	0.49	0.04	0.75	0.06	0.24	0.33	0.4	0.24
0.03	0.15	0.46	0.15	0.04	0.37	0.03	0.48	0.15	0.96	0.03	5.55	0.27	0.14	0.49	0.12	0.17	0.28	0.25	0.4	0.78	0.41	0.11	0.35	0.14	0.18	0.18	0.58	0.17	0.12	0.01	0.4	0.16	0.04	0.7	0.22	0.12	0.36	0	0.12	0.91	0.41	0.4	0	0.19	0.05	0.51	0.41	0.24	0.03	0.12	0.41	0.11	0.41	0.11	0	0.41	0.41	0.07	0.01	0.14	0.01	0.15	0.41	0.06	0.07	0.17	0.04	0.42	0.17	0.12	0.72	0.92	0.42	0.11	0.04	0.12	0.42	0.22	0.1	0.49	0.1	0.11	0.42	0.42	0.04	0.18	0.07	0.06	0.15	0.42	0.22	0.11	0.26	0.16	0.13	0.42	0.12	0.3
0.43	0.14	0.93	0.43	0.02	0.44	0.43	0.46	0.43	1.67	0.03	2.45	0.45	0.2	0.46	1.46	0.95	0.91	0.93	0.43	0.16	0.44	0.09	0.64	0.03	0.95	0.95	0.44	0.75	0.44	0.45	0.06	0.15	0.02	0.44	0.09	0.64	0.44	0.04	0.1	0.95	0.2	0.47	0.45	0.01	0.02	0.48	0.16	0.44	0.04	0.55	0.09	0.46	0.06	0.45	0.04	0.16	0.46	0.95	0.12	0.45	0.45	0.45	0.65	0.05	0.07	0.45	0.03	0.94	0.17	0.44	0.43	0.45	0.44	0.54	0.05	0.44	0.44	0.51	0.49	0.44	0.44	0.15	0.93	0.54	0.05	0.44	0.04	0.04	0.45	0.01	0.96	0.46	0.23	0.45	0.45	0.46	0.46	0.76
0.03	0.15	0.68	0.53	0.97	0.47	0.02	0.14	0.97	1.39	0.04	4.8	0.99	0.14	0.49	0.49	0.16	0.48	0.39	0.48	0.62	0.11	0.58	0.12	0.2	0.99	0.14	0.54	0.34	0.49	0.1	0.1	0.49	0	0.25	0.38	0.5	0.42	0.02	0.5	0.5	0.08	0.5	0.05	0.5	0.4	0.5	0.14	0.2	0.03	0.81	0.13	0.12	0.15	0.57	0.03	0.5	0.5	0.09	0.41	0.32	0.27	0.16	0.15	0.09	0.41	0.91	0.02	0.41	0.45	0.15	0.01	0	0.43	0.2	0.18	0.41	0.42	0.61	0.13	0.62	0.12	0.15	0.42	0.42	0.22	0.12	0.09	0.12	0.13	0.01	0.42	0.13	0.63	0.18	0.42	0.92	0.42	0.28
0.36	0.58	0.31	0.45	0.46	0.42	0.15	0.65	0.96	1.35	0.15	2.28	0.5	0.23	0.37	0.48	0.23	0.49	0.35	0.48	0.57	0.48	0.21	0.15	0.48	0.42	0.22	0.68	0.33	0.34	0.15	0.42	0.6	0.13	0.27	0.19	0.48	0.48	0.15	0.23	0.2	0.51	0.2	0.17	0.14	1.06	0	0.79	0.49	0.18	0.2	0.2	0.2	0.49	0.22	0.15	0.51	0.5	0.17	0.16	0.9	1.41	0.22	0.4	0.6	0.2	0.7	0.4	0.23	0.22	0.2	0.5	0.4	0.36	0.21	0.22	0.6	0.18	0.52	0.22	0.91	0.21	0.22	0.2	0.07	0.91	0.19	0.17	0.16	0.21	0.15	0.41	0.22	0.7	0.23	0.2	0.41	0.25	1.01
0.14	0.02	0.09	0.19	0.27	0.75	0.13	0.01	0.02	1.18	0.14	5.11	0.05	0.03	0.38	0.4	0.05	0.21	0.4	0.17	0.45	0.4	0.2	0.44	0.9	0.03	0.04	0.03	0.13	0.41	0.11	0.18	0.01	0.14	0.07	0.21	0.04	0.42	0.12	0.63	0.04	0.12	0.03	0.17	0.93	0.43	0.53	0	0.37	0.12	0.17	0.21	0.03	0.19	0.43	0.14	0.01	0.14	0.16	0.13	0.04	0.13	0.04	0.22	0.45	0.16	0.05	0.45	0.06	0.46	0.04	0.37	0.46	0.37	0.04	0.16	0.22	0.46	0.32	0.05	0.05	0.2	0.06	0.67	0.28	0.13	0.23	0.48	0.12	0.03	0.48	0.48	0.08	0.59	0.13	0.03	0.05	0.03	0.49
0.22	0.49	0.36	0.35	0.2	0.37	0.49	0.34	0.31	1.41	0.22	2.36	0.5	0.33	0.06	0.17	0.43	0.54	0.32	1.02	0.43	0.22	0.43	1.48	0.21	0.44	0.37	0.37	0.39	0.55	0.49	0.38	0.35	0.2	0.33	0.15	0.32	0.33	0.54	0.24	0.33	0.23	0.34	0.24	0.29	0.24	0.63	0.45	0	0.22	0.32	0.18	0.45	0.3	0.33	0.43	0.47	0.45	0.17	0.23	0.45	0.31	0.36	0.63	0.57	0.31	0.45	0.22	0.75	0.55	0.35	0.38	0.45	0.55	0.64	0.24	0.24	0.16	0.02	0.45	0.4	0.21	0.47	0.55	0.39	0.24	0.15	0.36	0.23	0.35	0.21	0.41	0.33	0.45	0.45	0.72	0.36	0.55	0.45
0.29	0.4	0.47	0.46	0.04	0.29	0.02	0.48	0.18	2.6	0.02	3.27	0.18	0.49	0.23	0.1	0.12	0.99	0.43	0.08	0.13	0.27	0.05	0.04	0.04	0.09	0.1	0.12	0.16	0.4	0.01	0.06	0.44	0.5	0.4	0.07	0.09	0.22	0.01	0.08	0.1	0.01	0.23	0.4	0.41	0.41	0.18	0.41	0.32	0	0.12	0.07	0.09	0.08	0.41	0.01	0.12	0.09	0.05	0.01	0.41	0.3	0.1	0.15	0.04	0.39	0.41	0.91	0.13	0.12	0.41	0.04	0.45	0.2	0.1	0.02	0.42	0.11	0.4	0.18	0.42	0.09	0.42	0.42	0.14	0.01	0.2	0.08	0	0.18	0.04	0.18	0.18	0.5	0.13	0.43	0.12	0.21	0.63
0.12	0.57	1.09	0.05	0.47	0.99	0.12	0.58	0.02	2.71	0.13	2.87	0.41	0.04	0.56	0.23	0.45	0.54	0.43	0.71	0.07	0.14	0.43	0.15	0.23	0.03	0.04	0.05	0.47	0.04	0.13	0.47	0.04	0.45	0.05	0.18	0.01	2.57	0.53	0.4	0.33	0.5	0.02	0.95	0.38	0.42	0.2	0.41	1.44	0.91	0.03	0.49	0.02	0.18	0.03	0.48	0.04	0.05	0.15	0.97	0.02	1.77	0.4	0.44	0.14	0.54	0.05	0.94	0.06	0.43	0.03	0.16	0.42	0.25	0.02	0.51	0.39	1.4	0.89	0.03	0.04	0.57	0.03	0.46	0.45	0.49	0.46	0.95	0.09	0.34	0.44	0.56	0.03	0.42	0.05	0.42	0.62	0.03	0.31
0.08	0.48	0.23	0.41	0.48	0.6	0.08	0.21	0.22	1.49	0.11	2.64	0.2	0.49	0.18	0.03	0.49	0.22	0.28	0.18	0.39	0.07	0.49	0.09	0.09	0.24	0.8	0.4	1.5	0.22	0.08	0.2	0.4	0.13	0.2	0.04	0.17	0.91	0.41	0.41	0.2	0.08	0.2	0.41	0.43	0.74	0.44	0.41	0.18	0.07	0.91	0	0.18	0.12	0.71	0.41	0.2	0.18	0.03	0.09	0.51	0.74	0.2	0.21	0.05	0.03	0.21	0.42	0.23	0.92	0.51	0.09	0.14	0.14	0.18	0.09	0.05	0.42	0.19	0.19	0.42	0.05	0.22	0.04	0.53	0.09	0.04	0.08	0.16	0.41	0.35	0.15	0.21	0.43	0.21	0.19	0.43	0.6	0.4
0.11	0.01	0.09	0.04	0.14	0.23	0.12	0.1	0.38	1.1	0.43	5.45	0.03	0.03	0.71	0.2	0.04	0.18	0.25	0.03	0.1	0.15	0.46	0.14	0.14	0.46	0.36	0.04	0.85	0.38	0.12	0.15	0.03	0.46	0.14	0.19	0.01	0.06	0.1	0.2	0.27	0.12	0	0.5	0.47	0.18	0.19	0.06	0.33	0.43	0.01	0.17	0	0.47	0.04	0.1	0.02	0	0.58	0.11	0.03	0.12	0.02	0.2	0.43	0.15	0.03	0.2	0.04	0.03	0.02	0.14	0.14	0.26	0.02	0.24	0.21	0.22	0.89	0.03	0.04	0.28	0.04	0.19	0.42	0.19	0.2	0.15	0.09	0.02	0.49	0.29	0.04	0.68	0.04	0.01	0.04	0.01	1.9
0.07	0.31	0.23	0.2	0.08	0.4	0.1	0.2	0.19	1.57	0.29	0.93	0.2	0.19	0.53	0.15	0.18	0.29	0.29	0.17	0.2	0.15	0.11	0.4	0.26	0.3	0.21	0.5	0.24	0.17	0.08	0.43	0.44	0.08	0.34	0.67	0.18	0.21	0.06	0.07	0.5	0.08	0.18	0.08	0.43	0.44	0.19	0.23	0.52	0.33	0.4	0.1	0.46	0	0.2	0.48	0.26	0.15	0.12	0.45	0.49	0.09	0.21	0.17	0.4	0.49	0.2	0.18	0.22	0.31	0.18	0.45	0.45	0.26	0.17	0.08	0.08	0.41	0.56	0.34	0.17	0.06	0.19	0.32	0.48	0.07	0.1	0.08	0.06	0.17	0.06	0.26	0.38	0.5	0.19	0.15	0.23	0.51	0.3
0.13	0.05	0.19	0.08	0.59	0.63	0.23	0.06	0.04	1.25	0.12	1.98	0.01	0.06	0.76	0.47	0.28	0.58	0.35	0.04	0.09	0.29	0.46	0.14	0.43	0.05	0.57	0.28	0.16	0.31	0.12	0.18	0.06	0.13	0.08	0.86	0.03	0.35	0.12	0.19	0.05	0.66	0.76	0.46	0.31	0.63	0.53	0.46	0.43	0.18	0.09	0.21	0.04	0.17	0	0.12	0.45	0.05	0.46	0.56	0.04	0.12	0.46	0.22	0.15	0.41	0.08	0.13	0.08	0.94	0.05	0.15	0.15	0.28	0.76	0.14	0.15	0.45	0.66	0.01	0.15	0.16	0.49	0.46	0.29	0.13	0.19	0.19	0.12	0.04	0.18	0.31	0.18	0.97	0.46	0.05	0.08	0.05	0.28
0.01	0.41	0.47	0.16	0.02	0.31	0.02	0.11	0.09	1.26	0.01	5.46	0.11	0.45	0.33	0.1	0.14	0.75	0.24	0.15	0.13	0.42	0.45	0.03	0.04	0.1	0.11	0.45	0.17	0.11	0.01	0.06	0.47	0.02	0.13	0.45	0.95	0.09	0	0.05	0.45	0.04	0.11	0	0.04	0.46	0.15	0.12	0.23	0.01	0.11	0.08	0.1	0.11	0.11	0	0.3	0.1	0.05	0.01	0.12	0.96	0.46	0.15	0.04	0.46	0.13	0.02	0.46	0.14	0.11	0.23	0.48	0.18	0.09	0.04	0.05	0.13	0.21	0.11	0.12	0.06	0.47	0.08	0.47	0.3	0.08	0.07	0.01	0.11	0.03	0.47	0.11	0.54	0.46	0.47	0.13	0.48	0.59
0.41	0.02	0.51	0.05	0.41	0.24	0.13	0	0.41	0.74	0.22	2.96	0.32	0.03	0.73	0.62	0.05	0.47	2.42	0.03	0.45	0.16	0.45	0.43	0.16	0.28	0.21	0.14	0.1	0.06	0.11	0.17	0.01	0.26	0.05	0.19	0.03	0.14	0.1	0.21	0.04	0.13	0.27	0.16	1.26	0.16	0.48	0.66	0.49	0.11	0.5	0.31	0.02	0.56	0.06	0.11	0	0.03	0.16	0.13	0.58	0.17	0.03	0.47	0.24	0.16	0.04	0.12	0.21	0.01	0.05	0.14	0.31	0.47	0.14	0.13	0.46	0.53	0.32	0.74	0.28	0.57	0.97	0.19	0.56	0.14	0.22	0.16	0.47	0.03	0.14	0.46	0.34	0.57	0.05	0.35	0.05	0.03	0.97
0.4	0.02	0.09	0.05	0.13	0.23	0.11	0.22	0.11	1.43	0.12	0.92	0.3	0.04	0.67	0.21	0.13	0.51	0.26	0.68	0.06	0.15	0.21	0.15	0.42	0.03	0.03	0.05	0.1	0.05	0.1	0.17	0.03	0.42	0.04	0.19	0.02	0.01	0.09	0.22	0.01	0.1	0.01	0.13	0.18	0.14	0.58	0.03	0.43	0.09	0.02	0.44	0.01	0.17	0.05	0.19	0.03	0	0.5	0.12	0.03	0.11	0.03	0.2	0.43	0.16	0.04	0.42	0.05	0.04	0.02	0.43	0.49	0.27	0.03	0.11	0.22	0.19	0.59	0.04	0.04	0.22	0.15	0.21	0.46	0.23	0.2	0.18	0.44	0.03	0.15	0.31	0.04	0.69	0.04	0.02	0.04	0.01	0.96
0.06	0.31	0.46	0.18	0.1	0.26	0.04	0.17	0.14	1.17	0.03	6.84	0.15	0.14	0.18	0.03	0.27	0.2	0.19	0.46	0.46	0.04	0.05	0.2	0.05	0.34	0.18	0.47	1.17	0.17	0.08	0	0.17	0.09	0.48	0.35	0.47	0.56	0.05	0.04	0.17	0.47	0.17	0.07	0.47	0.24	0.17	0.17	0.17	0.06	0.16	0.03	0.15	0.1	0.73	0.05	0.18	0.15	0	0.42	0.53	0.33	0.18	0.69	0.03	0.02	0.59	0.36	0.25	0.17	0.49	0.05	0.35	0.13	0.5	0.08	0.04	0.26	0.17	0.41	0.4	0.09	0.16	0.4	0.23	0.08	0.03	0.09	0.04	0.16	0.25	0.14	0.47	0.18	0.18	0.17	0.51	0.41	0.21
0.02	0.11	0.43	1.39	0.1	0.48	0.02	0.11	0.48	1.09	0.23	3.17	0.12	0.45	0.23	0.08	0.38	0.43	0.23	0.1	0.5	0.04	0.09	0.04	0.32	0.16	0.12	0.16	0.45	0.26	0.01	0.4	0.13	0.06	0.12	0.09	0.09	0.9	0.4	0.04	0.11	0.04	0.12	0.01	0.05	0.2	0.41	0.5	0.23	0.01	0.48	0.42	0.11	0.42	0.12	0.02	0.41	0.28	0.43	0	0.1	0.4	0.12	0.26	0.04	0.43	0.13	0.37	0.14	0.14	0.09	0.51	0.46	0.19	0.45	0.04	0.04	0.43	0.43	0.11	0.11	0.05	0.48	0.34	0.22	0.28	0.43	0.21	0.01	0.43	0.07	0.47	0.43	0.94	0.44	1.62	0.24	0.31	0.27
0.11	0.02	0.09	0.58	0.48	0.24	0.11	0.03	0.02	1.12	0.12	6.76	0.04	0.02	0.37	0.2	0.55	0.2	0.34	0.03	0.07	0.15	0.57	0.14	0.13	0.02	0.04	0.05	0.11	0.15	0.11	0.97	0.03	0.13	0.43	0.18	0.02	0.13	0.11	0.31	0.14	0.45	0.03	0.13	0.32	0.15	0.21	0.04	0.49	0.1	0.1	0.18	0.03	0.17	0.04	0.11	0.03	0.03	0.14	0.09	0	1	0.04	0.21	0.28	0.16	0.05	0.12	0.06	0.04	0.04	0.13	0.52	0.27	0.01	0.11	0.2	0.16	0.62	0.04	0.03	0.15	0.04	0.23	0.27	0.11	0.19	0.52	0.1	0.02	0.13	0.77	0.04	0.33	0.07	0.03	0.33	0.03	0.3
0.02	0.99	0.97	0.47	0.03	0.46	0.02	0.66	0.96	2.58	0.33	3.56	0.11	0.44	0.44	0.94	0.14	0.44	0.43	0.43	0.43	0.93	0.43	0.92	0.43	0.42	0.92	0.52	0.44	0.92	0.91	0.07	0.41	0.41	0.51	1.41	0.41	0.91	0.01	0.45	0.4	0.4	0.4	0	1.5	0.03	0.5	0.49	0.5	0.01	0.49	0.1	0.99	0.06	0.48	0.48	0.12	0.49	0.06	0.02	0.48	0.02	1.48	0.48	0.05	0.98	0.47	0.02	0.46	0.96	0.46	0.04	0.04	0.56	0.45	0.44	0.43	0.92	0.43	0.42	0.92	0.1	0.44	0.41	0.41	0.41	0.41	0.43	0.01	0.42	0.45	0.93	0.72	0.41	0.41	0.41	0.42	0.91	0.43
0.13	0.34	0.1	0.02	0.15	0.29	0.44	0.22	0.03	1.05	0.17	2.38	0.4	0.42	0.41	0.22	0.02	0.46	0.4	0.03	0.08	0.3	0.2	0.16	0.18	0.04	0	0.06	0.11	0.07	0.2	0.74	0.04	0.4	0.05	0.21	0.04	0.25	0.4	0.22	0.28	0.12	0.03	0.4	0.16	0.14	0.6	0.04	0.35	0.42	0.13	0.4	0.02	0.19	0.06	0.11	0.03	0.03	0.16	0.12	0.65	0.71	0	0.22	0.18	0.17	0.01	0.15	0.02	0.04	0.04	0.15	0.14	0.3	0.38	0.53	0.22	0.18	0.56	0.06	0.05	0.24	0.41	0.61	0.28	0.41	0.22	0.18	0.42	0.04	0.41	0.7	0.06	0.37	0.14	1.64	0.02	0.03	0.43
0.15	0.51	0.3	0.48	0.13	0.42	0.15	0.22	0.21	1.53	0.15	0.32	0.47	0.47	0.37	0.21	0.23	0.36	0.66	0.47	0.27	0.47	0.46	0.16	0.14	0.22	0.98	0.6	1.03	0.23	0.15	0.17	0.22	0.13	0.24	0.48	0.19	0.19	0.14	0.21	0.21	0.48	0.21	0.2	0.15	0.13	0.01	0.22	0.33	0.31	0.2	0.2	0.2	0.18	0.49	0.15	0.22	0.2	0.49	0.16	0.21	1.91	0.69	0	0.18	0.2	0.23	0.15	0.31	0.23	0.2	0.14	0.13	0.35	0.49	0.22	0.49	0.69	0.93	0.99	0.49	0.28	0.22	0.18	0.07	0.59	0.31	0.18	0.16	0.59	0.49	0.7	1.06	0.61	0.23	0.41	0.33	0.5	0.38
0.03	0.14	0.44	0.33	0.09	0.64	0.04	0.15	0.16	1.24	0.13	4.98	0.35	0.13	0.46	0.1	0.18	0.81	0.2	0.47	0.17	0.03	0.47	0.13	0.04	0.13	0.15	0.37	0.62	0.16	0.03	0.04	0.47	0.06	0.15	0.05	0.14	0.29	0.04	0.3	0.18	0.02	0.47	0.06	0.06	0.32	0.19	0.48	0.2	0.04	0.26	0.05	0.48	0.24	0.26	0.05	0.16	0.15	0.04	0.04	0.15	0.58	0.15	0.18	0	0.05	0.18	0.03	0.19	0.69	0.69	0.1	0.28	0.49	0.69	0.03	0.07	0.52	1.09	0.59	0.14	0.07	0.49	0.23	0.18	0.03	0.49	0.06	0.28	0.14	0.08	0.37	0.5	0.51	0.17	0.4	0.18	0.16	0.56
0.08	0.34	0.49	1.5	0.06	0.42	0.34	0.49	0.25	1.45	0.06	0.44	0.17	0.24	0.44	0.55	0.18	0.18	0.17	0.45	0.19	0.05	0.04	0.07	0.45	0.16	0.17	0.18	0.54	0.19	0.45	0.95	0.26	0.06	0.18	0.18	0.14	0.36	0.94	0.05	0.16	0.45	0.17	0.55	0.07	0.45	0.28	0.16	0.15	0.08	0.6	0.03	0.15	0.12	0.18	0.45	0.16	0.16	0.32	0.07	0.55	0.54	0.17	0.18	0.05	0	0.18	0.07	0.43	0.17	0.34	0.07	0.3	0.12	0.16	0.09	0.07	0.02	0.16	0.17	0.17	0.05	0.18	0.01	0.45	0.07	0.01	0.05	0.08	0.18	0.07	0.12	0.45	0.15	0.25	0.16	0.19	0.18	0.76
0.15	0.04	0.22	0.03	0.16	0.4	0.15	0.12	0.04	1.18	0.14	4.55	0.66	0.04	0.41	0.23	0.09	0.22	0.46	0.46	0.1	0.16	0.21	0.56	0.16	0.09	0.02	0.4	1.02	0.46	0.15	0.2	0.05	0.15	0.06	0.66	0.05	0.04	0.14	0.24	0.04	0.15	0.04	0.17	0.47	0.33	0.23	0.05	0.36	0.11	0.39	0.47	0.03	0.21	0.07	0.14	0.41	0.04	0.29	0.13	0.05	0.17	0.03	0.23	0.18	1.23	0	0.52	0.01	0.06	0.05	0.17	0.15	0.55	0.47	0.17	0.23	0.19	0.32	0.07	0.06	0.16	0.47	0.22	0.54	0.48	0.21	0.48	0.13	0.05	0.58	0.64	0.07	0.36	0.03	0.04	0.04	0.26	0.25
0	0.14	0.16	0.15	0.54	0.31	0	0.13	0.12	0.99	0.01	14.1	0.12	0.13	0.25	0.1	0.42	0.25	0.42	1.23	0.13	0.04	0.72	0.03	0.03	0.74	0.13	0.15	0.43	0.13	0.02	0.04	0.26	0.02	0.11	0.08	0.44	0.44	0.01	0.1	0.48	0.03	0.11	0.03	0.53	0.06	0.15	1.03	0.45	0.25	0.17	0.08	0.11	0.07	0.48	0.01	0.45	0.16	0.04	0.02	0.11	0.66	0.14	0.15	0.04	0.07	0.17	0	0.14	0.47	0.12	0.03	0.32	0.47	0.16	0.03	0.1	0.06	0.53	0.12	0.15	0.06	0.13	0.47	0.57	0.04	0.08	0.05	0.02	0.11	0.04	0.57	0.58	0.23	0.14	0.12	0.99	0.49	0.36
0.17	0.45	0.12	0.14	0.16	0.49	0.46	0.41	0.05	1.47	0.16	6.47	0.07	0.05	0.97	0.26	0.21	0.22	0.49	0.28	0.13	0.25	0.59	0.49	0.18	0.05	0.09	0.4	0.83	0.08	0.14	0.18	0.51	0.37	0.07	0.36	0.05	0.91	0.82	0.25	0.05	0.36	0.05	0.18	0.52	0.15	0.23	0.06	0.72	0.17	0.15	0.35	0.43	0.32	0.4	0.44	0.05	0.12	0.21	0.44	0.3	0.55	0.04	0.24	0.17	0.23	0.01	0.45	0	0.06	0.06	0.46	0.51	0.45	0.1	0.17	0.47	0.2	0.32	1.49	0.07	0.47	0.08	0.22	0.47	0.16	0.25	0.18	0.41	0.05	0.18	0.35	0.48	0.39	0.3	0.09	0.04	0.45	0.56
0.14	0.03	0.11	0.06	0.17	0.4	0.16	0.01	0.04	1	0.21	0.42	0.06	0.04	0.37	0.42	0.2	0.21	0.31	0.04	0.08	0.17	0.21	0.83	0.15	0.04	0.04	0.02	0.12	0.07	0.12	0.18	0.01	0.14	0.06	0.44	0.04	0.04	0.11	0.58	0.22	0.13	0.09	0.34	0.17	0.44	0.22	0.34	0.63	0.57	0.44	0.21	0.33	0.17	0.13	0.13	0.47	0.24	0.3	0.13	0.04	0.95	0.04	0.23	0.55	0.44	0.45	0.13	0.14	0	0.05	0.15	0.38	0.29	0.04	0.13	0.22	0.59	0.33	2.46	0.05	0.45	0.07	0.2	0.29	0.46	0.97	0.17	0.13	0.28	0.15	0.31	0.46	0.66	0.06	0.03	0.06	0.46	0.46
0.46	0.49	0.09	0.07	0.49	0.24	0.13	0.04	0.03	1.5	0.99	3.51	0.04	0.05	0.48	0.24	0.17	0.22	0.24	0.01	0.06	0.48	0.2	0.32	0.16	0.15	0.05	0.06	0.48	0.05	0.1	0.66	0.04	0.13	0.04	0.48	0.02	0.16	0.1	0.48	0.09	0.12	0.03	0.14	0.48	0.13	0.32	0.04	0.35	0.09	0.54	0.41	0.02	0.44	0.05	0.1	0.04	0.08	0.55	0.1	0.04	0.11	0.04	0.41	0.2	0.15	0.05	0.48	0.06	0.2	0	0.16	0.49	0.26	0.05	0.13	0.22	0.18	0.58	0.04	0.05	0.49	0.05	0.59	0.26	0.12	0.21	0.49	0.11	0.19	0.14	0.33	0.04	0.65	0.06	0.69	0.09	0.03	0.59
0.03	0.13	0.5	0.38	0.02	0.3	0.03	0.44	0.14	1.44	0.03	0.43	0.18	0.41	0.25	0.09	0.18	0.25	0.23	0.28	1.04	0.05	0.09	0.01	0.03	0.41	0.41	0.42	1.21	0.15	0.04	0.05	0.14	0.41	0.18	0.09	0.17	0.14	0.42	0.09	0.16	0.16	0.42	0.05	0	0.02	0.14	0.42	0.21	0.04	0.69	0.45	0.14	0.42	0.14	0.03	0.14	0.16	0.05	0.04	0.13	0.18	0.15	0.14	0.26	0.07	0.17	0.03	0.18	0.15	0.43	0	0.12	0.19	0.13	0.05	0.43	0.06	0.2	0.37	0.43	0.06	0.15	0.08	0.19	0.05	0.43	0.43	0.33	0.4	0.01	0.19	0.14	0.43	0.84	0.15	0.17	0.16	0.44
0.02	0.45	0.17	0.24	0.12	0.64	0.45	0.13	0.13	1.78	0.03	12.7	0.14	0.27	0.46	0.41	0.15	0.56	0.23	0.46	0.15	0.46	0.14	0.46	0.46	0.47	0.41	0.19	0.56	0.46	0.57	0.33	0.27	0.02	0.25	0.58	0.14	0.15	0.03	0.09	0.17	0.08	0.14	0.04	0.52	0.48	0.16	0.34	0.21	0.03	0.14	0.21	0.13	0.11	0.98	0.35	0.16	0.14	0.28	0.57	0.48	0.03	0.49	0.13	0.09	0.06	0.71	0.34	0.49	0.17	1.19	0.02	0.01	0.59	0.22	0.1	0.49	0.49	0.52	0.18	0.49	0.11	0.49	0.09	0.15	0.09	0.08	0.5	0.5	0.16	0.11	0.4	0.27	0.22	0.15	0.4	0.41	0.39	1.01
0.18	0.28	0.29	0.56	0.18	0.11	0.21	0.45	0.4	1.52	0.18	3.41	0.27	0.66	0.22	0.44	0.32	0.09	0.05	0.28	0.53	0.2	0.14	0.33	0.19	0.28	0.49	0.29	0.65	0.29	0.45	0.13	0.28	0.18	0.29	0.1	0.27	0.29	0.18	0.2	0.27	0.18	0.45	0.19	0.45	0.57	0.36	0.28	0.44	0.2	0.51	0.14	0.26	0.27	0.28	0.28	0.29	0.45	0.53	0.19	0.27	0.35	0.55	0.33	0.19	0.46	0.49	0.18	0.44	0.31	0.56	0.19	0.44	0	0.25	0.19	0.2	0.45	0.21	0.95	0.29	0.18	0.28	0.1	0.4	0.46	0.39	0.15	0.19	0.54	0.19	0.23	0.46	0.03	0.32	0.64	0.68	0.28	0.09
0.29	0.47	0.57	0.44	0.14	0.47	0.47	0.03	0.02	1.48	0.11	3.38	0.03	0.02	1.08	0.21	0.28	0.19	0.34	0.59	0.12	0.21	0.98	0.14	0.48	0.02	0.04	0.06	0.18	0.04	0.09	0.17	0.04	0.45	0.05	0.99	0.01	1.36	1.79	0.21	0.03	0.12	0.03	0.49	0.7	0.24	0.49	0.15	0.33	0.17	0.67	0.5	0.02	0.18	0.04	0.09	0.03	0.03	0.4	0.1	0	0.64	0.4	0.21	0.15	0.44	0.05	0.41	0.38	0.41	0.11	0.15	0.13	0.25	0	0.4	0.21	0.4	0.9	0.4	0.04	0.7	0.04	1.28	0.61	0.81	0.94	0.16	0.1	0.02	0.14	0.29	0.41	0.34	0.06	0.03	0.06	0.41	0.41
0.04	0.13	0.47	0.54	0.09	0.32	0.03	0.13	0.48	1.03	0.03	1.68	0.13	0.14	0.23	0.07	0.16	0.27	0.47	0.12	0.27	0.04	0.09	0.05	0.05	0.48	0.15	0.14	0.32	0.35	0.03	0.45	0.15	0.1	0.91	0.41	0.21	0.11	0.04	0.04	0.12	0.01	0.35	0.38	0.95	0.45	0.49	0.75	0.24	0.04	0.88	0.39	0.1	0.47	0.14	0.24	0.14	0.48	0.09	0.04	0.11	1.5	0.14	0.49	0.04	0.19	0.5	0.04	0.14	0.2	0.14	0.2	0.1	0.19	0.14	0	0.04	0.08	0.22	0.43	0.13	0.04	0.13	0.1	0.45	0	0.1	0.09	0.03	0.46	0.25	0.2	0.13	0.49	0.47	0.11	0.16	0.13	0.28
0.1	0.48	0.19	0.24	0.1	0.32	0.48	0.21	0.21	2.03	0.43	2.25	0.15	0.21	0.52	0.42	0.26	0.27	0.23	0.21	0.49	0.24	0.45	0.39	0.09	0.22	0.23	0.57	0.28	0.67	0.04	0.04	0.21	0.1	0.43	0.09	0.23	0.35	0.99	0	0.37	0.03	0.24	0.19	0.1	0.09	0.41	0.24	0.24	0.04	0.38	0.05	0.2	0.07	0.43	0.05	0.21	0.43	0.04	0.05	0.32	0.05	0.23	0.24	0.01	0.05	0.24	0.1	0.46	0.23	0.22	0.1	0.48	0.2	0.35	0.03	0	0.08	0.46	0.15	0.48	0	0.16	0.18	0.35	0.3	0.09	0.07	0.04	0.41	0.41	0.21	0.53	0.22	0.25	0.22	0.24	0.21	0.4
1.46	0.73	0.22	0.86	0.45	0.24	0.43	0.48	0.94	2.46	0.35	9.59	0.95	0.18	0.55	0.45	0.44	0.43	0.18	0.43	0.43	0.29	0.05	0.42	0.42	0.17	0.39	0.41	0.51	0.2	0.41	0.03	0.51	0.04	0.4	0.02	0.16	0.44	0.4	0.9	0.19	0.07	0.49	0.09	2	0.05	0.49	0.18	0.48	0.09	0.17	0.06	0.54	0.97	0.18	0.47	0.19	0.33	0.03	0.07	0.55	1.44	0.21	0.18	0.05	0.02	0.54	0.43	0.44	0.18	0.19	0.06	0.43	0.42	0.18	0.08	0.41	0	0.53	0.17	0.9	0.04	0.23	0.03	0.69	0.49	0.02	0.03	0.07	0.16	0.05	0.48	0.49	0.16	0.48	0.97	0.2	0.19	0.27
0.56	1.15	0.34	0.48	0.24	0.21	0.28	0.95	0.47	1.29	0.44	9.09	0.31	0.31	0.04	0.15	0.32	0.45	0.26	0.32	0.4	0.21	0.56	0.19	0.19	0.46	0.45	0.57	1.06	0.48	0.22	0.43	0.58	0.88	0.48	0.13	0.65	0.37	0.51	0.22	0.33	0.21	0.42	0.52	0.2	0.42	0.42	0.52	0.11	0.21	0.33	0.16	0.52	0.43	0.32	0.37	0.33	0.31	0.54	0.23	0.32	0.93	0.33	0.31	0.19	0.16	0.68	0.28	0.34	0.53	0.47	0.2	0.25	0.21	0.68	0.22	0.22	0.14	0	0.52	0.31	0.19	0.95	0.46	0.55	0.22	0.13	0.56	0.22	0.4	0.19	0.9	0.31	0.44	0.9	0.6	0.32	0.59	0.33
0.11	0.91	0.5	0.4	0.13	0.5	0.12	0.05	0.1	1.26	0.12	5.71	0.4	3.5	0.34	0.2	0.07	0.2	0.33	0.03	0.13	0.14	0.2	0.52	0.14	0.05	0.06	0.07	0.78	0.01	0.46	0.16	0.05	0.21	0.45	0.75	0.54	0.44	1.22	0.15	0.04	0.44	0.04	0.1	0.54	0.43	0.43	0.05	0.42	0.48	0.05	0.2	0.43	0.17	0.51	0.4	0.05	0.04	0.7	0.4	0.04	0.11	0.06	0.5	0.49	2.49	0.07	0.11	0.07	0.06	0.48	0.14	0.13	0.28	0.47	0.13	0.15	0.96	0.55	0	0.03	0.45	0.45	0.22	0.44	0.44	0.24	0.18	0.11	0.15	0.44	0.3	0	0.41	0.07	0.43	0.07	0.04	0.68
0.15	0.04	0.08	0.07	0.49	0.55	0.12	0.05	0.02	1.09	0.12	2.62	0.03	0.42	0.36	0.21	0.07	0.21	0.42	0.04	0.22	0.52	0.2	0.66	0.16	0.03	0.05	0.09	0.13	0.04	0.11	0.16	0.05	0.17	0.42	0.55	0.03	1.12	0.1	0.6	0.05	0.25	0.04	0.16	0.15	0.15	0.49	0.66	0.62	0.49	0.4	0.25	0.43	0.43	0.03	0.11	0.05	0.04	0.17	0.43	0.04	0.12	0.26	0.23	0.15	0.83	0.06	0.45	0.07	0.06	0.05	0.14	0.16	0.28	0.04	0.15	0.23	0.29	0.51	0.03	0	0.36	0.03	0.17	0.43	0.13	0.53	0.17	0.24	0.01	0.14	0.31	0.25	0.34	0.07	0.12	0.33	0.08	0.63
0.03	0.4	0.2	0.4	0.09	0.28	0.14	0.46	0.19	0.95	0.41	2.87	0.14	0.15	0.19	0.46	0.16	0.22	0.2	0.22	0.46	0.03	0.06	0.06	0.04	0.32	0.18	0.16	0.46	0.16	0.03	0.03	0.15	0.08	0.46	0.05	0.19	0.43	0.04	0	0.16	0.04	0.46	0.05	0.07	0.47	0.22	0.19	0.24	0.25	0.63	0.12	0.47	0.46	0.55	0.07	0.14	0.14	0.18	0.04	0.16	0.1	0.15	0.19	0	0.15	0.16	0.03	0.17	0.47	0.17	0.05	0.12	0.19	0.18	0.25	0.01	0.47	0.47	0.14	0.17	0	0.47	0.11	0.21	0.43	0.16	0.05	0.03	0.2	0.04	0.16	0.36	0.22	0.52	0.46	0.19	0.15	0.21
0.44	0.44	0.1	0.44	0.44	0.54	0.12	0.96	0.04	1.27	0.12	14	0.01	0.46	0.35	0.21	0.08	0.21	0.34	0.54	0.1	0.15	0.42	0.14	0.14	0.05	0.06	0.47	0.47	0	0.12	0.97	0.37	1.07	0.08	0.19	0.03	1.17	0.11	0.16	0.05	0.13	0.05	0.48	0.15	0.14	0.48	0.13	0.6	0.18	0.03	0.52	0.04	0.21	0	0.11	0.06	0.12	0.16	0.12	0.04	0.99	0.06	0.22	0.15	0.18	0.07	0.12	0.08	0.46	0.05	0.14	0.84	0.28	0.04	0.13	0.4	0.74	0.65	0.01	0.03	0.15	0.4	0.18	0.4	0.4	0.19	0.18	0.23	0.04	0.14	0.71	0.31	0.36	0.2	0.71	0.07	0.41	0.94
0.45	0.18	0.21	0.21	0.06	0.23	0.07	0.21	0.16	1.32	0.08	5.32	0.18	0.2	0.18	0.41	0.27	0.18	0.42	0.72	0.2	0.07	0.23	0.42	0.07	0.23	0.21	1.42	1.42	0.36	0.08	0.42	0.22	0.05	0.18	0.12	0.42	0.75	0.21	0.09	0.43	0.09	0.18	1	0.22	0.35	0.2	0.19	0.14	0.43	0.63	0.04	0.19	0.43	0.92	0.08	0.44	0.2	0.08	0.08	0.17	0.63	0.64	0.53	0.16	0.01	0.22	0.07	0.44	0.39	0.19	0.08	0.21	0.1	0.33	0.1	0.44	0.44	0.17	0.52	0.17	0.05	0.19	0	0.55	0.45	0.45	0.04	0.08	0.5	0.07	0.12	1.35	0.53	0.21	0.21	0.23	0.2	0.65
0.49	0.46	0.47	0.29	0.15	0.48	0.54	0.54	0.46	1.6	0.21	14.8	0.28	0.52	0.48	0.27	0.68	0.42	0.79	0.26	0.23	0.23	0.28	0.15	0.2	0.28	0.63	1.33	2.14	0.36	1	0.23	0.28	0.19	0.22	0.25	0.28	0.25	1.6	0.23	0.26	0.2	0.27	0.62	0.2	0.6	0.07	0.28	0.39	0.4	0.27	0.27	0.26	0.4	0.28	0.21	0.28	0.26	0.23	0.61	0.27	0.21	0.37	0.07	0.18	0.16	0.29	0.41	0.3	0.81	0.91	0.48	0.33	0.71	0.44	0.27	0.41	0.3	0.37	0.28	0.47	0.21	0.47	0.2	0	1.02	0.25	0.51	0.41	0.27	0.14	0.39	0.28	1.02	0.56	0.27	0.29	0.27	1.7
0.03	0.13	0.16	0.29	0.11	0.31	0.04	0.12	0.12	1.8	0.03	0.41	0.12	0.47	0.35	0.44	0.14	0.58	0.26	0.12	0.15	0.03	0.47	0.05	0.05	0.13	0.14	0.15	0.77	0.14	0.03	0.09	0.14	0.48	0.88	0.48	0.36	0.48	0.03	0.03	0.32	0.01	0.12	0.48	0.05	0.15	0.23	0.13	0.24	0.01	0.11	0.09	0.49	0.07	0.42	0.03	0.14	0.35	0.09	0.04	0.12	0.77	0.15	0.22	0.04	0.07	0.33	0.03	0.15	0.51	0.12	0.05	0.22	0.19	0.41	0	0.14	0.09	0.41	0.51	0.41	0.19	0.14	0.1	0.28	0	0.1	0.41	0.03	0.12	0.04	0.54	0.13	0.23	0.14	0.5	0.42	0.13	0.54
0.51	0.32	0.61	0.51	0.1	0.57	0.08	0.45	0.19	1.97	0.08	3.68	0.46	0.17	0.18	0.22	0.57	0.18	0.17	0.19	0.54	0.97	0.04	0.38	0.07	0.19	0.48	0.58	0.26	0.19	0.27	0.39	0.19	0.17	0.17	0.01	0.19	0.33	0.19	0.09	0.9	0.18	0.38	0.4	0.5	0.06	0.5	0.21	0.4	0.07	0.6	0.04	0.18	0.13	0.19	0.21	0.2	0.2	0.92	0.41	0.91	0.41	0.57	0.32	0.36	0.2	0.23	0.08	0.23	0.21	0.19	0.09	0.07	0.1	0.18	0.1	0.42	0.15	0.36	0.18	0.43	0.05	0.26	0.26	0.25	0.43	0	0.45	0.35	0.18	0.08	0.12	0.19	0.45	0.34	0.55	0.45	0.2	0.45
0.43	0.15	0.43	0.18	0.09	0.27	0.04	0.18	0.15	1.56	0.18	12.1	0.5	0.16	0.22	0.06	0.19	0.52	0.21	0.47	0.21	0.34	0.49	0.05	0.04	0.16	0.4	0.49	0.21	0.19	0.07	0.09	0.48	0.03	0.15	0.04	0.16	0.18	0.05	0.06	0.17	0.26	0.58	0.07	0.05	0.1	0.18	0.18	0.18	0.09	0.19	0.08	0.9	0.47	0.19	0.11	0.4	0.25	0.09	0.08	0.39	0.9	0.4	0.15	0.06	0.4	0.5	0.33	0.22	0.17	0.37	0.13	0.19	0.9	0.49	0.08	0.07	0.7	0.16	0.47	0.51	0.06	0.54	0.04	0.29	0.09	0.04	0	0.4	0.15	0.04	0.15	0.35	0.5	0.19	0.17	0.41	0.19	0.31
0.02	0.5	0.16	0.13	0.1	0.31	0.02	0.4	0.44	1.42	0.02	9.72	0.11	0.31	0.23	0.08	0.44	0.26	2.95	0.09	0.47	0.04	0.37	0.04	0.04	0.12	0.14	0.14	0.39	0.12	0	0.55	0.45	0.09	0.12	0.1	0.08	0.45	0.01	0.04	0.46	0.03	0.12	0.01	0.04	0.28	0.46	0.14	0.23	0.01	0.09	0.08	0.74	0.06	0.46	0.01	0.51	0.1	0.04	0.01	0.11	0.14	0.13	0.46	0.04	0.08	0.13	0.02	0.13	0.12	0.46	0.04	0.09	0.19	0.46	0.03	0.04	0.46	0.37	0.41	0.14	0.03	0.28	0.46	0.22	0.03	0.15	0.46	0	0.1	0.03	0.3	0.12	0.23	0.13	0.12	0.18	0.3	0.52
0.12	0.4	0.48	0.27	0.12	0.24	0.18	0.48	0	1.39	0.49	4.78	0.22	0.01	0.35	0.22	0.45	0.55	0.36	0.03	0.28	0.14	0.76	0.5	0.14	0.33	0.04	0.34	0.77	0.05	0.17	0.14	0.03	0.12	0.06	0.67	0.02	0.03	0.51	0.21	0.03	0.29	0.03	0.15	0.13	0.15	0.32	0.03	0.32	0.19	0.51	0.2	0.02	0.18	0.04	0.09	0.03	0.03	0.16	0.48	0.02	0.5	0.04	0.21	0.48	0.48	0.05	0.11	0.43	0.04	0.2	0.14	0.13	0.27	0.02	0.12	0.59	0.49	0.53	2.32	0.01	0.16	0.04	0.18	0.27	0.12	0.18	0.61	0.11	0	0.14	0.29	0.4	0.34	0.24	0.4	0.05	0.18	0.24
0.02	0.46	0.46	0.47	0.01	0.63	0.02	0.14	0.12	1.28	0.2	8.26	0.13	0.47	0.34	0.09	0.17	0.48	0.23	0.79	0.18	0.04	0.09	0.26	0.02	0.48	0.17	0.51	0.2	0.15	0.03	0.05	0.15	0.17	0.16	0.08	0.14	0.14	0.03	0.09	0.14	0.03	0.13	0.05	0.38	0.01	0.15	0.16	0.21	0.04	0.13	0.08	0.16	0.08	0.14	0.06	0.15	0.14	0.05	0.04	0.14	0.61	0.27	0.15	0.27	0.07	0.17	0.03	0.61	0.15	0.16	0.01	0.19	0.19	0.22	0.04	0.09	0.19	0.41	0.41	0.26	0.04	0.41	0.07	0.14	0.05	0.08	0.04	0.03	0.42	0	0.24	0.13	0.59	0.17	0.15	0.17	0.18	0.53
0.19	0.29	0.42	1.18	0.18	0.12	0.42	0.42	0.31	1.38	0.19	2.45	0.3	1	0.49	0.5	0.32	0.09	0.05	0.91	0.49	0.19	0.49	0.18	0.49	0.6	0.32	0.32	0.99	0.31	0.79	0.49	0.3	0.31	0.27	0.12	0.32	0.7	0.5	0.21	0.33	1.07	0.48	0.59	0.45	0.48	0.3	0.32	0.26	0.48	0.29	0.15	0.59	0.23	0.69	0.48	1.41	0.71	0.59	0.2	0.32	1.09	0.49	0.3	0.48	0.11	0.49	0.19	0.69	0.34	0.54	0.48	0.18	0	0.3	0.48	0.48	0.13	0.29	0.68	0.32	0.48	0.47	0.12	0.48	0.25	0.12	0.15	0.98	0.3	0.58	0	0.48	0.03	0.58	0.31	0.68	0.99	0.48
0.45	0.17	0.1	0.32	0.45	0.26	0.45	0.05	0.04	2.78	0.38	6.7	0	0.16	0.77	0.47	0.07	0.2	0.34	0.04	0.47	0.15	0.67	0.47	0.26	0.23	0.06	0.07	0.47	0.01	0.11	0.17	0.13	0.12	0.34	0.48	0.08	0.28	0.11	0.15	0.05	0.12	0.04	0.11	0.14	0.48	0.58	0.06	0.32	0.19	0.03	0.21	0.14	0.48	0.01	0.11	0.05	0.04	0.99	0.11	0.04	0.25	0.06	0.79	0.15	0.17	0.07	0.12	0.4	0.06	0.04	0.14	0.53	1.6	0.03	0.14	0.15	0.53	0.5	0	0.03	0.28	0.14	0.18	0.28	0.14	0.4	0.98	0.45	0.04	0.13	0.91	0	0.34	0.07	0.04	1.08	0.05	1.41
0.53	0.43	0.44	0.59	0.22	0.44	0.23	0.46	0.45	2.08	0.22	1.21	0.34	0.41	0.45	0.42	0.36	0.42	0.05	0.34	0.42	0.92	0.42	0.62	0.43	0.73	0.83	0.36	0.45	0.43	0.23	0.46	0.35	0.44	0.44	0.44	0.33	0.94	0.22	0.22	1.05	0.22	0.44	0.25	1.45	0.95	0.35	0.45	0.29	0.46	0.85	0.36	0.35	0.24	0.34	0.45	0.36	0.34	0.52	0.56	0.46	0.45	0.46	0.35	0.49	0.46	0.36	0.27	0.46	0.47	0.36	0.47	0.97	0.05	0.47	0.47	0.22	0.39	0.3	0.34	0.48	0.2	0.74	0.48	0.48	0.23	0.48	0.34	0.49	0.32	0.59	0.99	0.49	0	0.49	0.32	1.04	0.49	0.49
0.14	0.23	0.1	0.06	0.15	0.24	0.48	0.05	0.05	0.94	0.14	9.74	0.46	0.24	0.65	0.42	0.03	0.22	2.46	0.05	0.45	0.56	0.22	0.86	0.18	0.45	0.02	0.07	0.3	0.08	0.13	0.47	0.57	0.15	0.07	0.24	0.05	0.04	0.21	0.47	0.09	0.15	0.04	0.98	0.48	0.68	0.23	0.48	0.38	0.31	0.05	0.22	0.49	0.41	0.26	0.23	0.05	0.04	0.19	0.13	0.07	0.73	0.02	0.23	0.17	0.4	0.03	0.17	0.4	0.29	0.06	0.16	0.36	0.31	0.41	0.37	0.23	0.78	0.72	0.07	0.07	0.42	0.38	0.22	0.29	0.42	0.43	0.18	0.42	0.05	0.17	0.53	0.19	0.39	0	0.15	0.01	0.43	0.52
0.14	0	0.48	0.05	0.27	0.24	0.12	0.02	0.02	0.94	0.13	7.06	0.04	0.04	0.39	0.23	0.14	0.19	0.44	0.02	0.06	0.14	0.19	0.27	0.14	0.11	0.03	0.05	0.1	0.42	0.1	0.29	0.03	0.47	0.04	0.21	0.02	0.2	0.11	0.22	0.03	0.12	0.02	0.13	0.49	0.44	0.48	0.03	0.34	0.49	0.02	0.59	0.22	0.16	0.05	0.1	0.02	0.14	0.4	0.11	0.03	1.07	0.03	0.21	0.17	0.16	0.4	0.12	0.16	0.41	0.41	0.15	0.24	0.27	0.1	0.11	0.54	0.19	0.93	0.42	0.36	0.14	0.05	0.57	0.27	1.23	0.19	0.17	0.1	0.26	0.44	0.33	0.04	0.54	0.05	0	0.05	0.24	0.44
0.43	1.03	0.1	0.01	0.18	0.68	0.8	0.05	0.43	2.39	0.15	5.63	0.07	0.08	0.79	0.23	0.04	0.51	0.28	0.05	0.14	0.4	0.26	0.16	0.17	0.41	0.02	0.06	0.38	0.08	0.53	0.33	0.05	0.15	0.07	0.43	0.05	0.56	0.31	0.23	0.05	0.15	0.04	0.43	0.94	0.44	0.23	0.44	0.44	0.12	0.45	0.55	0.55	0.24	0.45	0.45	0.05	0.04	0.19	0.14	0.06	0.62	0.25	0.45	0.41	0.95	0.04	0.56	0.03	0.46	0.05	0.96	0.2	0.31	0.66	0.46	0.97	0.49	0.33	0.47	0.07	0.47	0.08	0.62	0.87	0.47	0.22	0.58	0.14	0.08	0.18	0.69	0.07	0.37	0.38	0.36	0	0.04	0.23
0.41	0.41	0.1	0.05	0.14	0.59	0.12	0.6	0.41	2.45	0.13	4.93	0.27	0.04	0.46	0.21	0.04	0.19	0.46	0.76	0.41	0.17	0.46	0.28	0.14	0.04	0.03	0.05	0.22	0.05	0.27	0.46	0.03	0.14	0.05	0.2	0.02	0.03	0.1	0.56	0.14	0.11	0.01	0.56	0.36	0.16	0.46	0.03	0.33	0.31	0.21	0.46	0.01	0.23	0.05	0.1	0.03	0.47	0.15	0.11	0.03	0.13	0.03	0.34	0.39	0.18	0.04	0.12	0.05	0.04	0.24	0.16	0.57	0.28	0.47	0.32	0.27	1.97	0.47	0.04	0.04	0.57	0.05	0.18	0.67	0.47	0.2	0.47	0.13	0.29	0.47	0.3	0.07	0.58	0.05	0.58	0.04	0	0.33
0.3	0.49	0.5	0.35	0.28	0.6	0.36	0.41	0.4	2.77	0.26	7.24	0.27	0.21	0.91	0.29	0.55	0.41	0.04	0.18	1.42	0.23	0.42	0.48	0.53	0.21	0.2	0.22	0.42	0.28	0.23	0.24	0.44	0.23	0.65	0.16	0.46	0.18	0.23	0.24	0.97	0.46	0.46	0.25	0.28	0.52	0.34	0.47	0.47	0.22	0.67	0.48	0.18	0.48	0.48	0.49	0.48	0.19	0.51	0.9	0.2	0.23	0.2	0.41	0.51	0.58	0.51	0.42	0.22	0.21	0.19	0.22	0.24	0.28	0.19	0.42	0.53	0.43	0.24	0.65	0.43	0.53	0.63	0.15	0.55	0.25	0.16	0.19	0.43	0.54	0.6	0.09	0.29	0.5	0.44	0.25	0.25	0.23	0
