0	0.11	0.46	0.46	0.02	0.31	0.01	0.43	0.12	0.47	0.37	0.42	0.12	0.42	0.48	0.98	0.17	0.4	0.48	0.48	0.13	0.04	0.41	0.14	0.03	0.48	0.48	0.15	0.5	0.33	0.02	0.69	0.12	0.02	0.19	0.3	0.25	0.49	0.01	0.1	0.22	0.03	0.5	0.03	0.66	0.02	0.49	0.13	0.22	0.02	0.5	0.08	1.46	0.06	0.4	0.29	0.13	0.11	0.22	0.9	0.1	1.55	0.14	0.15	0.03	0.41	0.16	0	0.41	0.13	0.14	0.03	0.41	0.26	0.1	0.51	0.11	0.12	0.41	0.12	0.12	0.35	0.12	0.91	0.21	0.04	0.08	0.41	0.02	0.11	0.07	0.19	0.41	0.22	0.16	0.7	0.14	0.11	0.91
0.29	0	0.1	0.42	0.14	0.24	0.36	0.02	0.41	0.53	0.11	5.1	0.43	0.04	0.95	0.45	0.04	0.19	0.24	0.23	0.05	0.45	0.46	0.45	0.45	0	0.39	0.08	0.1	0.45	0.75	0.16	0.02	0.6	0.04	0.45	0.49	0.02	0.1	0.45	0.02	0.12	0.02	0.32	0.45	0.95	0.38	0.02	0.34	0.09	0.45	0.45	0.01	0.17	0.05	0.45	0.55	0.32	0.16	0.12	0.07	0.27	0.12	0.46	0.55	0.17	0.04	0.11	0.55	0.15	0.03	0.2	0.12	0.45	0.02	0.14	0.45	0.19	0.45	0.04	0.04	0.45	0.05	0.46	0.27	0.46	0.2	0.41	0.46	0.14	0.86	0.31	0.04	0.32	0.17	0.16	0.04	0.02	0.47
0.16	0.11	0	0.22	0.16	0.6	0.46	0.51	0.33	1.53	0.53	4.35	0.42	0.08	0.92	0.54	0.39	0.8	0.29	0.08	0.11	0.52	0.22	0.2	0.52	0.06	0.1	0.11	0.16	0.11	0.14	0.42	0.1	0.72	0.09	0.21	0.08	0.08	0.43	0.19	0.1	0.15	0.09	0.53	0.17	0.19	0.6	0.36	0.36	0.14	0.43	0.39	0.09	0.24	0.1	0.15	0.11	0.64	0.23	0.44	0.44	0.44	0.1	0.62	0.19	0.65	0.11	0.44	0.11	0.11	0.11	0.5	0.17	0.3	0.07	0.2	0.44	0.29	0.33	0.1	0.44	0.18	0.44	0.44	0.26	0.17	0.46	0.55	0.55	0.45	0.17	0.46	0.1	0.34	0.1	0.46	0.1	0.42	0.34
0.14	0.32	0.1	0	0.17	0.55	0.15	0.05	0.05	1.04	0.16	6.51	0.07	0.08	0.39	0.59	0.04	0.99	0.49	0.05	0.1	0.18	0.23	0.18	0.5	0.24	0.02	0.07	0.91	0.08	0.4	0.41	0.05	0.15	0.11	0.42	0.05	0.29	0.68	0.54	0.05	0.15	0.04	0.17	1.43	0.93	0.23	0.06	0.73	0.13	0.05	0.33	0.04	0.44	0.44	0.44	0.05	0.04	0.95	0.13	0.07	0.53	0.02	0.45	0.17	0.37	0.04	0.14	0.04	0.06	0.31	0.47	0.44	0.31	0.48	0.16	0.25	0.49	0.33	0.48	0.07	0.17	0.08	0.24	0.69	0.45	0.6	1.02	0.4	0.05	0.17	0.61	0.08	0.4	0	0.11	0.41	0.41	0.28
0.44	0.14	0.17	0.45	0	0.67	0.02	0.15	0.11	0.78	0.02	0.36	0.13	0.3	0.28	0.13	0.43	0.24	0.22	0.49	0.16	0.09	0.24	0.45	0.13	0.13	0.14	0.36	0.46	0.14	0.44	0.16	0.45	0.12	0.13	0.06	0.17	0.39	0.04	0.49	0.14	0.08	0.36	0.06	0.02	0	0.47	0.41	0.2	0.04	1.05	0.11	0.13	0.08	0.14	0.02	0.13	0.14	0.1	0.1	0.12	0.03	0.15	0.13	0.53	0.06	0.44	0.02	0.17	0.16	0.14	0.02	0.29	0.18	0.12	0.09	0.46	0.13	0.46	0.13	0.34	0.13	0.13	0.44	0.48	0.1	0.06	0.42	0.1	0.12	0.01	0.55	0.13	0.22	0.15	0.43	0.41	0.13	0.24
0.3	0.24	0.36	0.22	0.29	0	0.31	0.45	0.24	0.49	0.31	0.25	0.26	0.49	0.49	0.25	0.51	0.11	0.49	0.24	0.53	0.65	0.29	0.53	0.95	0.24	0.21	0.48	0.3	0.49	0.31	0.59	0.25	0.45	0.29	0.23	0.49	0.41	0.29	0.32	0.24	0.3	0.5	0.33	0.74	0.33	0.89	0.79	0.51	0.29	0.53	0.49	0.23	0.33	0.27	0.31	0.24	0.99	0.59	0.32	0.28	0.77	0.21	1.09	0.59	0.22	0.22	0.49	0.23	0.25	0.6	0.3	0.29	0.11	0.6	0.31	0.32	0.24	0.4	0.26	0.26	0.7	0.27	0.23	0.48	0.41	0.4	0.91	0.41	0.25	0.61	0.12	0.27	0.42	0.51	0.24	0.22	0.24	0.44
0.25	0.12	0.52	0.4	0.02	0.3	0	0.13	0.12	0.15	0.11	1.96	0.15	0.1	0.43	0.09	0.15	0.46	0.23	0.12	0.96	0.03	0.24	0.03	0.03	0.46	0.14	0.17	0.18	0.46	0.02	0.04	0.12	0.02	0.11	0.07	0.11	0.17	0.36	0.1	0.14	0.03	0.47	0.03	0.24	0.25	0.15	0.14	0.48	0.03	0.11	0.08	0.11	0.05	0.12	0.01	0.13	0.11	0.04	0.02	0.12	0.02	0.48	0.15	0.03	0.09	0.48	0	0.47	0.13	0.13	0.03	0.48	0.18	0.1	0.03	0.48	0.06	0.2	0.15	0.5	0.05	0.48	0.07	0.58	0.03	0.08	0.04	0.02	0.12	0.04	0.48	0.12	0.34	0.14	0.11	0.14	0.48	0.32
0.13	0.02	0.11	0.05	0.13	0.46	0.15	0	0.4	0	0.36	7.49	0.05	0.03	0.39	0.21	0.07	0.37	0.29	0.03	0.12	0.47	0.21	0.47	0.47	0.03	0.04	0.02	0.1	0.06	0.12	0.17	0.29	0.14	0.05	0.38	0.03	0.22	0.26	0.49	0.04	0.12	0.02	0.16	0.46	0.45	0.22	0.34	0.49	0.11	0.84	0.38	0.02	0.17	0.06	0.49	0	0.03	0.18	0.12	0.03	4.05	0.03	3.05	0.16	0.44	0.05	0.13	0.05	0.5	0.41	0.16	0.32	0.91	0.45	0.41	0.22	0.17	0.6	0.05	0.05	0.16	0.06	0.43	0.28	0.14	0.82	0.43	0.12	0.03	0.14	0.3	0.05	0.34	0.42	0.42	0.05	0.03	0.5
0.11	0.35	0.07	0.05	0.13	0.92	0.42	0.02	0	0.04	0.11	5.7	0.18	0.63	0.35	0.46	0.05	0.78	1.47	0.02	0.06	0.14	0.46	0.12	0.12	0.01	0.03	0.46	0.1	0.04	0.34	0.37	0.02	0.19	0.06	0.52	0.02	0.02	0.47	0.21	0.03	0.1	0.02	0.14	0.15	0.47	0.21	0.31	0.31	0.18	0.03	0.47	0.02	0.19	0.93	0.42	0.02	0.47	1.04	0.11	0.02	0.88	0.03	0.47	0.16	0.17	0.04	0.1	0.05	0.03	0.03	0.42	0.11	0.26	0.02	0.12	0.48	0.17	0.32	0.03	0.02	0.48	0.25	0.18	0.27	0.35	0.17	0.14	0.09	0	0.4	0.56	0.03	0.61	0.05	0.02	0.49	0.37	0.31
0.12	0.02	0.1	2.36	0.15	0.24	0.47	1.5	0.89	0	0.12	2.42	0.2	0.03	0.36	0.39	0.05	0.2	0.32	0.36	0.05	0.2	0.48	0.15	0.3	0.2	0.04	0.02	0.49	0.06	0.11	0.49	0.41	0.14	0.87	0.19	0.97	0.03	0.12	0.21	0.08	0.14	0.05	0.15	0.14	0.15	0.31	0.03	0.33	0.11	0.04	0.2	0.9	0.19	0.06	0.13	0.4	0.05	0.57	0.5	0.03	0.13	0.4	0.59	0.25	0.16	0.21	0.14	0.05	1.3	0.65	0.9	1.53	0.83	0.35	1.86	1.81	1.31	0.81	1.83	1.15	0.82	0.78	1.83	1.68	1.31	1.21	3.02	2.44	1.98	1.92	1.92	1.16	1.32	1.02	1.22	1.51	1.42	1.44
0.01	0.11	0.45	0.25	0.02	0.31	0.01	0.14	0.45	0.98	0	3.27	0.12	0.12	0.46	0.1	0.14	0.25	0.53	0.47	0.57	0.28	0.47	0.03	0.03	0.11	0.16	0.14	0.18	0.15	0.05	0.03	0.24	0.02	0.11	0.08	0.13	0.13	0.98	0.03	0.35	0.02	0.28	0.03	0.17	0.02	0.15	0.13	0.22	0.02	0.23	0.07	0.13	0.06	0.12	0.01	0.49	0.9	0.03	0.02	0.18	0.07	0.13	0.15	0.02	0.06	0.14	0.01	0.16	0.15	0.14	0.25	0.4	0.18	0.11	0.03	0.03	0.42	0.3	0.11	0.13	0.41	0.21	0.07	0.57	0.03	0.08	0.06	0.25	0.12	0.41	0.33	0.42	0.22	0.17	0.13	0.42	0.13	0.59
0.21	0.32	0.35	0.34	0.43	0.25	2.61	1.69	5.81	1.04	2.25	5.53	0.82	11.9	0.06	1.55	1.58	1.87	7.84	0.45	1.05	12.1	0.17	0.2	0.2	0.3	0.31	1.52	6.91	1.84	1.71	0.18	1.26	8.54	0.84	0.14	0.47	0.89	4.86	1.92	0.33	0.56	0.33	0.23	0.86	0.26	0.77	0.8	0.4	0.67	1.03	0.76	4.22	6.06	1.96	0.21	1.22	1.17	3.82	2.97	5.24	0.78	2.69	0.96	2.08	8.27	0.48	0.34	0.34	1.08	0.58	0.37	2.15	2.16	4.83	0.23	1.9	9.89	0.01	1.59	12.2	0.2	0.33	1.37	1.22	3.48	0.14	0.17	0.23	0.31	0.48	0.82	9.56	0.59	7.79	3.97	2.16	0.34	1.61
0.14	0.04	0.49	0.07	0.13	0.26	0.11	0.05	0.03	0.05	0.11	8.25	0	0.05	0.34	0.2	0.92	0.43	0.43	0.17	0.12	0.25	0.2	0.43	0.44	0.34	0.56	0.08	0.12	0.01	0.11	0.37	0.05	0.12	0.44	0.23	0.02	0.32	0.11	0.15	0.22	0.11	0.04	0.11	0.14	0.44	0.47	0.06	0.32	0.17	0.03	0.59	0.03	0.17	0.01	0.1	0.4	0.04	0.44	0.44	0.26	0.43	0.06	0.44	0.14	0.17	0.07	0.12	0.07	0.45	0.31	0.13	0.12	0.66	0.03	0.46	0.46	0.17	0.31	0.08	0.03	0.15	0.01	0.52	0.31	0.47	0.18	0.47	0.11	0.5	0.13	0.45	0	0.8	0.24	0.04	0.4	0.04	0.27
0.12	0.02	0.08	0.08	0.12	0.24	0.12	0.03	0.01	0.03	0.13	8.45	0.05	0	0.53	0.21	0.11	0.7	0.4	0.4	0.4	0.15	0.18	0.13	0.12	0.01	0.41	0.05	0.12	0.06	0.32	0.41	0.41	0.66	0.38	0.17	0.41	0.12	0.72	0.42	0.04	0.12	0.42	0.14	0.5	0.22	0.23	0.08	0.67	0.1	0.42	0.19	0.42	0.17	0.06	0.39	0.03	0.42	0.15	0.1	1.16	0.43	0.03	0.23	0.16	0.27	0.04	0.43	0.05	0.43	0.1	0.73	0.43	0.44	0.02	0.13	0.21	0.29	0.84	0.05	0.03	0.14	0.06	0.2	0.29	0.14	0.44	0.29	0.12	0.01	0.44	0.65	0.05	0.35	0.18	0.04	0.08	0.04	2.85
0.25	0.77	0.37	0.97	0.47	0.16	0.28	0.77	0.36	0.44	0.26	4.02	0.34	0.44	0	0.16	0.48	0.44	0.33	0.78	0.38	0.44	0.32	0.25	0.25	0.45	0.42	0.45	0.4	0.35	0.22	0.35	0.95	0.53	0.59	0.96	0.35	0.39	0.26	0.27	0.39	0.96	0.38	0.46	0.25	0.86	0.46	0.96	0.46	0.46	0.39	0.3	0.37	0.56	0.35	0.26	0.37	0.38	0.18	0.23	0.46	0.92	0.37	0.37	0.53	0.46	0.77	0.5	0.47	0.39	0.67	0.25	0.47	0.22	0.35	0.23	0.27	0.47	0.1	0.59	0.36	0.47	0.37	0.51	0.43	0.23	0.57	0.22	0.77	0.38	0.57	0.25	0.48	0.31	0.64	0.36	0.4	0.38	0.55
0.1	0.21	0.22	0.26	0.45	0.25	0.1	0.22	0.21	1.53	0.1	2.01	0.2	0.2	0.16	0	0.23	0.41	0.17	0.63	0.2	0.07	0.41	0.09	0.09	0.47	0.22	0.23	0.27	0.21	0.45	0.03	0.21	0.13	0.48	0.38	0.23	0.43	0.44	0.5	0.23	0.45	0.21	0.12	0.09	0.95	0.43	0.23	0.53	0.35	0.45	0.03	0.23	0.1	0.21	0.33	0.43	0.22	0.46	0.39	0.21	0.6	0.23	0.56	0.04	0.01	0.47	0.1	0.56	0.47	0.23	0.09	0.13	0.47	0.21	0.48	0.11	0.3	0.48	0.21	0.22	0.06	0.49	0.02	0.49	0.08	0.43	0.06	0.07	0.35	0.09	0.17	0.29	0.17	0.24	0.9	0.24	0.22	0.52
0.19	0.23	0.11	0.92	0.42	0.26	0.15	0.05	0.05	1.22	0.28	5.81	0.07	0.34	0.39	0.41	0	0.91	0.33	0.32	0.16	0.18	0.41	0.18	0.49	0.28	0.02	0.41	0.12	0.08	0.14	0.19	0.37	0.42	0.06	0.21	0.72	0.35	0.42	0.24	0.25	0.15	0.04	0.16	0.19	0.16	0.63	0.05	0.35	0.23	0.41	0.24	0.04	0.17	0.41	0.51	0.43	0.04	0.53	0.15	0.05	0.44	0.02	0.23	0.18	0.18	0.03	0.44	0.03	0.06	0.23	0.16	0.47	0.45	0.05	0.48	0.24	0.95	0.45	0.07	0.07	0.18	0.08	0.22	0.97	0.47	0.22	0.5	0.47	0.05	0.17	0.35	0.07	0.77	0.59	0.05	0.03	0.05	0.33
0.25	0.19	0.51	0.42	0.42	0.42	0.52	0.2	0.42	0.42	0.62	3.94	0.2	0.3	0.16	0.2	0.59	0	0.04	0.18	0.48	0.25	0.74	0.5	0.25	0.21	0.2	0.22	0.43	0.21	0.56	0.85	0.45	0.23	1.55	0.18	0.47	0.18	1.05	0.55	0.21	0.26	0.56	0.27	0.46	0.24	0.36	0.21	0.66	0.24	0.18	0.22	0.46	0.28	0.21	0.27	0.46	0.18	0.2	0.26	0.2	0.57	0.2	0.36	0.97	0.47	0.47	0.47	0.22	0.22	0.19	0.47	0.23	0.09	0.19	0.47	0.27	0.19	0.46	0.47	0.21	0.22	0.22	0.18	0.47	0.27	0.18	0.22	0.26	0.47	0.24	0.21	0.2	0.06	0.48	0.19	0.48	0.19	0
0.63	0.22	0.29	0.34	0.22	0.11	0.23	0.31	0.34	0.6	0.46	7.1	0.33	0.34	0.7	0.17	0.3	0.2	0	0.24	1.24	0.21	0.2	0.23	0.24	0.44	0.74	0.32	0.4	0.34	0.61	0.19	0.3	0.21	0.34	0.17	0.24	0.55	0.23	0.61	0.27	0.22	0.23	0.49	0.58	0.28	1.27	0.31	0.33	0.6	0.24	0.17	0.26	0.24	0.48	0.24	0.34	0.93	0.21	0.23	0.6	1.14	0.29	0.35	0.2	0.51	0.3	0.42	0.42	0.31	0.6	0.71	0.23	0.05	0.62	0.61	0.23	0.18	0.26	0.33	0.34	0.24	0.49	0.16	0.58	0.59	0.17	0.21	0.22	0.34	0.23	0.05	0.33	0.05	0.48	0.5	0.59	0.23	0.22
0.52	0.02	0.08	0.46	0.14	0.46	0.14	0.03	0.02	0.03	0.13	1.45	0.03	0.04	0.36	0.22	0.05	0.18	0.4	0	0.71	0.16	0.46	0.53	0.17	0.04	0.03	0.05	0.45	0.04	0.95	0.18	0.12	0.15	0.04	0.45	0.01	0.01	0.45	0.55	0.02	0.12	0.02	0.39	0.19	0.36	0.95	0.04	0.33	0.08	0.01	0.19	0.01	0.51	0.45	0.1	0.03	0.02	0.5	0.23	0.03	0.81	0.44	0.19	0.17	0.44	0.05	0.12	0.44	0.12	0.01	0.45	0.16	0.44	0.02	0.12	0.85	0.31	0.74	0.03	0.04	0.15	0.17	0.45	0.26	0.12	0.19	0.95	0.09	0.11	0.45	0.46	0.04	0.75	0.05	0.02	0.05	0.46	0.18
0.46	0.05	0.29	0.43	0.16	0.46	0.12	0.06	0.06	0.48	0.12	6.46	0.08	0.06	0.38	0.21	0.08	0.98	0.48	0.06	0	0.43	0.48	1.99	0.48	0.13	0.06	0.06	0.18	0.23	0.12	0.48	0.06	0.13	0.01	0.59	0.06	0.29	0.12	0.18	0.06	0.14	0.05	0.12	0.35	0.16	0.28	0.06	0.56	0.13	0.16	0.19	0.05	0.33	0.29	0.49	0.49	0.06	0.49	0.4	0.07	0.43	0.06	0.4	0.19	0.19	0.38	0.4	0.1	0.06	0.3	0.16	0.4	0.32	0.6	0.16	0.18	0.49	0.32	0.09	0.41	0.53	0.21	0.2	0.23	0.15	0.18	0.41	0.14	0.06	0.41	0.32	0.09	0.33	0.47	0.42	0.39	0.06	0.36
0.03	0.43	0.43	0.17	0.26	0.31	0.03	0.37	0.13	0.5	0.03	0.48	0.43	0.16	0.22	0.07	0.18	0.43	0.43	0.16	0.18	0	0.08	0.34	0.04	0.43	0.43	0.18	0.56	0.16	0.04	0.04	0.15	0.48	0.61	0.07	0.13	0.22	0.04	0.03	0.17	0.02	0.16	0.43	0.52	0.09	0.16	0.43	0.33	0.03	0.94	0.27	0.16	0.08	0.44	0.45	0.16	0.23	0.28	0.04	0.16	0.64	0.15	0.16	0.03	0.05	0.47	0.04	0.17	0.16	0.17	0.05	0.17	0.2	0.47	0.03	0.03	0.16	0.21	0.15	0.16	0.03	0.17	0.07	0.48	0.04	0.34	0.48	0.04	0.28	0.22	0.19	0.15	0.56	0.17	0.85	0.4	0.16	0.22
0.08	0.19	0.19	0.23	0.14	0.41	0.08	0.2	0.19	0.19	0.23	10.9	1.12	0.36	0.41	0.02	0.62	0.21	0.19	0.19	0.2	0.08	0	0.42	0.09	0.42	0.42	0.23	0.42	0.52	0.52	0.06	0.52	0.13	0.17	0.43	0.21	0.2	0.09	0.06	0.2	0.08	0.21	0.43	0.1	0.47	0.43	0.23	0.18	0.44	0.2	0.44	0.44	0.11	0.21	0.09	0.44	0.21	0.44	0.44	0.2	0.44	0.22	0.21	0.05	0.45	0.45	0.55	0.22	0.44	0.21	0.45	0.45	0.14	0.66	0.08	0.06	0.08	0.16	0.21	0.46	0.11	0.46	0.04	0.49	0.09	0.04	0.11	0.46	0.18	0.46	0.15	0.21	0.47	0.57	0.57	0.57	0.88	0.19
0.21	0.16	0.46	0.16	0.01	0.3	0.03	0.24	0.13	0.17	0.03	5.91	0.13	0.14	0.25	0.41	0.19	0.24	0.23	0.15	0.15	0.04	0.28	0	0.02	0.51	0.21	0.32	0.23	0.15	0.38	0.57	0.48	0.01	0.14	0.09	0.13	0.48	0.03	0.09	0.38	0.04	0.48	0.05	0.35	0.09	0.56	0.16	0.21	0.04	0.13	0.49	0.16	0.07	0.32	0.03	0.17	0.14	0.05	0.04	0.69	0.04	0.5	0.13	0.14	0.12	0.4	0.29	0.18	0.16	0.16	0.01	0.4	0.19	0.13	0.05	0.09	0.06	0.28	0.41	0.16	0.04	0.14	0.08	0.15	0.05	0.09	0.04	0.41	0.16	0.01	0.55	0.14	0.42	0.16	0.15	0.17	0.14	0.22
0.03	0.13	0.18	0.43	0.01	0.3	0.03	0.17	0.37	0.66	0.03	4.26	0.36	0.45	0.25	0.09	0.24	0.25	0.23	0.15	0.45	0.05	0.45	0.02	0	0.46	0.15	0.17	0.22	0.46	0.04	0.05	0.15	0.01	0.14	0.46	0.14	0.13	0.04	0.09	0.17	0.04	0.15	0.13	0.23	0.01	0.14	0.43	0.47	0.04	0.73	0.22	0.15	0.08	0.4	0.03	0.97	0.14	0.05	0.04	0.16	0.04	0.16	0.14	0.05	0.07	0.16	0.03	0.18	0.15	0.98	0.03	0.01	0.68	0.13	0.05	0.09	0.06	0.2	0.14	0.14	0.05	0.15	0.07	0.2	0.35	0.07	0.2	0.04	0.14	0.02	0.18	0.2	0.5	6.22	0.4	0.9	0.4	0.22
0.32	0	0.06	0.08	0.45	0.24	0.12	0.03	0.46	0.79	0.46	5.69	0.05	0.37	0.36	0.53	0.05	0.48	0.34	0.25	0.48	0.13	0.57	0.14	0.49	0	0.99	0.05	0.09	0.06	0.49	0.15	0.59	0.23	0.18	0.2	0.03	0.08	0.26	0.27	0.04	0.12	0.03	0.13	0.3	0.49	0.49	0.35	0.31	0.09	0.34	0.16	0.03	0.15	0.05	0.1	0.06	0.03	1	0.1	0.02	0.62	0.04	0.4	0.15	0.53	0.05	0.12	0.4	0.04	0.38	0.14	0.4	0.28	0.02	0.4	0.2	0.17	0.52	0.4	0.24	0.17	0.05	0.38	0.78	0.12	0.2	0.4	0.13	0.29	0.15	0.9	0.15	0.32	0.08	0	0.27	0	0.21
0.14	0.31	0.1	0.02	0.14	0.21	0.15	0.04	0.49	0.05	0.24	1.3	0.69	0.03	0.69	0.37	0.02	0.2	0.7	0.15	0.06	0.17	0.23	0.16	0.6	0.21	0	0.33	0.18	0.12	0.4	0.18	0.4	0.15	0.05	0.4	0.03	0.03	0.11	0.22	0.03	0.15	0.03	0.18	0.17	0.23	0.91	0.04	0.34	0.1	0.26	0.91	0.25	0.16	0.06	0.13	0.04	0.08	0.41	0.13	0.04	0.93	0	0.62	0.41	0.18	0.12	0.14	0.42	0.05	0.42	0.16	0.63	0.55	0.04	0.53	0.47	0.41	0.43	0.08	0.34	0.43	0.06	0.43	0.83	0.14	0.59	0.38	0.13	0.04	0.56	0.32	0.06	0.74	0.02	0.03	0.02	0.32	0.42
0.51	0.04	0.46	0.18	0.15	0.26	0.56	0.02	0.04	1.22	0.14	0.35	0.91	0.21	0.41	0.24	0.31	0.41	0.32	0.07	0.08	0.19	0.41	0.17	0.16	0.05	0.41	0	0.41	0.08	0.41	0.17	0.02	0.16	0.92	0.21	0.27	0.12	0.41	0.23	0.21	0.15	0.05	0.16	0.41	0.26	0.41	0.41	0.36	0.39	0.4	0.41	0.04	0.18	0.08	0.37	0.41	0.16	0.31	0.14	0.05	0.93	0.05	0.24	0.41	0.18	0.06	0.15	0.07	0.42	0.3	0.18	0.42	0.33	0.09	0.16	0.23	0.93	0.36	0.3	0.06	0.18	0.43	0.52	0.3	0.14	0.46	0.64	0.44	0.05	0.16	0.34	0.07	0.45	0.07	0.07	0.07	0.05	0.39
0.69	0.31	0.59	0.69	0.5	0.99	0.17	0.44	0.45	1.17	0.61	0.53	0.12	0.11	0.39	0.25	0.87	0.37	0.38	0.16	0.46	0.21	0.23	0.48	0.96	0.46	0.41	0.41	0	0.46	0.18	0.21	0.46	0.43	0.39	0.25	0.46	0.09	0.17	0.46	0.1	0.16	0.25	0.16	0.47	0.53	0.57	0.13	0.39	0.17	0.11	0.23	0.1	0.2	0.13	0.17	0.47	0.09	0.29	0.19	0.11	0.48	0.47	0.47	0.18	0.36	0.47	0.17	0.13	0.11	0.47	0.19	0.23	0.48	0.1	0.2	0.48	0.24	0.39	0.13	0.13	0.25	0.13	0.25	0.68	0.48	0.25	0.45	0.18	0.09	0.24	0.36	0.48	0.37	0.48	0.92	0.53	0.48	0.71
0.45	0.05	0.1	0.51	0.13	0.31	0.13	0.06	0.24	1.73	0.13	5.21	0.01	0.06	0.68	0.22	0.48	0.21	0.35	0.07	0.23	0.16	0.48	0.15	0.15	0.13	0.07	0.08	0.13	0	0.6	0.17	0.06	0.14	0.09	0.19	0.04	0.04	0.12	0.49	0.91	0.12	0.05	0.5	0.8	0.13	0.6	0.06	0.45	0.19	0.77	0.22	0.4	0.16	0	0.4	0.06	0.05	0.4	0.7	0.05	0.61	0.07	0.23	0.29	0.18	0.08	0.13	0.42	0.07	0.05	0.42	0.13	0.29	0.43	0.14	0.16	0.19	0.44	0.38	0.04	0.16	0	0.51	0.29	0.15	0.2	0.45	0.12	0.05	0.34	0.46	0.01	0.46	0.08	0.38	0.39	0.22	0.57
0.35	0.11	0.44	0.45	0.1	0.31	0.02	0.43	0.1	0.59	0.01	6.16	0.11	0.44	0.23	0.44	0.15	0.26	0.53	0.94	0.15	0.04	0.25	0.03	0.04	0.12	0.37	0.45	0.16	0.12	0	0.05	0.94	0.09	0.38	0.08	0.45	0.24	0.22	0.45	0.1	0.03	0.45	0.01	0.04	0.29	0.15	0.39	0.55	0.01	0.09	0.08	0.45	0.06	0.12	0.1	0.11	0.11	0.23	0.18	0.1	1.06	0.13	0.45	0.04	0.09	0.46	0.02	0.43	0.13	0.11	0.4	0.18	0.18	0.1	0.03	0.04	0.4	0.25	0.11	0.6	0.11	0.12	0.41	0.42	0.03	0.09	0.37	0	0.11	0.03	1.01	0.41	0.23	0.46	0.1	0.13	1.2	0.61
0.04	0.16	0.97	0.21	0.1	0.44	0.2	0.18	0.14	0.16	0.03	7.64	0.37	0.14	0.18	0.03	0.19	0.2	0.19	0.15	0.95	0.46	0.44	0.36	0.07	0.14	0.16	0.18	0.51	0.44	0.75	0	0.17	0.4	0.15	0.03	0.45	0.56	0.05	0.04	0.16	0.08	0.15	0.46	0.06	0.47	0.92	0.46	0.17	0.05	0.93	0.39	0.16	0.06	0.48	0.05	0.17	0.52	0	0.05	0.14	0.39	0.18	0.17	0.04	0.02	0.19	0.04	0.5	0.27	0.5	0.05	0.09	0.4	0.5	0.17	0.04	0.05	0.17	0.16	0.16	0.05	0.41	0.41	0.23	0.09	0.03	0.09	0.04	0.14	0.05	0.14	0.3	0.18	3.13	0.17	0.17	0.16	0.18
0.42	0.02	0.11	0.08	0.15	0.41	0.12	0.01	0.03	0.53	0.14	0.54	0.08	0.35	0.38	0.22	0.05	0.2	0.47	0.04	0.08	0.15	0.2	0.16	0.16	0.19	0.04	0.02	0.1	0.06	0.11	0.47	0	0.13	0.05	0.19	0.03	0.05	0.11	0.21	0.03	0.12	0.23	0.15	0.58	0.58	0.22	0.01	0.33	0.11	0.21	0.19	0.02	0.18	0.06	0.12	0.01	0.03	0.58	0.12	0.04	0.4	0.04	0.58	0.56	0.58	0.05	0.14	0.43	0	0.04	0.48	0.48	0.29	0.04	0.13	0.23	0.35	0.5	0.47	0.16	0.23	0.06	0.49	0.28	0.16	0.19	0.49	0.12	0.03	0.17	0.67	0.05	0.35	0.05	0.42	0.05	0.03	0.21
0.02	0.13	0.16	0.17	0	0.46	0.3	0.14	0.44	1.1	0.02	1.35	0.12	0.75	0.27	0.12	0.16	0.96	0.21	0.14	0.13	0.09	0.37	0.01	0.01	0.11	0.15	0.66	0.2	0.13	0.47	0.09	0.15	0	0.12	0.06	0.12	0.46	0.09	0.09	0.15	0.08	0.96	0.06	0.2	0	0.46	0.16	0.46	0.02	0.46	0.13	0.14	0.08	0.13	0.3	0.16	0.47	0.09	0.06	0.28	0.02	0.47	0.25	0.06	0.06	0.15	0.02	0.15	0.47	0.15	0.01	0.05	0.38	0.23	0.09	0.09	0.48	0.24	0.5	0.13	0.68	0.5	0.05	0.58	0.1	0.15	0.03	0.09	0.12	0.01	0.17	0.69	0.55	0.46	0.13	0.16	0.13	0.33
0.14	0.39	0.26	0.08	0.13	0.47	0.1	0.45	0.09	0.98	0.47	4.77	0.07	0.04	0.35	0.19	0.06	0.46	0.34	0.19	0.01	0.56	0.17	0.14	0.42	0.04	0.86	0.05	0.12	0.13	0.11	0.16	0.05	0.12	0	0.17	0.04	0.04	0.46	0.16	0.04	0.13	0.03	0.13	0.45	0.14	0.26	0.45	0.33	0.45	0.04	0.45	0.03	0.52	0.08	0.13	0.05	0.11	0.14	0.26	0.05	0.53	0.45	0.26	0.54	0.19	0.45	0.11	0.06	0.06	0.04	0.46	0.21	0.29	0.05	0.55	0.17	0.18	0.95	0.13	0.45	0.15	0.08	0.18	0.33	0.22	0.17	0.15	0.44	0.06	0.15	0.61	0.07	0.32	0.44	0.44	0.07	0.05	1.04
0.07	0.2	0.93	0.3	0.06	0.23	0.07	0.42	0.17	0.2	0.08	3.29	0.18	0.51	0.18	0.02	0.4	0.18	0.17	0.2	0.18	0.07	0.5	0.09	0.43	0.2	0.53	0.22	0.26	0.31	0.08	0.31	0.2	0.06	0.57	0	0.19	0.2	0.61	0.42	0.2	0.09	0.41	0.38	0.48	0.41	0.19	0.42	0.15	0.07	0.45	0.04	0.42	0.09	0.19	0.08	0.19	0.57	0.24	0.16	0.18	0.08	0.19	0.19	0.05	0.43	0.25	0.11	0.24	0.2	0.47	0.43	0.39	0.1	0.18	0.1	0.83	0.01	0.13	0.25	0.43	0.05	0.54	0	0.37	0.1	0.01	0.44	0.08	0.2	0.08	0.32	0.64	0.44	0.22	0.2	0.23	0.5	0.44
0.4	0.02	0.08	0.05	0.12	0.5	0.1	0.28	0.02	1.31	0.11	8.36	0.41	0.03	0.45	0.42	0.05	0.18	0.24	0.01	0.06	0.44	0.94	0.44	0.42	0.03	0.43	0.13	0.09	0.09	0.09	0.17	0.03	0.13	0.04	0.19	0	0.01	0.09	0.2	0.02	0.16	0.02	0.12	0.15	0.93	1.04	0.04	0.32	0.09	0.83	0.18	0.01	0.14	0.03	0.44	0.57	0.25	0.28	0.41	0.02	0.51	0.03	0.19	0.44	0.52	0.05	0.11	0.05	0.04	0.02	0.44	0.13	0.29	0.01	0.11	0.2	0.16	0.33	0.21	0.03	0.14	0.03	0.19	0.44	0.13	0.18	0.16	0.11	0.02	0.14	0.45	0.02	0.55	0.05	0.02	0.25	0.02	0.19
0.46	0.12	0.46	0.58	0.66	0.24	0.13	0.04	0.02	1.58	0.46	4.79	0.46	0.04	0.46	0.5	0.04	0.48	0.47	0.01	0.06	0.47	0.47	0.97	0.15	0.04	0.03	0.07	1.99	0.04	0.11	0.49	0.03	0.14	0.04	0.57	0.01	0	0.08	0.48	0.02	0.98	0.02	0.48	0.48	0.71	0.48	0.03	0.35	0.08	0.01	0.32	0.01	0.46	0.04	0.09	0.03	0.01	0.48	0.48	0.49	0.49	0.03	1	0.15	0.49	0.04	0.1	0.69	0.04	0.01	0.15	0.48	0.49	0.02	0.11	0.99	0.49	0.51	0.7	0.04	1	0.04	0.19	0.25	0.91	0.4	0.4	0.1	0.4	0.14	0.41	0.03	0.41	0.05	0.41	0.91	0.32	0.41
0.01	0.48	0.14	0.48	0.2	0.29	0.01	0.13	0.3	0.1	0.01	8.6	0.11	0.11	0.57	0.09	0.57	0.25	0.23	0.36	0.12	0.04	0.48	0.58	0.03	0.12	0.14	0.13	0.48	0.47	0.01	0.28	0.48	0.48	0.51	0.08	0.08	0.1	0	0.05	0.1	0.03	0.1	0	0.17	0.02	0.5	0.11	0.22	0.01	0.1	0.09	0.09	0.1	0.11	0.19	0.11	0.49	0.24	0.12	0.09	0.4	0.13	0.14	0.05	0.07	4.7	0.01	0.13	0.4	0.1	0.03	0.04	0.41	0.1	0.04	0.21	0.42	0.2	0.4	0.1	0.04	0.43	0.08	0.52	0.04	0.43	0.05	0.01	0.1	0.03	0.43	0.38	0.22	0.13	0.34	0.94	0.12	1.95
0.1	0.21	0.19	0.25	0.09	0.32	0.1	0.22	0.48	0.51	0.03	5.7	0.16	1.47	0.47	0.11	0.24	1.48	1.64	0.48	0.2	0.4	0.28	0.24	0.48	0.22	0.23	0.23	0.24	0.48	0.04	0.04	0.49	0.09	0.16	0.09	0.21	0.22	0.43	0	0.23	0.03	0.22	0.14	0.49	0.14	0.48	0.23	0.42	0.18	0.29	0.05	0.22	0.07	0.53	0.05	0.21	0.5	0.04	0.04	0.24	0.33	0.22	0.21	0.03	0.12	0.23	0.1	0.37	0.46	0.49	0.09	0.09	0.2	0.47	0.04	0.05	0.28	0.22	0.5	0.24	0.06	0.26	0.15	0.23	0.4	0.1	0.06	0.04	0.21	0.09	0.56	0.15	0.51	0.25	0.22	0.41	0.21	0.25
0.4	0.09	0.1	0.23	0.16	0.24	0.37	0.42	0.03	1.19	0.12	0.33	0.04	0.04	0.37	0.99	0.05	0.19	0.27	0.02	0.59	0.5	0.21	0.16	0.16	0.04	0.03	0.05	0.12	0.05	0.1	0.48	0.03	0.13	0.04	0.9	0.08	0.92	0.09	0.21	0.4	0.11	0.01	0.12	0.15	0.4	1.11	0.04	0.33	0.1	0.02	0.51	0.01	0.16	0.41	0.17	0.03	0.41	0.51	0.1	0.92	0.1	0.03	0.21	0.3	0.42	0.04	0.43	0.05	0.04	0.11	0.18	0.46	0.44	0.03	0.74	0.22	0.54	0.57	0.11	0.05	0.17	0.05	0.23	0.5	0.12	0.55	0.45	0.1	0.03	0.15	0.31	0.05	0.56	0.05	0.16	0.27	0.01	0.39
0.03	0.11	0.15	0.53	0.09	0.3	0.09	0.12	0.11	0.25	0.02	4.34	0.41	0.13	0.31	0.06	0.15	0.25	0.42	0.39	0.14	0.16	0.08	0.04	0.43	0.11	0.12	0.15	0.17	0.43	0.04	0.08	0.13	0.09	0.13	0.09	0.29	0.12	0.31	0.03	0.54	0	0.12	0.06	0.49	0.36	0.2	0.2	0.4	0.01	0.11	0.4	0.5	0.05	0.13	0.21	0.13	0.1	0.43	0.04	0.1	0.57	0.5	0.2	0.02	0.08	0.44	0.03	0.15	0.14	0.12	0.04	0.37	0.18	0.52	0.01	0.03	0.07	0.21	0.47	0.14	0.02	0.3	0.49	0.2	0.01	0.09	0.09	0.03	0.1	0.04	0.32	0.12	0.22	0.5	0.11	0.18	0.44	0.46
0.14	0.01	0.09	0.04	0.13	0.62	0.62	0.03	0.37	0.02	0.12	0.33	0.04	0.04	0.44	0.2	0.13	0.25	0.23	0.38	0.33	0.15	0.34	0.14	0.44	0.14	0.03	0.04	0.47	0.26	0.11	0.45	0.03	0.29	0.03	0.45	0.1	1.25	0.11	0.22	0.01	0.45	0	0.13	0.53	0.14	0.46	0.03	0.46	0.1	0.06	0.21	0	0.47	0.05	0.1	0.02	0.01	0.15	0.48	0.28	0.76	0.03	0.21	0.15	0.48	0.04	0.18	0.05	0.03	0.03	0.15	0.6	0.29	0.25	0.12	0.22	0.2	0.32	0.05	0.04	0.57	0.05	0.41	0.47	0.13	0.2	0.18	0.11	0.05	0.15	0.3	0.1	0.41	0.42	0.21	0.41	0.01	0.19
0.03	0.4	0.4	0.15	0.04	0.33	0.03	0.17	0.14	0.41	0.34	0.63	0.11	0.13	0.49	0.52	0.16	0.34	0.34	0.6	0.13	0.06	0.12	0.06	0.06	0.4	0.19	0.4	0.48	0.6	0.4	0.07	0.16	0.04	0.12	0.1	0.12	0.65	0.33	0.39	0.34	0.41	0.14	0	0.61	0.41	0.17	0.53	0.25	0.03	0.41	0.61	1.38	0.07	0.48	0.41	0.14	0.43	0.07	0.01	0.41	0.06	0.51	0.17	0.06	0.41	0.16	0.19	0.48	0.26	0.24	0.42	0.1	0.52	0.11	0.04	0.12	0.42	0.62	0.27	0.62	0.11	0.42	0.1	0.24	0.45	0.1	0.08	0.01	0.13	0.07	0.53	0.18	0.26	0.29	0.27	0.15	0.46	0.26
0.03	0.45	0.17	0.18	0.02	0.53	0.03	0.9	0.14	0.56	0.95	4.86	0.14	0.48	0.25	0.48	0.48	0.67	0.48	0.38	0.48	0.44	1.64	0.01	0.03	0.16	0.15	0.48	0.96	0.46	0.04	0.06	0.46	0.36	0.14	0.09	0.98	0.14	0.04	0.48	0.16	0.04	0.49	0.06	0.01	0.02	0.14	0.48	0.48	0.69	0.98	0.49	0.48	0.07	0.49	0.49	1.3	0.18	0.49	0.05	0.15	0.04	0.16	0.49	0.05	0.07	0.49	0.03	0.2	0.49	0.15	0	0.08	0.97	0.16	0.05	0.47	0.06	0.48	0.33	0.49	0.04	0.15	0.08	0.19	0.05	0.09	0.05	0.04	0.46	0.01	0.58	0.66	0.23	0.56	0.14	0.46	0.45	0.95
0.03	0.45	0.45	0.2	0	0.46	0.02	0.16	0.13	0.7	0.02	6.42	0.45	0.13	0.28	0.49	0.25	0.66	0.47	0.14	0.22	0.09	0.48	0.02	0.29	0.13	0.14	0.5	0.18	0.48	0.27	0.43	0.14	0	0.14	0.31	0.88	0.48	0.03	0.48	0.51	0.46	0.14	0.59	0.06	0	0.16	0.22	0.49	0.36	0.79	0.13	0.13	0.07	0.49	0.03	0.14	0.16	0.09	0.1	0.12	0.05	0.5	0.17	0.09	0.08	0.4	0.4	0.85	0.14	0.51	0.41	0	0.18	0.14	0.09	0.41	0.42	0.57	0.14	0.18	0.14	0.41	0.14	0.23	0.41	0.41	0.09	0.49	0.91	0.02	0.41	0.61	0.64	0.4	0.41	0.24	0.27	0.41
0.43	0.21	0.31	0.5	0.15	0.7	0.53	0.48	0.21	1.41	0.91	4.71	0.22	0.23	0.49	0.21	0.23	0.49	0.67	0.19	0.28	0.5	0.21	0.15	0.14	0.4	0.22	0.9	0.33	0.23	0.15	0.53	0.22	0.71	0.5	0.56	0.19	0.61	0.15	0.23	0.2	0.2	1.01	0.17	0.15	0.15	0	0.53	0.33	0.18	0.2	0.42	0.19	0.17	0.22	0.92	0.22	0.23	0.97	0.16	0.21	0.16	0.34	0.01	0.18	0.34	0.43	0.15	0.23	0.22	0.2	0.14	0.44	0.54	0.21	0.21	0.94	0.64	0.31	0.24	0.54	0.28	0.34	0.54	0.13	0.22	0.19	0.17	0.16	0.21	0.95	0.3	0.42	0.42	0.4	0.2	0.45	0.21	1.45
0.22	0.02	0.47	0.26	0.15	0.25	0.14	0.01	0.58	0.13	0.48	0.37	0.05	0.93	0.64	0.22	0.11	0.21	0.44	0.04	0.54	0.44	0.2	0.36	0.44	0.03	0.04	0.03	0.1	0.07	0.11	0.16	0.01	0.15	0.05	0.21	0.04	0.46	0.12	0.23	0.04	0.12	0.03	0.72	0.16	0.37	0.57	0	0.47	0.12	0.06	0.21	0.15	0.16	0.06	0.12	0.01	0.43	0.49	0.49	0.18	0.49	0.04	0.49	0.15	0.16	0.21	0.14	0.06	0.26	0.05	0.16	0.4	0.28	0.06	0.14	0.81	0.41	0.37	0.05	0.41	0.15	0.06	0.24	0.42	0.13	0.21	0.52	0.42	0.03	0.42	0.31	0.23	0.71	0.63	0.43	0.05	0.27	0.43
0.24	0.33	0.36	0.9	0.5	0.37	0.22	0.48	0.32	0.97	0.42	2.01	0.4	0.51	0.06	0.17	0.36	0.9	0.41	0.67	0.72	0.22	0.18	0.21	0.41	0.4	0.41	0.73	0.37	0.34	0.23	0.17	0.33	0.2	0.95	0.15	0.33	0.39	0.22	0.24	0.33	0.23	0.34	0.24	0.42	0.2	0.56	0.34	0	0.22	0.34	0.18	0.34	0.24	0.52	0.42	0.47	0.42	0.17	0.45	0.52	0.73	0.93	0.42	0.95	0.15	0.35	0.42	0.35	0.34	0.36	0.43	0.45	0.25	0.32	0.24	0.42	0.16	0.02	0.33	0.35	0.2	0.92	0.14	0.39	0.24	0.15	0.42	0.43	0.83	0.42	0.26	0.44	0.93	5.66	0.43	0.56	0.34	0.66
0.09	0.34	0.14	0.41	0.04	0.3	0.02	0.11	0.18	0.71	0.29	2.34	0.18	0.23	0.43	0.1	0.12	0.25	0.53	0.08	0.13	0.3	0.54	0.04	0.1	0.44	0.1	0.12	0.16	0.96	0.01	0.05	0.11	0.02	0.67	0.07	0.09	0.08	0.14	0.04	0.1	0.27	0.1	0.54	0.04	0.06	0.18	0.12	0.22	0	0.22	0.45	0.09	0.06	0.45	0.01	0.11	0.41	0.45	0.01	0.45	0.2	0.4	0.15	0.04	0.08	0.12	0.03	0.13	0.12	0.09	0.04	0.2	0.2	0.1	0.05	0.04	0.37	0.46	0.24	0.12	0.46	0.19	0.07	0.53	0.27	0.07	0.46	0	0.18	0.09	0.18	0.18	0.22	0.46	0.09	0.12	0.77	0.22
0.41	0.49	0.08	0.05	0.14	0.25	0.12	0.41	0.02	0.04	0.47	0.34	0.42	0.04	0.44	0.21	0.05	0.5	0.99	0.24	0.06	0.14	0.5	0.5	0.49	0.03	0.04	0.05	0.49	0.04	0.09	0.16	0.29	0.99	0.12	0.49	0.02	0.01	0.48	0.48	0.02	0.51	0.03	0.51	0.37	1	0.47	0.46	0.34	0.45	0.02	0.43	0.01	0.43	0.03	0.93	0.04	0.04	0.45	0.49	0.02	0.49	0.04	0.2	0.14	0.98	0.48	0.13	0.47	0.47	0.02	0.16	0.46	0.99	0.02	0.11	0.45	0.19	0.32	0.03	0.04	0.98	0.03	0.21	0.96	0.42	0.43	0.18	0.13	0.04	0.18	0.51	0.94	0.53	0.06	0.44	0.45	0.04	0.5
0.43	0.2	0.22	0.23	0.5	0.61	0.41	0.5	0.2	0.92	0.42	0.41	0.2	0.19	0.18	0.03	0.41	0.27	0.17	0.18	0.41	0.41	0.01	0.35	0.09	0.41	0.2	0.24	0.95	0.22	0.44	0.03	0.41	0.13	0.49	0.42	0.42	0.44	0.09	0.05	0.44	0.42	0.2	0.1	0.44	0.42	0.42	0.42	0.18	0.07	0.21	0	0.42	0.12	0.21	0.08	1	0.42	0.17	0.39	0.43	0.23	0.64	0.21	0.44	0.03	0.44	0.08	0.23	0.21	0.19	0.44	0.2	0.14	0.3	0.12	0.45	0.26	0.16	0.2	0.19	0.04	0.45	0.22	0.27	0.09	0.04	0.08	0.46	0.21	0.08	0.15	0.21	0.18	0.56	0.38	0.59	0.2	0.19
0.26	0.2	0.09	0.22	0.14	0.23	0.11	0.02	0.24	0.82	0.13	1.07	0.11	0.03	0.37	0.22	0.04	0.18	0.26	0.01	0.18	0.63	0.6	0.15	0.42	0.21	0.02	0.42	0.09	0.04	0.46	0.16	0.03	0.12	0.03	0.19	0.01	0.01	0.1	0.2	0.01	0.26	0	0.14	0.4	0.13	0.19	0.05	0.34	0.09	0.08	0.17	0	0.15	0.04	0.1	0.37	0.01	0.49	0.34	0.03	0.11	0.02	0.2	0.15	0.15	0.03	0.43	0.28	0.33	0.02	0.15	0.47	0.27	0.47	0.12	0.2	0.18	0.33	0.05	0.04	0.18	0.04	0.57	0.25	0.47	0.18	0.17	0.13	0.02	0.14	0.51	0.04	0.56	5.29	0.01	0.04	0.01	0.18
0.08	0.19	0.21	0.51	0.09	0.62	0.05	0.17	0.3	0.18	0.45	0.36	0.18	0.15	0.59	0.81	0.19	0.3	0.26	0.5	0.17	0.07	0.13	0.06	0.08	0.16	0.17	0.43	0.23	0.17	0.05	0.08	0.17	0.08	0.17	0.09	0.16	0.36	0.04	0.06	0.16	0.05	0.24	0.07	0.13	0.37	0.2	0.2	0.3	0.43	0.14	0.11	0.48	0	0.17	0.06	0.45	0.16	0.07	0.07	0.17	0.07	0.18	0.17	0.22	0.11	0.21	0.07	0.33	0.18	0.53	0.31	0.21	0.23	0.16	0.07	0.06	0.07	0.24	0.16	0.42	0.05	0.42	0.09	0.47	0.23	0.1	0.22	0.07	0.17	0.4	0.62	0.39	0.24	0.59	0.15	0.49	0.47	0.26
0.13	0.48	0.46	0.08	0.36	0.27	0.13	0.41	0.23	0.36	0.52	0.52	0.01	0.41	0.35	0.21	0.08	0.21	0.34	0.06	0.41	0.15	0.21	0.49	0.14	0.05	0.41	0.12	0.13	0	0.12	0.16	0.41	0.13	0.42	0.19	0.03	0.04	0.11	0.16	0.05	0.12	0.41	0.12	0.14	0.51	0.33	0.41	0.61	0.19	0.13	0.41	0.04	0.16	0	0.12	0.06	0.05	0.27	0.12	0.41	0.31	0.17	0.22	0.46	0.44	0.08	0.13	0.08	0.07	0.05	0.15	0.13	0.42	0.04	0.52	0.16	0.25	0.42	0.01	0.03	0.62	0.03	0.46	0.42	0.13	0.52	0.45	0.42	0.04	0.32	0.3	0.01	0.72	0.42	0.05	0.08	0.19	0.27
0.55	0.11	0.15	0.14	0.46	0.31	0.01	0.41	0.09	0.14	0.25	3.76	0.11	0.5	0.26	0.33	0.15	0.5	0.6	0.1	0.15	0.24	0.09	0.42	0.03	0.1	0.51	0.41	0.17	0.41	0.01	0.42	0.42	0.41	0.64	0.17	0.92	0.09	0	0.05	0.11	0.43	0.1	0	0.42	0.59	0.15	0.13	0.22	0.01	0.74	0.17	0.1	0.07	0.16	0	0.24	0.1	0.05	0.01	0.11	0.27	0.34	0.15	0.04	0.61	0.41	0.02	0.99	0.4	0.41	0.04	0.07	0.49	0.42	0.04	0.05	0.57	0.2	0.51	0.41	0.04	0.12	0.08	0.41	0.04	0.48	0.41	0.41	0.41	0.03	0.19	0.18	0.23	0.41	0.16	0.13	0.14	0.41
0.4	0.02	0.31	0.43	0.15	0.46	0.38	0.97	0.02	0.36	0.27	7.31	0.05	0.03	0.38	0.21	0.05	0.56	0.3	0.03	0.57	0.38	0.6	0.6	0.16	0.03	0.03	0.4	0.09	0.37	0.11	0.37	0.4	0.14	0.05	0.19	0.03	0.4	0.28	0.21	0.03	0.33	0.41	0.14	0.21	0.15	0.29	0.89	0.71	0.11	0.41	0.41	0.35	0.17	0.06	0.12	0	0.03	0.41	0.11	0.38	0.38	0.04	0.41	0.17	0.41	0.05	0.12	0.42	0.15	0.04	0.51	0.61	0.28	0.03	0.13	0.41	0.53	0.34	0.05	0.13	0.41	0.05	0.19	0.42	0.83	0.2	0.42	0.13	0.26	0.14	0.42	0.05	0.35	0.05	0.38	0.05	0.03	0.29
0.11	0.02	0.09	0.05	0.13	0.98	0.33	0.03	0.03	0.03	0.48	10.9	0.04	0.04	0.36	0.22	0.04	0.19	0.48	0.02	0.25	0.29	0.44	0.15	0.15	0.03	0.03	0.49	0.09	0.05	0.11	0.17	0.03	0.13	0.04	0.2	0.01	0.01	0.09	0.23	0.02	0.1	0.08	0.45	0.41	0.41	0.2	0.31	0.42	0.09	0.03	0.17	0.28	0.17	0.05	0.12	0.03	0	0.17	0.12	0.04	0.42	0.03	0.53	0.23	0.15	0.43	0.11	0.05	0.36	0.02	0.14	0.13	0.43	0.03	0.11	0.22	0.44	0.32	0.18	0.04	0.53	0.23	0.83	0.74	0.13	0.2	0.17	0.11	0.03	0.3	0.94	0.44	0.34	0.04	0.02	0.04	0.36	0.57
0.04	0.46	0.23	0.44	0.46	0.25	0.04	0.47	0.47	0.15	0.03	2.86	0.47	0.44	0.41	0.13	0.19	0.2	0.19	0.35	0.55	0.04	0.05	0.05	0.48	0.47	0.16	0.19	0.4	0.17	0.04	0.47	0.17	0.09	0.15	0.03	0.43	0.48	0.05	0.04	0.16	0.08	0.22	0.07	0.06	0.09	0.17	0.16	0.17	0.05	0.79	0.19	0.49	0.07	0.49	0.05	0.53	0.15	0	0.49	0.14	0.28	0.18	0.17	0.49	0.02	0.32	0.04	0.34	0.28	0.16	0.05	0.09	0.13	0.6	0.4	0.3	0.4	0.17	0.51	0.17	0.09	0.71	0.41	0.23	0.08	0.03	0.41	0.04	0.25	0.05	0.14	0.15	0.18	0.19	2.12	0.41	0.17	0.17
0.41	0.12	0.14	0.13	0.1	0.41	0.35	0.13	0.39	0.41	0.19	2.09	0.12	0.42	0.23	0.08	0.29	0.26	0.72	0.09	0.29	0.42	0.09	0.23	0.43	0.61	0.13	0.15	0.46	0.42	0.01	0.42	0.12	0.06	0.12	0.09	0.08	0.1	0	0.05	0.1	0.04	0.51	0.01	0.43	0.1	0.16	0.14	0.23	0.01	0.5	0.09	0.11	0.45	0.12	0.01	0.13	0.44	0.06	0	0.11	0.44	0.12	0.4	0.04	0.07	0.15	0.02	0.51	0.42	0.09	0.04	0.46	0.19	0.49	0.04	0.04	0.07	0.46	1.75	0.12	0.05	0.26	0.08	0.22	0.03	0.09	0.08	0.01	0.46	0.04	0.2	0.12	0.22	0.13	0.46	0.46	0.12	0.24
0.34	0.48	0.09	0.18	0.13	0.25	0.1	0.03	0.02	0.7	0.14	1.63	0.04	0.02	0.37	0.2	0.26	0.2	0.34	0.03	0.29	0.4	0.67	0.13	0.3	0.02	0.04	0.48	0.1	0.05	0.12	0.14	0.04	0.12	0.05	0.19	0.02	0.14	0.11	0.21	0.29	0.1	0.03	0.45	0.3	0.26	0.99	0.59	0.35	0.1	0.02	0.18	0.03	0.29	0.04	0.15	0.17	0.03	0.15	0.1	0	0.21	0.04	0.4	0.15	0.16	0.05	0.11	0.35	0.04	0.04	0.14	0.13	0.27	0.01	0.12	0.91	0.41	0.49	0.04	0.03	0.15	0.04	0.18	0.34	0.27	0.19	0.36	0.11	0.02	0.42	0.38	0.44	0.71	0.07	0.12	0.06	0.03	0.33
0.02	0.47	0.17	0.24	0.03	0.99	0.02	0.11	0.46	0.12	0.02	1.16	0.96	0.12	0.46	0.45	0.46	0.95	0.24	0.95	0.15	0.05	0.95	0.04	0.04	0.45	0.94	0.44	0.94	0.95	0.01	0.94	0.12	0.02	0.42	0.44	0.94	0.43	0	0.43	0.44	1.43	0.44	0.01	0.43	1.43	0.43	0.43	0.92	0.22	0.42	0.42	0.92	0.09	0.41	0.01	0.92	0.1	0.42	0.91	0.41	0.92	0.91	0.16	0.05	0.09	0.99	0.02	0.49	0.99	0.49	0.04	0.03	0.19	0.99	0.04	0.05	0.48	0.48	0.48	0.48	0.05	0.48	0.98	1.08	0.04	0.97	0.47	0.01	0.97	0.47	0.47	0.47	0.98	0.47	0.47	0.47	0.46	0.23
0.14	0.11	0.41	0.2	0.15	0.91	0.41	0.03	0.04	0.03	0.41	7.45	0.06	0.03	0.45	0.22	0.17	0.2	0.45	0.03	0.45	0.64	0.41	0.15	0.45	0.04	0	0.05	0.11	0.23	0.12	0.45	0.04	0.86	0.05	0.19	0.38	0.19	0.14	0.24	0.03	0.13	0.03	0.17	0.46	0.14	0.23	0.04	0.37	0.1	0.27	0.39	0.02	0.46	0.06	0.46	0.03	0.03	1.06	0.13	0.04	0.12	0	0.22	0.4	0.17	0.01	0.15	0.03	0.47	0.04	0.19	0.65	0.57	0.47	0.47	0.22	0.2	0.31	0.57	0.05	0.16	0.06	0.6	0.28	0.47	0.21	0.47	0.46	0.04	0.14	0.31	0.59	0.57	0.04	1.07	0.02	0.12	0.27
0.15	0.21	0.61	0.23	0.41	0.42	0.15	0.48	0.49	1.04	0.15	1.44	0.29	0.43	0.76	0.21	0.53	0.36	0.43	0.19	0.27	0.16	0.21	0.16	0.14	0.44	0.28	0.24	0.34	0.23	0.54	0.35	0.54	0.13	0.24	0.19	0.54	0.19	0.15	0.21	0.21	0.44	0.21	0.17	0.59	0.54	0.33	0.22	0.41	0.15	0.22	0.21	0.2	0.19	0.22	0.15	0.22	0.2	0.17	0.36	0.21	0.16	0.55	0	0.56	0.21	0.45	0.15	0.24	0.45	0.57	0.14	0.33	0.35	0.47	0.22	0.21	0.46	0.64	0.22	0.46	0.21	0.22	0.53	0.07	0.22	0.44	0.54	0.16	0.21	0.12	0.3	0.51	0.53	0.54	0.21	0.47	0.21	0.34
0.04	0.47	0.58	0.47	0.09	0.28	0.03	0.41	0.16	0.16	0.03	2.22	0.44	0.13	0.57	0.04	0.18	0.23	0.2	0.17	0.44	0.03	0.05	0.44	0.44	0.15	0.17	0.18	0.18	0.16	0.31	0.75	0.16	0.06	0.15	0.05	0.55	0.38	0.04	0.01	0.16	0.02	0.16	0.06	0.05	0.95	0.18	0.69	0.24	0.04	0.14	0.16	0.45	0.45	0.16	0.04	0.18	0.3	0.17	0.46	0.14	0.35	0.17	1.06	0	0.05	0.18	0.12	0.46	0.17	0.15	0.04	0.09	0.46	0.15	0.04	0.01	0.05	0.87	0.15	0.14	0	0.15	0.05	0.18	0.03	0.53	0.06	0.04	0.47	0.04	0.17	0.15	1.38	0.17	0.14	0.16	0.17	0.2
0.38	0.31	0.43	0.19	0.06	0.44	0.07	0.16	0.18	0.52	0.06	2.43	0.56	0.15	0.48	0.43	0.18	0.18	0.18	0.42	0.35	0.05	0.43	0.07	0.07	0.53	0.17	0.18	0.25	0.19	0.07	0.03	0.16	0.42	0.18	0.01	0.2	0.43	0.42	0.05	0.16	0.08	0.42	0.07	0.11	0.43	0.21	0.16	0.53	0.08	0.32	0.43	0.15	0.09	0.18	0.07	0.41	0.43	0.02	0.07	0.16	0.18	0.17	0.43	0.05	0	0.18	0.45	0.53	0.43	0.15	0.07	0.06	0.13	0.43	0.09	0.05	0.53	0.16	0.38	0.17	0.05	0.18	0.01	0.53	0.07	0.3	0.16	0.08	0.18	0.16	0.11	0.58	0.4	5.39	0.16	0.54	0.18	0.44
0.15	0.04	0.11	0.3	0.17	0.22	0.15	0.05	0.04	2.59	0.15	9.69	0.07	0.04	0.47	0.24	0.03	0.3	0.39	0.05	0.47	0.17	0.47	0.17	0.47	0.09	0.02	0.07	0.31	0.08	0.47	0.19	0.05	0.16	0.06	0.27	0.04	0.38	0.14	0.24	0.04	0.47	0.04	0.36	0.19	0.15	0.23	0.05	0.36	0.11	0.19	0.21	0.48	0.2	0.08	0.15	0.05	0.04	0.98	0.48	0.13	0.42	0.02	0.23	0.56	0.48	0	0.58	0.06	0.06	0.05	0.48	0.33	0.3	0.05	0.16	0.23	0.19	0.32	0.07	0.06	0.54	0.59	0.22	0.58	0.15	0.49	0.55	0.32	0.05	0.16	1	0.07	0.45	0.04	0.05	0.03	0.04	0.57
0.4	0.4	0.15	0.15	0.4	0.33	0.06	0.15	0.1	0.2	0.01	1.49	0.13	0.48	0.68	0.17	0.15	0.25	0.5	0.15	0.12	0.04	0.08	0.03	0.03	0.1	0.23	0.5	0.17	0.22	0.02	0.08	0.14	0.4	0.11	0.08	0.44	0.13	0.41	0.1	0.13	0.03	0.14	0.03	0.38	0.02	0.15	0.14	0.92	0.02	0.19	0.09	1.63	0.07	0.13	0.02	0.14	0.11	0.05	0.42	0.11	1.73	0.15	0.15	0.04	0.09	0.32	0	0.44	0.16	0.13	0.44	0.02	0.33	0.11	0.03	0.44	0.06	0.2	0.11	0.15	0.06	0.13	0.08	0.21	0.45	0.08	0.27	0.02	0.11	0.03	0.45	0.12	0.23	0.46	0.14	0.96	0.12	0.23
0.16	0.04	0.11	0.04	0.16	0.47	0.16	0.4	0.06	0.05	0.46	1.48	0.07	0.29	0.42	0.56	0.03	0.22	0.32	0.47	0.1	0.17	0.23	0.16	0.16	0.22	0.4	0.14	0.12	0.32	0.81	0.45	0.42	0.15	0.12	0.21	0.42	0.05	0.18	0.23	0.53	0.43	0.05	0.17	0.49	0.19	0.46	0.36	0.37	0.14	0.43	0.21	0.04	0.18	0.36	0.44	0.44	0.07	0.19	0.16	0.06	0.63	0.16	0.24	0.45	0.45	0.01	0.16	0	0.95	0.06	0.17	0.76	0.31	0.06	0.21	0.26	0.2	0.63	0.25	0.46	0.41	0.19	0.57	0.3	0.15	0.55	0.68	0.48	0.32	0.48	0.41	0.37	0.36	2.5	0.05	0.04	0.05	0.39
0.13	0.62	0.11	0.06	0.41	0.54	0.15	0.02	0.03	1.28	0.13	5.24	0.06	0.04	0.43	0.42	0.06	0.21	0.43	0.43	0.18	0.17	0.21	0.15	0.16	0.04	0.04	0.02	0.12	0.44	0.17	0.54	0.01	0.52	0.14	0.43	0.82	0.38	0.11	0.25	0.04	0.13	0.04	0.15	0.18	0.2	0.22	0.02	0.34	0.11	0.07	0.21	0.46	0.17	0.07	0.12	0.02	0.43	0.17	0.46	0.04	0.14	0.04	0.23	0.47	0.52	0.2	0.14	0.29	0	0.05	0.15	0.32	0.28	0.04	0.47	0.22	0.21	0.33	0.06	0.48	0.58	0.17	0.22	0.29	0.48	0.2	0.18	0.48	0.03	0.15	0.31	0.06	0.58	0.06	0.03	0.36	0.03	0.21
0.45	0.03	0.65	0.06	0.15	0.27	0.46	0.04	0.03	0.04	0.13	0.56	0.04	0.05	0.38	0.44	0.05	0.44	0.24	0.01	0.42	0.47	0.44	0.15	0.15	0.05	0.64	0.44	0.58	0.05	0.11	0.17	0.04	0.13	0.27	0.22	0.02	0.01	0.1	0.24	0.03	0.11	0.03	0.13	0.44	0.87	0.2	0.05	0.35	0.47	0.4	0.39	0.02	0.16	0.05	0.1	0.04	0.02	0.18	0.09	0.37	0.63	0.04	0.48	0.15	0.15	0.05	0.49	0.06	0.05	0	0.42	0.13	0.26	0.03	0.52	0.5	0.53	0.71	0.04	0.05	0.45	0.05	0.19	0.42	0.33	0.58	0.16	0.43	0.03	0.14	0.42	0.04	0.36	0.05	0.03	0.05	0.03	0.18
0.03	0.13	0.17	0.42	0.02	0.42	0.3	0.16	0.42	0.23	0.38	1.14	0.28	0.14	0.25	0.29	0.47	0.57	0.23	0.15	0.16	0.05	0.09	0.01	0.39	0.14	0.48	0.6	0.19	0.14	0.26	0.05	0.48	0.29	0.15	0.48	0.14	0.66	0.04	0.09	0.49	0.04	0.15	0.05	0	0.4	0.43	0.54	0.21	0.04	0.15	0.73	0.15	0.13	0.14	0.4	0.14	0.17	0.05	0.04	0.13	0.19	0.15	0.14	0.04	0.21	0.16	0.03	0.18	0.51	0.96	0	0.41	0.19	0.46	0.05	0.1	0.42	0.29	0.14	0.43	0.35	0.15	0.08	0.53	0.93	0.09	0.05	0.04	0.13	0.01	0.53	0.14	0.23	0.18	0.84	0.18	0.44	0.47
0.41	0.13	0.17	0.41	0	0.41	0.02	0.14	0.42	0.93	0.02	0.9	0.5	0.11	0.28	0.41	0.6	0.23	0.24	0.41	0.41	0.34	0.71	0.12	0.41	0.41	0.27	0.66	0.18	0.47	0.18	0.41	0.16	0	0.14	0.25	0.16	0.29	0.24	0.42	0.15	0.13	0.42	0.05	0.42	0.15	0.46	0.43	0.2	0.53	0.42	0.17	0.12	0.08	0.21	0.43	0.48	0.22	0.43	0.94	0.43	0.43	0.28	0.16	0.09	0.06	0.54	0.64	0.22	0.15	0.44	0.03	0	0.54	0.44	0.14	0.21	0.61	0.23	0.22	0.94	0.08	0.21	0.44	0.19	0.11	0.44	0.54	0.44	0.13	0.01	0.45	0.85	0.22	0.5	0.13	0.45	0.46	0.56
0.19	0.29	0.54	0.31	0.44	0.12	0.44	0.28	0.27	0.46	0.18	2.74	0.43	0.41	0.22	0.46	0.3	0.66	0.05	0.67	0.32	0.2	0.14	0.19	0.24	0.27	0.28	0.3	0.35	0.29	0.22	0.13	0.28	0.18	0.29	0.22	0.27	0.47	0.7	0.2	0.27	0.48	0.26	0.2	0.3	0.48	0.88	0.28	0.25	0.2	0.32	0.25	0.48	0.24	0.56	0.19	0.3	0.27	0.13	0.48	0.29	0.19	0.28	0.59	0.38	0.13	0.59	0.24	0.81	0.3	0.28	0.49	0.75	0	0.49	0.33	0.59	0.3	0.21	0.45	0.28	0.29	0.3	0.33	0.49	0.2	0.48	0.49	0.5	0.27	0.19	0	0.28	0.03	3.71	0.4	0.78	0.42	0.09
0.45	0.02	0.07	0.06	0.52	0.56	0.12	0.04	0.02	0.97	0.11	0.52	0.03	0.02	0.37	0.88	0.05	0.49	0.39	0.02	0.14	0.49	0.2	0.13	0.59	0.02	0.04	0.06	0.1	0.04	0.33	0.49	0.14	0.46	0.05	0.99	0.01	0.03	0.1	0.21	0.03	0.11	0.05	0.5	0.14	0.24	0.21	0.04	0.35	0.1	0.02	0.4	0.02	0.16	0.04	0.41	0.03	0.03	0.15	0.1	0.01	0.41	0.3	0.53	0.14	0.19	0.05	0.82	0.42	0.05	0.03	0.13	0.13	0.62	0	0.41	0.22	0.92	0.31	0.42	0.3	0.23	0.74	0.25	0.27	0.25	0.44	0.3	0.16	0.02	0.13	0.95	0.03	0.33	0.06	0.03	0.06	1.05	0.19
0.04	0.2	0.22	0.16	0.1	0.31	0.49	0.14	0.12	0.12	0.03	0.52	0.13	0.35	0.23	0.07	0.43	0.27	0.23	0.11	0.19	0.04	0.09	0.05	0.05	0.14	0.15	0.15	0.51	0.37	0.42	0.08	0.13	0.33	0.18	0.14	0.12	0.26	0.44	0.05	0.12	0	0.13	0.45	0.27	0.1	0.45	0.77	0.25	0.05	0.13	0.1	0.1	0.06	0.13	0.04	1.01	0.11	0.32	0.03	0.11	0.45	0.14	0.22	0.09	0.14	0.33	0.04	0.35	0.23	0.23	0.05	0.11	0.19	0.11	0	0.04	0.13	0.23	0.27	0.8	0.03	0.4	0.1	0.58	0	0.1	0.42	0.03	0.51	0.05	0.51	0.13	0.56	0.18	0.46	0.17	0.45	0.38
0.1	0.22	0.2	0.23	0.09	0.32	0.47	0.21	0.53	0.21	0.03	2.23	0.15	0.42	0.27	0.11	0.43	0.27	0.23	0.21	0.43	0.03	0.3	0.09	0.09	0.49	0.23	0.25	0.29	0.16	0.04	0.04	0.46	0.09	0.17	0.09	0.21	0.22	0.05	0	0.47	0.03	0.24	0.12	0.1	0.98	0.23	0.23	0.24	0.04	1	0.05	0.2	0.4	0.16	0.05	0.21	0.22	0.04	0.17	0.43	0.14	0.25	0.21	0.01	0.05	0.23	0.1	0.25	0.43	0.21	0.09	0.43	0.2	0.22	0.03	0	0.47	0.22	0.15	0.29	0	0.48	0.09	0.23	0.03	0.32	0.07	0.04	0.33	0.09	0.28	0.15	0.53	0.5	0.21	0.24	0.21	0.52
0.06	0.98	0.21	0.68	0.05	0.45	0.22	0.17	0.47	0.17	0.06	5.48	0.47	0.17	0.57	0.03	0.19	0.47	0.18	0.5	0.33	0.45	0.45	0.06	0.06	0.17	0.44	0.21	0.64	0.33	0.43	0.14	0.35	0.43	0.18	0.01	0.42	0.41	0.08	0.08	0.19	0.9	0.17	0.08	0.5	0.06	0.49	0.47	0.49	0.08	0.98	0.05	0.17	0.07	0.35	0.07	0.17	0.19	0.04	0.47	0.25	0.46	0.21	0.46	0.05	0.12	0.45	0.23	0.18	0.33	0.45	0.45	0.34	0.12	0.17	0.09	0.08	0	0.14	0.17	0.18	0.03	0.18	0.44	0.24	0.45	0.02	0.03	0.45	0.16	0.05	0.13	0.45	0.42	0.44	0.45	0.34	0.19	0.16
0.2	0.46	0.34	0.36	0.46	0.21	0.46	0.61	0.96	0.37	0.2	0.06	0.47	0.97	0.03	0.15	0.32	1.28	0.97	0.47	0.32	0.22	0.16	0.51	0.19	0.54	0.31	0.34	0.68	0.31	0.22	0.58	0.33	0.23	0.47	0.13	0.32	0.34	0.2	0.21	0.58	0.21	0.33	0.38	0.2	1.49	0.99	0.48	0.02	0.21	0.49	0.16	0.32	0.26	0.31	0.49	0.34	0.32	0.17	0.6	0.3	0.35	0.31	0.53	0.5	0.16	0.33	0.31	0.6	0.33	0.7	0.19	0.23	0.21	0.3	0.61	0.51	0.14	0	0.31	0.31	0.19	0.32	0.13	0.37	0.22	0.61	0.42	0.22	0.62	0.19	0.22	0.31	0.4	0.41	0.33	0.63	0.33	0.25
0.11	0.94	0.1	0.07	0.13	0.43	0.12	0.05	0.42	0.06	0.13	6	0	0.15	0.34	0.2	0.44	0.28	0.94	0.03	0.09	0.15	0.93	0.43	0.42	0.05	0.42	0.07	0.62	0.04	0.83	0.16	0.29	0.4	0.46	0.18	0.02	0.61	0.11	0.41	0.05	0.49	0.04	0.48	0.48	0.12	0.22	0.31	0.47	0.18	0.03	0.2	0.03	0.45	0.08	0.45	0.32	0.04	0.31	0.44	0.04	0.53	0.43	0.22	0.14	0.43	0.42	0.12	0.07	0.41	0.04	0.29	0.2	0.4	0.22	0.13	0.15	0.49	0.3	0	0.03	0.24	0.01	0.49	0.97	0.12	0.34	0.66	0.46	0.04	0.13	0.45	0	0.65	0.07	0.04	0.27	0.04	0.44
0.13	0.04	0.08	0.08	0.48	0.44	0.13	0.05	0.17	0.05	0.12	0.32	0.03	0.03	0.35	0.21	0.15	0.21	0.34	0.3	0.06	0.5	0.25	0.15	0.57	0.03	0.28	0.07	0.36	0.04	0.11	0.53	0.05	0.4	0.05	0.2	0.03	0.04	0.47	0.23	0.38	0.13	0.39	0.56	0.47	0.49	0.23	0.93	0.33	0.13	0.06	0.24	0.04	0.16	0.48	0.12	0.05	0.04	0.16	0.47	0.03	0.12	0.22	0.45	0.15	0.47	0.67	0.13	0.3	0.47	0.05	0.14	0.23	0.67	0.36	0.25	0.23	0.19	0.46	0.03	0	0.35	0.33	0.18	0.29	0.13	0.46	0.15	0.12	0.01	0.31	0.47	0.03	0.34	0.35	0.04	0.06	0.05	0.21
0.15	0.16	0.71	1.34	0.44	1.04	0.54	0.46	0.44	1.27	0.02	1.47	0.14	0.47	0.57	0.47	0.29	0.66	0.21	0.86	0.21	0.05	0.47	0.1	0.47	0.18	0.2	0.2	0.28	0.18	0.08	0.13	0.17	0.47	0.15	0.05	0.47	0.41	0.04	0	0.16	0.03	0.24	0.06	0.19	0.36	0.25	0.17	0.19	0.09	0.35	0.07	0.26	0.13	0.55	0.1	0.28	0.47	0.03	0.04	0.16	0.04	0.15	0.44	0	0.05	0.17	0.04	0.19	0.23	0.19	0.09	0.13	0.24	0.47	0.23	0.01	0.4	0.19	0.14	0.58	0	0.15	0.07	0.21	0.03	0.05	0.06	0.03	0.13	0.04	0.58	0.56	0.69	1.08	0.48	0.59	0.17	0.99
0.12	0.48	0.1	0.08	0.48	0.27	0.12	0.06	0.04	1.09	0.13	2.99	0.01	0.24	0.59	0.21	0.08	0.49	0.34	0.14	0.49	0.15	0.21	0.14	0.19	0.05	0.06	0.08	0.5	0	0.4	0.19	0.06	0.19	0.08	0.53	0.03	0.03	0.4	0.5	0.05	0.12	0.05	0.4	1.31	0.41	0.41	0.61	0.41	0.18	0.03	0.21	0.04	0.41	0	0.11	0.46	0.41	0.16	0.42	0.04	0.42	0.06	0.38	0.15	0.42	0.08	0.72	0.08	0.06	0.05	0.42	0.13	0.29	0.43	0.13	0.43	0.35	0.31	0.75	0.05	0.23	0	0.19	0.29	0.14	0.43	0.44	0.44	0.04	0.44	0.3	0.01	0.34	0.08	0.05	0.24	0.29	0.33
0.07	0.24	0.42	0.42	0.06	0.23	0.07	0.21	0.17	1.41	0.08	3.41	0.18	0.2	0.4	0.02	0.22	0.18	0.55	0.5	0.52	0.25	0.04	0.24	0.4	0.17	0.19	0.21	0.4	0.19	0.08	0.05	0.34	0.05	0.19	0	0.17	0.2	0.08	0.09	0.41	0.09	0.46	0.1	0.13	0.07	0.51	0.39	0.41	0.07	0.41	0.04	0.19	0.11	0.19	0.28	0.49	0.18	0.43	0.18	0.36	0.64	0.21	0.18	0.44	0.44	0.22	0.09	0.22	0.2	0.44	0.08	0.06	0.1	0.45	0.1	0.09	0.03	0.64	0.33	0.17	0.05	0.35	0	0.34	0.1	0	0.04	0.09	0.18	0.3	0.12	0.18	0.26	0.22	0.46	0.23	0.2	0.17
0.21	0.27	0.98	0.48	0.15	0.48	0.21	0.62	0.48	0.28	0.48	5.13	0.41	0.29	0.81	0.27	0.81	0.45	0.41	0.25	0.25	0.91	0.41	0.15	0.2	0.92	0.42	0.39	0.42	0.62	0.42	0.43	0.56	0.19	0.52	0.25	0.43	0.25	0.21	0.23	0.43	0.43	0.43	0.23	0.64	0.15	0.07	0.62	0.39	0.14	0.26	0.45	0.25	0.19	0.29	0.54	0.28	0.26	0.23	0.46	0.49	0.6	0.28	0.07	0.18	0.47	0.47	0.22	0.48	0.29	0.88	0.37	0.15	0.54	0.27	0.48	0.48	0.35	0.48	2.71	0.29	0.6	0.4	0.2	0	0.55	0.25	0.42	0.22	0.52	0.42	0.76	1.1	0.64	0.54	0.27	0.44	0.74	0.74
0.03	0.11	0.43	0.4	0.1	0.4	0.04	0.12	0.12	0.12	0.03	8.62	0.13	0.14	0.22	0.07	0.14	0.37	0.61	0.1	0.15	0.04	0.09	0.41	0.05	0.14	0.31	0.42	0.41	0.14	0.03	0.09	0.42	0.12	0.14	0.1	0.45	0.43	0.03	0.43	0.18	0.01	0.63	0.04	0.17	0.17	0.22	0.44	0.45	0.78	0.43	0.09	0.44	0.07	0.54	0.04	0.12	0.11	0.09	0.04	0.12	0.82	0.44	0.24	0.16	0.44	0.95	0.03	0.26	0.16	0.55	0.05	0.33	0.65	0.45	0.29	0.45	0.45	0.22	0.13	0.14	0.03	0.37	0.1	0.28	0	0.1	0.08	0.03	0.13	0.04	0.47	0.13	0.77	0.14	0.46	0.83	0.19	0.25
0.36	0.48	0.21	0.48	0.06	0.23	0.08	0.19	0.18	0.59	0.16	1.65	0.19	0.45	0.18	0.55	0.21	0.24	0.17	0.45	0.18	0.08	0.04	0.09	0.07	0.96	0.45	0.22	0.65	0.2	0.44	0.03	0.19	0.16	0.17	0.01	0.46	0.2	0.08	0.09	0.21	0.46	0.21	0.1	0.46	0.06	0.19	0.22	0.19	0.07	0.3	0.68	0.18	0.09	0.19	0.68	0.3	0.2	0.49	0.19	0.19	0.09	0.48	0.49	0.06	0.01	0.21	0.08	0.56	0.4	0.36	0.16	0.41	0.1	0.18	0.43	0.52	0.01	0.13	0.61	0.19	0.49	0.49	0	0.25	0.1	0	0.05	0.08	0.18	0.08	0.43	0.37	0.15	0.22	0.5	0.21	0.44	0.16
0.4	0.42	0.18	0.18	0.09	0.27	0.42	0.2	0.15	0.59	0.06	4.24	0.18	0.16	0.22	0.06	0.19	0.22	0.2	0.17	0.18	0.11	0.11	0.37	0.47	0.14	0.16	0.18	0.22	0.47	1.07	0.09	0.47	0.03	0.15	0.04	0.16	0.17	1.35	0.06	0.16	0.47	0.17	0.47	0.04	0.19	0.56	0.53	0.28	0.1	0.53	0.12	0.56	0.1	0.47	0.16	0.46	0.47	0.09	0.08	0.47	0.12	0.18	0.18	0.57	0.05	0.2	0.05	0.25	0.47	0.16	0.05	0.27	0.47	0.16	0.09	0.29	0.03	0.47	0.22	0.31	0.47	0.47	0.04	0.4	0.09	0.04	0	0.08	0.36	0.04	0.48	0.18	0.22	1.15	0.15	0.18	0.17	0.37
0.02	0.1	0.44	0.14	0.14	0.32	0.02	0.11	0.44	1.88	0.02	8.35	0.11	0.28	0.46	0.11	0.13	0.26	0.47	0.09	0.14	0.04	0.36	0.04	0.04	0.47	0.4	0.2	0.17	0.12	0	0.04	0.14	0.09	0.46	0.08	0.43	0.17	0.01	0.04	0.1	0.48	0.1	0.01	0.1	0.38	0.26	0.33	0.59	0	0.32	0.08	0.11	0.09	0.12	0.24	0.12	0.11	0.04	0.32	0.12	0.1	0.12	0.16	0.36	0.08	0.13	0.11	0.13	0.2	0.11	0.58	0.1	0.19	0.1	0.6	0.4	0.07	0.22	0.11	0.12	0.1	0.12	0.08	0.22	0.4	0.4	0.26	0	0.1	0.23	0.39	0.12	0.41	0.13	0.12	0.14	0.1	0.24
0.9	0.02	0.09	0.05	0.12	0.25	0.12	0.03	0.4	0.17	0.27	1.43	0.04	0.01	0.35	0.32	0.05	0.52	0.42	0.22	0.06	0.14	0.27	0.13	0.14	0.16	0.04	0.43	0.63	0.05	0.09	0.53	0.03	0.12	0.06	0.44	0.11	1.28	0.43	0.21	0.03	0.43	0.19	0.16	0.89	0.43	0.21	0.32	0.32	0.18	0.04	0.26	1.61	0.19	0.31	0.43	0.32	0.03	0.94	0.43	0.02	2.34	0.31	0.21	0.44	0.18	0.05	0.11	0.3	0.04	0.03	0.29	0.44	0.27	0.02	0.44	0.2	0.26	0.31	0.04	0.01	0.19	0.04	0.54	0.27	0.44	0.44	0.14	0.1	0	0.44	0.29	0.04	0.95	0.05	0.43	0.43	0.03	0.2
0.02	0.13	0.48	0.17	0.31	0.3	0.16	0.14	0.5	0.41	0.03	2.7	0.13	0.13	0.51	0.09	0.17	0.5	0.23	0.51	0.26	0.04	0.43	0.01	0.41	0.12	0.16	0.51	0.2	0.15	0.41	0.05	0.15	0.35	0.16	0.41	0.41	0.13	0.03	0.21	0.14	0.04	0.13	0.42	0.16	0.39	0.42	0.16	0.21	0.33	0.47	0.3	0.52	0.05	0.42	0.03	0.51	0.14	0.05	0.04	0.13	0.08	0.43	0.15	0.2	0.07	0.49	0.02	0.43	0.43	0.15	0.18	0.13	0.58	0.13	0.04	0.44	0.2	0.19	0.33	0.44	0.04	0.14	0.07	0.24	0.04	0.44	0.28	0.03	0.12	0	0.18	0.44	0.55	0.17	0.45	0.16	0.43	0.53
0.19	0.48	0.32	0.58	0.17	0.48	0.19	0.5	0.48	0.92	0.19	5.29	0.47	0.51	0.22	0.47	0.34	0.09	0.05	0.67	1.47	0.97	0.36	0.97	0.47	0.3	0.98	1.47	0.97	1.01	0.41	0.14	0.64	0.17	0.46	0.47	0.48	0.31	0.47	0.21	0.46	0.18	0.64	0.21	0.19	0.21	0.47	0.32	0.26	0.27	0.36	0.47	0.38	0.23	0.47	0.19	0.33	0.46	0.14	0.46	0.3	0.51	0.47	0.97	0.47	0.11	0.33	0.47	0.32	0.34	0.47	0.19	0.22	0	0.47	0.2	0.47	0.13	0.46	0.3	0.32	0.47	0.54	0.12	0.47	0.46	0.12	0.47	0.47	0.59	0.57	0	0.5	0.03	0.97	0.31	0.62	0.31	0.09
0.44	0.09	0.1	0.07	0.46	0.27	0.51	0.96	0.26	1.06	0.56	0.32	0	0.3	0.34	0.21	0.07	0.95	0.35	0.03	0.08	0.15	0.32	0.58	0.53	0.05	0.78	0.07	0.29	0.01	0.48	0.48	0.25	0.13	0.07	0.18	0.03	0.03	0.11	0.15	0.05	0.12	0.04	0.99	0.17	0.16	0.53	0.06	0.33	0.49	0.03	0.21	0.41	0.49	0.01	0.45	0.05	0.04	0.15	0.35	0.04	0.41	0.06	0.31	0.15	0.5	0.4	0.39	0.16	0.06	0.4	0.14	0.4	0.28	0.19	0.25	0.41	0.17	0.31	0.41	0.03	0.15	0.01	0.37	0.28	0.41	0.19	0.18	0.43	0.04	0.13	0.3	0	0.42	0.41	0.42	0.07	0.19	0.28
0.48	0.33	0.99	0.49	0.49	0.15	0.23	0.44	0.5	0.54	0.22	4.37	0.45	0.32	0.32	0.76	0.46	0.06	0.05	0.96	0.33	0.56	0.18	0.41	0.56	0.97	0.36	0.37	0.47	0.34	1.07	0.18	0.34	0.53	0.32	0.4	0.34	0.98	0.48	0.22	0.69	0.22	0.49	0.59	0.69	0.22	0.35	0.47	0.49	0.22	0.56	0.18	0.33	0.25	0.5	0.28	0.5	0.34	0.18	0.4	0.7	0.4	0.69	0.35	0.56	0.14	0.36	0.91	0.41	0.35	0.69	0.58	0.52	0.03	0.62	0.29	0.22	0.42	0.3	0.34	0.42	0.22	0.35	0.22	0.53	0.6	0.15	0.22	0.43	0.93	0.43	0.42	0.34	0	1.28	0.33	1.23	0.43	0.12
0.14	0.04	0.11	0	0.4	0.49	0.14	0.05	0.05	0.4	0.16	13.1	0.1	0.4	0.7	0.25	0.23	0.49	0.51	0.41	0.1	0.18	0.23	0.41	0.18	0.08	0.42	0.42	0.42	0.08	0.25	0.19	0.06	0.17	0.07	0.23	0.05	0.52	0.13	0.23	0.05	0.14	0.06	0.43	0.43	0.35	0.28	0.42	0.43	0.13	0.34	0.23	0.1	0.19	0.08	0.54	0.05	0.05	0.2	0.45	0.45	0.5	0.02	0.45	0.18	0.19	0.03	0.14	0.46	0.06	0.05	0.46	0.15	0.67	0.07	0.17	0.97	0.47	0.38	0.07	0.07	0.47	0.08	0.35	0.58	0.17	0.21	0.46	0.13	0.39	0.19	0.78	0.07	0.42	0	0.05	0.01	0.05	0.32
0.12	0	0.09	0.05	0.49	0.24	0.11	0.52	0.5	0.71	0.12	4.13	0.04	0.42	0.39	0.23	0.42	0.19	0.38	0.02	0.42	0.21	0.19	0.15	0.14	0	0.04	0.04	0.1	0.05	0.11	0.16	0.03	0.14	0.04	0.21	0.02	0.16	0.11	0.21	0.02	0.64	0.02	0.13	0.45	0.16	0.21	0.03	0.33	0.09	0.02	0.19	0.01	0.15	0.05	0.1	0.05	0.34	0.45	0.45	0.03	0.3	0.03	0.46	0.16	0.16	0.04	0.11	0.45	0.03	0.03	0.17	0.47	0.27	0.47	0.11	0.21	0.17	0.47	0.06	0.04	0.48	0.05	0.48	0.27	0.46	0.19	0.49	0.1	0.03	0.15	0.65	0.04	0.32	0.1	0	0.49	0.02	0.19
0.82	0.42	0.1	0.01	0.18	0.22	0.42	0.05	0.05	0.72	0.15	0.34	0.07	0.15	0.69	0.23	0.04	0.26	0.29	0.29	0.09	0.18	0.43	0.16	0.4	0.08	0.84	0.06	0.13	0.08	0.33	0.51	0.05	0.47	0.07	0.21	0.04	0.04	0.41	0.24	0.12	0.15	0.04	0.91	0.18	0.42	0.39	0.29	0.42	0.12	0.36	0.31	0.92	0.42	0.27	0.15	0.05	0.92	0.17	0.14	0.26	0.45	0.02	0.23	0.18	0.19	0.04	0.16	0.43	0.14	0.05	0.43	0.39	0.63	0.43	0.14	0.23	0.19	0.74	0.47	0.06	0.52	0.44	0.74	0.29	0.44	0.24	0.45	0.55	0.05	0.17	0.62	0.07	0.36	0.01	0.05	0	0.04	0.45
0.11	0.02	0.48	0.44	0.16	0.24	0.44	0.03	0.03	0.21	0.14	3.23	0.04	0.31	0.72	0.37	0.04	0.54	0.23	1.16	0.12	1.05	0.22	0.46	0.15	0	0.03	0.05	0.18	0.13	0.13	0.17	0.03	0.46	0.44	0.21	0.02	0.21	0.1	0.21	0.01	0.11	0.01	0.49	0.21	0.13	1.07	0.03	0.46	0.47	0.47	0.59	0.01	0.17	0.05	0.11	0.29	0.01	0.48	0.11	0.03	0.12	0.03	0.48	0.15	0.18	0.04	0.12	0.05	0.04	0.03	0.49	0.25	0.29	0.49	0.13	0.24	0.17	0.33	0.04	0.04	0.49	0.3	0.19	0.39	0.49	0.46	0.16	0.12	0.49	0.55	0.3	0.05	0.46	0.27	0.02	0.04	0	0.19
0.23	0.43	0.35	0.33	0.23	0.56	0.22	0.6	0.47	0.2	0.23	4.99	0.43	0.44	0.25	0.17	0.22	0	0.04	0.64	0.37	0.22	1.04	0.22	0.74	0.44	0.2	0.45	1.05	0.55	0.23	0.25	0.55	0.23	0.52	0.15	0.55	0.17	0.32	0.24	0.51	0.23	0.45	0.25	0.22	0.56	0.34	0.97	0.3	0.47	0.18	0.19	0.18	0.5	1.48	0.23	0.49	0.19	0.99	0.59	0.49	2.4	1.48	0.34	1.3	0.19	0.42	1.48	0.3	0.21	0.19	0.22	0.26	0.49	0.69	0.59	0.24	0.16	0.25	0.34	0.21	1.2	0.6	0.15	0.7	0.62	0.15	0.4	0.23	0.2	0.41	0.09	0.28	0.5	0.22	0.38	0.41	0.19	0.42
