0	0.11	0.55	0.17	0.02	0.3	0	0.13	0.45	0.15	0.01	3.58	0.12	0.13	0.25	0.31	0.17	0.25	0.48	0.11	0.13	0.04	0.35	0.3	0.06	0.48	0.14	0.15	0.18	0.13	0.02	0.04	0.12	0.24	0.19	0.48	0.11	0.98	0.01	0.1	0.13	0.03	0.12	0.43	1.42	0.02	0.15	0.49	0.22	0.02	0.38	0.81	0.99	0.49	0.23	0.02	0.14	0.38	0.35	0.07	0.11	0.33	0.14	0.15	0.03	0.07	0.4	0	0.16	0.13	0.16	0.12	0.21	0.18	0.4	0.15	0.1	0.06	0.2	0.41	0.13	0.41	0.12	0.41	0.41	0.04	0.41	0.04	0.05	0.11	0.03	0.41	0.12	0.51	0.15	0.12	0.52	0.11	0.42
0.12	0.9	0.1	0.05	0.5	0.25	0.12	0.02	0.02	0.02	0.47	0.87	0.04	0.02	0.37	0.2	0.44	0.19	0.22	0.02	0.05	0.92	0.18	0.13	0.13	0.27	0.03	0.44	0.47	0.09	0.1	0.22	0.02	0.44	0.04	0.2	0.44	0.44	0.1	0.44	0.09	0.14	0.04	0.15	0.25	0.55	0.42	0.09	0.44	0.09	0.02	0.18	0.01	0.29	0.94	0.33	0.49	0.02	0.55	0.44	0.03	0.44	0.03	0.44	0.44	0.33	0.36	0.44	0.05	0.02	0.03	0.44	0.13	0.28	0.02	0.45	0.44	0.18	0.45	0.04	0.04	0.27	0.05	0.46	0.66	0.46	0.19	0.16	0.11	0.02	0.14	0.31	0.2	0.56	0.46	0.08	0.04	0.02	0.67
0.15	0.1	0	0.68	0.16	0.36	0.15	0.11	0.07	0.1	0.15	1.01	0.76	0.08	0.92	0.31	0.51	0.4	0.42	0.08	0.11	0.24	0.22	0.42	0.19	0.06	0.1	0.11	2.32	0.38	0.14	0.42	0.27	0.16	0.09	0.21	0.26	0.85	0.15	0.19	0.09	0.16	0.09	0.15	1.43	0.17	0.52	0.09	0.36	0.14	0.43	0.22	0.16	0.49	0.1	0.43	0.11	0.09	0.22	0.14	0.09	0.56	0.1	0.33	0.93	0.21	0.11	0.53	0.12	0.53	0.08	0.24	0.52	0.31	0.07	0.17	0.44	0.39	0.44	0.38	0.44	0.55	0.3	0.21	0.54	0.16	0.21	0.18	0.16	0.09	0.44	0.4	0.1	0.34	0.1	0.2	0.44	0.1	0.74
0.45	0.05	0.1	0	0.55	0.45	0.54	0.4	0.45	0.05	1.26	0.6	3.39	0.35	0.39	0.41	0.03	0.61	0.3	0.05	0.48	0.19	0.57	0.16	0.28	0.08	0.02	0.42	0.34	0.42	0.43	0.21	0.36	0.46	0.11	0.43	0.05	0.09	1.04	0.44	0.05	0.44	0.04	0.55	0.95	0.45	0.23	0.44	0.45	0.13	0.05	0.45	2.89	0.26	0.45	0.13	0.27	0.22	0.21	0.13	0.97	0.46	0.46	0.46	0.17	0.47	0.04	0.26	0.04	0.06	0.06	0.17	0.15	0.31	0.44	0.69	0.26	0.19	0.33	0.07	0.07	0.18	0.08	0.41	0.29	0.49	0.21	1	0.13	0.05	0.4	0.4	0.5	0.38	0	0.15	0	0.41	0.25
0.02	0.14	0.16	0.61	0	0.38	0.45	0.15	0.12	0.41	0.02	1.4	0.59	0.11	0.28	0.44	0.15	0.47	0.22	0.16	0.16	0.47	0.14	0.01	0.02	0.12	0.51	0.17	0.18	0.52	0.1	0.1	0.13	0	0.13	0.06	0.14	0.15	0.43	0.09	0.32	0.09	0.13	0.04	1.49	0	0.46	0.15	0.46	0.04	0.48	0.11	0.47	0.15	0.14	0.02	0.22	0.13	0.59	0.11	0.13	0.82	0.53	0.5	0.09	0.21	0.15	0.02	0.41	0.41	0.14	0.4	0.01	0.18	0.12	0.09	0.1	0.39	0.62	0.23	0.41	0.08	0.13	0.43	0.15	0.1	0.06	0.43	0.1	0.12	0.01	0.39	0.13	0.85	0.17	1.37	0.46	0.13	0.23
0.3	0.46	0.36	0.24	0.29	0	0.3	0.26	0.26	0.26	0.47	10.5	0.28	0.26	0.12	0.26	0.24	0.46	0.15	0.61	0.96	0.46	0.27	0.66	0.3	0.26	0.22	0.57	0.33	0.47	0.31	0.25	0.26	0.51	0.29	0.23	0.26	0.57	0.29	0.32	0.26	0.3	0.35	0.37	0.47	0.44	0.49	0.26	0.57	0.29	0.45	0.25	0.25	0.62	0.57	0.57	0.26	0.51	0.25	0.4	0.42	0.9	0.4	0.42	0.4	0.22	0.46	0.31	0.24	0.27	0.26	0.4	0.29	0.11	0.26	0.4	0.39	0.48	0.2	0.32	1.4	0.9	0.29	0.23	0.8	0.32	0.42	0.61	0.52	0.26	0.3	0.12	0.42	0.27	0.63	0.26	0.28	0.25	0.43
0	0.19	0.46	0.41	0.41	0.56	0	0.17	0.25	0.18	0.23	3.02	0.12	0.12	0.42	0.1	0.47	0.25	0.23	0.11	0.11	0.04	0.44	0.03	0.03	0.12	0.13	0.16	0.17	0.57	0.02	0.04	0.12	0.11	0.11	0.08	0.12	0.48	0.01	0.1	0.48	0.03	0.11	0.48	0.7	0.21	0.58	0.48	0.47	0.02	0.11	0.08	0.16	0.19	0.12	0.09	0.47	0.11	0.42	0.12	0.12	0.4	0.13	0.15	0.03	0.07	0.15	0	0.5	0.49	0.49	0.03	0.02	0.18	0.5	0.04	0.47	0.06	0.4	0.12	0.15	0.04	0.12	0.07	0.34	0.4	0.08	0.04	0.02	0.61	0.41	0.29	0.12	0.23	0.14	0.41	0.39	0.12	1.91
0.41	0.06	0.55	0.06	0.13	0.46	0.13	0	0.02	0.56	0.14	3.63	0.05	0.03	0.38	0.92	0.42	0.2	2.02	0.03	0.33	0.4	0.2	0.18	0.17	0.42	0.04	0.02	0.4	0.06	0.42	0.56	0.01	0.13	0.05	0.42	0.03	0.11	0.1	0.21	0.03	0.11	0.03	0.45	0.16	0.13	0.22	0.01	0.5	0.11	0.56	0.43	0.02	0.18	0.06	0.11	0	0.44	0.18	0.12	0.03	0.24	0.03	0.54	0.44	0.21	0.04	0.61	0.05	0.02	0.04	0.17	0.14	0.28	0.04	0.13	0.21	0.47	0.33	0.26	0.05	0.16	0.06	0.47	0.28	0.13	0.56	0.16	0.48	0.03	0.14	0.58	0.05	0.52	0.05	0.02	0.92	0.03	0.2
0.1	0.64	0.44	0.05	0.13	0.44	0.45	0.02	0	0.02	0.45	5.23	0.03	0.46	0.73	0.29	0.05	0.2	0.36	0.02	0.36	0.13	0.18	0.48	0.48	0.33	0.04	0.04	0.11	0.05	0.48	0.17	0.14	0.13	0.06	0.17	0.02	0.02	1.35	0.49	0.03	0.1	0.03	0.13	1.27	0.41	0.21	0.02	0.33	0.24	0.62	0.2	0.02	0.42	0.04	0.14	0.25	0.03	0.17	0.11	0.02	0.09	0.03	0.21	0.14	0.18	0.05	0.12	0.05	0.03	0.17	0.14	0.15	0.26	0.08	0.74	0.21	0.94	0.32	0.03	0.02	0.45	0.39	0.16	0.27	0.32	0.45	0.45	0.09	0.33	0.13	0.96	0.04	0.32	0.05	0.02	0.38	0.05	0.58
0.14	0.04	0.1	0.14	0.15	0.43	0.22	1.85	0.63	0	0.12	5.34	0.05	0.03	0.36	0.41	0.27	0.51	0.34	0.29	0.41	1.22	0.2	0.14	0.16	0.03	0.03	0.28	0.42	0.06	0.41	0.2	0.02	0.92	0.87	0.2	0.03	0.62	0.11	0.42	0.07	0.15	0.02	1.77	0.33	0.93	0.43	0.01	0.53	0.48	0.4	0.2	0.02	0.63	0.06	0.42	0.38	0.39	0.17	0.13	1.03	0.71	0.33	0.3	0.15	0.95	0.44	0.24	0.05	1.05	0.04	0.16	1.2	0.71	0.29	0.45	1.56	1.06	0.56	0.05	0.04	0.96	0.46	0.46	0.56	0.14	0.69	0.26	0.12	0.04	0.36	0.43	0.05	0.98	0.47	0.57	0.17	0.03	0.48
0.01	0.45	0.15	0.14	0.02	0.65	0.01	0.27	0.1	0.13	0	1.67	2.37	1.72	0.25	0.1	0.49	0.25	0.22	0.13	0.47	0.41	0.36	0.4	0.03	0.48	0.14	0.41	0.17	0.48	0.01	0.03	0.14	0.02	0.11	0.08	0.11	0.18	0.78	0.03	0.78	0.05	0.13	0.05	0.05	0.02	0.49	0.15	0.22	0.99	0.12	0.07	0.13	0.49	0.12	0.01	0.91	0.2	0.25	0.02	0.12	0.5	0.13	0.15	0.37	0.21	0.14	0.01	0.94	0.15	0.49	0.03	0.02	0.18	0.11	0.4	0.03	0.29	0.4	0.11	0.12	0.02	0.49	0.4	0.21	0.03	0.08	0.06	0.02	0.4	0.03	1.02	0.18	0.22	0.16	0.39	0.17	0.13	0.41
3.68	1.67	0.35	9.83	0.99	0.41	3.54	1.3	1.44	0.34	2.52	0	9.27	4.41	0.41	0.77	2.47	2.56	7.55	0.55	0.48	9.93	8.57	3.73	1.1	1.18	4.44	2.6	4.83	0.33	13.6	0.55	1.48	5.88	0.84	1.4	2.38	3.63	3.31	0.42	1.3	6.93	3.05	7.57	2.26	0.78	1.97	2.27	4.04	0.21	5.36	3.44	0.38	1.85	10.2	0.99	1.09	8.29	3.11	0.48	1.79	2.7	7.83	0.32	0.2	3.8	3.38	6.14	0.58	3.93	1.58	0.53	1.78	1.41	2.22	5.26	0.6	9.88	3.25	0.32	0.32	1.76	1.32	1.78	1.02	2.98	0.4	1.13	2.41	1.92	1.69	7.47	5.25	0.42	1.1	2.77	0.98	8.31	0.25
0.12	0.25	0.09	0.07	0.12	0.28	0.45	0.39	0.03	0.09	0.12	3.47	0	0.67	0.34	0.56	0.24	0.46	0.46	0.03	0.1	0.14	0.2	0.52	0.14	0.05	0.11	0.23	1.49	0.01	0.11	0.15	0.05	0.12	0.44	0.19	0.02	0.03	0.49	0.15	0.05	0.49	0.04	0.41	3.95	0.49	0.22	0.06	0.65	0.18	0.28	0.26	0.03	0.26	0.01	0.17	0.05	0.04	0.15	0.11	0.04	0.18	0.06	0.45	0.42	0.18	0.07	0.12	0.09	0.06	0.3	0.4	0.13	0.27	0.4	0.4	0.15	0.17	0.69	0.2	0.4	0.39	0.01	0.18	0.28	0.13	0.43	0.5	0.11	0.04	0.41	0.61	0	0.54	0.35	0.41	0.07	0.41	0.27
0.12	0.02	0.08	0.08	0.13	0.26	0.36	0.03	0.01	0.09	0.14	1.99	0.05	0	0.36	0.48	0.05	0.69	0.34	0.17	0.06	0.48	0.52	0.5	0.12	0.5	0.03	0.17	2.61	0.4	0.12	0.14	0.4	0.11	0.38	0.17	0.4	0.04	0.11	0.19	0.04	0.12	0.04	0.47	3.51	0.15	0.23	0.03	0.38	0.09	0.81	0.36	0.03	0.31	0.92	0.41	0.27	0.04	0.15	0.1	0.42	0.92	0.42	0.62	0.14	0.15	0.04	0.1	0.05	0.43	0.33	0.14	0.11	0.43	0.02	0.14	0.19	0.43	0.74	0.44	0.03	0.52	0.06	0.44	0.29	0.51	0.2	0.44	0.22	0.01	0.31	0.3	0.05	0.65	0.38	0.04	0.08	0.04	0.57
0.59	0.63	0.37	0.78	0.28	0.44	0.25	0.55	0.35	0.58	0.5	1.3	0.34	0.75	0	0.16	0.4	0.42	0.33	0.73	1.19	0.22	0.52	0.93	0.43	0.36	0.61	0.41	0.83	0.35	0.22	0.18	0.38	0.43	0.59	0.18	0.37	0.43	0.26	0.27	0.38	0.62	0.38	0.28	0.27	0.28	0.53	0.41	0.43	0.23	0.64	0.43	0.37	0.27	0.35	0.94	0.36	0.39	0.18	0.23	0.38	0.86	0.45	0.37	0.19	0.47	0.44	0.25	0.64	0.39	0.61	0.54	0.27	0.31	0.94	0.44	0.27	0.19	0.07	0.34	0.57	0.39	0.65	0.18	0.43	0.65	0.18	0.44	0.23	0.36	0.24	0.45	0.4	0.32	0.39	0.36	1.05	0.7	0.53
0.24	0.21	0.22	0.48	0.13	0.59	0.09	0.51	0.2	0.22	0.1	7.97	0.2	0.22	0.16	0	0.23	0.2	0.44	0.23	0.2	0.07	0.02	0.09	0.09	0.19	0.31	0.24	0.24	0.45	0.11	0.03	0.21	0.45	0.48	0.02	0.21	0.2	0.46	0.11	0.29	0.07	0.46	0.12	2.27	0.46	0.46	0.22	0.46	0.1	0.58	0.03	0.54	0.44	0.21	0.46	0.42	0.22	0.03	0.13	0.57	0.47	0.23	0.21	0.04	0.01	0.47	0.15	0.3	0.23	0.23	0.47	0.5	0.13	0.77	0.08	0.44	0.2	0.15	0.21	0.21	0.07	0.47	0.02	0.27	0.34	0.03	0.13	0.08	0.21	0.47	0.14	0.59	0.17	0.47	0.23	0.52	0.28	0.98
0.14	0.04	0.14	0.04	0.4	0.51	0.51	0.05	0.41	0.08	0.17	1.39	0.07	0.43	0.43	0.24	0	0.44	0.31	0.41	0.38	0.17	0.5	0.52	0.18	0.05	0.02	0.07	0.45	0.08	0.45	0.18	0.38	0.46	0.06	0.31	0.05	0.04	0.46	0.46	0.05	0.55	0.04	0.53	0.85	0.16	0.47	0.23	0.35	0.12	0.75	0.22	0.04	0.19	0.08	0.14	0.05	0.04	0.19	0.13	0.05	0.13	0.47	0.23	0.27	0.51	0.23	0.48	0.17	0.06	0.06	0.16	0.49	0.79	0.4	0.49	0.25	0.5	0.64	0.07	0.4	0.2	0.08	0.51	0.29	0.24	0.61	0.18	0.16	0.05	0.17	0.33	0.17	1.95	0.03	0.05	0.03	0.05	0.45
0.46	0.19	0.46	0.4	0.37	0.4	0.25	0.2	0.56	1.38	0.25	0.98	0.2	0.21	0.16	0.2	0.48	0.01	0.04	0.18	0.67	0.78	0.47	0.24	0.24	0.42	0.2	0.26	0.37	0.49	1.08	0.2	0.21	0.23	1.55	0.18	0.18	0.17	0.58	0.27	0.78	0.26	0.19	0.27	4.2	0.59	0.58	0.21	0.32	0.49	0.18	0.22	0.18	0.79	0.21	0.59	0.2	0.19	0.5	0.49	0.59	0.49	0.36	0.49	0.38	0.5	0.21	0.37	0.29	0.5	0.19	0.7	0.4	0.9	0.26	0.27	0.27	0.9	0.4	0.2	0.7	0.39	0.56	0.71	0.42	0.27	0.18	0.22	0.26	0.52	0.42	0.09	0.21	0.42	0.22	0.29	0.22	0.42	0
0.46	0.46	0.29	0.58	0.22	0.15	0.6	0.47	0.57	0.3	0.23	1.52	0.46	0.73	0.33	0.17	0.41	0.04	0	0.27	0.63	0.21	0.19	0.23	0.23	0.36	0.29	0.32	0.39	0.34	0.23	0.2	0.31	0.43	0.34	0.17	0.24	0.32	0.23	0.24	0.27	0.59	0.23	0.33	1.28	0.51	0.62	0.31	0.65	0.23	0.54	0.52	0.26	0.49	0.34	0.24	0.32	0.27	0.2	0.26	0.34	0.56	0.6	0.35	0.2	0.68	0.3	0.54	1.01	0.31	0.25	0.23	0.22	0.15	0.99	0.49	0.23	0.18	0.26	0.33	0.34	0.2	0.34	0.16	0.77	0.24	0.17	0.21	0.22	0.35	0.23	0.05	0.34	0.39	0.3	0.62	0.64	0.53	0.04
0.11	0.02	0.08	0.05	0.45	0.26	0.11	0.03	0.03	0.07	0.12	2.84	0.7	0.04	0.83	0.43	0.05	0.18	0.47	0	0.43	0.17	0.53	0.43	0.17	0.04	0.03	0.86	0.42	0.04	0.12	0.46	0.43	0.14	0.04	0.2	0.01	0.43	0.45	0.23	0.02	0.44	0.02	0.45	0.54	0.14	0.19	0.04	0.68	0.08	0.01	0.94	0.01	0.26	0.94	0.11	0.4	0.02	0.52	0.44	0.03	0.09	0.03	0.19	0.17	0.44	0.44	0.11	0.05	0.04	0.12	0.14	0.44	0.28	0.02	0.1	0.22	0.19	0.61	0.24	0.04	0.14	0.04	0.18	0.51	0.12	0.19	0.45	0.09	0.03	0.32	0.45	0.03	0.36	0.65	0.02	0.05	0.02	0.46
0.11	0.44	0.11	0.21	0.15	0.31	0.12	0.05	0.44	0.05	0.2	11.8	0.75	0.89	0.41	0.26	0.49	0.54	0.49	0.06	0	0.17	0.2	0.15	0.15	0.05	0.06	0.06	0.14	0.13	0.12	0.49	0.06	0.13	0.01	0.45	0.06	0.89	0.12	0.18	0.06	0.14	0.49	0.45	0.25	0.16	0.28	0.19	0.37	0.13	0.9	0.4	0.05	0.4	0.31	0.13	0.14	0.16	0.41	0.13	0.11	0.4	0.4	0.6	0.43	0.19	0.08	0.12	0.09	0.41	0.06	0.28	0.15	0.32	0.06	0.15	0.18	0.41	0.32	0.09	0.06	0.18	0.41	0.2	0.61	0.5	0.41	0.18	0.4	0.41	0.18	0.31	0.16	0.33	0.09	0.45	0.09	0.06	0.36
0.03	0.46	0.18	0.36	0.1	0.3	0.03	0.15	0.15	0.98	0.03	12.7	0.15	0.5	0.22	0.07	0.48	1.68	0.21	0.17	0.18	0	0.4	0.41	0.43	0.15	0.17	0.18	0.79	0.16	0.14	0.04	0.15	0.09	0.61	0.07	0.52	0.28	1	0.03	0.37	0.03	0.4	0.06	0.4	0.62	0.16	0.41	0.58	0.03	0.17	0.41	0.15	0.12	0.16	0.41	0.16	0.15	0.04	0.13	0.42	0.42	0.15	0.51	0.52	0.12	0.18	0.04	0.4	0.23	0.94	0.04	0.1	0.42	0.18	0.03	0.03	0.07	0.21	0.82	0.15	0.51	0.15	0.07	0.42	0.06	0.08	0.08	0.19	0.34	0.04	0.63	0.37	0.43	0.17	0.25	0.18	0.28	0.23
0.4	0.99	0.37	0.23	0.19	0.27	0.08	0.2	0.5	0.21	0.07	0.17	3.5	0.69	0.17	0.02	0.59	0.22	0.39	0.19	0.4	0.08	0	0.09	0.09	0.19	0.4	0.4	0.27	0.22	0.08	0.05	0.48	0.4	0.17	0.7	0.4	0.5	0.09	0.06	0.2	0.16	0.4	0.41	0.42	0.19	0.61	0.41	0.41	0.05	1.11	0.01	0.51	0.16	0.42	0.09	0.66	0.22	0.05	0.1	1.53	0.1	0.22	0.21	0.05	0.03	0.21	0.37	0.92	0.42	0.21	0.43	0.27	0.14	0.44	0.43	0.06	0.05	0.63	0.93	0.43	0.08	0.21	0.04	0.61	0.09	0.04	0.17	0.08	0.43	0.44	0.44	0.21	0.28	0.45	0.19	0.45	0.45	0.19
0.31	0.45	0.2	0.96	0.01	0.36	0.03	0.16	0.13	0.46	0.03	1.22	0.14	0.12	0.47	0.09	0.19	1.06	0.23	0.77	0.15	0.41	0.48	0	0.03	0.13	0.15	0.19	0.42	0.58	0.03	0.11	0.14	0.01	0.14	0.48	0.13	0.15	0.03	0.09	0.4	0.04	0.14	0.06	1.11	0.01	0.22	0.35	0.21	0.04	0.13	0.48	0.15	0.2	0.29	0.03	0.4	0.15	0.05	0.05	0.14	0.4	0.15	0.13	0.14	0.07	0.16	0.04	0.18	0.15	0.4	0.01	0.19	0.19	0.13	0.05	0.1	0.06	0.19	0.22	0.16	0.41	0.14	0.13	0.51	0.05	0.09	0.41	0.04	0.71	0.01	0.41	0.14	0.23	0.16	0.15	0.26	0.15	0.52
0.42	0.17	0.48	0.17	0.01	1.18	0.03	0.32	0.15	0.14	0.42	3.38	0.14	0.12	0.9	0.49	0.45	0.6	0.6	0.15	0.82	0.04	0.22	0.02	0.4	0.14	0.54	0.38	1.96	0.43	0.04	0.36	0.15	0.01	0.14	0.07	0.13	0.71	0.03	0.41	0.43	0.41	0.17	0.07	0.66	0.01	0.37	0.51	0.92	0.42	0.13	0.35	1.02	0.16	0.14	0.03	0.43	0.14	0.1	0.42	0.14	0.4	0.15	0.14	0.05	0.07	0.92	0.03	0.51	0.16	0.18	0.43	0.01	0.43	0.37	0.05	0.43	0.06	0.2	0.43	0.14	0.04	0.53	0.07	0.33	0.05	0.14	0.04	0.04	0.13	0.02	0.18	0.25	0.23	0.37	0.56	0.8	0.17	0.44
0.1	0	0.06	0.24	0.13	0.42	0.12	0.03	0.57	0.03	0.12	3.9	0.49	0.9	0.51	0.21	0.05	0.49	0.34	0.04	0.12	0.13	0.18	0.14	0.13	0	0.04	0.26	0.92	0.46	0.47	0.9	0.42	0.4	0.18	0.19	0.03	0.4	0.18	0.21	0.4	0.14	0.03	0.45	2.06	0.24	0.5	0.04	0.33	0.09	0.28	0.17	0.43	0.4	0.05	0.11	0.03	0.03	0.17	0.4	0.02	0.91	0.4	0.22	0.4	0.4	0.05	0.4	0.14	0.04	0.4	0.14	0.13	0.28	0.41	0.15	0.19	0.31	0.61	0.23	0.03	0.23	0.05	0.18	0.41	0.12	0.2	0.41	0.41	0.02	0.14	0.59	0.05	0.71	0.51	0	0.08	0	1.57
0.14	0.03	0.1	0.48	0.29	0.22	0.15	0.04	0.03	0.09	0.16	0.89	0.06	0.39	0.49	0.23	0.02	1.4	0.5	0.04	0.11	0.56	0.6	0.6	0.4	0.04	0	0.06	0.4	0.07	0.14	0.59	0.04	0.4	0.05	0.2	0.07	0.4	0.41	0.22	0.03	0.32	0.03	0.18	1.59	0.14	0.22	0.2	0.36	0.1	0.04	0.41	0.02	0.42	0.42	0.11	0.42	0.03	0.42	0.13	0.04	0.48	0	0.22	0.15	0.17	0.02	0.13	0.03	0.44	0.04	0.4	0.14	0.31	0.15	0.73	0.22	0.5	0.32	0.06	0.28	0.43	0.06	0.53	0.28	0.43	0.43	0.16	0.12	0.04	0.43	0.31	0.06	0.35	0.02	0.15	0.22	0.03	0.46
0.55	0.04	0.11	0.96	0.45	0.28	0.14	0.37	0.07	0.46	0.16	1.81	0.07	0.42	0.4	0.48	0.43	0.42	0.34	0.05	0.06	0.4	0.62	0.82	0.53	0.05	0.42	0	1.82	0.22	0.37	0.19	0.02	0.42	0.92	0.21	0.05	0.43	0.14	0.42	0.22	0.15	0.27	0.41	2.43	0.16	0.46	0.93	0.46	0.13	0.13	0.23	0.04	0.29	0.08	0.42	0.02	0.05	0.18	0.42	0.05	0.46	0.05	0.24	0.42	0.18	0.07	0.14	0.07	0.03	0.42	0.16	0.15	0.62	0.15	0.17	0.42	0.19	0.35	0.42	0.07	0.31	0.42	0.22	0.3	0.39	0.21	0.18	0.13	0.3	0.16	1.02	0.07	0.72	0.07	0.05	0.07	0.05	0.33
0.26	0.2	0.44	0.29	0.41	0.41	0.4	0.1	0.34	0.41	0.26	5.93	2.39	1.65	1.14	0.24	0.12	0.48	0.39	0.47	0.13	0.7	2.16	1.43	0.83	0.29	0.12	0.11	0	0.41	0.17	0.97	1.85	0.96	0.39	0.47	0.1	1.37	0.33	0.23	0.47	0.17	2.08	0.16	3.28	0.81	0.68	0.1	0.48	1.98	1.5	0.62	2.7	0.24	0.13	0.78	0.1	0.43	0.47	2.28	1.78	1.35	0.78	0.32	0.97	0.24	0.12	0.17	0.47	0.11	2.28	0.98	0.48	0.54	0.43	0.19	0.47	0.41	0.39	0.13	1.98	1.48	0.98	0.48	0.3	0.44	0.25	0.22	0.19	0.09	0.2	2.18	1.78	0.88	0.19	0.1	1.08	0.71	0.98
0.13	0.05	0.72	0.08	0.14	0.46	0.12	0.06	0.04	0.77	0.13	6.71	0.01	0.06	0.47	0.22	0.14	0.97	0.35	0.31	0.19	0.49	0.48	0.14	0.88	0.06	0.07	0.08	0.13	0	0.49	0.17	0.07	0.14	0.09	0.19	0.2	0.21	0.12	0.17	0.05	0.5	0.16	0.12	10.2	0.4	0.5	0.36	0.41	0.19	0.04	0.41	0.04	0.2	0.24	0.47	0.41	0.31	0.17	0.42	0.05	0.43	0.07	0.42	0.45	0.18	0.08	0.13	0.08	0.07	0.05	0.15	0.13	0.93	0.3	0.14	0.43	0.43	0.32	3.05	0.04	0.15	0.48	0.19	0.64	0.54	0.45	0.19	0.44	0.04	0.14	0.31	0.01	0.35	0.08	0.45	0.47	0.45	0.28
0.21	0.46	0.43	0.19	0.1	0.31	0.63	0.4	0.43	0.43	0.01	3.96	0.51	0.38	0.29	0.07	0.43	0.63	0.23	0.45	0.13	0.04	0.08	0.03	0.04	0.11	0.13	0.13	0.17	0.46	0	0.14	0.12	0.46	0.38	0.08	0.09	0.5	0.24	0.04	0.1	0.03	0.1	0.02	1.97	0.09	0.15	0.46	0.22	0.01	0.1	0.08	0.47	0.47	0.12	0.01	0.11	0.1	0.04	0.01	0.11	0.28	0.14	0.18	0.42	0.07	0.97	0.02	0.14	0.48	0.1	0.04	0.28	0.18	0.09	0.33	0.04	0.16	0.22	0.28	0.48	0.05	0.48	0.08	0.26	0.04	0.23	0.07	0	0.09	0.03	0.19	0.49	0.23	0.13	0.11	0.69	0.11	0.49
0.37	0.43	0.23	0.23	0.1	0.45	0.29	0.73	0.14	0.16	0.04	11.1	0.41	0.42	0.53	0.03	0.42	0.52	0.19	0.26	0.2	0.04	0.06	0.43	0.05	0.43	0.53	0.18	0.43	0.16	0.22	0	0.16	0.09	0.15	0.03	0.17	0.44	0.05	0.04	0.17	0.44	0.15	0.44	2.4	0.95	0.45	0.16	0.17	0.05	0.76	0.11	0.45	0.5	0.16	0.05	0.17	0.45	0.01	0.05	0.46	0.16	0.46	0.17	0.04	0.02	0.17	0.43	0.19	0.16	0.47	0.34	0.1	0.13	0.16	0.08	0.05	0.91	0.34	0.16	0.37	0.06	0.47	0.57	0.23	0.47	0.33	0.48	0.04	0.14	0.06	0.48	0.17	0.18	0.49	0.49	0.19	0.49	0.17
0.14	0.02	0.11	0.29	0.41	0.56	0.34	0.43	0.03	0.01	0.15	1.28	0.05	0.03	0.37	0.21	0.12	0.43	0.32	0.03	0.29	0.84	0.2	0.43	0.43	0.03	0.04	0.02	0.1	0.2	0.12	0.23	0	0.13	0.05	0.21	0.04	0.03	0.11	0.21	0.04	0.12	0.03	0.38	6.83	6.32	5.82	5.32	4.82	4.32	3.82	2.52	1.62	1.12	0.61	0.45	0.01	0.03	0.26	0.13	0.04	0.16	0.47	0.22	0.19	0.16	0.05	0.46	0.06	0.01	0.04	0.16	0.57	0.3	0.04	0.13	0.61	0.26	0.33	0.05	0.05	0.22	0.35	0.2	0.48	0.14	0.47	0.16	0.12	0.5	0.15	0.48	0.52	0.36	0.05	0.03	0.05	0.29	0.88
0.02	0.13	0.42	0.15	0	0.33	0.02	0.14	0.18	0.14	0.02	6.59	0.12	0.13	0.46	0.12	0.15	0.23	0.21	0.47	0.46	0.09	0.24	0.24	0.01	0.11	0.47	0.16	1.73	0.97	0.47	0.45	0.2	0	0.12	0.06	0.22	0.21	0.02	0.47	0.15	0.08	0.18	0.04	2.78	0	0.15	0.47	0.2	0.02	0.23	0.13	0.12	0.09	0.13	0.02	0.14	0.13	0.1	0.06	0.48	1.17	0.38	0.13	0.06	0.06	0.15	0.02	0.48	0.15	0.22	0.01	0.01	0.18	0.34	0.09	0.48	0.04	0.23	0.18	0.18	0.08	0.99	0.28	0.19	0.09	0.06	0.03	0.22	0.13	0.01	0.17	0.13	0.29	0.48	0.14	0.16	0.14	0.26
0.14	0.39	0.26	0.08	0.13	0.47	0.1	0.45	0.09	0.98	0.47	4.77	0.07	0.04	0.35	0.19	0.06	0.46	0.34	0.19	0.01	0.56	0.17	0.14	0.42	0.04	0.86	0.05	0.12	0.13	0.11	0.16	0.05	0.12	0	0.17	0.04	0.04	0.46	0.16	0.04	0.13	0.03	0.13	0.45	0.14	0.26	0.45	0.33	0.45	0.04	0.45	0.03	0.52	0.08	0.13	0.05	0.11	0.14	0.26	0.05	0.53	0.45	0.26	0.54	0.19	0.45	0.11	0.06	0.06	0.04	0.46	0.21	0.29	0.05	0.55	0.17	0.18	0.95	0.13	0.45	0.15	0.08	0.18	0.33	0.22	0.17	0.15	0.44	0.06	0.15	0.61	0.07	0.32	0.44	0.44	0.07	0.05	1.04
0.07	0.4	0.34	0.22	0.06	0.49	0.08	0.19	0.19	0.19	0.08	0.15	0.18	0.18	0.18	0.02	1.02	0.18	0.17	0.99	0.49	0.35	0.29	0.09	0.07	0.19	0.41	0.47	0.25	0.29	0.08	0.59	0.2	0.27	0.57	0.01	0.18	0.21	0.41	0.09	0.21	0.09	0.2	0.1	1.22	0.41	0.23	0.36	0.46	0.07	0.18	0.04	0.21	0.38	0.19	0.08	0.2	0.54	0.03	0.09	0.19	0.08	0.44	0.19	0.05	0.19	0.41	0.14	0.44	0.21	0.21	0.09	0.45	0.44	0.55	0.1	0.44	0.64	0.13	0.19	0.22	0.07	0.19	0.95	0.25	0.2	0.01	0.13	0.17	0.19	0.45	0.12	0.19	0.3	0.37	0.2	0.45	0.19	0.24
0.1	0.02	0.08	0.34	0.4	0.5	0.11	0.28	0.17	0.03	0.11	5	0.02	0.23	0.46	0.2	0.05	0.18	0.24	0.01	0.08	0.15	0.46	0.13	0.14	0.03	0.03	0.41	1.76	0.25	0.19	0.16	0.04	0.12	0.04	0.19	0	0.66	0.46	0.21	0.02	0.09	0.02	0.51	2.86	0.46	0.19	0.06	0.32	0.27	0.01	0.47	0.01	0.2	0.04	0.09	0.4	0.02	0.14	0.08	0.02	0.93	0.04	0.19	0.15	0.14	0.26	0.47	0.05	0.04	0.02	0.42	0.12	0.29	0.01	0.15	0.2	0.43	0.55	0.16	0.24	0.25	0.4	0.47	1.15	0.11	0.59	0.14	0.34	0.02	0.15	0.29	0.03	0.33	0.47	0.02	0.1	0.02	0.18
0.47	0.06	0.08	0.47	0.14	0.48	0.48	0.03	0.02	0.03	0.14	6.89	0.31	0.19	1.16	0.97	0.05	0.47	0.24	0.01	0.4	0.17	0.48	0.13	0.47	0.04	0.03	0.05	0.47	0.04	0.11	0.48	0.03	0.15	0.04	0.18	0.01	0.03	0.08	0.48	0.02	0.48	0.48	0.46	0.22	0.48	0.48	0.03	0.49	0.08	0.01	0.49	0.26	0.49	0.04	0.1	0.03	0.49	0.16	0.49	0.03	0.49	0.03	0.99	0.15	0.15	0.04	0.5	0.12	0.43	0.01	0.4	0.53	0.29	0.69	0.42	0.39	1.13	0.43	0.03	0.42	0.43	0.13	0.43	0.93	0.43	0.64	0.43	0.47	0.45	0.45	0.81	0.03	0.46	0.05	0.45	0.04	0.02	0.45
0.39	0.11	0.14	0.46	0.43	0.29	0.01	0.11	0.43	0.1	0.01	0.21	0.11	0.1	0.44	0.44	0.14	0.75	0.23	0.45	0.12	0.04	0.09	0.03	0.04	0.46	0.45	0.13	0.47	0.46	0.01	0.45	0.11	0.02	0.51	0.46	0.08	0.08	0	0.05	0.46	0.04	0.11	0.43	0.04	0.22	0.48	0.11	0.45	0.01	0.08	0.47	0.1	0.08	0.46	0.01	0.11	0.1	0.05	0	0.09	0.01	0.48	0.16	0.04	0.46	0.12	0.01	0.46	0.43	0.11	0.77	0.02	0.19	0.47	0.04	0.05	0.08	0.2	0.31	0.12	0.04	0.11	0.58	0.17	0.29	0.33	0.05	0.01	0.1	0.03	1.09	0.11	0.22	0.14	0.1	0.12	0.1	1.99
0.1	0.2	0.49	0.25	0.09	0.47	0.1	0.49	0.4	0.23	0.03	1.98	0.19	0.19	0.27	0.11	0.25	0.41	0.24	0.41	0.18	0.03	0.06	0.16	0.09	0.21	0.23	0.23	0.24	0.16	0.44	0.04	0.23	0.29	0.16	0.1	0.21	0.53	0.11	0	0.44	0.44	0.38	0.12	1.6	0.31	0.23	0.61	0.41	0.04	0.52	0.05	0.75	0.06	0.16	0.05	0.21	0.22	0.04	0.04	0.23	0.25	0.26	0.47	0.01	0.05	0.47	0.1	2.2	0.23	0.23	0.09	0.09	0.2	0.45	0.04	0.21	0.25	0.22	0.29	0.23	0.25	0.9	0.26	0.23	0.44	0.47	0.06	0.04	0.41	0.09	0.21	0.15	0.22	0.41	0.31	0.46	0.22	0.63
0.12	0.02	0.17	0.05	0.15	0.26	0.12	0.09	0.42	0.25	0.12	0.51	0.04	0.04	0.65	0.21	0.05	0.19	0.46	0.02	0.06	0.15	0.2	0.46	0.39	0.04	0.03	0.32	0.11	0.06	0.11	0.16	0.04	0.18	0.04	0.47	0.02	0.02	0.1	0.23	0	0.47	0.01	0.12	3.91	0.47	0.21	0.08	0.47	0.2	0.3	0.18	0.01	0.5	0.05	0.11	0.03	0.01	0.48	0.1	0.04	0.14	0.04	0.21	0.19	0.16	0.08	0.14	0.05	0.04	0.03	0.16	0.49	0.27	0.03	0.13	0.48	0.19	0.48	0.04	0.27	0.15	0.23	0.38	1.43	0.25	0.42	0.19	0.12	0.03	0.32	0.46	0.1	0.42	0.2	0.02	0.22	0.08	0.2
0.03	0.44	0.27	0.16	0.09	0.48	0.33	0.12	0.11	0.16	0.03	0.22	3.48	0.44	0.24	0.21	0.48	0.48	0.23	0.12	0.48	0.02	0.08	0.04	0.04	0.11	0.14	0.14	0.87	0.25	0.32	0.08	0.42	0.09	0.13	0.3	0.11	0.16	0.03	0.03	0.11	0	0.43	0.07	0.83	0.1	0.21	0.33	0.23	0.02	0.27	0.44	0.1	0.13	0.13	0.43	0.13	0.11	0.07	0.04	0.1	0.04	0.44	0.21	0.03	0.08	0.15	0.03	0.45	0.14	0.13	0.04	0.96	0.45	0.12	0.01	0.03	0.08	0.21	0.46	0.13	0.04	0.12	0.09	0.22	0.01	0.09	0.08	0.04	0.1	0.25	0.2	0.13	0.77	0.14	0.11	0.7	0.14	0.24
0.13	0.36	0.09	0.2	0.13	0.51	0.25	0.02	0.02	0.02	0.12	4.14	0.41	0.04	0.66	0.2	0.04	0.19	0.46	0.02	0.22	0.16	0.56	0.15	0.46	0.03	0.23	0.04	0.69	0.05	0.1	0.17	0.03	0.49	0.03	0.46	0.56	0.21	0.93	0.37	0.01	0.13	0	0.12	2.37	0.38	0.2	0.05	0.45	0.1	0.03	0.21	0	0.24	0.05	0.46	0.24	0.01	0.41	0.11	0.03	0.97	0.47	0.21	0.16	0.18	0.04	0.14	0.16	0.26	0.03	0.14	0.14	0.28	0.46	0.12	1.28	0.2	0.71	0.04	0.04	0.14	0.36	0.52	0.27	0.77	0.19	0.17	0.11	0.03	0.13	0.68	0.24	0.33	0.47	0.43	0.04	0.32	0.45
0.41	1.07	0.15	0.46	0.05	0.44	0.64	0.84	0.14	0.22	0.03	1.3	0.11	0.14	0.84	0.14	0.17	0.28	0.25	0.44	0.13	0.46	0.11	0.05	0.05	0.47	0.49	0.3	0.18	0.46	0.01	0.07	0.47	0.04	0.12	0.1	0.46	0.29	0.03	0.13	0.15	0.06	0.13	0	0.96	0.09	0.17	0.18	0.24	0.02	0.46	0.17	0.11	0.87	0.47	0.01	0.29	0.14	0.08	0.02	0.41	0.07	0.66	0.34	0.14	0.17	0.26	0.14	0.49	0.46	0.23	0.12	0.05	0.19	0.11	0.47	0.12	0.09	0.37	0.1	0.14	0.05	0.47	0.15	0.24	0.04	0.47	0.07	0.01	0.14	0.3	0.67	0.47	0.63	0.15	0.12	0.68	0.48	0.53
0.45	0.19	0.43	0.42	1.52	0.57	0.52	0.42	0.18	0.54	0.53	0.97	0.16	0.43	0.41	0.92	0.45	0.5	0.52	0.5	0.16	0.05	0.55	0.43	0.04	0.43	0.95	0.44	0.5	0.91	0.06	6	0.49	0.04	0.14	0.47	0.46	2.17	1.55	0.47	2.13	0.9	0.97	1	0.11	0.77	0.42	0.96	0.42	0.42	2.5	1.01	0.18	0.91	0.46	0.06	0.97	0.51	0.5	0.98	0.17	1.06	0.21	0.16	0.09	5.06	2.19	1.93	2.97	1.01	0.42	0.1	0.42	1.01	0.45	0.46	0.11	0.43	0.43	0.42	0.92	0.08	0.19	0.98	0.48	0.46	0.11	0.33	0.42	0.5	0.03	1.51	0.45	2.46	0.5	3.07	0.55	0.47	0.98
0.02	0.4	0.48	0.4	0.4	0.49	0.4	1.21	0.4	0.14	0.4	0.45	0.49	0.13	0.27	0.49	0.49	0.23	0.49	0.49	0.16	0.47	0.5	0.01	0.01	0.5	0.14	0.5	0.93	0.5	0.43	0.09	1	0	0.14	0.06	0.13	0.14	0.4	0.09	0.9	0.08	0.6	0.4	15.1	0	0.15	0.4	0.6	0.03	0.91	0.13	1.02	0.52	0.5	0.02	0.4	0.14	0.09	0.12	0.4	0.2	0.15	0.51	0.09	0.06	0.42	0.02	0.15	0.14	0.41	0.01	0	0.41	0.51	0.41	0.12	0.41	0.29	0.13	0.41	0.08	0.13	0.41	0.35	0.41	0.39	0.09	0.1	0.41	0.01	0.17	0.41	0.41	0.39	0.13	0.16	0.16	0.53
0.46	0.2	0.57	0.23	0.47	0.97	0.47	0.42	0.21	0.31	0.97	9.94	0.22	0.23	0.37	0.35	0.23	0.99	0.35	0.2	0.28	0.16	0.21	0.15	0.14	0.4	0.22	0.41	0.33	0.61	0.41	0.49	0.5	0.13	0.5	0.41	0.2	0.19	0.15	0.41	0.21	0.24	0.21	0.44	13.8	0.26	0	0.26	0.34	0.18	0.41	0.41	0.19	0.54	0.22	0.15	0.41	0.43	0.41	0.51	0.21	0.16	0.53	0.27	0.42	0.21	0.23	0.42	0.23	0.23	0.2	0.45	0.15	1.13	0.21	0.21	0.23	0.42	0.31	0.22	0.23	0.22	0.22	0.43	0.37	0.22	0.43	0.43	0.18	0.46	0.43	0.43	0.47	0.63	0.23	0.21	0.43	0.43	1.43
0.13	0.02	0.4	0.06	0.15	0.41	0.41	0.01	0.41	0.71	0.29	1.36	0.46	0.06	0.39	0.22	0.11	0.47	1.56	0.04	0.09	0.51	0.22	0.48	0.38	0.24	0.04	0.47	0.49	0.08	0.12	0.18	0.01	0.15	0.05	0.54	0.7	0.04	0.4	0.8	0.4	0.14	0.04	0.31	0.2	0.15	0.3	0	0.41	0.12	0.05	0.21	0.41	0.23	0.06	0.13	0.01	0.2	0.16	0.12	0.3	0.52	0.04	0.23	0.17	1.32	0.05	0.54	0.19	0.2	0.43	0.34	0.43	0.43	0.04	0.14	0.25	0.2	0.35	0.44	0.05	0.44	0.06	0.19	0.38	0.16	0.45	0.37	0.45	0.03	0.15	0.45	0.07	0.66	0.06	0.46	0.46	0.03	0.46
0.31	0.33	0.59	1	0.35	0.37	0.23	0.34	0.31	0.46	0.52	4.25	0.32	0.73	0.06	0.17	0.38	0.43	0.33	0.43	0.37	0.22	0.18	0.43	0.22	0.41	0.35	0.63	0.48	0.34	0.22	0.17	0.53	0.2	0.95	0.15	0.32	0.48	0.43	0.43	0.34	0.23	0.34	0.24	0.5	0.2	0.33	0.69	0	0.53	0.32	0.18	0.32	0.74	0.59	0.53	0.67	0.57	0.17	0.43	0.33	0.23	0.64	0.49	0.19	0.15	0.54	0.27	0.37	0.34	0.36	0.21	0.44	0.25	0.47	0.24	0.23	0.47	0.02	0.33	0.95	0.44	0.45	0.74	0.39	0.24	0.34	0.27	0.31	0.9	0.21	0.29	0.33	0.29	0.45	0.58	0.35	0.34	0.45
0.05	0.38	0.43	0.5	0.28	0.29	0.02	0.3	0.18	0.11	0.02	1.45	0.44	0.09	0.23	0.1	0.12	0.24	0.23	0.08	0.13	0.03	0.35	0.04	0.55	0.13	0.1	0.12	0.16	0.95	0.01	0.34	0.17	0.02	0.67	0.66	0.18	0.19	0.01	0.04	0.46	0.01	0.1	0.03	8.66	0.03	0.46	0.45	0.46	0	0.09	0.12	0.09	0.2	0.19	0.14	0.29	0.09	0.08	0.01	0.1	0.15	0.1	0.57	0.25	0.08	0.12	0.02	0.48	0.12	0.37	0.41	0.03	0.43	0.1	0.02	0.04	0.58	1.04	2.95	0.48	0.09	0.48	0.39	0.49	0.01	0.07	0.44	0	0.18	0.04	0.49	0.44	0.22	0.13	0.39	0.49	0.24	0.41
0.1	0.02	0.08	0.05	0.14	0.97	0.46	0.04	0.56	0.46	0.45	5.05	0.94	0.04	0.43	0.61	0.05	0.18	0.43	0.02	0.06	0.14	1.02	0.13	0.48	0.14	0.04	0.06	2.31	0.09	0.48	0.16	0.04	0.47	0.12	0.18	0.12	0.07	0.08	0.47	0.03	0.47	0.02	0.41	0.45	0.15	0.45	0.44	0.54	0.17	0.07	0.48	0.04	1.29	0.03	0.1	0.04	0.03	0.46	0.1	0.94	0.21	0.42	0.41	0.54	0.14	0.06	0.43	0.05	0.04	0.02	0.98	0.58	0.43	0.18	0.12	0.41	0.53	0.43	0.03	0.04	0.96	0.03	0.47	0.43	0.1	0.3	1.43	0.09	0.02	0.41	1.01	0.8	0.49	0.05	0.03	0.06	0.03	0.48
0.08	0.2	0.49	0.23	0.11	0.25	0.09	0.22	0.2	0.19	0.49	1.59	0.31	0.46	0.29	0.03	0.4	0.34	0.17	0.23	0.2	0.07	0.01	0.09	0.09	0.16	0.41	0.22	0.23	0.48	0.08	0.03	0.46	0.13	0.49	0.04	0.41	0.29	0.11	0.41	0.48	0.08	0.2	0.25	0.12	0.14	0.2	0.35	0.42	0.07	0.41	0	0.18	0.42	0.21	0.08	0.21	0.19	0.03	0.09	0.19	0.24	0.2	0.21	0.05	0.26	0.45	0.08	0.33	0.21	0.21	0.09	0.43	0.14	0.18	0.09	0.43	0.05	0.16	0.54	0.19	0.04	0.3	0.04	0.27	0.44	0.04	0.08	0.08	0.22	0.08	0.54	0.49	0.18	0.21	0.54	0.43	0.47	0.19
0.44	0.37	0.09	0.04	0.15	0.25	0.12	0.42	0.02	0.06	0.13	0.73	0.03	0.44	0.39	0.22	0.04	0.55	0.54	0.01	0.05	0.15	0.54	0.14	0.14	0.11	0.02	0.04	1.28	0.04	0.1	0.45	0.02	0.14	0.03	0.19	0.03	0.01	0.1	0.2	0.01	0.13	0	0.27	2.23	0.35	0.46	0.03	0.32	0.44	0.56	0.17	0	0.96	0.04	0.11	0.02	0	0.18	0.11	0.03	0.5	0.02	0.2	0.16	0.49	0.03	0.12	1.56	0.03	0.15	0.15	0.16	0.28	0.02	0.14	0.46	0.18	0.32	0.03	0.04	0.36	0.04	0.21	0.25	0.1	0.46	0.23	0.09	0.02	0.14	0.5	0.04	0.67	0.04	0.14	0.18	0.01	0.18
0.58	0.57	0.67	0.98	0.34	0.37	0.47	0.74	0.33	0.48	0.17	0.9	0.23	0.52	0.3	0.46	0.22	1.12	0.26	0.16	0.19	0.25	0.11	0.48	0.09	0.52	0.16	0.56	0.32	0.17	0.12	0.12	0.2	0.1	0.17	0.09	0.2	0.52	0.1	0.3	0.44	0.32	0.27	0.46	1.35	0.18	0.49	0.21	0.45	0.12	0.48	0.2	0.2	0	0.48	0.28	0.25	0.23	0.17	0.23	0.5	0.16	0.57	0.35	0.9	0.4	0.52	0.48	0.33	0.35	0.7	0.07	0.19	0.38	0.48	0.08	0.42	0.27	0.43	0.34	0.2	0.26	0.21	0.58	0.28	0.26	0.19	0.13	0.34	1	0.11	0.24	0.21	0.61	0.57	0.57	0.26	0.81	0.5
0.17	0.23	0.11	0.08	0.35	0.45	0.12	1.2	0.04	0.45	0.17	3.05	0.01	0.49	0.49	0.42	0.23	0.21	0.34	0.04	0.09	0.48	0.4	0.31	0.15	0.26	0.06	0.4	0.4	0	0.12	0.16	0.06	0.13	0.42	0.19	0.03	0.4	0.4	0.16	0.05	0.13	0.05	0.14	1.8	0.13	0.22	0.16	0.41	0.19	0.09	0.21	0.04	0.5	0	0.4	0.42	0.4	0.16	0.12	0.16	0.15	0.06	0.22	0.15	0.8	0.4	0.13	0.08	0.07	0.05	0.4	0.53	0.28	0.04	0.23	0.4	0.18	0.31	0.25	0.13	0.18	0.4	0.27	0.28	0.13	0.19	0.18	0.12	0.38	0.35	0.3	0.01	0.34	0.11	0.4	0.07	0.05	0.51
0.01	0.11	0.48	0.42	0.02	0.31	0.14	0.12	0.43	0.48	0.44	0.41	0.11	0.42	0.26	0.42	0.15	0.63	0.74	0.26	0.62	0.05	0.14	0.03	0.2	0.43	0.11	1.03	0.53	0.43	0.01	0.05	0.12	0.43	0.64	0.31	0.08	0.19	0.43	0.05	0.1	0.05	0.11	0.15	0.1	0.34	0.15	0.5	0.37	0.35	0.11	0.08	0.1	0.06	0.41	0	0.25	0.54	0.3	0.94	0.12	0.01	0.13	0.44	0.23	0.08	0.12	0.02	0.13	0.13	0.1	0.03	0.02	0.85	0.1	0.03	0.05	0.45	0.2	0.46	0.13	0.04	0.12	0.3	0.22	0.04	0.08	0.11	0.01	0.47	0.03	0.19	0.48	0.62	0.15	0.1	0.48	0.1	0.37
0.48	0.02	0.1	0.28	0.13	0.48	0.15	0	0.31	0.05	0.13	7.67	0.31	0.03	0.38	0.22	0.05	0.2	0.32	0.03	0.05	0.41	0.53	0.52	0.52	0.08	0.32	0.02	0.17	0.06	0.12	0.2	0.01	0.14	0.05	0.19	0.48	0.03	0.31	0.35	0.17	0.14	0.02	0.14	1.4	0.16	0.23	0.01	0.42	0.32	0.3	0.21	0.02	0.22	0.43	0.43	0	0.03	0.16	0.43	0.16	0.69	0.03	0.22	0.16	0.16	0.36	0.12	0.05	0.02	0.04	0.14	0.54	0.49	0.03	0.13	0.23	0.37	0.94	0.05	0.05	0.14	0.29	0.41	0.28	0.13	0.21	0.16	0.52	0.03	0.43	0.56	0.05	0.35	0.44	1.75	0.43	0.29	0.33
0.13	0.02	0.48	0.05	0.45	0.55	0.11	0.15	0.03	0.03	0.46	3.55	2.5	0.04	0.36	0.21	0.19	0.92	0.28	0.02	0.06	0.15	0.21	0.49	0.15	0.03	0.39	0.11	0.09	0.27	0.1	0.17	0.03	0.36	0.04	0.19	0.02	0.01	0.09	0.22	0.01	0.11	0.01	0.13	0.16	0.14	0.2	0.03	0.33	0.09	0.4	0.18	0.4	0.15	0.05	0.12	0.03	0	0.61	0.41	0.41	0.84	0.03	0.2	0.5	0.41	0.04	0.36	0.04	0.12	0.09	0.51	0.14	0.61	0.43	0.11	0.22	0.19	0.34	0.04	0.04	0.33	0.05	0.2	0.62	0.13	0.2	0.57	0.12	0.92	0.15	0.33	0.11	0.34	0.04	0.02	0.04	0.01	0.31
0.04	0.16	0.48	0.35	0.15	0.88	0.58	0.48	0.14	0.15	0.03	3.91	0.49	0.14	0.18	0.03	0.49	0.2	0.2	0.15	0.29	0.04	0.08	0.05	0.05	0.27	0.18	0.19	1.8	0.17	0.5	0.4	0.19	0.1	0.15	0.03	0.16	0.15	0.4	0.24	0.4	0.07	0.39	0.07	20.7	0.09	0.17	0.26	0.17	0.05	0.3	0.81	0.15	0.41	0.16	0.05	0.2	0.15	0	0.05	0.14	0.41	0.23	0.17	0.04	0.41	0.23	0.04	0.41	0.41	0.17	0.41	0.47	0.13	0.15	0.09	0.04	0.03	0.34	0.91	0.16	0.41	0.16	0.03	0.23	0.08	0.41	0.09	0.04	0.16	0.05	0.42	0.16	0.51	0.52	0.52	0.36	0.15	0.49
0.02	0.42	0.41	0.14	0.1	0.61	0.11	0.13	0.11	0.11	0.02	1.86	0.28	0.11	0.23	0.08	0.42	0.26	0.23	0.85	0.42	0.04	0.09	0.04	0.04	0.43	0.12	0.16	0.43	0.13	0	0.05	0.12	0.06	0.12	0.37	0.43	0.36	0	0.06	0.43	0.13	0.13	0.01	0.39	0.1	0.16	0.12	0.44	0.13	0.1	0.09	0.94	0.12	0.12	0.01	0.11	0.1	0.44	0	0.11	0.37	0.12	0.44	0.04	0.37	0.53	0.26	0.14	0.44	0.11	0.04	0.1	0.19	0.09	0.13	0.45	0.07	0.23	0.16	0.12	0.45	0.12	0.49	0.22	0.04	0.46	0.08	0.09	0.1	0.04	0.34	0.46	0.39	0.13	0.12	0.47	0.12	0.47
0.86	0.02	0.09	0.07	0.46	0.44	0.98	0.03	0.02	0.27	0.14	7.78	0.74	0.18	0.37	0.2	0.35	0.48	0.34	0.03	0.07	0.15	0.24	0.39	0.33	0.42	0.04	0.18	0.11	0.05	0.12	0.25	0.13	0.12	0.05	0.18	0.02	0.04	0.1	0.2	0.45	0.11	0.21	0.39	0.7	0.13	0.22	0.04	0.33	0.1	0.06	0.18	0.03	0.17	0.49	0.1	0.03	0.03	0.14	0.4	0	0.62	0.04	0.21	0.14	0.16	0.05	0.1	0.06	0.04	0.04	0.2	0.12	0.28	0.38	0.11	0.44	0.74	0.3	0.53	0.03	0.15	0.09	0.19	0.27	0.12	0.19	0.15	0.43	0.02	0.53	0.3	0.17	0.33	0.07	0.03	0.06	0.03	0.29
0.42	0.62	0.41	0.41	0.91	0.42	0.41	0.83	0.91	0.5	0.02	9.55	0.92	0.5	0.92	0.41	0.41	1.51	0.41	0.41	0.5	0.47	0.49	0.04	0.5	0.48	0.48	0.48	0.98	0.48	0.07	0.48	0.47	0.02	0.42	0.47	0.46	0.25	0	0.05	0.46	0.05	0.46	0.43	0.53	0.47	0.46	0.46	0.46	0.01	0.47	0.48	0.12	0.46	0.46	0.01	0.94	0.44	0.06	0.02	0.44	0.01	0.44	0.16	0.93	0.43	0.42	0.42	0.93	0.42	0.43	0.42	0.42	0.92	0.42	0.41	0.41	0.91	0.54	0.91	0.61	0.41	0.91	0.08	0.5	0.04	0.09	0.49	0.01	0.99	0.04	1.48	0.47	0.48	0.47	0.98	0.54	1.96	0.46
0.14	0.03	0.23	0.02	0.53	0.23	0.13	0.03	0.03	0.04	0.14	9.68	0.06	0.03	0.37	0.22	0.02	0.28	0.31	0.17	0.44	0.17	0.2	0.88	0.34	0.32	0.33	0.45	0.11	0.07	0.12	0.18	0.04	0.45	0.05	0.21	0.04	0.66	0.14	0.22	0.03	0.13	0.03	0.16	0.47	0.14	0.47	0.06	0.59	0.1	0.17	0.23	0.02	0.5	0.06	0.11	0.03	0.03	0.52	0.43	0.04	1.89	0	0.48	0.18	0.17	0.02	0.53	0.09	0.04	0.04	0.49	0.27	0.3	0.37	0.14	0.49	0.49	0.52	0.06	0.05	0.18	0.06	0.25	0.33	0.13	0.21	0.16	0.52	0.04	0.49	0.31	0.06	0.49	0.34	0.03	0.02	0.03	0.27
0.15	0.21	0.3	0.23	0.13	0.55	0.15	0.48	0.21	0.22	0.15	0.91	0.43	0.23	0.37	0.21	0.23	0.36	0.35	0.27	0.65	0.16	0.21	0.29	0.14	0.22	0.22	0.24	0.58	0.23	0.16	0.17	0.22	0.13	0.24	0.19	0.48	0.19	0.3	0.21	0.21	0.21	0.21	1.26	0.5	0.44	0.01	0.24	0.33	0.2	0.79	0.2	0.2	0.24	0.22	0.23	0.22	0.2	0.17	0.16	0.49	0.44	0.22	0	0.18	0.2	0.49	0.15	0.23	0.49	0.2	0.32	0.13	0.35	0.49	0.43	0.21	0.2	0.31	0.22	0.23	0.33	0.28	0.18	0.07	0.22	0.4	0.18	0.16	0.21	0.12	0.3	0.22	0.4	0.23	0.21	0.23	0.21	0.45
0.47	0.14	0.29	0.47	0.09	0.28	0.03	0.48	0.47	0.41	0.03	0.48	0.15	0.14	0.58	0.04	0.31	0.23	0.59	0.49	0.44	0.03	0.59	0.04	0.05	0.15	0.56	0.17	1.53	0.16	0.04	0.04	0.18	0.06	0.15	0.05	0.15	0.44	0.39	0.4	0.16	0.02	0.17	0.06	1.58	0.09	0.4	0.72	0.71	0.04	0.38	0.05	0.41	0.26	0.16	0.41	0.29	0.15	0.03	0.04	0.14	0.05	0.41	0.18	0	0.24	0.18	0.04	0.18	0.16	0.43	0.05	0.41	0.56	0.37	0.21	0.01	0.18	0.37	0.15	0.42	0.18	0.42	0.05	0.5	0.04	0.06	0.06	0.3	0.13	0.31	0.17	0.43	0.53	0.17	0.36	0.43	0.17	0.2
0.07	0.17	0.41	0.19	0.41	0.22	0.07	0.16	0.58	0.16	0.41	1.94	0.21	0.48	0.48	0.01	0.26	0.18	0.48	0.32	0.19	0.05	0.25	0.15	0.07	0.29	0.22	0.48	0.25	0.18	0.07	0.03	0.16	0.28	0.18	0.01	0.14	0.68	0.07	0.05	0.48	0.23	0.17	0.14	1.42	0.06	0.21	0.17	0.15	0.48	0.15	0.03	0.15	0.48	0.18	0.08	0.16	0.16	0.02	0.07	0.16	0.48	0.17	0.17	0.4	0	0.18	0.29	0.48	0.17	0.15	0.07	0.16	0.12	0.44	0.09	0.05	0.48	0.16	0.49	0.48	0.05	0.22	0.34	0.16	0.07	0.01	0.05	0.19	0.31	0.07	0.58	0.53	0.14	0.48	0.23	0.52	0.18	0.27
0.16	0.04	0.47	0.04	0.16	0.43	0.43	0.05	0.04	0.06	0.38	1.55	0.07	0.4	0.7	0.63	0.03	0.31	0.7	0.2	0.09	0.25	0.4	0.19	0.17	0.16	0.08	0.07	0.51	0.41	0.14	0.23	0.05	0.15	0.06	0.5	0.04	0.17	0.14	0.62	0.04	0.13	0.41	0.17	0.49	0.2	0.33	0.05	0.38	0.11	0.27	0.22	0.03	0.41	0.08	0.14	0.05	0.04	0.17	0.42	0.06	0.37	0.02	0.23	0.18	0.51	0	0.14	0.01	0.06	0.05	0.16	0.45	0.42	0.32	0.17	0.23	0.21	0.43	0.07	0.06	0.21	0.07	0.22	0.58	0.15	0.21	0.35	0.26	0.05	0.16	0.66	0.07	0.36	0.04	0.05	0.04	0.04	0.53
0	0.21	0.15	0.75	0.02	0.53	0	0.14	0.1	0.13	0.01	0.59	0.11	0.11	0.55	0.49	0.39	0.25	0.23	1.1	0.12	0.04	0.08	0.05	0.03	0.25	0.4	0.15	0.46	0.12	0.02	0.4	0.12	0.04	0.11	0.41	0.1	0.13	0.41	0.1	0.18	0.04	0.11	0.35	0.11	0.02	0.33	0.14	0.22	0.02	0.41	0.08	0.12	0.08	0.15	0.01	0.3	0.42	0.04	0.23	0.32	0.02	0.14	0.24	0.04	0.43	0.43	0	0.15	0.43	0.12	0.03	0.02	0.19	0.1	0.03	0.1	0.06	0.44	0.12	0.44	0.44	0.13	0.07	0.47	0.04	0.08	0.05	0.44	0.12	0.02	0.43	0.12	0.23	0.14	0.14	0.15	0.45	0.23
0.48	0.05	0.36	0.04	0.21	0.6	0.14	0.05	0.05	0.44	0.16	0.75	0.07	0.05	1.01	0.81	0.04	0.92	0.31	0.05	0.09	0.19	0.23	0.17	0.18	0.12	0.34	0.28	0.94	0.33	0.13	0.55	0.06	0.45	0.12	0.21	0.05	0.32	0.46	0.26	0.33	0.16	0.29	0.18	1.19	0.26	0.23	0.21	0.37	0.13	0.44	0.4	0.04	0.25	0.41	0.14	0.44	1.39	0.9	0.52	0.06	0.3	0.16	0.24	0.43	0.18	0.01	0.2	0	0.06	0.06	0.74	0.15	0.31	0.94	0.16	0.44	0.58	0.33	0.95	0.45	0.55	0.08	0.32	0.45	0.3	0.23	0.31	0.96	0.05	0.33	0.98	0.47	0.37	0.03	1.28	0.04	0.44	0.56
0.13	0.03	0.97	0.47	0.47	0.27	0.14	0.02	0.03	0.16	0.47	7.03	0.06	0.04	0.38	0.23	0.06	0.21	0.49	0.04	0.31	0.52	0.21	0.15	0.16	0.04	0.04	0.02	0.17	0.29	0.43	0.5	0.01	0.14	0.14	0.22	0.4	0.89	0.11	0.24	0.6	0.13	0.04	0.15	4.14	0.14	0.41	0.03	0.45	0.41	0.41	0.61	0.03	0.19	0.07	0.11	0.38	0.04	0.38	0.14	0.04	1.38	0.04	0.41	0.17	0.17	0.06	0.42	0.06	0	0.05	0.17	0.42	0.42	0.04	0.15	0.22	0.2	0.34	0.42	0.05	0.33	0.07	0.21	0.29	0.15	0.2	0.43	0.21	0.03	0.51	0.37	0.43	1.63	0.06	0.03	0.45	0.04	0.24
0.11	0.03	0.08	0.06	0.15	0.44	0.34	0.04	0.03	0.09	0.14	2.81	0.43	0.05	0.42	0.48	0.06	0.26	0.25	0.01	0.44	0.17	0.34	0.15	0.19	0.44	0.25	0.06	0.41	0.05	0.64	0.19	0.05	0.15	0.27	0.5	0.02	0.01	0.1	0.44	0.03	0.12	0.03	0.29	3.95	0.52	0.2	0.05	0.7	0.09	0.36	0.62	0.02	0.22	0.05	0.1	0.04	0.02	0.17	0.09	0.04	0.44	0.04	0.2	0.24	0.39	0.05	0.45	0.06	0.19	0	0.55	0.53	0.26	0.03	0.12	0.23	0.47	0.33	0.12	0.05	0.25	0.05	0.55	0.26	0.12	0.21	0.18	0.1	0.04	0.14	0.45	0.04	0.45	0.34	0.9	0.05	0.03	0.46
0.03	0.13	0.45	0.19	0.02	0.3	0.03	0.44	0.15	0.16	0.03	6.37	0.14	0.12	0.55	0.48	0.45	0.64	0.23	0.14	0.36	0.28	0.15	0.16	0.03	0.45	0.15	0.17	1.22	0.15	0.04	0.36	0.15	0.01	0.15	0.17	0.16	0.14	0.03	0.46	0.16	0.04	0.22	0.42	2.72	0.46	0.19	0.15	0.22	0.04	0.37	0.47	0.47	0.35	0.15	0.03	0.46	0.17	0.13	0.04	0.3	0.53	0.16	0.14	0.04	0.07	0.48	0.42	0.18	0.15	0.15	0	0.68	0.19	0.48	0.05	0.58	0.06	0.22	0.14	0.16	0.07	0.15	0.08	0.19	0.05	0.46	0.04	0.04	0.13	0.01	1.4	0.36	0.23	0.27	0.46	0.41	0.4	0.23
0.37	0.13	0.44	0.17	0	0.29	0.02	0.15	0.74	0.64	0.02	1.71	0.47	0.47	0.27	0.12	0.15	0.47	0.22	0.21	0.47	0.52	0.13	0.01	0.01	0.11	0.16	0.46	0.18	0.14	0.47	0.09	0.13	0	0.14	0.06	0.12	0.3	0.02	0.09	0.23	0.47	0.13	0.14	4.28	0.1	0.15	0.31	0.2	0.97	0.12	0.13	0.14	0.66	0.13	0.03	0.14	0.14	0.1	0.46	0.47	0.47	0.14	0.47	0.09	0.06	0.15	0.02	0.48	0.48	0.34	0.01	0	0.26	0.14	0.49	0.46	0.05	0.23	0.13	0.48	0.1	0.48	0.06	0.15	0.09	0.38	0.28	0.33	0.49	0.01	0.49	0.12	0.58	0.49	0.13	0.15	0.69	0.52
0.18	0.28	0.56	0.31	0.29	0.39	0.49	0.29	0.56	0.29	0.43	2.15	0.27	0.29	0.22	0.13	0.44	0.09	0.43	0.64	0.84	0.2	0.14	0.19	0.19	0.68	0.28	0.29	0.35	0.65	0.18	0.9	0.28	0.36	0.29	0.1	0.27	0.27	0.19	0.2	0.28	0.18	0.57	0.19	1.89	0.47	0.36	0.29	0.25	0.2	0.28	0.47	0.26	0.26	0.28	0.37	0.3	0.27	0.13	0.19	0.68	0.29	0.29	0.33	0.51	0.12	0.3	0.18	0.31	0.33	0.28	0.21	0.19	0.01	0.27	0.19	0.41	0.72	0.22	0.28	0.42	0.18	0.28	0.1	1.02	0.19	0.1	0.15	0.19	0.26	0.34	0	0.37	0.3	0.42	0.28	0.31	0.42	0.21
0.49	0.06	0.7	0.06	0.5	0.26	0.1	0.03	0.4	0.4	0.11	1.73	2.62	0.02	0.37	0.72	0.05	1.42	0.35	0.42	0.33	0.38	0.42	0.13	0.15	0.02	0.04	0.25	0.1	0.4	0.72	0.16	0.04	0.12	0.05	0.92	0.02	0.02	0.44	0.43	0.03	0.11	0.03	0.11	2.82	0.15	0.43	0.04	0.73	0.43	0.02	0.25	0.02	0.42	0.04	0.43	0.03	0.03	0.5	0.43	0.01	0.09	0.93	0.45	0.14	0.44	0.44	0.1	0.06	0.44	0.03	0.74	0.12	0.26	0	0.12	0.59	0.44	0.44	0.26	0.04	0.33	0.04	0.19	0.27	0.1	0.45	0.51	0.45	0.02	0.14	0.55	0.03	0.33	0.45	0.05	0.39	0.03	0.19
0.04	0.12	0.18	0.17	0.42	0.31	0.03	0.14	0.12	0.45	0.03	7.25	0.13	0.44	0.23	0.08	0.15	0.26	0.23	0.4	0.48	0.04	0.28	0.32	0.05	0.14	0.16	0.31	0.19	0.45	0.03	0.09	0.15	0.96	0.18	0.1	0.11	0.13	0.04	0.34	0.43	0.01	0.13	0.04	3.96	0.43	0.22	0.17	0.58	0.08	0.52	0.45	0.12	0.24	0.13	0.24	0.15	0.11	0.09	0.03	0.11	0.39	0.13	0.22	0.04	0.09	0.47	0.04	0.14	0.48	0.14	0.05	0.1	0.19	0.49	0	0.03	0.09	1.09	0.13	0.13	0.1	0.13	0.1	0.9	0.4	0.32	0.09	0.03	0.19	0.05	0.19	0.52	0.23	0.41	0.11	0.16	0.11	0.24
0.1	0.2	0.2	0.25	0.09	0.63	0.1	0.21	0.21	0.48	0.03	3.56	0.15	0.54	0.27	0.11	0.94	0.27	0.24	0.64	0.39	0.09	0.06	0.09	0.1	0.3	0.23	0.23	0.59	0.16	0.04	0.04	0.21	0.09	0.17	0.48	0.79	0.23	1.19	0.12	0.22	0.03	0.47	0.12	0.41	0.29	0.23	0.25	0.24	0.04	0.2	0.05	0.22	0.1	0.16	0.05	0.49	0.43	0.32	0.04	0.2	0.05	0.45	0.45	1.53	0.05	0.23	0.1	0.61	0.66	0.22	0.09	0.48	0.2	0.32	0.03	0	0.13	0.32	0.57	0.48	0	0.16	0.09	0.23	0.04	0.09	0.07	0.04	0.28	0.09	0.21	0.4	0.55	0.23	0.21	0.25	0.21	0.24
0.06	0.95	0.27	0.23	0.05	0.44	0.06	0.17	0.43	0.83	0.06	0.88	0.98	0.48	0.19	0.03	0.57	0.31	0.18	0.48	0.28	0.08	0.05	0.06	0.22	0.19	0.46	0.21	0.23	0.19	0.45	0.47	0.2	0.04	0.18	0.25	0.17	0.49	0.43	0.08	0.5	0.07	0.18	0.44	0.08	0.05	0.17	0.18	0.16	0.98	0.17	0.15	0.97	0.46	0.18	0.11	0.8	0.2	0.03	0.07	0.44	0.07	0.2	0.42	0.05	0.59	1.01	0.41	0.18	0.19	0.18	0.4	0.05	0.12	0.4	0.08	0.48	0	0.49	0.18	0.18	0.05	0.51	0.03	0.98	0.48	0.02	0.58	0.07	0.47	0.05	0.13	0.17	0.46	0.59	0.2	0.46	0.65	0.5
0.2	0.33	0.34	0.43	0.63	0.21	1.02	0.33	0.32	1.29	0.2	1.47	0.31	0.29	0.04	0.15	0.47	0.26	0.47	0.33	0.68	0.21	0.45	0.19	0.48	0.3	0.77	0.47	0.78	0.32	0.47	0.17	0.33	0.23	0.47	0.13	0.32	0.47	0.59	0.22	0.34	0.47	0.34	0.22	3.79	0.23	0.48	0.34	0.02	0.2	0.47	0.52	0.32	0.31	0.47	0.97	0.34	0.34	0.17	0.23	0.47	0.36	0.62	0.47	0.19	0.16	1.18	0.2	0.35	0.34	0.48	0.19	0.24	0.21	0.47	0.47	0.22	0.14	0	0.47	0.31	0.3	0.32	0.13	0.58	0.51	0.13	0.16	0.47	0.31	0.19	0.22	0.31	1.14	0.33	0.34	0.6	0.99	0.49
0.11	0.92	0.1	0.07	0.13	0.41	0.49	0.87	0.4	0.05	0.12	5.05	0	0.44	0.34	0.43	0.25	0.28	0.43	0.16	0.1	0.15	0.42	0.46	0.14	0.41	0.06	0.91	1.92	0.4	0.11	0.16	0.49	0.39	0.46	0.18	0.48	0.03	0.11	0.47	0.04	0.96	0.04	0.48	0.33	0.13	0.45	0.06	0.54	0.18	0.44	0.2	0.03	0.43	0.01	0.11	0.4	0.42	0.16	0.12	0.41	0.12	0.06	0.22	0.4	0.4	0.07	0.49	0.07	0.12	0.04	0.99	0.13	0.29	0.48	0.13	0.15	0.26	0.65	0	0.03	0.46	0.01	0.18	0.46	0.45	0.75	0.55	0.11	0.44	0.14	0.52	0	0.34	0.07	0.43	0.07	0.27	0.4
0.47	0.42	0.08	0.07	0.13	0.37	0.13	0.47	0.02	0.04	0.14	2.09	0.03	0.03	0.56	0.21	0.07	0.27	0.34	0.27	0.06	0.16	0.47	0.14	0.23	0.03	0.05	0.07	0.12	0.04	0.11	1.48	0.05	0.47	0.05	0.2	0.35	0.04	0.45	0.21	0.14	0.13	0.78	0.16	1.02	0.53	0.23	0.43	1.17	0.13	0.08	0.21	0.04	0.49	0.03	0.11	0.42	0.04	0.34	0.49	0.03	0.49	0.05	0.23	0.25	0.17	0.34	0.13	0.07	0.06	0.05	0.14	0.37	0.28	0.04	0.14	0.21	0.2	0.4	0.03	0	0.17	0.28	0.18	0.29	0.13	0.41	0.15	0.34	0.01	0.41	0.31	0.03	0.47	0.07	0.42	0.31	0.27	0.22
0.03	0.13	0.19	0.18	0.09	0.28	0.03	0.46	0.17	0.16	0.05	0.2	4.77	0.14	0.24	0.04	0.18	0.23	0.2	0.46	0.16	0.06	0.05	0.14	0.04	0.15	0.32	0.54	1.04	0.16	0.06	0.07	0.47	0.23	0.15	0.06	0.17	0.22	0.06	0.07	0.41	0.02	0.47	0.3	0.25	0.08	0.22	0.3	0.19	0.47	0.24	0.14	0.47	0.14	0.15	0.04	0.18	0.17	0.47	0.13	0.16	0.09	0.48	0.25	0.06	0.47	0.42	0.09	0.22	0.47	0.16	0.17	0.08	0.29	0.25	0.03	0.01	0.06	0.37	0.19	0.48	0	0.48	0.06	0.41	0.1	0.09	0.07	0.4	0.71	0.06	0.16	0.14	0.48	0.18	0.14	0.28	0.16	0.21
0.12	0.05	0.11	0.16	0.45	0.29	0.12	0.15	0.04	0.15	0.12	7.48	0.01	0.06	0.35	0.46	0.46	0.66	0.34	0.04	0.48	0.41	0.21	0.18	0.46	0.05	0.06	0.07	0.67	0.18	0.12	0.34	0.06	0.13	0.08	0.55	0.47	0.03	0.11	0.15	0.05	0.47	0.05	0.48	10.1	0.97	0.49	0.24	0.47	0.18	0.03	0.48	0.43	0.48	0	0.11	0.06	0.04	0.48	0.48	0.04	0.92	0.11	0.22	0.15	0.68	0.07	0.12	0.08	0.68	0.05	0.14	0.13	0.28	0.48	0.13	0.49	0.33	0.49	2.66	0.03	0.99	0	0.18	0.56	0.99	0.19	0.18	0.49	0.04	0.14	0.3	0.01	0.36	0.08	0.05	0.07	0.05	0.36
0.45	0.41	0.21	0.23	0.21	0.23	0.3	0.2	0.16	0.34	0.46	2.18	0.18	0.2	0.18	0.02	0.47	0.18	0.16	0.21	0.2	0.07	0.04	0.08	0.07	0.17	0.48	0.21	0.48	0.48	0.48	0.03	0.2	0.05	0.19	0.49	0.17	0.9	0.15	0.09	0.49	0.09	0.18	0.1	0.98	0.06	0.2	0.21	0.14	0.07	0.33	0.04	0.18	0.41	0.19	0.47	0.55	0.5	0.03	0.09	0.17	0.47	0.21	0.4	0.05	0.01	0.23	0.4	0.24	0.6	0.19	0.9	0.23	0.1	0.19	0.1	0.4	0.03	0.13	0.18	0.4	0.05	0.19	0	0.41	0.1	0	0.41	0.08	0.27	0.07	0.41	0.5	0.34	0.41	0.43	0.25	0.2	0.41
0.46	0.27	0.56	0.56	0.15	0.48	0.57	0.28	0.97	0.47	0.47	6.63	0.28	0.56	0.46	0.27	0.29	0.42	0.41	0.6	0.47	0.49	0.27	0.15	0.47	0.47	0.48	0.52	1.85	0.68	0.48	0.48	0.28	0.57	0.52	0.58	0.39	0.26	0.17	0.49	0.49	0.2	0.27	0.6	2.28	0.15	0.42	0.59	0.62	0.49	0.26	0.31	0.25	0.49	0.28	0.21	0.58	1.01	0.23	0.22	0.27	0.22	0.28	0.07	0.41	0.31	0.29	0.21	0.43	0.29	0.5	0.54	0.52	0.71	0.42	0.91	0.23	0.51	0.38	0.66	0.29	0.55	0.28	0.2	0	0.28	0.25	0.48	0.22	0.42	0.14	0.72	0.31	0.41	0.42	0.27	0.73	0.39	0.4
0.03	0.11	0.45	0.54	0.45	0.31	0.04	0.48	0.11	0.43	0.25	0.42	0.13	0.13	0.62	0.1	0.14	0.27	0.24	0.92	0.37	0.42	0.42	0.42	0.05	0.13	0.18	0.16	1.89	0.43	0.03	0.53	0.14	0.09	0.14	0.1	0.43	0.1	0.03	0.43	0.11	0.01	0.32	0.41	0.2	0.09	0.55	0.43	0.24	0.01	0.44	0.09	0.3	0.21	0.44	0.03	0.48	0.29	0.09	0.04	0.44	0.04	0.13	0.8	0.4	0.12	0.14	0.14	0.6	0.15	0.13	0.05	0.1	0.19	0.4	0	0.42	1.11	0.61	0.4	0.12	0.43	0.14	0.1	0.28	0	0.11	0.08	0.03	0.51	0.04	0.51	0.17	0.92	0.42	0.14	0.15	0.46	0.25
0.08	0.18	0.53	0.53	0.45	0.23	0.08	0.46	0.18	0.24	0.46	6.44	0.18	0.17	0.45	0.03	0.21	0.18	0.17	0.5	0.19	0.08	0.22	0.09	0.45	0.46	0.2	0.21	2.56	0.2	0.08	0.03	0.19	0.06	0.17	0.01	0.19	0.2	0.08	0.1	0.21	0.46	0.19	0.13	2.25	0.06	0.47	0.77	0.15	0.07	0.47	0.04	0.18	0.67	0.24	0.4	0.19	0.2	0.03	0.15	0.21	0.43	0.48	0.58	0.05	0.36	0.21	0.48	0.23	0.21	0.19	0.48	0.06	0.1	0.49	0.47	1.07	0.01	0.49	0.45	0.34	0.05	0.19	0.38	0.25	0.44	0	0.4	0.09	0.4	0.08	1.95	0.4	0.15	0.5	0.2	0.9	0.4	0.16
0.04	0.15	0.47	0.19	0.47	0.27	0.04	0.49	0.37	0.57	0.06	1.54	0.43	0.17	0.22	0.06	0.19	0.49	0.51	0.15	0.19	0.1	0.11	0.04	0.4	0.43	0.16	0.44	1.56	0.43	0.48	0.09	0.17	0.03	0.15	0.04	0.21	0.39	0.05	0.43	0.16	0.08	0.55	0.32	0.07	0.09	0.17	0.43	0.32	0.28	0.15	0.08	0.17	0.43	0.19	0.43	0.17	0.43	0.09	0.43	0.16	0.08	0.16	0.15	0.06	0.05	0.19	0.05	0.43	0.34	0.18	0.26	0.13	0.15	0.16	0.09	0.07	0.36	0.43	0.17	0.15	0.43	0.18	0.37	0.26	0.43	0.3	0	0.08	0.73	0.43	0.15	0.36	0.22	0.53	0.43	0.23	0.82	1.04
0.02	0.1	0.16	0.13	0.1	0.31	0.02	0.12	0.44	0.11	0.54	1.94	0.11	0.44	0.23	0.22	0.13	0.26	0.3	0.46	0.14	0.04	0.08	0.04	0.05	0.28	0.13	0.13	0.46	0.12	0.46	0.05	0.14	0.2	0.46	0.37	0.1	0.11	0.01	0.04	0.22	0.04	0.1	0.01	2.38	0.1	0.16	0.13	0.23	0.57	0.32	0.08	0.43	0.1	0.47	0.01	0.12	0.1	0.05	0.01	0.42	0.01	0.12	0.29	0.04	0.47	0.15	0.02	0.13	0.14	0.1	0.06	0.1	0.46	0.11	0.03	0.04	0.07	0.22	0.4	0.14	0.05	0.12	0.29	0.42	0.03	0.09	0.08	0	0.11	0.03	0.2	0.3	0.4	0.14	0.1	0.13	0.4	0.24
0.13	0.02	0.09	0.45	0.12	0.26	0.34	0.03	0	0.03	0.12	3.92	0.23	0.18	0.35	0.22	0.05	0.46	0.36	0.03	0.06	0.14	0.57	0.13	0.16	0.02	0.04	0.05	0.09	0.22	0.47	0.16	0.03	0.2	0.06	0.47	0.02	0.13	0.12	0.22	0.04	0.1	0.19	0.49	1	0.2	0.21	0.05	0.32	0.19	0.48	0.36	0.02	0.42	0.04	0.48	0.03	0.03	0.17	0.1	0.02	0.28	0.09	0.47	0.49	0.18	0.05	0.11	0.06	0.04	0.14	0.14	0.36	0.49	0.02	0.12	0.49	0.17	0.3	0.4	0.01	0.17	0.4	0.17	0.27	0.14	0.33	0.3	0.1	0	0.4	0.29	0.44	0.91	0.41	0.33	0.05	0.03	0.2
0.06	0.49	0.18	0.17	0.01	0.3	0.02	0.14	0.13	0.14	0.03	1.4	0.13	0.4	0.24	0.09	0.17	0.24	0.4	0.15	0.17	0.12	0.16	0.4	0.06	0.16	0.16	0.16	0.2	0.49	0.12	0.05	0.51	0.01	0.16	0.41	0.14	0.41	0.03	0.09	0.15	0.04	0.13	0.05	1.38	0.01	0.15	0.52	0.21	0.41	0.42	0.08	0.42	0.35	0.32	0.24	0.21	0.43	0.05	0.04	0.13	0.73	0.16	0.15	0.38	0.43	0.16	0.02	0.18	0.15	0.17	0.43	0.12	0.53	0.13	0.04	0.09	0.05	0.34	0.47	0.33	0.04	0.14	0.07	0.53	0.05	0.08	0.04	0.03	0.14	0	0.43	0.14	0.23	0.16	0.43	0.16	0.45	0.55
0.53	0.3	0.64	0.32	0.44	0.12	0.44	0.46	0.44	0.3	0.19	1	0.3	0.28	0.43	0.14	0.71	0.09	0.07	0.43	0.32	0.19	0.43	0.18	0.18	0.93	0.43	0.43	0.34	0.43	0.2	0.43	0.53	0.17	0.46	0.12	0.63	0.31	0.5	0.21	0.31	0.43	0.3	0.44	0.51	0.43	0.43	0.92	0.26	0.42	0.29	0.52	0.29	0.52	0.3	0.42	0.31	0.42	0.42	0.2	0.42	0.72	0.31	0.3	0.16	0.42	0.72	0.19	0.32	0.33	0.42	0.41	0.26	0	0.3	0.2	0.22	0.38	0.42	0.3	0.33	0.29	0.42	0.12	0.56	0.2	0.12	0.15	0.41	0.61	0.18	0	0.71	0.03	0.34	0.64	0.35	0.44	0.27
0.12	0.47	0.13	0.47	0.13	0.28	0.47	0.05	0.03	0.3	0.98	6.54	0	0.05	0.47	0.21	0.07	0.57	0.33	0.03	0.67	0.15	0.26	0.18	0.14	0.34	0.07	0.07	0.48	0.01	0.11	0.35	0.05	0.98	0.07	0.19	0.03	0.73	0.85	0.15	0.05	0.46	0.04	0.11	2.09	0.24	0.59	0.42	0.49	0.5	0.16	0.5	0.04	0.6	0.01	0.11	0.52	0.04	0.4	0.12	0.04	0.51	0.06	0.41	0.15	0.18	0.07	0.12	0.07	0.06	0.91	0.3	0.15	0.27	0.41	0.13	0.15	0.17	0.31	0	0.03	0.29	0.42	0.18	0.42	0.14	0.18	0.18	0.43	0.04	0.83	0.92	0	0.43	0.26	0.04	0.07	0.43	0.27
0.68	0.47	0.34	0.68	0.22	0.15	0.23	0.73	0.78	0.99	0.48	0.49	0.99	0.64	0.32	0.49	0.37	0.06	0.05	0.34	0.5	0.23	0.49	0.23	0.23	0.7	0.4	0.81	1.26	0.56	0.6	0.55	0.34	0.9	0.32	0.15	0.33	0.41	0.51	0.23	0.41	0.71	0.53	0.26	7.03	0.52	0.42	0.36	0.42	0.44	1.13	0.18	0.73	0.26	0.34	0.23	0.34	0.47	0.24	1.04	0.33	0.24	0.44	0.35	0.54	0.14	0.94	0.44	0.95	0.44	0.36	0.54	0.27	0.03	0.57	0.55	0.22	0.16	0.45	0.75	0.95	0.2	0.34	0.46	0.76	0.23	0.46	0.22	0.62	0.6	0.57	0.03	0.34	0	0.37	0.32	0.4	0.48	0.51
0.45	0.04	0.3	0.16	0.45	0.24	0.15	0.05	0.05	0.05	0.46	0.34	3.63	0.29	0.43	0.56	0.03	0.93	0.3	0.44	0.1	0.18	0.23	0.54	0.74	0.08	0.44	0.07	0.48	0.21	0.13	0.55	0.05	0.45	0.07	0.54	0.05	0.45	0.14	0.45	0.05	0.14	0.04	0.49	0.19	0.17	0.35	0.13	0.37	0.13	0.05	0.24	0.56	0.22	0.08	0.14	0.12	0.24	0.18	0.13	0.1	0.14	0.27	0.47	0.17	0.19	0.38	0.14	0.27	0.06	0.06	1.18	0.15	0.31	0.06	0.16	0.49	0.21	0.33	0.18	0.07	0.22	0.08	0.49	0.29	0.15	0.21	0.5	0.14	0.05	0.17	0.48	0.07	0.38	0	0.05	0.05	0.33	0.51
0.4	0	0.09	0.89	0.14	0.39	0.45	0.02	0.11	0.55	0.12	2.83	0.04	0.92	0.63	0.49	0.42	0.19	0.23	0.02	0.06	0.91	0.35	0.15	0.14	0	0.03	0.05	0.1	0.42	0.1	0.17	0.13	0.13	0.04	0.2	0.05	0.32	0.11	0.43	0.02	0.12	0.1	0.15	0.43	0.44	0.37	0.03	0.44	0.35	0.34	0.19	0.01	0.67	0.05	0.11	0.38	0.02	0.96	0.11	0.03	0.96	0.03	0.38	0.17	0.38	0.04	0.14	0.17	0.06	0.03	0.15	0.14	0.27	0.03	0.48	0.21	0.48	0.34	0.04	0.04	0.23	0.05	0.18	0.78	0.48	0.19	0.17	0.1	0.03	0.16	0.47	0.59	0.41	0.05	0	0.05	0.02	0.63
0.17	0.04	0.1	0.41	0.18	0.24	0.22	0.05	0.37	0.42	0.46	1.45	0.07	0.08	0.49	0.24	0.04	0.56	0.29	0.41	0.41	0.18	0.23	0.41	0.16	0.08	0.02	0.42	0.42	0.08	0.47	0.42	0.05	0.43	0.07	0.21	0.15	0.04	0.52	0.24	0.05	0.16	0.04	2.25	0.94	0.16	0.23	0.44	0.75	0.23	0.44	0.21	0.04	0.34	0.44	0.14	0.2	0.04	0.44	0.34	0.06	0.45	0.02	0.46	0.44	0.19	0.04	0.15	0.04	0.45	0.44	0.18	0.16	0.45	0.14	0.37	0.45	0.46	0.33	0.07	0.45	0.18	0.45	0.55	0.57	0.14	0.22	0.46	0.14	0.05	0.46	0.35	0.29	0.86	0.01	0.26	0.01	0.04	0.37
0.38	0.4	0.1	0.34	0.4	0.25	0.12	0.03	0.03	0.05	0.41	2.04	0.04	0.91	0.72	0.22	0.42	0.34	1.52	0.02	0.06	0.22	0.22	0.52	0.42	0	0.03	0.05	0.52	0.05	0.52	0.39	0.03	0.14	0.44	1.33	0.42	0.43	0.1	0.22	0.01	0.43	0.01	0.13	7.86	0.14	0.21	0.03	0.43	0.12	0.03	0.2	0.01	0.43	0.1	0.44	0.04	0.01	0.44	0.24	0.03	0.44	0.33	0.44	0.29	0.18	0.44	0.44	0.05	0.03	0.03	0.44	0.14	0.28	0.03	0.44	0.62	0.17	0.45	0.08	0.18	0.17	0.05	0.19	0.27	0.14	0.19	0.17	0.12	0.03	0.15	0.31	0.05	0.34	0.09	0.65	0.04	0	0.46
0.23	0.19	0.97	0.47	0.47	0.33	0.22	0.2	0.19	0.2	0.3	9.9	0.4	0.21	0.28	0.46	0.22	0	0.19	0.57	0.48	0.61	0.19	0.49	0.22	0.21	0.49	0.6	0.43	0.28	0.51	0.4	0.2	0.23	0.52	0.15	0.18	1.41	1.11	0.44	0.38	0.62	0.42	0.44	0.29	0.54	0.47	0.54	0.58	0.22	0.29	0.19	0.48	0.27	0.57	0.5	0.47	0.49	0.17	0.47	0.48	0.58	0.2	0.58	0.2	0.48	0.21	0.23	0.22	0.21	0.19	0.22	0.24	0.48	0.19	0.24	0.49	0.35	0.59	0.27	0.21	0.28	0.5	0.15	0.4	0.25	0.5	0.19	0.91	0.41	0.21	1.21	0.27	0.41	0.52	0.42	0.22	0.92	0.01
