0	0.12	0.44	0.17	0.19	0.45	0	0.12	0.1	0.12	0.37	2.44	0.48	0.13	0.47	0.1	0.24	0.25	0.23	0.2	0.47	0.04	0.08	0.29	0.18	0.47	0.13	0.17	0.18	0.13	0.02	0.04	0.47	0.02	0.11	0.07	0.4	0.18	0.01	0.5	0.12	0.03	0.12	0.19	0.03	0.02	0.15	0.14	0.22	0.02	0.5	0.36	0.12	0.06	0.16	0.02	0.13	0.49	0.09	0.02	0.12	0.02	0.14	0.54	0.21	0.49	0.5	0.25	0.49	0.13	0.13	0.03	0.02	0.18	0.49	0.04	0.5	0.06	0.94	0.4	0.4	0.06	0.4	0.07	0.4	0.04	0.08	0.04	0.25	0.11	0.9	0.19	0.12	0.52	0.15	0.4	0.37	0.3	0.95
0.14	0	0.1	0.4	0.42	0.23	0.4	0.02	0.02	0.41	0.11	2.24	0.08	0.02	0.65	0.22	0.04	0.19	0.22	0.44	0.05	1	0.44	0.13	0.45	0	0.03	0.2	0.1	0.24	0.39	0.45	0.02	0.55	0.04	0.21	0.02	0.02	0.1	0.2	0.02	0.12	0.07	0.16	0.65	0.45	0.21	0.03	0.45	0.09	0.46	0.18	0.46	0.46	0.05	0.12	0.02	0.02	0.46	0.12	0.42	0.46	0.03	0.21	0.46	0.28	0.04	0.11	0.05	0.03	0.03	0.46	0.13	0.26	0.02	0.14	0.46	0.18	0.32	0.83	0.04	0.46	0.05	0.18	0.96	0.46	0.19	0.41	0.1	0.02	0.13	1.08	0.57	0.56	0.04	0	0.07	0.02	0.19
0.46	0.1	0	0.43	0.16	0.36	0.46	0.12	0.07	0.59	0.15	5.85	0.4	0.08	0.37	0.22	0.88	0.59	0.29	0.4	0.12	0.17	0.81	0.2	0.21	0.06	0.1	0.51	0.15	0.48	0.14	0.55	0.11	0.16	0.09	0.39	0.08	0.08	0.41	0.19	0.1	0.15	0.09	0.15	0.17	0.18	0.91	0.32	0.64	0.41	0.08	0.31	0.41	0.23	0.1	0.41	0.41	0.09	0.22	0.41	0.09	0.4	0.1	0.41	0.23	0.2	0.4	0.15	0.41	0.11	0.44	0.17	0.17	0.41	0.41	0.25	0.2	0.59	0.33	0.09	0.08	0.2	0.42	0.21	0.34	0.42	0.21	0.18	0.16	0.09	0.17	0.52	0.33	0.43	0.1	0.2	0.42	0.1	0.35
0.15	0.04	0.1	0.01	0.17	0.22	0.16	0.05	0.05	1.16	0.17	4.21	0.07	0.08	0.39	0.41	0.4	0.25	1.61	0.05	0.1	0.2	0.71	0.16	0.16	0.51	0.13	0.92	0.62	0.08	0.13	0.43	0.05	0.53	0.43	0.21	0.05	0.43	0.13	0.25	0.44	0.44	0.04	0.44	0.4	0.57	0.23	0.06	0.45	0.13	0.45	0.44	0.04	0.46	0.08	0.13	0.05	0.05	0.47	0.13	0.07	0.68	0.22	0.23	0.48	0.2	0.04	0.24	0.03	0.06	0.06	0.17	0.26	0.49	0.06	0.16	0.49	0.59	0.7	0.4	0.07	0.17	0.21	0.41	0.29	0.16	0.71	0.41	0.13	0.05	0.52	0.42	0.34	0.38	0.52	0.43	0.2	0.43	0.22
0.02	0.14	0.16	0.17	0	0.29	0.23	0.13	0.5	0.14	0.02	6.64	0.13	0.13	0.28	0.13	0.15	0.24	0.22	0.52	0.16	0.09	0.99	0.01	0.02	0.13	0.14	0.17	0.4	0.14	0.1	0.1	0.15	0.24	0.42	0.37	0.15	0.14	0.04	0.09	0.43	0.19	0.51	0.75	0.02	0	0.45	0.14	0.21	0.04	0.45	0.11	0.13	0.07	0.13	0.03	0.48	0.13	0.48	0.11	0.13	0.16	0.15	0.15	0.09	0.06	0.16	0.02	0.17	0.15	0.14	0.04	0	0.47	0.12	0.09	0.39	0.05	0.92	0.84	0.13	0.1	0.13	0.06	0.15	0.43	0.06	0.09	0.1	0.12	0.01	0.55	0.46	0.23	0.52	0.16	0.15	0.13	0.48
0.55	0.29	0.43	0.73	0.43	0	0.3	0.73	0.24	0.24	0.31	6.54	0.26	0.24	0.12	0.26	0.22	0.94	0.11	0.54	0.3	0.65	0.27	0.3	0.45	0.24	0.2	0.26	0.55	0.27	0.31	0.65	0.45	0.66	0.29	0.23	0.45	0.33	0.29	0.32	1.36	0.46	0.23	0.46	0.3	0.29	1.31	0.24	0.36	0.29	0.24	0.41	0.22	0.34	0.4	0.5	0.4	0.23	0.25	0.34	0.29	0.59	0.2	0.42	0.28	0.22	0.29	0.3	0.4	0.57	0.24	0.4	0.29	0.33	0.5	0.31	0.32	1.12	0.19	0.4	0.25	0.57	0.6	0.23	0.48	0.4	0.4	0.27	0.31	0.24	0.3	0.5	0.65	0.15	0.22	0.4	0.21	0.23	0.66
0	0.14	0.48	0.43	0.02	0.3	0	0.33	0.12	0.48	0.01	0.75	0.5	0.12	0.48	0.09	0.17	0.78	0.22	0.11	0.11	0.04	0.46	0.03	0.03	0.78	0.13	0.15	0.18	0.68	0.02	0.04	0.15	0.06	0.69	0.07	0.12	0.14	0.01	0.1	0.14	0.03	0.11	0.4	0.32	0.07	0.15	0.4	0.42	0.02	0.36	0.41	0.41	0.05	0.45	0.02	0.41	0.11	0.04	0.02	0.41	0.58	0.13	0.15	0.03	0.07	0.52	0.27	0.14	0.14	0.14	0.03	0.42	0.18	0.16	0.03	0.73	1.03	0.53	0.12	0.43	0.03	0.3	0.07	0.21	0.03	0.23	0.44	0.02	0.49	0.02	0.19	0.12	0.23	0.64	0.11	0.49	0.44	0.22
0.97	0.47	0.11	0.98	0.47	0.24	0.13	0	0.09	0	0.15	1.58	0.41	0.18	0.38	0.45	0.1	0.2	0.44	0.03	0.06	0.16	0.2	0.14	0.17	0.34	0.04	0.02	0.36	0.06	0.13	0.17	0.01	0.44	0.05	0.79	0.03	0.03	0.41	0.21	0.03	0.48	0.02	0.25	0.37	0.14	0.22	0.01	0.48	0.12	0.57	0.48	0.02	0.17	0.43	0.11	0.43	0.03	0.43	0.11	0.26	0.23	0.03	0.22	0.49	0.54	0.05	0.49	0.94	0.02	0.04	0.21	0.25	0.28	0.05	0.13	0.27	0.17	0.55	0.05	0.05	0.16	0.06	0.5	0.28	0.14	0.19	0.58	0.4	0.03	0.52	0.32	0.1	0.57	0.05	0.03	0.05	0.19	0.51
0.1	0.02	0.07	0.14	0.13	0.4	0.1	0.31	0	0.02	0.1	3.13	0.03	0.01	0.35	0.49	0.07	0.49	0.35	0.03	0.06	0.13	0.18	0.12	0.43	0.01	0.49	0.04	0.09	0.39	0.09	0.5	0.03	0.14	0.19	0.17	0.02	0.24	0.13	0.21	0.21	0.11	0.41	0.14	0.15	0.27	0.51	0.02	0.33	0.33	0.34	0.2	0.41	0.19	0.04	0.5	0.13	0.03	0.23	0.11	0.02	0.28	0.53	0.21	0.15	0.18	0.05	0.1	0.42	0.04	0.04	0.24	0.12	1.14	0.02	0.13	0.28	0.29	0.44	0.18	0.02	0.13	0.04	0.45	0.45	0.1	0.19	0.15	0.1	0	0.13	0.45	0.04	0.32	0.28	0.25	0.2	0.04	0.53
0.13	0.02	1.14	0.89	1.4	1.54	1.5	0.1	1.54	0	0.37	1.46	0.05	0.04	0.55	0.21	0.24	0.2	0.3	0.03	0.41	0.4	0.5	0.15	0.79	0.23	0.04	0.41	0.1	0.06	0.41	0.19	0.03	1.01	0.05	0.19	0.03	0.15	0.1	0.41	0.41	0.13	0.44	0.94	0.41	0.76	0.22	0.39	0.33	0.11	0.41	0.19	0.02	0.35	0.17	0.92	0	0.38	0.18	0.12	0.04	1.03	0.06	0.22	0.15	0.16	0.13	0.63	0.05	0.03	0.16	0.21	0.18	0.43	0.18	0.12	0.24	0.2	0.32	0.05	0.44	0.44	0.54	0.2	0.44	0.13	0.2	0.19	0.44	0.1	0.45	0.75	0.09	1.24	0.17	0.02	0.05	0.11	0.31
0.01	0.11	0.35	0.14	0.02	0.31	0.21	0.12	0.12	0.12	0	9.97	0.36	0.14	0.64	0.22	0.44	0.31	0.23	0.32	0.12	0.03	0.45	0.03	0.03	0.11	0.45	0.15	0.18	0.31	0.01	0.03	0.14	0.02	0.45	0.45	0.12	0.19	0.01	0.03	0.14	0.02	0.13	0.03	0.39	0.11	0.15	0.14	0.54	0.02	0.11	0.07	0.29	0.07	0.46	0.46	0.14	0.15	0.03	0.02	0.14	0.02	0.13	0.47	0.03	0.06	0.2	0.01	0.49	0.16	0.14	0.04	0.02	0.48	0.84	0.13	0.03	0.06	0.49	0.15	0.12	0.02	0.12	0.45	0.21	0.03	0.2	0.06	0.02	0.12	0.4	0.19	0.12	0.27	0.17	1	0.15	0.13	0.23
1.84	1.01	1.45	7.62	5.4	1.49	3.35	0.43	0.31	1.19	9.91	9.19	7.81	1.57	0.04	0.41	7.86	1.83	1.96	0.33	4.54	9.27	0.23	0.49	0.88	12.3	0.41	4.52	3.14	0.33	1.19	3.82	0.68	3.98	5.87	0.14	1.74	2.22	3.88	2.27	0.33	0.44	0.88	4.38	6.01	1.72	0.32	3.09	4.73	5.73	0.86	1.15	3.02	6.27	2.34	1.45	1.08	1.48	0.18	1.57	8.37	2.94	0.31	3.27	8.33	0.58	1.61	1.05	4.96	6.18	0.33	1.83	1.49	2.14	7.17	1.14	0.64	1.22	8.21	0.32	0.32	1.26	2.13	4.03	1.37	0.24	0.49	13.2	0.47	1.15	1.84	4.66	1.82	0.28	3.9	5.97	0.43	11.3	0.25
0.11	0.38	0.1	0.32	0.41	0.26	0.12	0.05	0.41	0.14	0.11	3.57	0	0.05	0.49	0.2	0.86	0.27	0.33	0.19	0.5	0.15	0.6	0.49	0.14	0.4	0.08	0.07	0.13	0.01	0.11	0.51	0.05	0.12	0.91	0.38	0.02	0.4	0.41	0.15	0.04	0.12	0.04	0.11	0.42	0.47	0.88	0.14	0.42	0.18	0.53	0.2	0.03	0.16	0.01	0.43	0.05	0.04	0.15	0.4	0.44	0.25	0.08	0.44	0.41	0.17	0.07	0.46	0.07	0.24	0.04	0.13	0.12	0.44	0.25	0.13	0.15	0.95	0.45	0	0.03	0.28	0.06	0.18	0.28	0.46	0.18	0.18	0.11	0.04	0.47	0.31	0.3	0.34	0.07	0.04	0.07	0.04	0.88
0.1	0.02	0.44	0.23	0.17	0.44	0.3	0.03	0.01	0.03	0.29	0.32	0.47	0	0.36	0.19	0.14	0.21	0.48	0.04	0.06	0.13	0.18	0.12	0.48	0.68	0.03	0.42	0.1	0.06	0.48	0.14	0.03	0.11	0.04	0.18	0.04	0.79	0.11	0.49	0.04	0.12	0.04	0.49	0.14	0.11	0.23	0.4	0.6	0.32	0.32	0.52	0.36	0.17	0.19	0.11	0.31	0.11	0.41	0.1	0.27	0.47	0.45	0.23	0.16	0.45	0.04	0.1	0.12	0.38	0.48	0.14	0.28	0.5	0.02	0.48	0.19	0.17	0.31	0.41	0.03	0.48	0.13	0.18	0.29	0.13	0.19	0.48	0.39	0.01	0.12	0.7	0.05	0.49	0.08	0.34	0.08	0.12	0.22
0.25	0.92	1.01	0.39	0.28	0.42	0.25	0.41	0.35	0.51	0.25	4.13	0.52	0.41	0	0.42	0.39	0.51	0.32	0.4	0.39	0.42	0.46	0.42	0.25	0.43	0.39	0.4	0.63	0.35	0.43	0.18	0.38	0.43	0.34	0.43	0.37	0.37	0.26	0.27	0.43	0.24	0.5	0.28	0.26	0.54	0.39	0.4	0.06	0.5	0.45	0.51	0.75	0.25	0.45	0.59	0.75	0.38	0.43	0.23	0.37	0.57	0.56	0.37	0.19	0.17	0.46	0.25	0.4	0.96	0.46	0.25	0.46	0.22	0.57	0.87	0.27	0.18	0.04	0.34	0.47	0.22	0.35	0.47	0.47	0.23	0.77	0.23	0.22	0.97	0.42	0.58	0.35	0.32	0.4	0.97	0.47	0.38	0.47
0.38	0.21	0.22	0.36	0.13	0.5	0.4	0.22	0.4	0.5	0.1	0.43	0.2	0.21	0.16	0	0.23	0.35	0.17	0.2	0.2	1.44	0.13	0.09	0.09	0.21	0.44	0.44	0.64	0.21	0.4	0.03	0.21	0.33	0.19	0.39	0.44	0.2	0.09	0.45	0.24	0.06	0.95	0.12	0.2	0.25	0.45	0.58	0.55	0.46	0.53	0.03	0.23	0.96	0.46	0.1	0.22	0.47	0.03	0.08	0.47	0.11	0.23	0.21	0.04	0.01	0.47	0.58	0.47	0.3	0.23	0.09	0.13	0.98	0.21	0.08	0.11	0.18	0.28	0.21	0.21	0.04	0.49	0.02	0.27	0.32	0.03	0.06	0.69	0.22	0.28	0.49	0.39	0.17	0.99	0.58	0.31	0.28	0.5
0.15	0.04	0.12	0.04	0.15	0.22	0.14	0.57	0.05	0.05	0.16	2.92	0.07	0.05	0.38	0.26	0	0.22	0.3	0.92	0.08	0.17	0.92	0.42	0.2	0.34	0.37	0.07	0.12	0.45	0.43	0.49	0.05	0.15	0.13	0.21	0.06	0.41	0.73	0.23	0.05	0.15	0.05	0.17	0.52	0.18	0.96	0.05	0.35	0.12	0.16	0.22	0.04	0.22	0.08	0.15	0.45	0.04	0.18	0.81	0.05	0.36	0.02	0.23	0.18	0.18	0.03	0.14	0.03	0.36	0.45	0.16	0.16	0.32	0.27	0.33	0.56	0.19	0.34	0.46	0.07	0.18	0.12	0.57	0.67	0.14	0.22	0.47	0.17	0.09	0.47	0.34	0.07	0.37	0.34	0.05	0.03	0.04	0.22
0.45	0.19	0.45	0.65	0.23	0.45	0.25	0.2	0.19	0.2	0.65	10.9	0.2	0.21	0.16	0.44	0.47	0.01	1.26	0.18	0.44	0.25	0.21	0.25	0.25	0.21	0.46	0.22	0.37	0.61	0.37	0.2	0.47	0.23	0.35	0.53	0.57	1.38	0.47	0.27	0.19	0.26	0.97	0.27	0.25	0.47	0.36	0.21	0.32	0.24	0.24	0.21	0.48	0.29	0.21	0.25	0.2	0.19	0.49	0.48	0.2	0.71	0.21	0.5	0.23	0.18	1	1.1	0.6	0.22	0.19	0.5	0.53	0.91	0.4	0.27	0.27	0.55	0.5	0.2	0.4	0.22	0.27	0.5	0.42	0.43	0.18	0.22	0.51	1.11	0.41	0.43	0.2	0.06	0.22	0.51	0.21	0.62	0
0.65	0.22	0.29	0.33	0.57	0.11	0.39	0.31	0.35	0.29	0.22	0.51	0.33	0.36	0.33	0.3	0.29	0.88	0	0.23	0.43	0.21	0.31	0.24	0.4	0.33	0.28	0.56	0.55	0.36	0.45	0.19	0.34	0.21	0.34	0.17	0.26	0.23	0.23	0.6	0.63	0.39	0.26	0.56	0.23	0.22	0.35	0.3	0.32	0.51	0.23	0.18	0.82	0.22	0.56	0.52	0.31	0.38	0.2	0.23	0.54	0.27	0.28	0.35	0.2	0.48	0.3	0.23	0.35	0.33	0.24	0.23	0.22	0.05	0.35	0.24	0.24	0.18	0.33	0.56	0.53	0.57	0.35	0.16	0.41	0.25	0.22	0.21	0.22	0.35	0.23	0.38	0.33	0.05	0.29	0.21	0.67	0.22	0.04
0.12	0.38	0.08	0.4	0.13	0.48	0.48	0.03	0.48	0.21	0.12	2.79	0.03	0.04	0.36	0.21	0.05	0.18	0.23	0	0.06	0.44	0.5	0.14	0.45	0.04	0.03	0.05	0.09	0.17	0.1	0.17	0.04	0.45	0.18	0.18	0.01	0.2	0.48	0.23	0.02	0.45	0.02	0.55	0.4	0.16	0.19	0.04	0.4	0.45	0.45	0.19	0.01	0.16	0.04	0.1	0.03	0.02	0.18	0.1	0.03	0.65	0.03	0.44	0.16	0.15	0.44	0.65	0.05	0.44	0.01	0.14	0.44	0.26	0.02	0.11	0.21	0.44	0.47	0.64	0.36	0.53	0.04	0.18	0.26	0.44	0.19	0.44	0.44	0.03	0.13	0.65	0.03	0.36	0.05	0.41	0.45	0.11	0.19
0.49	0.05	0.11	0.1	0.16	0.4	0.34	0.05	0.4	0.4	0.12	6.15	0.21	0.43	0.44	0.2	0.44	0.54	0.37	0.54	0	0.19	0.48	0.15	0.15	0.05	0.45	0.06	0.43	0.43	0.43	0.16	0.43	0.41	0.01	0.18	0.06	0.44	0.43	0.18	0.47	0.44	0.05	0.12	0.44	0.23	0.28	0.07	0.44	0.94	0.08	0.22	0.36	0.44	0.2	0.45	0.06	0.06	0.15	0.65	0.07	0.91	0.06	0.65	0.17	0.19	0.08	0.12	0.09	0.45	0.06	0.33	0.32	0.32	0.06	0.45	0.45	0.2	0.45	0.42	0.07	0.17	0.09	0.2	0.39	0.96	0.18	0.18	0.46	0.06	0.18	0.32	0.66	0.34	0.45	0.06	0.46	0.06	0.73
0.04	0.31	0.17	0.18	0.99	0.49	0.07	0.15	0.19	0.16	0.03	7.38	0.15	0.2	0.22	0.07	0.18	0.44	0.21	0.21	0.48	0	0.54	0.04	0.44	0.21	0.41	0.97	0.44	0.16	0.04	0.04	0.16	0.09	0.16	0.08	0.36	0.15	0.04	0.03	0.17	0.03	0.44	0.06	0.12	0.09	0.16	0.24	0.22	0.45	0.52	0.07	0.15	0.07	0.15	0.04	0.16	0.44	0.04	0.05	0.45	0.44	0.22	0.16	0.03	0.44	0.17	0.04	0.17	0.45	0.15	0.05	0.54	0.2	0.44	0.04	0.03	0.06	0.21	0.15	0.15	0.23	0.16	0.44	0.23	0.04	0.39	0.94	0.04	0.16	0.04	0.44	0.15	0.22	0.18	0.44	0.17	0.15	0.23
0.44	0.19	0.3	0.47	0.44	0.27	0.44	0.59	0.44	0.44	0.07	0.97	0.47	0.18	0.17	0.02	0.35	1.47	0.19	0.4	0.26	0.08	0	0.09	0.09	0.19	0.47	0.21	0.57	0.21	0.47	0.06	0.26	0.13	0.17	0.04	0.21	0.45	0.34	0.06	0.2	0.14	0.19	0.11	1.18	0.48	0.48	0.48	0.58	0.28	0.58	0.01	0.48	0.12	0.21	0.09	0.27	0.22	0.05	0.09	0.59	0.73	0.23	0.21	0.05	0.03	0.49	0.08	0.49	0.2	0.49	0.19	0.18	0.23	0.5	0.09	0.06	0.05	0.4	0.2	0.2	0.4	0.22	0.24	0.9	0.09	0.1	0.11	0.08	0.18	0.9	0.17	0.21	0.19	0.22	0.19	0.6	0.21	0.19
0.03	0.43	0.2	0.17	0.05	0.5	0.03	0.17	0.14	1.56	0.03	0.93	0.14	0.47	0.44	0.44	0.45	0.53	0.23	0.15	0.15	0.04	0.54	0	0.02	0.21	0.15	0.18	0.21	0.14	0.04	0.06	0.16	0.22	0.14	0.39	0.45	0.13	0.03	0.29	0.17	0.04	0.16	0.43	0.01	0.01	0.15	0.56	0.21	0.04	0.56	0.09	0.15	0.07	0.14	0.03	0.17	0.34	0.47	0.2	0.22	0.04	0.52	0.16	0.04	0.07	0.47	0.22	0.16	0.16	0.17	0.01	0.01	0.19	0.13	0.05	0.09	0.06	0.19	0.14	0.16	0.06	0.27	0.08	0.49	0.05	0.49	0.04	0.04	0.49	0.01	0.19	0.14	0.57	0.49	0.17	0.16	0.48	1.9
0.2	0.48	0.38	0.48	0.02	0.58	0.2	0.16	0.14	0.59	0.2	5.28	0.14	0.13	0.59	0.09	0.49	0.59	0.23	0.17	0.15	0.04	0.09	0.02	0	0.14	0.15	0.17	0.59	1	0.04	0.05	0.15	0.01	0.14	0.07	0.28	0.4	0.04	0.09	0.16	0.91	0.16	0.05	0.03	0.41	0.26	0.16	0.38	0.41	0.3	0.17	0.51	0.08	0.41	0.61	0.43	0.15	0.05	0.41	0.14	0.67	0.15	0.14	0.04	0.07	0.16	0.19	0.18	0.15	0.29	0.03	0.14	0.42	0.13	0.05	0.37	0.42	0.42	0.14	0.14	0.04	0.15	0.07	0.51	0.31	0.31	0.04	0.04	0.43	0.02	0.18	0.45	0.23	0.44	0.14	0.21	0.34	0.22
0.18	0	0.06	0.08	0.13	0.62	0.13	0.41	0.01	0.05	0.11	0.46	0.05	0.01	0.65	0.55	0.05	0.21	0.34	0.04	0.05	0.13	0.19	0.14	0.13	0	0.04	0.05	0.34	0.06	0.11	0.17	0.03	0.46	0.04	0.19	0.29	0.15	0.1	0.52	0.04	0.13	0.03	0.14	0.46	0.47	0.22	0.17	0.47	0.09	0.33	0.17	0.03	0.15	0.05	0.1	0.12	0.03	0.15	0.1	0.02	0.47	0.04	0.22	0.13	0.48	0.05	0.41	0.05	0.48	0.05	0.33	0.39	0.3	0.02	0.14	0.21	0.18	0.31	0.05	0.03	0.48	0.24	0.35	0.48	0.12	0.19	0.16	0.12	0.02	0.48	0.45	0.05	0.68	0.23	0	0.17	0	1.13
0.48	0.03	0.1	0.02	0.14	0.27	0.15	0.04	0.03	0.03	0.14	0.9	0.06	0.03	0.6	0.4	0.02	0.99	0.28	0.03	0.35	0.16	0.23	0.4	0.15	0.04	0	0.06	0.4	0.07	0.28	0.18	0.41	0.2	0.51	0.35	0.04	0.04	0.13	0.22	0.03	0.42	0.03	0.18	0.39	0.15	0.42	0.04	0.35	0.1	0.62	0.2	0.02	0.36	0.42	0.52	0.43	0.03	0.18	0.13	0.04	0.93	0	0.22	0.38	0.26	0.02	0.52	0.03	0.39	0.04	0.33	0.43	0.3	0.04	0.43	0.48	0.24	0.31	0.06	0.05	0.19	0.06	0.56	0.28	0.15	0.22	0.74	0.12	0.04	0.44	0.32	0.06	0.84	0.1	0.03	0.02	0.03	0.44
0.34	0.04	0.12	0.07	0.47	0.47	0.15	0.03	0.04	0.06	0.37	3.04	0.07	0.05	0.65	0.23	0.07	0.58	0.31	0.44	0.06	0.19	0.23	0.96	0.16	0.23	0.05	0	0.12	0.46	0.62	0.18	0.02	0.55	0.56	0.22	0.05	0.09	0.14	0.23	0.05	0.46	0.41	0.17	0.4	0.47	0.24	0.03	0.56	0.2	0.46	0.57	0.04	0.2	0.08	0.14	0.02	0.24	0.67	0.47	0.05	0.54	0.05	0.47	0.17	0.18	0.62	0.15	0.07	0.02	0.06	0.3	0.46	0.67	0.05	0.16	0.49	0.2	0.55	0.32	0.06	0.51	0.08	0.61	0.3	0.15	0.21	0.19	0.13	0.41	0.16	0.82	0.07	0.48	0.42	0.29	0.15	0.05	0.37
0.41	0.17	0.15	0.13	0.18	0.69	0.18	0.1	0.2	0.19	0.41	3.53	0.45	0.12	0.65	0.62	0.12	0.69	0.39	0.15	0.13	0.45	0.24	0.22	0.2	0.08	0.11	0.95	0	0.23	0.16	0.21	0.1	0.45	0.12	0.25	0.38	0.15	0.32	0.23	0.1	0.46	0.1	0.19	0.37	0.96	0.34	0.1	0.39	0.25	0.1	0.29	0.11	0.46	0.13	0.19	0.11	0.46	0.24	0.19	0.11	0.22	0.47	0.67	0.72	0.75	0.77	0.79	0.43	0.97	0.47	0.32	0.18	0.35	0.47	0.55	0.23	0.47	0.41	0.35	0.44	0.28	0.48	0.56	0.3	0.19	0.25	0.22	0.48	0.1	0.58	0.98	0.48	0.37	0.42	0.1	0.38	0.16	0.42
0.81	0.4	0.11	0.08	0.14	0.41	0.12	0.41	0.06	0.06	0.13	0.49	0.04	0.06	0.49	0.41	0.12	0.21	0.34	0.04	0.11	0.99	0.22	1.5	0.15	0.06	0.07	0.08	0.22	0	0.12	0.9	0.06	0.14	0.08	0.4	0.03	0.04	0.12	0.4	0.05	0.12	0.05	0.12	0.41	0.21	0.23	0.19	0.91	0.41	0.27	0.41	0.04	0.18	0.01	0.41	0.06	0.05	0.41	0.13	0.05	0.41	0.07	0.23	0.15	0.52	0.08	0.43	0.18	0.07	0.05	0.16	0.73	0.66	0.15	0.26	0.42	0.43	0.35	0.19	0.04	0.43	0	0.19	0.29	0.15	0.57	0.75	0.45	0.05	0.14	0.44	0.38	0.67	0.08	0.05	0.47	0.47	0.77
0.02	0.49	0.31	0.19	0.1	0.31	0.02	0.4	0.12	0.5	0.4	5.15	0.49	0.48	0.22	0.49	0.14	0.46	0.23	0.33	0.4	0.31	0.08	1.1	0.4	0.11	0.4	0.13	0.17	0.12	0	0.15	0.11	0.93	0.14	0.08	0.09	0.38	0.01	0.35	0.1	0.03	0.11	0.32	0.43	0.13	0.15	0.44	0.22	0.01	0.09	0.44	0.44	0.07	0.45	0.25	0.11	0.44	0.79	0.01	0.44	0.05	0.13	0.44	0.19	0.07	0.13	0.06	0.13	0.28	0.45	0.04	0.26	0.94	0.26	0.04	0.04	1.64	0.76	0.11	0.12	0.03	0.45	0.15	0.21	0.38	0.65	0.07	0	0.09	0.32	0.55	0.5	0.49	0.14	0.1	0.45	0.27	0.45
0.04	0.15	0.53	0.21	0.1	0.67	0.04	0.19	0.15	0.47	0.18	2.32	0.49	0.36	0.18	0.03	0.19	0.2	0.2	0.15	0.49	0.04	0.14	0.61	0.05	0.24	0.16	0.41	0.41	0.44	0.92	0	0.16	0.09	0.14	0.42	0.16	0.42	0.05	0.05	0.16	0.08	0.43	0.14	0.38	0.23	0.17	0.17	0.17	0.41	1.04	0.03	0.18	0.07	0.45	0.05	0.45	0.56	0	0.05	0.14	0.06	0.18	0.17	0.04	0.38	0.19	0.05	0.2	0.38	0.58	0.05	0.47	0.13	0.48	0.08	0.04	0.07	0.48	0.16	0.16	0.03	0.31	0.03	0.49	0.09	0.03	0.99	0.5	0.5	0.05	0.14	0.4	0.4	0.18	0.15	0.18	0.15	0.51
0.2	0.02	0.11	0.91	0.27	0.24	0.26	0.02	0.3	0.04	0.14	0.5	0.22	0.04	0.52	0.21	0.05	0.2	0.3	0.03	0.45	0.15	0.58	0.16	0.15	0.03	0.42	0.02	0.1	0.06	0.17	0.96	0	0.15	0.05	0.34	0.04	0.03	0.11	0.23	0.03	0.13	0.33	0.15	0.17	0.34	0.22	0.66	0.35	0.11	0.83	0.21	0.02	0.22	0.06	0.12	0.2	0.03	0.16	0.12	0.04	1.06	0.04	0.54	0.38	0.16	0.05	0.14	0.66	0.46	0.04	0.15	0.15	0.29	0.04	0.14	0.24	0.47	0.33	0.3	0.05	0.15	0.57	0.22	0.41	0.14	0.47	0.51	0.11	0.03	0.28	0.56	0.05	0.35	0.05	0.03	0.05	0.03	0.24
0.02	1.14	0.16	0.39	0	0.29	0.02	0.36	0.11	0.19	0.02	1.06	0.13	0.26	0.28	0.13	0.15	0.24	0.46	0.46	0.33	0.09	0.46	0.01	0.2	0.11	0.15	0.96	0.46	0.5	0.09	0.09	0.46	0	0.12	0.96	0.46	0.14	0.38	0.46	0.13	0.47	0.15	0.04	0.02	0	1.01	0.21	0.54	0.02	0.12	0.47	0.14	0.09	0.13	0.02	0.14	0.13	0.09	0.06	0.12	0.29	0.14	0.13	0.06	0.06	0.31	0.67	0.47	0.16	0.13	0.01	0	0.47	0.13	0.09	0.46	0.12	0.47	0.41	0.13	0.08	0.13	0.05	0.29	0.1	0.06	0.03	0.09	0.48	0.01	0.17	0.12	0.21	0.15	0.48	0.48	0.14	0.24
0.51	0.41	0.09	0.08	0.41	0.48	0.25	0.05	0.06	0.05	0.11	0.44	0.4	0.04	0.61	0.19	0.4	1.04	2.41	0.42	0.66	0.17	0.4	0.14	0.14	0.22	0.05	0.05	0.3	0.08	0.11	0.14	0.24	0.52	0	0.24	0.04	0.04	0.49	0.16	0.04	0.13	0.03	0.11	0.17	0.14	0.26	0.06	0.34	0.13	0.19	0.49	0.03	0.18	0.08	0.12	0.05	0.04	0.14	0.12	0.05	0.55	0.49	0.26	0.15	0.49	0.89	0.14	0.06	0.06	0.04	0.15	0.14	0.29	0.05	0.19	0.17	0.18	0.99	0.07	0.05	0.19	0.08	0.48	0.54	0.48	0.17	0.15	0.48	0.06	0.15	0.64	1.42	0.48	0.07	0.04	0.27	0.29	0.47
0.42	0.43	0.28	0.21	0.06	0.24	0.41	0.44	0.18	0.19	0.44	2.19	0.58	0.19	0.18	0.02	0.21	0.3	0.17	0.38	0.18	0.07	0.4	0.09	0.07	0.55	0.21	0.81	0.25	0.41	0.08	0.03	0.2	0.06	0.17	0	0.17	0.41	0.91	0.09	0.62	0.09	0.18	0.1	0.41	0.38	0.46	0.21	0.15	0.23	0.18	0.44	0.2	0.22	0.19	0.08	0.2	0.95	0.03	0.09	0.18	0.36	0.2	0.19	0.05	0.01	0.22	0.08	0.4	0.57	0.46	0.1	0.29	0.1	0.18	0.1	0.46	0.01	0.46	0.28	0.2	0.05	0.45	0.04	0.25	0.1	0.45	0.04	0.46	0.45	0.08	0.56	0.18	0.15	0.47	0.18	0.23	0.19	0.16
0.1	0.02	0.08	0.41	0.12	0.24	0.48	0.04	0.02	0.03	0.11	1.73	0.03	0.04	0.68	0.2	0.05	0.18	0.24	0.01	0.06	0.16	0.18	0.13	0.21	0.03	0.04	0.06	0.1	0.03	0.09	0.16	0.04	0.37	0.4	0.46	0.01	0.01	0.31	0.2	0.02	0.41	0.02	0.47	0.13	0.47	0.2	0.04	0.43	0.09	0.27	0.17	0.01	0.15	0.43	0.11	0.2	0.39	0.54	0.34	0.02	0.64	0.03	0.44	0.42	0.14	0.33	0.1	0.05	0.05	0.25	0.14	0.12	0.29	0.37	0.46	0.46	0.16	0.32	0.02	0.22	0.13	0.47	0.17	0.25	0.23	0.19	0.29	0.48	0.02	0.53	0.57	0.03	0.33	0.48	0.12	0.05	0.39	0.18
0.48	0.02	0.47	0.05	0.46	0.46	0.17	0.03	0.24	0.5	0.46	0.43	0.03	0.04	0.59	0.48	0.04	0.49	0.49	0.49	0.06	1.49	0.19	0.15	0.15	0.04	0.03	0.5	0.7	0.04	0.49	0.49	0.03	0.46	0.04	0.5	0.01	0	0.1	0.49	0.19	0.11	0.5	0.5	0.14	0.5	0.43	0.04	0.38	0.08	0.01	0.5	0.4	0.9	0.4	0.41	0.4	0.38	0.18	0.1	0.41	0.1	0.91	0.71	0.15	0.41	0.05	0.1	0.41	0.04	0.01	0.14	0.41	0.29	0.07	0.91	0.22	0.17	0.61	0.03	0.04	0.16	0.21	0.18	1.12	0.1	0.2	0.16	0.09	0.42	0.42	0.31	0.03	0.72	0.04	0.02	0.14	0.02	0.17
0.01	0.67	0.47	0.32	0.04	0.44	0.01	0.29	0.1	0.47	0.01	3.85	0.11	0.1	0.26	0.94	0.14	0.63	0.24	0.44	0.27	0.04	0.25	0.04	0.04	0.12	0.35	0.12	0.45	0.12	0.4	0.05	0.12	0.03	0.11	0.08	0.09	0.25	0	0.05	0.24	0.03	0.45	0	0.74	0.5	0.15	0.44	0.22	0.16	0.64	0.09	0.09	0.06	0.11	0	0.33	0.09	0.05	0.01	0.1	0.11	0.45	0.15	0.04	0.07	0.13	0.31	0.47	0.12	0.32	0.03	0.02	0.18	0.48	0.04	0.05	0.08	0.31	0.48	0.12	0.04	0.15	0.2	0.49	0.34	0.24	0.05	0.01	0.11	0.03	0.18	0.5	0.22	0.29	0.11	0.51	0.12	0.4
0.1	0.21	0.49	0.26	0.49	0.41	0.1	0.24	0.21	0.21	0.08	1.58	0.4	0.19	0.27	0.4	0.29	0.27	0.24	0.21	0.43	0.03	0.06	0.09	0.09	0.21	0.23	0.23	0.92	0.42	0.04	0.15	0.21	0.09	0.45	0.57	0.2	0.52	0.21	0	0.53	0.16	0.21	0.13	0.45	0.13	0.58	0.23	0.73	0.04	0.62	0.05	0.23	0.06	0.16	0.44	0.21	0.39	0.04	0.05	0.23	0.05	0.22	0.44	0.01	0.05	0.23	0.1	0.23	0.23	0.28	0.1	0.23	0.46	0.21	0.56	0	0.08	0.22	0.48	0.23	0.26	0.28	0.09	0.75	0.04	0.1	0.24	0.04	0.2	0.09	0.61	0.27	0.22	0.26	0.48	0.23	0.43	0.26
0.13	0.02	0.41	0.05	0.15	0.41	0.12	0.03	0.13	0.41	0.24	4.8	0.04	0.21	0.49	0.29	0.05	0.42	0.49	0.02	0.46	0.17	0.2	1.54	0.16	0.04	0.03	0.05	0.47	0.06	0.11	0.49	0.31	0.41	0.04	0.49	0.03	0.54	0.1	0.21	0	0.12	0.01	0.39	0.54	0.26	0.21	0.04	0.91	0.36	0.23	0.19	0.01	0.28	0.42	0.19	0.03	0.42	0.45	0.1	0.42	0.2	0.03	0.2	0.24	0.16	0.92	0.52	0.05	0.33	0.11	0.16	0.42	0.27	0.03	0.13	0.43	0.52	0.32	1.45	0.44	0.16	0.38	0.22	0.27	0.45	0.23	0.19	0.12	0.15	0.45	0.44	0.28	0.97	0.05	0.02	0.05	0.01	0.19
0.3	0.42	0.17	0.18	0.1	0.42	0.03	0.12	0.27	0.4	0.04	1.75	0.11	0.43	0.22	0.07	0.4	0.26	0.22	0.11	0.14	0.41	0.08	0.42	0.04	0.11	0.52	0.15	0.42	0.13	0.03	0.42	0.17	0.09	0.3	0.09	0.11	0.45	1.15	0.03	0.28	0	0.51	0.06	0.04	0.08	0.44	0.13	0.23	0.01	0.1	0.08	0.1	0.06	0.52	0.04	0.13	0.12	0.07	0.04	0.45	0.16	0.12	0.45	0.03	0.11	0.13	0.03	0.16	0.12	0.46	0.26	0.08	0.21	0.13	0.39	0.03	0.32	0.22	0.16	0.14	0.02	0.14	0.09	0.51	0.29	0.1	0.48	0.04	0.58	0.04	1	0.5	0.49	0.14	0.47	0.16	0.5	0.24
0.27	0.01	0.09	0.04	0.14	0.23	0.12	0.07	0.02	0.44	0.13	0.34	0.04	0.04	0.47	0.2	0.04	0.19	0.5	0.02	0.06	0.14	0.19	0.4	0.14	0.43	0.39	0.04	0.23	0.39	0.4	0.17	0.03	0.36	0.03	0.18	0.02	0.4	0.4	0.39	0.02	0.49	0	1.2	0.16	0.48	0.6	0.33	0.33	0.4	0.28	0.6	0	0.19	0.15	0.18	0.4	0.01	0.15	0.12	0.03	0.29	0.05	0.21	0.33	0.4	0.04	0.28	0.04	0.25	0.03	0.51	0.41	0.41	0.03	0.12	0.24	0.19	0.31	0.04	0.04	0.16	0.05	0.53	0.58	0.13	0.2	0.17	0.41	0.03	0.13	0.71	0.04	0.33	0.28	0.38	0.83	0.01	0.19
0.03	0.15	0.41	0.15	0.05	0.34	0.41	0.17	0.14	0.14	0.41	1.34	0.31	0.14	0.49	0.12	0.16	0.94	0.43	0.13	0.43	0.06	0.11	0.06	0.05	0.17	0.16	0.18	0.44	0.11	0.06	0.42	0.15	0.44	0.11	0.1	0.11	0.11	0.24	0.12	0.95	0.07	0.14	0	0.5	0.04	0.44	0.15	0.75	0.02	0.25	0.1	0.94	0.09	0.12	0.01	0.14	0.13	0.11	0.01	0.45	0.66	0.15	0.45	0.06	0.07	0.34	0.03	0.45	0.45	0.13	0.05	0.1	0.22	0.12	0.15	0.12	0.37	0.95	0.11	0.15	0.32	0.45	0.11	0.23	0.05	0.46	0.08	0.01	0.13	0.05	0.21	0.11	0.25	0.16	0.46	0.4	0.13	0.25
0.03	0.47	0.87	0.47	0.02	0.3	0.03	0.47	0.46	0.56	0.03	2.61	0.91	0.41	0.41	0.41	0.18	0.91	0.51	0.42	0.27	0.91	0.41	0.01	0.71	0.41	0.51	0.18	0.51	0.41	0.04	0.49	0.15	0.49	0.49	0.14	0.5	0.5	0.69	0.49	0.16	0.04	0.49	0.1	0	0.49	0.5	0.49	0.99	0.49	0.49	0.49	0.49	0.08	0.49	0.39	0.49	0.16	0.05	0.04	0.47	0.49	0.48	0.47	0.47	0.47	0.16	0.03	0.47	0.57	0.16	0	0.48	0.3	0.47	0.05	0.49	0.49	0.5	0.49	0.99	0.05	0.15	0.08	0.48	0.32	0.46	0.04	0.04	0.13	0.45	0.66	0.14	0.55	0.19	0.45	0.45	0.18	0.46
0.02	0.46	0.17	0.96	0	0.29	0.02	0.16	0.13	0.78	0.02	1.88	0.12	0.13	0.47	0.22	0.98	0.48	0.22	0.48	0.21	0.17	0.48	0.09	0.43	0.98	0.52	0.17	0.98	0.48	0.09	0.48	0.13	0	0.14	0.06	0.14	0.48	0.02	0.34	0.34	0.48	0.14	0.4	0.98	0	0.15	0.13	0.24	0.03	0.32	0.13	0.49	0.07	0.13	0.02	0.49	0.51	0.09	0.1	0.13	0.03	0.14	0.49	0.36	0.06	0.49	0.02	0.18	0.49	0.15	0.01	0	0.49	0.38	0.24	0.09	0.24	0.58	0.13	0.5	0.08	0.5	0.4	0.26	0.09	0.71	0.09	0.41	0.2	0.01	0.18	0.41	0.22	0.16	0.13	0.41	0.14	0.23
0.15	0.21	0.52	0.42	0.43	0.42	0.15	0.27	0.93	0.22	0.15	1.77	0.49	0.23	0.37	0.59	0.49	0.74	0.35	0.22	0.49	0.16	0.49	0.15	1	0.5	0.5	0.49	0.34	0.33	0.4	0.17	0.22	0.13	0.27	1.21	0.2	0.47	0.15	0.41	0.2	0.2	0.2	0.41	0.14	0.53	0	0.22	0.41	0.18	0.21	0.2	0.42	0.17	0.42	0.42	0.22	0.2	0.17	0.16	0.43	0.74	0.22	0.22	0.19	0.45	0.23	0.15	0.24	0.45	0.45	0.45	0.15	0.5	0.44	0.22	0.46	0.17	0.46	0.38	0.46	0.24	0.22	0.21	0.07	0.32	0.19	0.17	0.16	0.21	0.31	0.3	0.22	1.04	0.92	0.48	0.48	0.21	1.99
0.32	0.02	0.09	0.17	0.15	0.31	0.9	0.21	0.4	1.29	0.15	3.38	0.05	0.43	0.45	0.43	0.05	0.38	1.44	0.94	0.06	0.44	0.22	0.44	0.45	0.03	0.04	0.03	0.1	0.06	0.11	0.3	0.03	0.14	0.12	0.46	0.04	0.03	0.12	0.5	0.09	0.12	0.13	0.16	0.16	0.15	0.22	0	0.36	0.12	0.48	0.88	0.03	0.16	0.48	0.48	0.01	0.28	0.18	0.49	0.69	0.17	0.37	0.22	0.5	0.16	0.05	0.18	0.4	0.17	0.07	0.2	0.17	0.41	0.04	0.13	0.51	0.47	0.65	0.62	0.06	0.2	0.42	0.23	0.3	0.17	0.43	0.16	0.12	0.12	0.51	0.36	0.06	0.67	0.1	0.03	0.44	0.24	0.52
0.46	0.35	0.68	0.42	0.58	0.36	0.22	0.34	0.68	0.35	0.48	0.29	0.33	0.33	0.06	0.49	0.37	0.32	0.32	0.36	0.7	0.5	0.41	0.21	0.29	0.41	0.54	0.72	0.39	0.48	0.41	1.44	0.35	0.27	0.49	0.15	0.32	0.32	0.22	0.24	0.42	0.23	0.33	0.24	0.53	0.37	0.7	0.34	0	0.22	0.32	0.43	0.32	0.24	0.33	0.93	0.43	0.34	0.17	0.23	0.77	0.28	0.68	0.52	0.53	0.15	0.35	0.37	0.41	0.36	0.65	0.43	0.22	0.25	0.32	0.43	0.24	0.35	0.59	0.33	0.33	0.19	0.34	0.14	0.39	0.24	0.42	0.18	0.23	0.42	0.21	0.26	0.33	0.52	0.37	0.33	0.52	0.34	0.67
0.02	0.09	0.46	0.4	0.35	0.29	0.02	0.48	0.18	0.96	0.02	1.17	0.51	0.48	0.46	0.49	0.49	0.24	0.23	0.08	0.99	0.2	0.42	0.08	0.04	0.09	0.38	0.12	0.16	0.19	0.01	0.05	0.11	0.02	1	0.07	0.09	0.08	0.01	0.4	0.1	0.03	0.1	0.02	0.56	0.03	0.43	0.13	0.22	0	0.09	0.07	0.09	0.04	0.41	0.02	0.11	0.41	0.07	0.18	0.11	0.41	0.1	0.15	0.04	0.08	0.41	0.02	0.14	0.12	0.09	0.08	0.08	0.51	0.1	0.04	0.91	0.08	0.41	0.22	0.12	0.47	0.19	0.07	0.14	0.41	0.07	0.41	0.01	0.48	0.04	0.71	0.18	0.41	0.13	0.09	0.12	0.12	0.56
0.47	0.06	0.08	0.07	0.46	0.24	0.96	0.05	0.02	0.08	0.44	1.38	0.03	0.04	0.99	0.4	0.05	0.25	0.46	0.02	0.06	0.46	0.19	0.97	0.35	0.03	0.04	0.06	0.1	0.44	0.09	0.43	0.43	0.43	0.04	0.18	0.01	0.01	0.08	0.22	0.02	0.51	0.03	0.42	0.81	0.48	0.2	0.28	0.91	0.48	0.02	0.19	0.02	0.48	0.03	0.1	0.15	1.28	0.15	0.1	0.02	0.1	0.04	0.46	0.46	0.45	0.28	0.44	0.05	0.44	0.02	0.44	0.44	0.26	0.46	0.1	0.22	0.43	0.63	0.05	0.3	0.5	0.05	0.48	0.26	0.1	0.21	0.47	0.09	0.02	0.14	0.29	0.03	0.47	0.45	0.56	0.05	0.03	0.46
0.08	0.18	0.43	0.25	0.11	0.25	0.43	0.27	0.2	0.21	0.07	2.56	0.2	0.18	0.42	0.16	0.23	0.47	0.42	0.52	0.87	0.07	0.01	0.36	0.09	0.42	0.64	0.52	0.25	0.22	0.08	0.42	0.43	0.13	0.2	0.04	0.53	0.76	0.09	0.43	0.18	0.22	0.43	0.1	0.1	0.13	0.2	0.44	0.18	0.07	0.19	0	0.18	0.12	0.21	0.65	0.2	0.45	0.03	0.09	0.56	0.1	0.42	0.21	0.05	0.03	0.22	0.08	0.23	0.49	0.19	0.09	0.13	0.14	0.18	0.47	0.05	0.05	0.17	0.47	0.47	0.05	0.22	0.04	0.57	0.47	0.11	0.08	0.47	0.22	0.08	0.15	0.21	0.88	0.21	0.21	0.24	0.55	0.44
0.11	0.01	0.09	0.04	0.14	0.23	0.12	0.02	0.02	1.31	0.49	2.78	0.31	0.03	0.41	0.2	0.37	0.41	0.41	0.01	0.05	0.15	0.49	0.15	0.21	0.03	0.29	0.04	0.09	0.52	0.24	0.16	0.02	0.42	0.03	0.19	0.01	0.01	0.42	0.2	0.01	0.11	0	0.14	0.42	0.49	0.19	0.03	0.35	0.43	0.06	0.17	0	0.14	0.04	0.1	0.02	0	0.33	0.11	0.03	0.11	0.02	0.2	0.15	0.15	0.43	0.12	0.04	0.03	0.02	0.15	0.12	0.26	0.02	0.47	0.22	0.19	0.32	0.26	0.04	0.14	0.04	0.19	0.54	0.1	0.44	0.21	0.38	0.02	0.16	0.29	0.04	0.35	0.04	0.01	0.04	0.01	0.18
0.32	0.55	0.38	0.5	0.3	0.43	0.05	0.52	0.16	0.17	0.24	2.56	0.18	0.46	0.27	0.1	0.17	0.47	1.57	0.32	0.16	0.05	0.11	0.16	0.09	0.17	0.44	0.44	0.21	0.22	0.29	0.08	0.16	0.07	0.49	0.13	0.16	0.24	0.05	0.08	0.15	0.43	0.44	0.4	0.18	0.07	0.33	0.18	0.64	0.43	0.27	0.45	0.27	0	0.19	0.47	0.17	0.15	0.06	0.3	0.16	0.38	0.17	0.41	0.06	0.11	0.2	0.29	0.19	0.45	0.16	0.06	0.39	0.49	0.15	0.06	0.08	0.08	0.25	0.4	0.17	0.07	0.28	0.1	0.43	0.07	0.09	0.1	0.06	0.18	0.07	0.29	0.46	0.25	0.26	0.16	0.18	0.16	0.31
0.12	0.18	0.11	0.46	0.13	0.27	0.46	0.06	0.04	0.06	0.46	0.95	0.01	0.06	0.59	0.21	0.08	0.54	0.34	0.04	0.09	0.15	0.44	0.53	0.15	0.45	0.07	0.07	0.14	0	0.45	0.17	0.06	0.29	0.46	0.19	0.03	0.13	0.11	0.16	0.05	0.12	0.05	0.36	0.46	0.28	0.66	0.06	0.46	0.18	0.68	0.21	0.04	0.18	0	0.48	0.13	0.05	0.16	0.46	0.04	0.12	0.06	0.22	0.15	0.18	0.07	0.12	0.47	0.07	0.05	0.15	0.13	0.57	0.47	0.14	0.47	0.18	0.47	0.01	0.24	0.15	0	0.47	0.47	0.67	0.19	0.19	0.12	0.04	0.17	0.31	0.01	0.47	0.08	0.05	0.47	0.05	0.28
0.02	0.94	0.15	0.49	0.39	0.31	0.02	0.11	0.09	0.8	0.01	2.41	0.11	0.12	0.26	0.1	0.14	0.42	0.49	0.1	0.13	0.05	0.09	0.03	0.5	0.1	0.11	0.28	0.17	0.4	0.01	0.13	0.23	0.02	0.52	0.08	0.1	0.17	0	0.05	0.23	0.41	0.11	0	0.04	0.02	0.41	0.36	0.23	0.09	0.29	0.41	0.5	0.07	0.42	0	0.12	0.1	0.05	0.36	0.51	0.12	0.21	0.42	0.05	0.08	0.42	0.02	0.14	0.13	0.11	0.09	0.42	0.18	0.12	0.42	0.05	0.4	0.2	0.11	0.43	0.19	0.19	0.43	1.33	0.08	0.08	0.07	0.01	0.46	0.03	0.44	0.11	0.94	0.52	0.1	0.12	0.1	0.28
0.13	0.02	0.11	0.42	0.13	0.24	0.42	0	0.02	2.18	0.14	3.95	0.05	0.22	0.38	0.27	0.05	0.4	0.46	0.12	0.23	0.15	0.56	0.14	0.46	0.03	0.03	0.02	0.46	0.06	0.11	0.21	0.15	0.16	0.22	0.19	0.03	0.03	0.14	0.23	0.03	0.13	0.03	0.15	0.47	0.16	0.22	0.47	0.34	0.11	0.27	0.19	0.02	0.16	0.06	0.46	0	0.03	0.48	0.39	0.03	0.11	0.08	0.22	0.23	0.16	0.05	0.48	0.05	0.02	0.04	0.14	0.48	0.29	0.03	0.14	0.49	0.18	0.32	0.53	0.05	0.49	0.06	0.19	0.99	0.49	0.26	0.16	0.13	0.03	0.36	0.6	0.05	0.37	0.05	0.14	0.05	0.59	0.2
0.11	0.02	0.47	0.44	0.16	0.6	0.11	0.03	0.03	0.47	0.12	2.38	0.04	0.04	0.38	0.47	0.04	0.19	0.38	0.24	0.06	0.48	0.19	0.14	0.14	0.03	0.03	0.04	0.58	0.05	0.1	0.17	0.05	0.13	0.04	0.2	0.01	0.01	0.09	0.22	0.02	0.3	0.01	0.5	0.36	0.4	0.49	0.03	0.39	0.09	0.39	0.49	0	0.49	0.39	0.11	0.49	0	0.18	0.14	0.19	0.61	0.03	0.25	0.17	0.16	0.04	0.11	0.04	0.04	0.02	0.5	0.28	0.29	0.03	0.13	0.52	0.4	0.69	0.06	0.15	0.26	0.5	0.2	0.32	0.4	0.28	0.17	0.11	0.03	0.14	0.31	0.04	0.48	0.04	0.02	0.04	0.33	0.9
0.06	0.19	0.9	0.2	0.12	0.31	0.4	0.16	0.15	0.4	0.04	3.65	0.16	0.15	0.45	0.03	0.19	0.34	0.25	0.54	0.15	2.03	0.45	0.05	0.05	0.43	0.45	0.18	0.21	0.2	0.04	0	0.17	0.09	0.14	0.03	0.15	0.46	0.05	0.04	0.17	0.07	0.45	0.46	0.23	0.09	0.17	0.18	0.17	0.06	0.29	0.04	0.16	0.43	0.46	0.05	0.19	0.17	0	0.05	0.16	0.28	0.16	0.17	0.04	0.4	0.19	0.28	0.18	0.17	0.35	0.05	0.17	0.13	0.14	0.35	0.04	0.19	0.17	0.15	0.16	0.13	0.16	0.03	0.23	0.46	0.03	0.17	0.46	0.19	0.05	0.46	0.46	0.46	0.56	0.46	0.91	0.29	1.07
0.02	0.11	0.14	0.14	0.1	0.4	0.02	0.11	0.41	0.79	0.02	2.14	0.11	0.43	0.23	0.43	1.01	0.26	0.51	0.1	0.27	0.44	0.09	0.04	0.44	0.1	0.45	0.16	0.17	0.44	0	0.05	0.41	0.06	0.19	0.46	0.27	0.18	0	0.05	0.1	0.28	0.12	0.48	0.15	0.1	0.37	0.47	0.57	0.01	0.09	0.34	0.1	0.48	0.24	0.62	0.11	0.1	0.27	0.01	0.1	0.63	0.13	0.16	0.04	0.07	0.15	0.22	0.14	0.41	0.31	0.04	0.17	0.19	0.09	0.42	0.04	0.07	0.47	0.11	0.11	0.04	0.43	0.94	0.46	0.18	0.09	0.08	0.01	0.1	0.29	0.2	0.12	0.22	0.13	0.11	0.13	0.47	0.24
0.33	0.02	0.09	0.28	0.12	0.47	0.12	0.34	0.02	0.33	0.24	1.03	0.04	0.01	0.38	0.2	0.05	0.2	0.34	0.03	0.45	0.17	0.58	0.13	0.13	0.02	0.04	0.05	0.1	0.05	0.11	0.14	0.03	0.12	0.45	0.18	0.02	0.33	0.11	0.21	0.04	0.1	0.03	0.12	0.15	0.13	0.31	0.04	0.33	0.11	0.03	0.48	0.03	0.15	0.04	0.09	0.03	0.04	0.15	0.1	0	0.11	0.2	0.22	0.14	0.56	0.05	0.48	0.06	0.04	0.04	0.13	1.35	0.27	0.01	0.11	0.94	0.22	0.48	0.09	0.03	0.13	0.04	0.17	0.42	0.48	0.19	0.16	0.1	0.02	0.39	0.29	0.37	0.33	0.11	0.03	0.07	0.03	0.2
0.43	0.43	0.43	0.5	0.43	0.43	0.43	0.42	0.41	0.92	0.41	2.21	0.51	0.5	0.51	1	0.48	1.49	0.98	0.48	0.49	0.05	0.47	0.04	0.04	0.48	0.47	0.47	0.97	0.47	0.47	0.06	0.46	0.02	0.46	0.08	0.97	0.46	0	0.05	0.96	0.04	0.1	0.96	0.04	0.96	0.16	0.96	0.46	0.01	0.96	0.46	0.46	0.06	0.46	0.01	0.45	0.45	0.32	0.02	0.45	0.01	0.46	0.16	0.45	1.45	0.45	0.44	0.94	0.44	0.44	0.44	0.44	0.19	0.94	0.43	0.05	0.43	0.44	1.43	0.13	0.44	1.93	0.43	0.93	0.42	0.42	0.41	0.41	0.41	0.91	1	0.5	0.5	0.81	0.4	0.4	0.5	0.49
0.13	0.41	0.1	0.42	0.15	0.21	0.13	0.42	0.29	0.03	0.41	1.44	0.42	0.03	0.56	0.27	0.02	0.2	0.28	0.04	0.06	0.18	0.38	0.15	0.18	0.42	0	0.32	0.13	0.72	0.63	0.18	0.04	0.16	0.36	0.52	0.43	0.41	0.14	0.22	0.19	0.12	0.43	0.17	0.22	0.27	0.22	0.21	0.48	0.43	0.04	1.59	0.02	0.43	0.07	0.13	0.04	0.03	0.31	0.12	0.04	0.12	0	0.22	0.17	0.17	0.01	0.44	0.02	0.04	0.18	0.15	0.18	0.29	0.45	0.14	0.23	0.45	0.7	0.06	0.96	0.46	0.14	0.22	0.46	0.46	0.22	0.16	0.12	0.04	0.16	0.46	0.06	0.59	0.02	0.47	0.38	0.03	0.2
0.15	0.36	0.3	0.23	0.13	0.42	0.15	0.22	0.35	0.58	0.15	4.39	0.22	0.49	0.44	0.21	0.23	0.36	0.35	0.19	0.27	0.16	0.49	0.16	0.14	0.23	0.22	0.24	0.5	0.23	0.24	0.5	0.52	0.13	0.24	0.19	0.57	0.19	0.15	0.5	0.21	0.2	0.21	0.18	0.16	0.43	0.4	0.4	0.33	0.53	0.31	0.21	0.2	0.2	0.91	0.41	0.22	0.35	0.17	0.16	0.21	0.47	0.22	0	0.41	0.32	0.31	0.15	0.61	0.25	0.2	0.14	0.41	0.51	0.21	0.22	0.21	0.18	0.46	0.61	0.23	0.29	0.3	0.42	0.07	0.58	0.19	0.18	0.16	0.21	0.12	0.42	0.61	0.52	0.23	0.21	0.23	0.42	0.34
0.03	1.01	0.19	0.17	0.09	0.49	0.03	0.16	0.49	0.49	0.02	4.21	0.16	0.49	0.19	0.05	0.18	0.6	0.2	0.5	0.4	0.35	0.05	0.15	0.13	0.4	0.55	0.19	0.19	0.41	0.04	0.03	0.16	0.06	0.41	0.05	0.15	0.41	0.05	0.01	0.42	0.03	0.17	0.06	0.05	0.09	0.18	0.92	0.19	0.04	0.14	0.92	0.15	0.06	0.38	0.21	0.17	0.43	0.04	0.04	0.14	0.33	0.15	0.18	0	0.05	0.18	0.03	0.44	0.16	0.15	0.04	0.09	0.19	0.14	0.03	0.44	2.05	0.19	0.15	0.32	0.3	0.16	0.05	0.44	0.03	0.05	0.06	0.04	0.24	0.04	0.44	0.15	0.2	0.17	0.16	0.17	0.16	0.36
0.4	0.17	0.46	0.19	0.46	0.22	0.07	0.16	0.18	0.16	0.47	5.91	0.18	0.49	0.17	0.01	0.5	0.39	0.17	0.17	0.19	0.06	0.07	0.07	0.4	0.16	0.17	0.18	0.24	0.19	0.07	0.4	0.16	0.06	0.27	0.01	0.4	0.91	0.41	0.41	0.46	0.08	0.17	0.41	0.08	0.06	0.21	0.16	0.41	0.09	0.14	0.17	0.15	0.09	0.18	0.41	0.23	0.16	0.02	0.07	0.4	0.42	0.42	0.41	0.05	0	0.18	0.07	0.19	0.2	0.15	0.42	0.06	0.2	0.16	0.16	0.42	0.05	0.52	0.57	0.17	0.06	0.18	0.01	0.39	0.09	0.43	0.09	0.08	0.42	0.07	0.16	0.18	0.42	0.19	0.42	0.19	0.18	0.46
0.37	0.04	0.34	0.04	0.16	0.21	0.15	0.05	0.04	0.05	0.49	1.76	0.1	0.04	0.4	0.23	0.03	0.99	0.29	0.05	0.11	0.45	0.45	0.41	0.16	0.41	0.01	0.07	0.13	0.08	0.45	0.19	0.75	0.15	0.06	0.21	0.05	0.04	0.14	0.24	0.04	0.47	0.04	0.56	0.18	0.36	0.23	0.45	0.75	0.11	0.28	0.45	0.03	0.19	0.65	0.15	0.05	0.25	0.45	0.13	0.36	0.37	0.25	0.6	0.43	0.18	0	0.47	0	0.06	0.05	0.45	0.35	0.3	0.05	0.16	0.23	0.19	0.33	0.07	0.06	0.34	0.07	0.96	0.67	0.16	0.21	0.66	0.14	0.05	0.17	0.33	0.33	0.43	0.04	0.16	0.4	0.2	0.21
0	0.42	0.15	0.42	0.32	0.71	0	0.49	0.62	0.68	0.01	1.91	0.21	0.12	0.25	0.24	0.16	0.6	0.34	0.12	0.12	0.04	0.21	0.71	0.03	0.41	0.41	0.33	0.16	0.13	0.12	0.04	0.12	0.02	0.13	0.41	0.1	0.17	0.12	0.48	0.13	0.42	0.11	0.03	0.13	0.63	0.43	0.49	0.22	0.02	0.43	0.08	0.11	0.43	0.12	0.02	0.43	0.43	0.04	0.02	0.12	0.14	0.44	0.19	0.03	0.07	0.16	0	0.14	0.45	0.12	0.03	0.02	0.46	0.33	0.3	0.1	0.46	0.2	0.11	0.46	0.1	0.13	0.47	0.21	0.47	0.08	0.05	0.02	0.47	0.21	0.19	0.3	0.52	0.14	0.12	0.58	0.11	0.98
0.17	0.16	0.12	0.04	0.47	0.22	0.16	0.05	0.47	0.05	0.47	9.18	0.07	0.05	0.54	0.26	0.03	0.49	0.4	0.05	0.09	0.17	0.56	0.5	0.29	0.43	0.03	0.4	0.4	0.08	0.13	0.18	0.05	0.15	0.41	0.21	0.05	0.92	0.3	0.42	0.52	0.42	0.05	0.17	0.17	0.18	0.43	0.08	0.43	0.29	0.23	0.22	0.04	0.18	0.26	0.13	0.05	0.07	0.21	0.16	0.06	0.13	0.32	0.45	0.17	0.2	0.01	0.14	0	0.06	0.06	0.17	0.17	0.78	0.06	0.18	0.25	0.48	0.34	0.07	0.07	0.2	0.08	0.27	0.29	0.16	0.23	0.49	0.15	0.06	0.17	0.34	0.32	0.38	0.12	0.05	0.04	0.5	0.47
0.13	0.49	0.11	0.66	0.89	0.49	0.33	0.01	0.03	0.03	0.48	1.45	0.73	0.04	0.39	0.4	0.06	0.21	0.31	0.33	0.07	0.42	0.21	0.15	0.52	0.08	0.43	0.06	0.31	0.11	0.12	0.17	0.01	0.15	0.06	0.2	0.04	0.43	0.12	0.43	0.04	0.15	0.03	0.84	0.19	0.44	0.52	0.31	0.34	0.12	0.4	0.44	0.03	0.17	0.07	0.13	0.02	0.04	0.18	0.14	0.04	0.49	0.04	0.22	0.26	0.55	0.11	0.13	0.44	0	0.06	0.17	0.44	0.3	0.04	0.15	0.22	0.45	0.34	0.4	0.06	0.17	0.07	0.45	0.55	0.13	0.2	0.55	0.57	0.05	0.16	0.85	0.06	0.47	0.32	0.03	0.06	0.14	0.43
0.42	0.03	0.08	0.26	0.17	0.24	0.11	0.41	0.03	1.6	0.13	3.11	0.04	0.05	0.45	0.23	0.05	0.22	0.46	0.36	0.07	0.17	0.21	0.16	0.46	0.05	0.46	0.06	1.16	0.05	0.1	0.24	0.04	0.13	0.04	0.46	0.02	0.03	0.35	0.24	0.03	0.13	0.07	0.47	0.16	0.13	0.2	0.15	0.35	0.09	0.29	0.21	0.27	0.16	0.48	0.69	0.04	0.02	0.35	0.25	0.04	0.11	0.04	0.2	0.17	0.48	0.05	0.41	0.17	0.05	0	0.48	0.14	0.58	0.03	0.13	0.48	0.24	0.98	0.04	0.05	0.19	0.26	0.48	0.26	0.12	0.22	0.18	0.1	0.04	0.69	0.44	0.18	0.36	0.41	0.03	0.05	0.03	0.19
0.03	0.52	0.17	0.46	0.02	0.35	0.46	0.46	0.13	0.55	0.03	3.58	0.13	0.13	0.45	1.18	0.16	0.46	1.82	0.15	0.23	0.05	0.09	0.01	0.2	0.13	0.2	0.48	0.48	0.15	0.04	0.05	0.15	0.01	0.37	0.48	0.2	0.14	0.03	0.09	0.49	0.04	0.16	0.56	0.49	0.46	0.14	0.49	0.57	0.04	0.13	1.5	0.14	0.07	0.99	0.38	0.16	0.17	0.05	0.4	0.13	0.04	0.4	0.14	0.05	0.07	0.16	0.03	0.33	0.3	0.15	0	0.01	0.31	0.51	0.05	0.47	0.06	0.19	0.33	0.17	0.05	0.14	0.19	0.19	0.05	0.09	0.04	0.04	0.42	0.01	0.4	0.95	0.24	0.18	0.36	0.23	0.14	0.3
0.02	0.47	0.17	0.17	0	0.29	0.02	0.58	0.11	0.44	0.02	5.07	0.13	0.85	0.45	0.13	0.42	0.45	0.29	0.45	0.95	0.45	0.31	0.65	0.28	0.17	0.45	0.28	0.65	0.45	0.45	0.1	0.14	0.81	0.51	0.45	0.47	0.54	0.05	0.13	0.46	0.19	0.47	0.62	0.08	0.97	0.15	0.48	0.48	0.18	0.6	0.13	0.49	0.08	0.13	0.02	0.14	0.16	0.49	0.11	0.69	0.32	0.41	0.15	0.09	0.06	0.15	0.28	1.42	0.15	0.13	0.01	0	0.18	0.46	0.37	0.9	0.05	0.24	0.5	0.13	0.08	0.29	0.4	0.15	0.4	0.06	0.09	0.09	0.47	0.4	0.34	0.12	0.59	0.24	0.41	0.22	0.41	0.23
0.24	0.29	0.29	0.46	0.18	0.11	0.56	0.97	0.46	0.3	0.18	10.4	0.27	0.54	0.47	0.13	0.59	0.09	0.05	0.87	0.47	0.2	0.48	0.19	0.19	0.27	0.29	0.36	0.35	0.29	0.52	0.13	0.28	0.18	0.29	0.47	0.29	0.36	0.19	0.2	0.34	0.18	0.48	0.19	0.57	0.3	0.98	0.29	0.48	0.2	0.36	0.14	0.27	0.22	0.42	0.18	0.57	0.26	0.13	0.58	0.27	0.19	0.3	0.35	0.19	0.12	0.58	0.19	0.37	0.68	0.48	0.19	0.43	0	0.26	0.19	0.28	0.12	0.21	0.49	0.28	0.19	0.38	0.1	0.35	0.2	0.49	0.15	0.19	0.26	0.19	0	0.49	0.03	0.31	0.29	0.66	0.29	0.09
0.42	0.09	0.42	0.06	0.19	0.24	0.1	0.42	0.02	0.03	0.11	1.89	0.03	0.02	0.38	0.52	0.05	0.36	0.34	0.12	0.06	0.14	1.3	0.17	0.5	0.02	0.04	0.05	0.1	0.04	0.1	0.35	0.15	0.13	0.14	0.42	0.01	0.02	0.1	0.43	0.17	0.11	0.22	0.43	0.13	0.52	0.44	0.04	0.35	0.1	0.03	0.44	0.02	0.44	0.04	0.09	0.03	0.03	0.44	0.11	0.01	0.45	0.15	0.21	0.32	0.41	0.54	0.48	0.31	0.28	0.03	0.46	0.26	0.27	0	0.11	0.56	0.16	0.39	0.03	0.04	0.96	0.22	0.18	0.39	0.12	0.47	0.18	0.47	0.02	0.24	0.47	0.03	0.33	0.16	0.03	0.41	0.21	0.48
0.04	0.5	0.25	0.19	0.09	0.31	0.42	0.13	0.12	0.26	0.03	0.5	0.25	0.13	0.48	0.07	0.49	0.27	0.23	0.4	0.22	0.04	0.09	0.05	0.05	0.41	0.16	0.14	0.24	0.14	0.08	0.08	0.15	0.42	0.19	0.29	0.26	0.45	0.27	0.3	0.13	0	0.12	0.05	1	0.5	0.22	0.13	0.25	0.82	0.1	0.09	0.11	0.07	0.13	0.42	0.49	0.11	0.31	0.03	0.13	0.08	0.13	0.42	0.04	0.23	0.16	0.17	0.93	0.13	0.13	0.09	0.26	0.2	0.16	0	0.03	0.35	0.23	0.13	0.14	0.47	0.13	0.1	0.28	0	0.1	0.09	0.48	0.37	0.05	0.19	0.21	0.4	0.16	0.49	0.16	0.68	0.25
0.48	0.2	0.2	0.34	0.48	0.32	0.5	0.3	0.6	0.49	0.03	3.42	0.15	0.21	0.27	0.45	0.26	1.16	2.12	0.56	0.46	0.42	0.06	0.09	0.14	0.22	0.47	0.23	0.54	0.26	0.04	0.27	0.23	0.41	0.17	0.09	0.22	0.24	0.21	0	0.42	0.03	0.23	0.12	0.1	0.4	0.23	0.42	0.23	0.22	0.22	0.05	0.22	0.06	0.45	0.16	0.21	0.22	0.04	0.29	0.2	0.86	0.58	0.61	0.07	0.05	0.49	0.1	0.23	0.23	0.22	0.49	0.1	0.2	0.2	0.04	0	0.08	0.46	0.52	0.21	0.01	0.16	0.09	0.23	0.03	0.09	0.07	0.17	0.5	0.44	0.21	0.47	0.93	0.25	0.55	0.49	0.24	0.29
0.06	1.41	0.21	0.2	0.05	0.6	0.06	0.21	0.99	0.17	0.06	2.62	0.43	0.17	0.18	0.43	0.43	0.34	0.18	0.42	0.19	0.06	0.31	0.41	0.06	0.23	0.2	0.4	0.6	0.2	0.07	0.4	0.18	0.05	0.49	0.01	0.18	0.17	0.49	0.08	0.19	0.07	0.48	0.37	0.23	0.04	0.47	0.42	0.47	0.47	0.47	0.14	0.17	0.46	0.18	0.47	0.17	0.47	0.03	0.07	0.18	0.46	0.46	0.18	0.05	0.02	0.5	0.06	0.45	0.56	0.18	0.06	0.94	0.12	0.16	0.09	0.08	0	0.44	0.17	0.18	0.39	0.17	0.42	0.42	0.09	0.01	0.42	0.07	0.42	0.14	0.48	0.81	0.16	0.51	0.18	0.19	0.19	0.9
0.2	0.6	0.47	0.5	0.24	0.21	0.2	0.91	0.4	0.4	0.2	2.22	0.54	0.51	0.91	0.22	0.54	0.49	0.41	0.32	0.31	0.47	0.42	0.19	0.41	0.29	0.3	0.34	0.42	0.62	0.22	0.17	0.32	0.24	0.42	0.82	0.31	0.33	0.63	0.22	0.54	0.63	0.43	0.22	0.2	0.44	0.31	0.32	0.02	0.43	0.35	0.44	0.31	0.23	0.62	0.53	0.33	0.44	0.34	0.23	0.3	0.7	0.49	0.31	0.19	0.16	0.7	0.2	0.5	0.6	0.34	0.33	0.23	0.21	0.4	0.5	0.7	0.14	0	0.61	0.33	0.19	0.32	0.31	0.61	0.23	0.13	0.16	0.42	0.31	0.19	0.21	0.31	0.49	0.43	0.65	0.32	0.93	0.24
0.12	0.04	0.1	0.07	0.13	0.44	0.43	0.05	0.43	0.26	0.12	1.35	0	0.05	0.34	0.21	0.94	0.2	0.33	0.44	0.44	0.15	0.39	0.43	0.43	0.05	0.06	0.42	0.41	0.01	0.41	0.45	0.05	0.71	0.41	0.43	0.04	0.4	0.11	0.15	0.04	0.51	0.04	0.21	0.14	0.49	0.22	0.05	0.48	0.18	0.34	0.23	0.03	0.46	0.01	0.11	0.05	0.16	0.15	0.45	0.04	0.44	0.06	0.44	0.14	0.18	0.07	1.13	0.97	0.06	0.04	0.18	0.42	0.92	0.41	0.13	0.15	0.17	0.4	0	0.03	0.28	0.01	0.19	0.65	0.26	0.18	0.18	0.48	0.04	0.13	0.3	0.46	0.35	0.07	0.04	0.45	0.04	0.27
0.14	0.4	0.08	0.07	0.13	0.46	0.13	0.05	0.02	0.05	0.31	0.35	0.31	0.2	0.36	0.47	0.43	0.21	0.34	0.36	0.06	0.15	0.2	0.93	0.16	0.76	0.05	0.07	0.13	0.43	0.11	0.5	0.05	0.14	0.05	0.19	0.03	0.44	0.11	0.23	0.05	0.14	0.04	0.2	0.83	0.28	0.94	0.13	0.33	0.36	0.32	0.21	0.04	0.44	0.39	0.18	0.05	0.32	0.17	0.44	0.03	0.12	0.05	0.57	0.15	0.44	0.06	0.13	0.07	0.06	0.05	0.44	0.2	0.28	0.2	0.14	0.57	0.24	0.94	0.03	0	0.18	0.03	0.51	0.29	0.12	0.19	0.15	0.14	0.01	0.93	0.32	0.94	0.49	0.43	0.04	0.31	0.04	0.22
0.41	0.13	0.18	0.17	0.08	0.43	0.03	0.14	0.16	0.16	0.04	0.41	0.26	0.14	0.4	0.43	0.16	0.22	0.2	0.52	0.53	0.03	0.05	0.04	0.04	0.2	0.16	0.39	0.61	0.53	0.05	0.03	0.44	0.11	0.16	0.05	0.13	0.2	0.45	0	0.27	0.19	0.14	0.35	0.16	1.05	0.55	0.46	0.19	0.1	0.14	0.12	0.41	0.46	0.55	0.07	0.16	0.16	0.46	0.08	0.18	0.26	0.54	0.21	0	0.05	0.18	0.03	0.52	0.15	0.56	0.04	0.08	0.47	0.15	0.03	0.01	0.14	0.57	0.15	0.16	0	0.25	0.09	0.48	0.03	0.48	0.07	0.03	0.14	0.04	0.48	0.14	0.2	0.37	0.14	0.41	0.51	0.98
0.68	0.25	0.21	0.08	0.13	0.53	0.12	0.07	0.33	0.06	0.48	0.87	0.01	0.06	0.35	0.21	0.37	0.88	0.35	0.04	0.33	0.15	0.21	0.14	0.98	0.05	0.06	0.48	0.13	0.14	0.12	0.79	0.06	0.13	0.08	0.55	0.03	0.04	0.11	0.15	0.05	0.13	0.05	0.12	0.15	0.5	0.22	0.4	0.34	0.41	0.4	0.4	0.4	0.17	0	0.5	0.42	0.05	0.16	0.12	0.29	0.29	0.4	0.23	0.51	0.18	0.07	0.41	0.28	0.06	0.41	0.41	0.13	0.28	0.04	0.49	0.42	0.17	0.62	0.01	0.03	0.15	0	0.41	0.28	0.41	0.57	0.18	0.12	0.04	0.42	0.42	0.01	0.36	0.08	0.78	0.07	0.45	0.42
0.07	0.92	0.21	0.21	0.06	0.49	0.32	0.42	0.16	0.2	0.08	3.03	0.96	0.2	0.18	0.02	0.21	0.47	0.41	0.51	0.2	0.67	0.28	0.47	0.07	0.5	0.21	0.47	0.25	0.57	0.08	0.03	0.47	0.05	0.49	0	0.18	0.56	0.46	0.48	0.2	0.09	0.48	0.48	0.08	0.06	0.2	0.45	0.48	0.37	1.03	0.04	0.18	0.12	0.19	0.11	0.19	0.18	0.03	0.09	0.19	0.08	0.22	0.18	0.05	0.01	0.23	0.07	0.22	0.43	0.43	0.44	0.06	0.1	0.19	0.1	0.09	0.12	0.12	0.18	0.17	0.44	0.19	0	0.2	0.11	0	0.46	0.13	0.18	0.46	0.42	0.98	0.47	0.21	0.2	0.22	0.2	2.38
0.33	0.63	0.26	0.29	0.42	0.48	0.76	0.28	0.27	0.52	0.21	1.69	0.28	0.29	0.43	0.27	0.4	0.9	0.41	0.25	0.25	0.37	0.27	0.15	0.2	0.72	0.53	0.45	0.42	0.29	0.42	0.23	0.28	0.19	0.52	0.25	0.26	0.63	0.32	0.42	0.26	0.44	0.36	0.42	0.2	0.2	0.39	0.54	0.39	0.43	0.43	0.43	0.26	0.23	0.64	0.21	0.28	0.26	0.23	0.22	0.45	0.53	0.6	0.07	0.18	0.45	0.29	0.21	0.56	0.62	0.26	0.19	0.51	0.35	0.27	0.28	0.23	0.24	0.37	0.65	0.67	0.21	0.36	0.98	0	0.28	0.25	0.17	0.47	0.27	0.14	0.73	0.28	0.42	0.48	0.27	0.68	0.98	0.78
0.03	0.12	0.16	0.17	0.1	0.47	0.04	0.12	0.1	0.21	0.03	7.65	0.12	0.41	0.22	0.07	0.44	0.42	0.25	0.1	0.44	0.03	0.09	0.05	0.44	0.13	0.44	0.44	0.19	0.14	0.03	0.09	0.15	0.1	0.18	0.1	0.11	0.45	0.1	0.42	0.11	0.01	0.45	0.04	0.05	0.09	0.48	0.46	0.86	0.37	0.14	0.09	0.34	0.46	0.14	0.03	0.13	0.47	0.09	0.04	0.47	0.42	0.13	0.47	0.04	0.47	0.16	0.03	0.35	0.48	0.12	0.13	0.16	0.19	0.4	0.4	0.04	0.33	0.74	0.13	0.13	0.04	0.54	0.1	0.28	0	0.45	0.08	0.03	0.34	0.04	0.2	0.46	0.24	0.14	0.14	0.46	0.12	0.61
0.08	0.18	0.21	0.21	0.06	0.23	0.08	0.38	0.54	0.2	0.08	0.15	0.18	0.17	0.93	0.03	0.21	0.43	2.11	0.32	0.55	0.08	0.73	0.09	0.15	0.49	0.2	0.54	0.26	0.2	0.08	0.03	0.52	0.06	0.29	0.01	0.21	0.2	0.46	0.09	0.19	0.09	0.19	0.1	0.45	0.08	0.31	0.21	0.15	0.47	0.64	0.04	0.18	0.09	0.19	0.08	0.2	0.45	0.12	0.09	0.19	0.46	0.21	0.19	0.05	0.02	0.21	0.47	0.22	0.47	0.2	0.09	0.06	0.1	0.43	0.1	0.09	0.02	0.49	0.27	1	0.1	0.19	0	0.25	0.1	0	0.32	0.15	0.19	0.08	0.48	0.19	0.21	0.52	0.2	0.44	0.2	0.16
0.04	0.16	0.18	0.18	0.09	0.27	0.04	0.37	0.15	0.21	0.42	2.38	0.18	0.16	0.48	0.07	0.19	0.22	0.57	0.48	0.69	0.08	0.11	0.58	0.04	0.14	0.87	0.99	0.22	0.19	0.07	0.49	0.23	0.11	0.49	0.04	0.18	0.37	0.05	0.06	0.17	0.08	0.49	0.08	0.09	0.09	0.17	0.2	0.49	0.09	0.44	0.08	0.49	0.1	0.49	0.07	0.17	0.17	0.59	0.08	0.15	0.49	0.41	0.16	0.06	0.05	0.19	0.49	0.18	0.17	0.49	0.43	0.09	0.23	0.16	0.08	0.07	0.03	0.16	0.27	0.15	0.49	0.18	0.04	0.3	0.13	0.05	0	0.08	0.15	0.04	0.34	0.49	0.22	0.19	0.17	0.19	0.19	0.19
0.02	0.1	0.16	0.13	0.1	0.48	0.02	0.11	0.17	0.39	0.01	7.06	0.11	0.24	0.62	1.35	0.13	0.38	0.22	0.09	0.31	0.12	0.08	0.04	0.42	0.11	0.42	0.13	0.29	0.12	0	0.42	0.14	0.49	0.12	0.08	0.43	0.09	0.01	0.04	0.43	0.04	0.11	0.01	0.04	0.22	0.61	0.15	0.43	0.21	0.53	0.08	0.11	0.07	0.12	0.01	0.38	0.11	0.29	0.01	0.12	0.28	0.44	0.24	0.23	0.08	0.13	0.02	0.13	0.13	0.11	0.04	0.19	0.19	0.1	0.03	0.44	0.07	0.54	0.11	0.19	0.09	0.12	0.08	0.22	0.03	0.44	0.08	0	0.11	0.03	1.03	0.12	0.45	0.13	0.12	0.13	0.1	0.23
0.48	0.02	0.09	0.05	0.12	0.98	0.48	0.03	0	1.48	0.12	2.41	0.04	0.01	0.37	0.4	0.05	0.2	0.35	0.4	0.06	0.15	0.2	0.13	0.4	0.01	0.04	0.09	0.09	0.4	0.09	0.48	0.32	0.13	0.17	0.19	0.2	0.02	0.12	0.21	0.03	0.1	0.41	0.31	0.15	0.12	0.21	0.03	0.32	0.19	0.22	0.21	0.41	0.58	0.04	0.11	0.03	0.03	0.85	0.1	0.02	0.12	0.41	0.21	0.15	0.17	0.41	0.11	0.23	0.04	0.2	0.16	0.72	0.42	0.13	0.12	0.2	0.48	0.3	0.06	0.01	0.16	0.43	0.18	0.27	0.12	0.18	0.43	0.1	0	0.14	0.43	0.04	0.44	0.42	0.03	0.44	0.03	0.2
0.16	0.3	0.52	0.17	0.01	0.3	0.46	0.16	0.36	0.15	0.03	0.67	0.13	0.22	0.55	0.47	0.19	0.24	0.23	0.52	0.17	0.24	0.47	0.19	0.02	0.13	0.16	0.17	0.48	0.28	0.34	0.3	0.15	0.01	0.5	0.88	0.14	0.13	0.16	0.48	0.14	0.04	0.15	0.05	0.01	0.01	0.15	0.17	0.58	0.04	0.37	0.36	0.14	0.43	0.14	0.4	0.48	0.15	0.3	0.04	0.14	0.4	0.16	0.54	0.04	0.07	0.6	0.07	0.16	0.15	0.54	0.07	0.82	0.19	0.14	0.05	0.41	0.14	0.19	0.41	0.15	0.29	1.12	0.2	0.34	0.42	0.08	0.37	0.41	0.12	0	0.18	0.13	0.62	0.16	0.35	0.16	0.2	0.54
0.44	0.31	0.44	0.44	0.18	0.44	0.5	0.32	0.38	1.04	0.2	10.5	0.3	0.69	0.49	0.14	0.34	0.49	0.05	0.49	0.49	0.19	0.49	0.49	0.18	0.31	0.47	0.49	0.59	0.49	0.19	0.14	0.3	0.17	0.49	0.12	0.32	0.31	0.18	0.49	0.3	0.18	0.49	0.21	0.19	0.79	1.18	0.32	0.26	0.48	0.31	0.78	0.48	0.21	0.98	0.19	0.68	0.33	0.14	0.48	0.3	0.78	0.31	0.48	0.17	0.11	0.33	0.48	0.34	0.34	0.48	0.18	0.17	0	0.3	1.02	0.21	0.48	0.48	0.68	0.48	0.48	0.69	0.48	0.49	0.49	0.44	0.99	0.2	0.42	0.49	0	0.55	0.04	0.49	0.5	0.33	0.7	0.42
0.95	0.45	0.1	0.91	0.13	0.55	0.12	0.05	0.03	0.05	0.45	5.06	0	0.29	0.55	0.47	0.25	0.39	0.34	0.04	0.48	0.15	0.48	0.2	0.14	0.05	0.06	0.07	0.13	0.01	0.35	0.16	0.08	0.12	0.07	0.48	0.03	0.21	0.48	0.15	0.05	0.48	0.14	0.11	0.14	0.49	0.44	0.06	0.49	0.18	0.39	0.49	0.04	0.22	0.01	0.11	0.41	0.04	0.15	0.5	0.04	0.26	0.76	0.4	0.55	0.43	0.07	0.12	0.4	0.06	0.04	1	0.25	0.28	0.28	0.4	0.54	0.17	0.31	0	0.4	0.33	0.4	0.18	0.5	0.6	0.4	0.39	0.12	0.4	0.41	0.3	0	0.36	0.07	0.13	0.09	0.31	0.28
0.67	0.92	0.42	0.36	0.22	0.15	0.53	0.42	0.43	0.34	0.27	6.91	0.35	0.32	0.49	0.19	0.36	0.06	0.06	0.49	0.35	0.69	0.18	0.23	0.23	0.49	0.49	0.5	0.39	0.49	0.24	0.6	0.9	0.44	0.7	0.4	0.45	0.35	0.22	0.22	0.37	0.22	0.42	0.52	0.37	0.92	0.42	0.53	0.92	0.23	0.46	0.43	0.34	0.53	0.73	0.24	0.34	0.35	0.44	0.54	0.45	0.27	0.44	0.35	0.44	0.14	0.45	0.23	0.75	0.45	0.37	0.45	0.86	0.03	0.36	0.45	0.22	0.16	0.3	0.96	0.38	0.22	0.46	0.15	0.46	0.24	0.15	0.46	0.3	0.32	0.47	0.03	0.34	0	0.47	0.62	0.68	0.41	0.12
0.41	0.04	0.1	0	0.29	0.22	0.41	0.05	0.05	0.05	0.14	0.72	0.07	0.46	0.79	0.23	0.03	0.98	0.67	0.07	0.47	0.18	0.23	0.23	0.18	0.48	0.02	0.07	0.36	0.3	0.13	0.48	0.05	0.16	0.08	0.22	0.06	0.05	0.49	0.59	0.05	0.49	0.04	0.16	0.46	0.26	0.58	0.05	0.38	0.4	0.05	0.51	0.04	0.21	0.08	0.15	0.42	0.04	0.19	0.13	0.07	0.51	0.38	0.24	0.42	0.19	0.03	0.15	0.04	0.43	0.06	0.17	0.16	0.31	0.06	0.44	0.23	0.44	0.32	0.07	0.78	0.6	0.55	0.45	0.29	0.96	0.46	0.18	0.13	0.05	0.17	0.79	0.07	0.56	0	0.05	0.01	0.55	0.44
0.15	0	0.43	0.05	0.13	0.63	0.12	0.02	0.03	0.4	0.12	1.74	0.04	0.04	0.4	0.49	0.05	0.19	0.5	0.02	0.06	0.7	0.3	0.5	0.14	0.5	0.03	0.05	0.44	0.05	0.1	0.41	0.09	0.13	0.04	0.2	0.02	0.04	0.41	0.24	0.33	0.31	0.02	0.12	0.17	0.51	0.21	0.05	0.52	0.09	0.42	0.19	0.01	0.17	0.05	0.11	0.93	0.02	0.93	0.43	0.03	1	0.03	0.43	0.55	0.96	0.04	0.44	0.05	0.03	0.06	0.44	0.28	0.28	0.03	0.12	0.45	0.53	0.5	0.04	0.04	0.2	0.05	0.2	0.27	0.12	0.19	0.17	0.1	0.03	0.15	0.48	0.14	0.32	0.18	0	0.05	0.02	0.48
0.42	0.04	0.1	0.42	0.43	0.43	0.3	0.43	0.43	0.05	0.22	2.29	0.07	0.08	0.47	0.23	0.27	0.21	0.28	0.34	0.09	0.8	0.24	0.48	0.59	0.58	0.02	0.07	0.2	0.23	0.15	1.49	0.05	0.15	0.07	0.21	0.05	0.04	0.5	0.5	0.05	0.15	0.4	0.15	0.24	0.91	0.29	0.05	0.36	0.71	0.61	0.21	0.04	0.21	0.07	0.14	0.05	0.42	0.17	0.14	0.42	0.41	0.02	0.53	0.18	1.03	0.08	0.15	0.43	0.63	0.3	0.43	0.17	0.54	0.31	0.54	0.43	0.19	0.32	0.2	0.06	0.44	0.07	0.63	1.44	0.94	0.22	0.18	0.15	0.45	0.45	0.33	0.07	0.45	0.24	0.05	0	0.96	0.22
0.45	0.02	0.1	0.05	0.18	0.62	0.49	0.03	0.03	0.42	0.15	1.15	0.04	0.04	0.38	0.54	0.05	0.45	0.22	0.52	0.06	0.95	0.21	0.15	0.45	0	0.03	0.04	0.45	0.55	0.11	0.55	0.06	0.65	0.05	0.2	0.02	0.02	0.96	0.22	0.01	0.46	0.01	0.12	0.56	0.38	0.29	0.32	0.66	0.12	0.29	0.47	0.01	0.56	0.05	0.17	0.08	0.01	0.15	0.11	0.03	0.38	0.18	0.47	0.15	0.18	0.04	0.12	0.05	0.15	0.34	0.16	0.97	0.29	0.03	0.11	0.23	0.47	0.47	0.19	0.04	0.22	0.05	0.18	0.27	0.48	0.19	0.17	0.48	0.03	0.15	0.43	0.05	0.34	0.27	0.02	0.04	0	0.2
0.22	1.25	0.34	0.45	0.23	0.46	0.22	1.51	0.2	1.57	0.23	0.5	0.27	0.38	0.25	0.99	0.22	0.01	0.5	0.55	0.36	0.23	0.19	0.61	0.51	0.21	0.42	1.89	0.47	0.53	0.23	0.18	0.2	0.49	0.38	0.94	0.18	0.36	0.23	0.24	0.19	0.23	0.43	0.41	0.22	0.43	0.73	0.21	0.3	0.22	0.44	0.19	0.18	0.27	0.73	0.43	0.2	0.18	0.18	0.44	0.44	1.01	0.54	0.94	0.44	0.55	0.21	0.55	0.22	0.6	0.19	0.4	0.95	0.44	0.43	0.45	0.45	0.68	0.24	0.95	0.24	0.45	0.96	0.15	0.4	0.46	0.5	0.46	0.23	0.2	0.47	0.09	0.67	0.12	0.22	0.47	0.21	0.19	0
