0	0.12	0.19	0.15	0.02	0.31	0.46	0.4	0.1	0.13	0.34	2.51	0.4	0.5	0.25	0.09	0.4	0.25	0.22	0.29	0.12	0.04	0.08	0.03	0.03	0.1	0.4	0.16	0.18	0.13	0.41	0.04	0.4	0.02	0.19	0.4	0.4	0.12	0.01	0.1	0.41	0.03	0.41	0.03	0.39	0.02	0.15	0.26	0.22	0.22	0.1	0.41	0.12	0.11	0.13	0.41	0.29	0.41	0.04	0.02	0.1	0.26	0.32	0.15	0.06	0.07	0.41	0	0.16	0.24	0.13	0.41	0.02	0.51	0.11	0.25	0.52	0.06	0.2	0.62	0.41	0.04	0.12	0.21	0.33	0.37	0.42	0.05	0.1	0.12	0.02	0.49	0.42	0.35	0.4	0.19	0.52	0.23	0.23
0.14	0	0.1	0.47	0.15	0.4	0.11	0.02	0.02	0.37	0.13	2.13	0.04	0.02	0.38	0.48	0.04	0.19	0.22	0.02	0.05	0.92	0.2	0.13	0.36	0	0.03	0.04	0.1	0.05	0.11	0.17	0.4	0.13	0.04	0.4	0.09	0.12	0.09	0.2	0.4	0.14	0.31	0.9	17.3	0.19	0.41	0.02	0.61	0.41	0.28	0.2	0.01	1.11	0.05	0.61	0.1	0.02	0.41	0.44	0.41	0.87	0.38	0.21	1.05	0.16	0.04	0.21	0.04	0.03	0.41	0.13	1.3	0.52	0.37	0.12	0.23	0.18	0.33	0.04	0.04	0.3	0.05	0.18	0.38	0.42	0.19	0.16	0.1	0.42	0.13	0.31	0.04	0.47	0.62	0.19	0.42	0.02	0.2
0.48	0.46	0	0.18	0.16	0.36	0.97	0.46	0.96	0.11	0.46	3.86	0.1	0.84	0.38	0.4	0.49	0.4	0.29	0.08	0.48	0.24	0.19	0.53	0.5	0.06	0.1	0.16	0.15	0.48	0.48	0.22	0.1	0.15	0.09	0.5	0.08	0.08	0.15	0.19	0.09	0.15	0.09	0.49	0.69	0.17	0.31	0.36	0.49	0.14	0.18	0.49	0.09	0.34	0.1	0.49	0.1	0.3	0.22	0.49	0.09	0.17	0.1	0.27	0.53	0.99	0.11	0.32	0.11	0.59	0.08	0.17	0.49	0.38	0.07	0.16	0.2	0.55	0.34	0.1	0.08	0.19	0.5	0.86	0.26	0.17	0.49	0.18	0.22	0.23	0.17	0.33	0.12	1	0.1	0.8	0.1	0.37	0.35
0.4	0.19	0.46	0	0.18	0.46	0.15	0.05	0.05	0.05	0.35	1.07	0.5	0.08	1.41	0.9	0.03	0.58	0.3	0.9	0.41	0.19	0.61	0.51	0.51	0.08	0.02	0.42	0.62	0.08	0.42	0.21	0.05	0.93	0.11	0.64	0.05	0.43	0.14	0.43	0.05	0.44	0.04	0.44	1.45	0.17	0.44	0.75	0.96	0.45	0.11	0.47	0.04	0.35	0.08	0.13	0.1	0.46	0.19	0.46	0.47	0.16	0.02	0.47	0.36	0.19	0.04	0.16	0.04	0.06	0.06	0.32	0.25	0.31	0.47	0.38	0.25	0.19	0.33	0.07	0.07	0.49	0.08	0.71	1.09	0.16	0.21	0.49	0.49	0.05	0.16	0.4	0.15	0.38	0.16	0.05	0.91	0.05	0.41
0.02	0.47	0.35	0.47	0	0.29	0.25	0.16	0.3	0.36	0.17	4.12	0.52	0.11	0.28	0.13	0.15	0.31	0.22	0.15	0.16	0.1	0.14	0.05	0.01	0.48	0.14	0.16	0.49	0.14	0.49	0.1	0.44	0	0.13	0.06	0.13	0.14	0.04	0.09	0.13	0.09	0.14	0.05	2.18	0.01	0.15	0.15	0.41	0.21	0.12	0.11	0.27	0.2	0.42	0.03	0.15	0.13	0.1	0.1	0.43	0.75	0.19	0.15	0.43	0.68	0.15	0.24	0.17	0.42	0.15	0.44	0	0.3	0.14	0.1	0.09	0.05	0.24	0.46	0.12	0.16	0.13	0.06	0.15	0.56	0.06	0.09	0.1	0.13	0.01	0.48	0.13	0.22	0.15	0.14	0.56	0.58	0.5
0.45	0.25	0.62	0.24	0.29	0	0.45	0.26	0.26	0.81	0.31	2.52	0.59	0.27	0.12	0.25	0.25	0.49	0.49	0.26	0.3	0.46	0.59	0.49	0.3	0.28	0.22	0.28	0.5	0.29	0.6	0.26	0.5	0.29	0.29	0.24	0.6	0.49	0.29	0.32	0.26	0.5	0.26	0.33	0.34	0.4	0.42	0.46	0.36	0.29	0.79	0.9	0.4	0.36	0.29	0.31	0.26	0.25	0.4	0.63	0.26	0.66	0.9	0.42	0.28	0.22	0.24	0.31	0.24	0.27	0.26	0.3	0.29	0.4	0.6	0.31	0.32	0.9	0.4	0.59	0.27	0.32	0.29	0.4	0.48	0.31	0.23	0.9	0.9	0.58	0.3	0.14	0.4	0.25	0.37	1.17	0.4	0.28	0.15
0	0.29	0.15	0.27	0.02	0.3	0	0.29	0.12	0.17	0.01	1.04	0.22	1.46	0.49	0.1	0.15	0.49	0.23	0.23	0.49	0.04	0.29	0.25	0.03	0.7	0.14	0.17	0.17	0.12	0.02	0.4	1	0.02	0.11	0.08	0.4	0.1	0.01	0.1	0.25	0.03	0.11	0.03	1.11	0.02	0.46	0.36	0.22	0.4	0.4	0.08	0.37	0.23	0.13	0.4	0.41	0.11	0.42	0.41	0.16	0.37	0.4	0.41	0.03	0.07	0.15	0	0.41	0.13	0.11	0.41	0.02	0.91	0.12	0.04	0.1	0.06	0.2	0.12	0.13	0.03	0.41	0.07	0.21	0.04	0.08	0.04	0.35	0.44	0.02	0.19	0.42	0.71	0.14	0.81	0.38	0.4	0.22
0.51	0.02	0.47	0.05	0.15	0.26	0.25	0	0.42	0	0.15	4.2	0.34	0.4	0.38	0.22	0.05	0.43	0.32	0.15	0.7	0.4	0.2	0.14	0.16	0.4	0.17	0.02	0.1	0.22	0.12	0.18	0.01	0.13	0.05	0.47	0.03	0.61	0.41	0.21	0.03	0.35	0.26	0.35	0.16	0.13	0.48	0.01	0.35	0.12	0.04	0.42	0.15	0.49	0.2	0.11	0	0.03	0.17	0.11	0.03	0.43	0.3	0.22	0.16	0.16	0.05	0.94	0.44	0.03	0.04	0.44	0.14	0.68	0.03	0.14	0.21	0.19	0.46	0.38	0.05	0.18	1.01	0.27	0.99	0.28	0.19	0.16	0.29	0.4	0.14	0.32	0.05	0.75	0.4	0.03	0.05	0.03	0.21
0.32	0.63	0.07	0.14	0.45	0.26	0.12	0.02	0	0.55	0.11	3.29	0.03	0.01	0.48	0.48	0.05	0.19	0.77	0.49	0.06	0.46	0.42	0.14	0.27	0.13	0.03	0.04	0.47	0.04	0.09	0.42	0.03	0.13	0.06	0.46	0.01	0.75	0.1	0.23	0.03	0.47	0.02	0.14	5.13	0.11	0.98	0.02	0.32	0.54	0.02	0.56	0.02	0.58	0.04	0.1	0.02	0.03	0.15	0.11	0.02	0.11	0.09	0.37	0.14	0.48	0.04	0.11	0.05	0.04	0.03	0.14	0.11	0.26	0.02	0.13	0.21	0.55	0.31	0.58	0.18	0.13	0.04	0.16	0.79	0.17	0.19	0.14	0.09	0	0.12	0.28	0.49	0.4	0.05	0.2	0.05	0.03	0.33
0.48	0.02	0.11	0.09	0.13	0.26	0.12	0	0.32	0	0.13	0.4	0.08	0.04	0.41	0.37	0.36	0.43	0.32	0.49	0.27	1.22	0.22	0.26	0.23	0.28	0.14	0.02	0.1	0.06	0.11	0.17	0.4	0.13	0.87	0.89	0.03	0.5	0.1	0.21	0.03	0.13	0.4	0.28	0.4	0.4	0.22	0.05	0.6	0.11	0.04	0.41	0.02	0.38	0.05	0.19	0	0.03	0.54	0.28	0.03	0.46	0.07	0.22	0.15	0.51	0.42	0.51	0.42	0.09	0.04	0.16	0.48	0.92	0.17	0.17	0.23	0.26	0.42	1.52	1.02	0.57	0.17	0.32	1.43	0.98	0.51	1.45	1.04	0.64	0.52	0.59	1.09	1.04	0.54	0.03	0.93	0.61	0.37
0.01	0.65	0.45	0.14	0.02	0.39	0.01	0.44	0.11	1.2	0	8.12	0.12	0.12	0.49	0.1	0.14	0.25	0.49	0.13	0.39	0.41	0.08	0.03	0.03	0.11	0.47	0.14	2	0.12	0.05	0.04	0.32	0.02	0.11	0.08	0.4	0.43	0.01	0.03	0.14	0.4	0.12	0.05	2.54	0.02	0.4	0.21	0.52	0.05	0.11	0.07	0.14	0.14	0.41	0.14	0.41	0.32	0.03	0.02	0.32	0.31	0.13	0.15	0.41	0.41	0.41	0.01	0.15	0.15	0.13	0.41	0.1	0.19	0.51	0.03	0.41	0.43	0.2	0.31	0.12	0.41	0.41	0.75	0.21	0.03	0.41	0.06	0.01	0.14	0.03	0.58	0.12	0.23	0.41	0.13	0.17	0.53	0.62
1.58	0.33	1.52	1.84	10.2	0.25	1.58	1.63	0.32	1.38	1.71	4.28	2.72	0.33	2.04	11.9	0.34	1.63	10.2	0.62	1.72	9.93	1.6	1.77	2.25	0.29	0.32	12	1.65	0.33	0.23	1.01	12.3	0.45	0.84	9.81	1.6	1.33	1.71	7.27	0.34	0.49	0.95	5.16	4.7	1.89	1.71	0.44	1.14	5.85	6.41	0.19	0.97	4.16	6.04	3.15	1.88	0.4	1.21	1.27	1.74	8.06	0.32	0.69	7.89	1.93	0.48	0.95	1.86	3.78	0.47	1.47	3.08	8.92	0.35	0.4	2.01	1.39	2.41	6.26	0.38	0.21	1.59	1.89	5.69	2.88	0.14	1.68	1.77	3.46	1.59	1.46	5.96	3.69	0.48	4.81	3.83	1.2	0.25
0.11	0.04	0.96	0.07	0.13	0.28	0.12	0.05	0.03	0.05	0.12	5.67	0	0.05	0.97	0.47	0.07	0.4	0.33	0.11	0.1	0.17	0.2	0.14	0.2	0.47	0.33	0.25	0.12	0.47	1.2	0.15	0.39	0.12	0.44	0.19	0.02	0.03	0.25	0.15	0.04	0.11	0.17	0.1	3.31	0.88	0.42	0.17	0.32	0.48	0.03	0.98	2.08	0.39	0.01	0.11	0.05	0.31	0.16	0.32	0.04	0.11	0.25	0.22	0.34	0.49	0.07	0.11	0.07	0.06	0.04	0.13	0.12	0.27	0.37	0.17	0.15	0.5	0.31	0.54	0.03	0.17	0.01	0.18	0.38	0.4	0.24	0.17	0.11	0.26	0.13	0.71	0	1.12	0.07	0.04	0.07	0.04	0.59
0.1	0.02	0.08	0.08	0.13	0.37	0.13	0.11	0.01	0.75	0.5	4.95	0.05	0	0.36	0.45	0.45	0.45	0.45	0.04	0.06	0.48	0.45	0.66	0.12	0.55	0.03	0.05	0.1	0.37	0.13	0.46	0.03	0.12	0.38	0.17	0.04	0.41	0.46	0.36	0.42	0.46	0.04	0.17	0.56	0.11	0.46	0.27	0.33	0.09	0.98	0.47	0.03	0.22	0.06	0.12	0.03	0.04	0.43	0.39	0.02	0.49	0.03	0.23	0.14	0.15	0.04	0.49	0.38	0.04	0.05	0.15	0.43	0.29	0.02	0.14	0.43	0.41	0.4	0.05	0.03	0.45	0.06	0.52	0.29	0.12	0.46	0.46	0.12	0.01	0.21	0.52	0.05	0.54	0.08	0.04	0.46	0.23	0.21
0.25	0.53	0.37	0.4	0.53	0.12	0.25	0.78	0.36	0.56	0.25	7.94	0.34	0.5	0.4	0.31	0.4	0.48	0.38	0.36	0.38	0.22	0.4	0.25	0.25	0.61	0.39	0.4	0.38	0.41	0.22	0.81	0.38	0.28	0.59	0.41	0.35	0.39	0.41	0.27	0.77	0.22	0.62	0.42	1.54	0.28	0.37	0.52	0.06	0.26	0.72	0.18	0.45	0.93	0.43	0.26	0.38	0.43	0.18	0.23	0.44	0.42	0.39	0.37	0.57	0.17	0.44	0.61	0.39	0.39	0.38	0.54	0.45	0.22	0.36	0.23	0.27	1.04	0.13	0.37	0.36	0.21	0.35	0.18	0.43	0.23	0.44	0.64	0.23	0.36	0.25	0.57	0.67	0.32	0.39	0.83	0.75	0.36	0.43
0.96	0.23	0.57	0.24	0.13	0.25	0.47	0.24	0.19	0.21	0.45	3.74	0.42	0.44	0.16	0	0.23	0.43	0.17	0.87	0.19	0.08	0.43	0.09	0.53	0.6	0.22	0.54	0.63	0.21	0.07	0.03	0.21	0.44	0.48	0.02	0.21	0.24	0.09	0.11	0.95	0.06	0.55	0.45	8.17	0.13	0.21	0.45	0.44	0.1	0.48	0.03	0.22	0.27	0.21	0.1	0.56	0.21	0.03	0.46	0.2	0.36	0.23	0.23	0.04	0.01	0.47	0.1	0.47	0.23	0.61	0.09	0.13	0.13	0.49	0.33	0.11	0.03	0.49	0.2	1.59	0.07	0.49	0.03	0.27	0.07	0.03	0.06	0.07	0.22	0.09	0.41	0.44	0.91	0.26	0.23	0.23	0.21	0.41
0.15	0.04	0.11	0.04	0.48	0.24	0.14	0.05	1.09	0.93	0.48	0.48	0.07	0.05	0.75	0.97	0	0.24	0.48	0.48	0.09	0.17	0.59	0.18	0.19	0.2	0.02	0.07	0.12	0.08	0.43	0.18	0.05	0.15	0.06	0.22	0.05	0.91	0.13	0.26	0.05	0.15	0.28	0.2	7.42	0.4	0.23	0.28	1.45	0.95	0.05	0.24	0.04	0.58	0.08	0.16	0.12	0.04	0.18	0.15	0.05	0.28	0.02	0.47	0.48	0.17	0.03	0.48	0.08	0.06	0.21	0.16	0.15	0.32	0.05	0.15	0.26	0.19	0.34	0.43	0.07	0.29	0.08	0.44	0.29	0.15	0.23	0.4	0.15	0.05	0.16	1.41	0.07	0.41	0.09	0.05	0.14	0.16	0.51
0.45	0.95	0.4	0.52	0.24	0.12	0.25	0.2	0.46	0.2	0.46	0.27	0.57	0.21	0.16	0.2	0.22	0	0.04	0.77	0.36	0.78	0.22	0.25	0.24	0.48	0.47	0.22	1.53	0.61	0.26	0.2	0.98	0.23	1.55	0.47	0.47	0.47	0.25	0.27	0.47	0.26	0.19	0.48	0.65	0.23	0.55	0.21	0.32	0.48	0.2	0.22	0.32	0.27	0.21	0.48	0.2	0.47	0.2	0.26	0.2	0.48	0.99	0.42	0.98	0.18	0.22	0.25	0.48	0.46	0.19	0.25	0.48	0.49	0.49	0.83	0.27	0.19	0.26	0.54	0.21	0.49	0.5	0.41	0.42	0.28	0.18	0.22	0.51	0.2	0.24	0.09	0.52	0.45	0.22	0.91	0.21	0.19	0.11
0.22	0.23	0.45	0.62	0.61	0.11	0.23	0.6	0.34	0.81	0.22	7.43	0.34	0.65	0.33	0.47	0.3	0.04	0	0.27	0.38	0.21	0.78	0.23	0.23	0.33	0.29	0.32	0.91	0.4	0.6	0.22	0.31	0.51	0.34	0.17	0.3	0.42	0.26	0.24	0.37	0.57	0.23	0.54	0.73	0.24	0.35	0.51	0.32	0.4	0.26	0.5	0.38	0.45	0.45	0.24	0.32	0.77	0.2	0.23	0.34	1.56	0.29	0.4	0.2	0.18	0.3	0.23	0.34	0.5	0.25	0.51	0.22	0.14	0.33	0.23	0.23	0.22	0.54	0.65	0.35	0.2	0.68	0.16	0.41	0.45	0.17	0.21	0.22	0.35	0.9	0.05	0.34	0.05	0.3	0.23	0.29	0.23	0.04
0.48	0.02	0.35	0.05	0.13	0.26	0.57	0.23	0.02	0.03	0.12	11.5	0.03	0.44	0.38	0.2	0.05	0.87	0.47	0	0.46	0.47	0.19	0.15	0.96	0.04	0.04	0.05	0.59	0.04	0.47	0.17	0.04	0.3	0.04	0.46	0.01	0	0.09	0.23	0.02	0.46	0.02	0.46	0.51	0.16	0.58	0.04	0.33	0.46	0.01	0.33	0.01	0.5	0.04	0.15	0.45	0.02	0.56	0.56	0.03	0.32	0.03	0.24	0.16	0.46	0.05	0.11	0.05	0.04	0.01	0.14	0.45	0.55	0.02	0.25	0.22	0.19	0.34	0.03	0.04	0.17	0.93	0.44	0.26	0.13	0.44	0.15	0.44	0.03	0.66	0.72	0.04	0.84	0.05	0.02	0.44	0.02	1.45
0.12	0.05	0.11	0.43	0.43	0.33	0.41	0.53	0.06	0.07	0.43	4.48	0.45	0.45	0.38	0.4	0.08	0.45	0.76	0.06	0	0.39	0.47	0.49	0.15	0.05	0.06	0.06	0.35	0.46	0.12	0.16	0.07	0.46	0.01	0.18	0.06	0.46	0.11	0.46	0.46	0.14	0.06	0.46	3.88	0.16	0.29	0.06	1.07	0.13	0.06	0.46	0.05	0.24	0.09	0.46	0.05	0.06	0.16	0.11	0.47	0.4	0.34	0.57	0.57	0.18	0.46	0.12	0.17	0.06	0.07	0.55	0.47	0.32	0.06	0.16	0.24	2.14	0.68	0.32	0.06	0.17	0.42	0.48	0.23	0.48	0.18	0.18	0.48	0.06	0.18	0.48	0.08	0.58	0.48	0.48	0.1	0.45	0.37
0.04	0.81	0.18	0.4	0.44	0.3	0.04	0.15	0.15	0.4	0.03	4.36	0.16	0.5	0.22	0.07	0.27	1.68	0.21	0.16	0.18	0	0.4	0.06	0.05	0.15	0.17	0.18	1.5	0.16	0.15	0.09	0.21	0.09	0.61	0.07	0.52	0.45	1	0.11	0.37	0.03	0.52	0.06	0.4	0.62	0.16	0.41	0.58	0.03	0.17	0.07	0.16	0.07	0.41	0.41	0.16	0.15	0.04	0.06	0.16	0.25	0.51	0.51	0.52	0.38	0.18	0.42	0.4	0.23	0.49	0.08	0.3	0.21	0.18	0.29	0.03	0.38	0.21	0.5	0.15	0.51	0.26	0.4	0.42	0.04	0.08	0.22	0.46	0.34	0.04	0.43	0.15	0.43	0.17	0.25	0.18	0.28	0.23
0.08	0.2	0.19	1.5	0.14	0.27	0.4	0.41	0.45	0.21	0.07	1.89	0.49	0.18	0.22	0.02	0.23	0.4	0.19	0.53	0.99	0.08	0	0.49	0.49	0.49	0.6	0.6	0.59	1	0.08	0.2	0.2	0.4	0.17	0.04	0.2	0.2	0.09	0.06	0.2	0.24	0.5	0.4	14.6	0.14	0.21	0.55	1.01	0.05	0.41	0.41	0.2	0.29	0.61	0.41	0.21	0.51	0.05	0.45	0.2	1.17	0.39	0.21	0.05	0.03	0.42	0.09	0.42	0.22	0.52	0.09	0.72	0.52	0.19	0.42	0.43	0.05	0.16	0.43	0.22	0.07	0.22	0.04	0.43	0.09	0.04	0.11	0.08	0.2	0.44	0.15	0.21	0.18	0.22	0.44	0.94	0.21	0.19
0.14	0.96	0.2	0.16	0.01	0.3	0.03	0.15	0.14	0.14	0.03	5.67	0.43	0.39	0.33	0.09	0.18	0.3	0.23	0.53	0.15	0.41	0.09	0	0.02	0.13	0.28	0.29	1.86	0.29	0.04	0.05	0.28	0.55	0.14	0.09	0.13	0.45	0.03	0.09	0.14	0.04	0.46	0.45	2.34	0.4	0.45	0.16	0.49	0.34	0.53	0.2	0.46	0.49	0.14	0.22	0.32	0.76	0.05	0.04	0.76	0.18	0.44	0.21	0.04	0.43	0.17	0.37	0.56	0.46	0.16	0.01	0.38	0.96	0.46	0.05	0.46	0.06	0.46	0.24	0.49	0.1	0.8	0.08	0.14	0.46	0.47	0.14	0.22	0.14	0.01	0.19	0.46	0.23	0.18	0.46	0.56	0.42	0.22
0.03	0.13	0.55	0.18	0.01	0.3	0.42	0.16	0.14	0.42	0.07	3.17	0.14	0.14	0.25	0.09	0.28	0.25	0.23	0.15	0.15	0.04	0.26	0.03	0	0.49	0.15	0.16	0.21	0.15	0.49	0.05	0.49	0.11	0.14	0.07	0.5	0.13	0.37	0.09	0.16	0.12	0.15	0.07	0.83	0.01	0.14	0.29	0.21	0.04	0.13	0.09	0.44	0.35	0.44	0.33	0.54	0.15	0.05	0.04	0.51	0.04	0.54	0.54	0.05	0.35	0.45	0.03	0.19	0.4	0.17	0.03	0.03	0.19	0.41	0.06	0.09	0.06	0.19	0.14	0.46	0.21	0.14	0.07	0.43	0.05	0.07	0.04	0.04	0.14	0.02	0.47	0.27	0.77	0.19	0.14	0.17	0.22	0.58
0.4	0.05	0.06	0.08	0.13	0.26	0.4	0.26	0.01	0.07	0.11	3.86	0.1	0.22	0.36	0.21	0.05	0.45	0.34	0.41	0.05	0.13	0.45	0.14	0.14	0	0.45	0.25	0.19	0.06	0.11	0.15	0.46	0.13	0.18	0.19	0.03	0.66	0.46	0.5	0.04	0.14	0.03	0.46	5.38	0.11	0.62	0.03	0.57	0.09	0.38	0.16	0.15	1.06	0.56	0.16	0.03	0.03	0.46	0.3	0.02	0.76	0.46	0.22	0.46	0.51	0.05	0.12	0.05	0.04	0.05	0.14	0.46	0.28	0.02	0.14	0.19	0.17	0.47	0.05	0.03	0.16	0.05	0.18	0.47	0.39	0.47	0.17	0.12	0.01	0.47	0.31	0.05	0.4	0.08	0	0.09	0	0.21
0.13	0.03	0.1	0.02	0.14	0.22	0.14	0.04	0.03	0.03	0.45	0.41	0.06	0.03	0.37	0.99	0.02	0.2	0.29	0.03	0.35	0.47	0.25	0.48	0.49	0.04	0	0.32	0.18	0.3	0.48	0.32	0.04	0.4	0.05	0.58	0.03	0.03	0.43	0.22	0.04	0.14	0.03	0.36	3.17	0.49	0.22	0.07	0.34	0.45	0.49	0.21	0.62	0.53	0.06	0.11	0.03	0.03	0.49	0.14	0.04	0.12	0.4	0.22	0.15	0.5	0.02	0.13	0.04	0.04	0.04	0.21	0.14	0.29	0.04	0.14	0.22	0.2	0.9	0.4	0.05	0.17	0.28	0.19	0.4	0.15	0.22	0.16	0.13	0.22	0.17	0.61	0.06	0.41	0.02	0.03	0.04	0.03	0.2
0.46	0.04	0.12	0.46	0.15	0.27	0.24	0.02	0.04	0.03	0.16	8.21	0.07	0.31	0.68	0.48	0.07	0.22	0.68	0.05	0.12	0.4	0.23	0.17	0.18	0.05	0.05	0	1.83	0.08	0.38	0.17	0.48	0.51	0.92	0.22	0.05	0.65	0.41	0.43	0.05	0.16	0.05	0.49	3.07	0.44	0.24	0.4	0.5	0.13	0.05	0.22	0.04	0.4	0.33	0.14	0.02	0.05	0.88	0.48	0.4	0.14	0.05	0.24	0.52	0.18	0.07	0.15	0.07	0.02	0.06	0.41	0.42	0.3	0.05	0.17	0.52	0.46	0.42	0.07	0.07	0.21	0.42	0.72	0.66	0.15	0.62	0.18	0.52	0.05	0.16	0.34	0.07	0.6	0.07	0.05	0.39	0.05	0.22
0.45	2.15	1.79	1.75	2.19	1.56	1.13	0.1	0.11	0.1	0.76	4.79	0.12	0.46	0.52	0.25	0.12	0.37	0.38	0.1	0.13	0.2	0.41	0.37	0.2	0.41	0.11	0.46	0	0.13	0.16	0.4	0.1	0.38	0.39	0.25	0.09	2.32	1.45	0.98	0.47	0.16	0.1	0.16	0.55	0.17	2.58	1.63	1.58	1.08	0.1	0.6	0.09	0.88	0.21	2.06	1.49	0.27	0.21	0.33	0.48	1.06	1.89	1.39	0.89	0.24	0.12	0.16	0.42	0.11	0.49	1.9	1.4	0.35	0.49	0.19	0.34	0.37	0.44	1.87	1.35	0.59	0.13	0.36	0.32	0.44	0.4	0.21	0.17	0.09	0.19	0.35	0.13	0.69	0.85	0.19	0.37	0.11	0.51
0.52	0.37	0.1	0.51	0.14	0.52	0.46	0.06	0.04	0.06	0.13	0.37	0.01	0.06	0.35	0.22	0.08	0.57	0.55	0.45	0.86	0.36	0.21	0.45	0.15	0.46	0.07	0.46	0.13	0	0.17	0.17	0.06	0.13	0.09	0.19	0.04	0.23	0.48	0.16	0.07	0.13	0.05	0.4	4.71	0.53	0.49	0.07	0.34	0.49	0.2	0.54	0.4	0.7	0.32	0.45	0.4	0.4	0.19	0.41	0.15	0.12	0.41	0.23	0.16	0.41	0.42	0.52	0.14	0.42	0.05	0.15	0.43	0.29	0.04	0.44	0.16	0.41	0.32	0.01	0.04	0.16	0	0.19	0.37	0.15	0.2	0.45	0.13	0.05	0.14	0.66	0.01	0.51	0.08	0.05	0.08	0.05	0.28
0.02	0.5	0.14	0.9	0.1	0.38	0.02	0.13	0.5	0.18	0.02	4.66	0.11	0.12	0.44	0.37	0.14	0.52	0.23	0.44	0.12	0.22	0.94	0.44	0.03	0.12	0.12	0.44	0.18	0.12	0	0.04	0.44	0.09	0.38	0.48	0.11	0.4	0.01	0.87	0.44	0.03	0.1	0.01	1.19	0.09	0.18	0.48	0.22	0.01	0.28	0.08	0.09	0.12	0.12	0.01	0.45	0.11	0.04	0.01	0.09	0.1	0.13	0.45	0.04	0.07	0.95	0.02	0.13	0.12	0.1	0.04	0.11	0.18	0.09	0.03	0.04	0.45	0.42	0.11	0.12	0.07	0.12	0.95	0.21	0.15	0.08	0.28	0.34	0.46	0.03	0.76	0.35	0.57	0.13	0.18	0.46	0.51	0.23
0.04	0.15	0.26	0.23	0.1	0.25	0.04	0.17	0.53	0.2	0.03	1.39	0.49	0.14	0.18	0.03	0.18	0.5	0.19	0.21	0.4	0.04	1.01	0.05	0.41	0.14	0.16	0.51	0.41	0.16	0.41	0	0.41	0.09	0.15	0.03	0.16	0.17	0.41	0.04	0.16	0.35	0.15	0.51	2.11	0.28	0.17	0.81	0.41	0.05	0.17	0.03	0.16	0.41	0.16	0.05	0.28	0.17	0.62	0.05	0.14	0.45	0.18	0.17	0.04	0.02	0.17	0.43	0.42	0.42	0.17	0.05	0.23	0.13	0.17	0.09	0.43	0.03	0.17	0.16	0.16	0.04	0.16	0.03	0.23	0.41	0.43	0.93	0.04	0.16	0.05	0.14	0.16	0.18	0.19	0.15	0.74	0.49	0.43
0.15	0.77	0.1	0.64	0.16	0.26	0.12	0.01	0.03	0.09	0.44	1.14	0.05	0.03	0.48	0.49	0.05	0.2	0.31	0.03	0.13	0.84	1.09	0.16	0.16	0.03	0.4	0.02	0.1	0.06	0.11	0.16	0	0.15	0.05	0.49	0.03	0.03	0.1	0.21	0.03	0.18	0.03	0.15	0.21	0.58	0.4	0.01	0.35	0.11	0.05	0.19	0.02	0.29	0.06	0.13	0.4	0.03	0.4	0.12	0.04	0.83	0.29	0.22	0.16	0.16	0.05	0.4	0.05	0	0.14	0.15	0.15	0.3	0.14	0.13	0.4	0.18	0.33	0.05	0.19	0.44	0.06	0.2	0.28	0.25	0.19	0.16	0.3	0.03	0.17	0.32	0.12	0.64	0.05	0.17	0.44	0.03	0.41
0.09	0.21	0.15	0.42	0	0.29	0.02	0.4	0.11	0.13	0.02	4.14	0.12	0.3	0.27	0.12	0.16	0.23	1.59	0.14	0.13	0.09	0.45	0.01	0.01	0.45	0.45	0.55	0.57	0.14	0.45	0.12	0.15	0	0.12	0.06	0.12	1.02	0.02	0.46	0.14	0.08	0.18	0.04	5.21	0.7	0.98	0.15	0.2	0.03	0.44	0.13	0.12	0.76	0.13	0.02	0.16	0.13	0.76	0.06	0.13	0.02	0.14	0.13	0.06	0.46	0.15	0.02	0.15	0.17	0.13	0.34	0	0.47	0.12	0.47	0.09	0.05	0.47	0.21	0.14	0.08	0.13	0.05	0.47	0.09	0.06	0.03	0.47	0.12	0.01	0.47	0.13	0.24	0.47	0.14	0.46	0.32	0.23
0.14	0.39	0.26	0.08	0.13	0.47	0.1	0.45	0.09	0.98	0.47	4.77	0.07	0.04	0.35	0.19	0.06	0.46	0.34	0.19	0.01	0.56	0.17	0.14	0.42	0.04	0.86	0.05	0.12	0.13	0.11	0.16	0.05	0.12	0	0.17	0.04	0.04	0.46	0.16	0.04	0.13	0.03	0.13	0.45	0.14	0.26	0.45	0.33	0.45	0.04	0.45	0.03	0.52	0.08	0.13	0.05	0.11	0.14	0.26	0.05	0.53	0.45	0.26	0.54	0.19	0.45	0.11	0.06	0.06	0.04	0.46	0.21	0.29	0.05	0.55	0.17	0.18	0.95	0.13	0.45	0.15	0.08	0.18	0.33	0.22	0.17	0.15	0.44	0.06	0.15	0.61	0.07	0.32	0.44	0.44	0.07	0.05	1.04
0.07	0.51	0.21	1.1	0.06	0.23	0.07	0.19	0.42	0.2	0.08	0.37	0.18	0.44	0.55	0.03	0.21	0.21	0.17	0.2	0.37	0.08	0.44	0.95	0.2	0.2	0.2	0.22	0.25	0.46	0.08	0.03	0.55	0.06	0.57	0	0.18	0.47	0.08	0.09	0.47	0.09	0.2	0.1	3.95	0.06	0.49	0.22	0.49	0.07	0.32	0.04	0.5	0.26	0.19	0.08	1.16	0.4	0.13	0.09	0.18	0.09	0.41	0.19	0.05	0.12	0.21	0.08	0.63	0.21	0.19	0.47	0.16	0.43	0.63	0.1	0.09	0.01	0.13	0.43	0.2	0.06	0.19	0	0.53	0.25	0.4	0.44	0.35	0.94	0.44	0.12	0.34	0.15	0.22	0.19	0.23	0.19	0.15
0.1	0.42	0.08	0.05	0.12	0.26	0.1	0.28	0.83	0.44	0.12	3.86	0.02	0.29	0.55	0.39	0.05	0.18	0.58	0.01	0.06	0.15	0.41	0.48	0.38	0.22	0.04	0.05	0.09	0.03	0.09	0.48	0.03	0.37	0.04	0.19	0	0.01	0.1	0.91	0.23	0.09	0.4	0.48	29.2	0.23	0.2	0.04	0.32	0.13	0.02	0.4	0.01	0.57	0.03	0.47	0.03	0.01	0.45	0.47	0.02	0.59	0.17	0.19	0.47	0.45	0.04	0.3	0.05	0.05	0.02	0.14	0.49	0.29	0.2	0.48	0.22	0.16	0.47	0.02	0.03	0.13	0.03	1.08	0.57	0.12	0.19	0.16	0.44	0.19	0.14	0.29	0.06	0.37	0.47	0.02	0.05	0.02	0.19
0.43	0.79	0.08	0.44	0.44	0.44	0.13	0.03	0.02	0.03	0.35	2.17	0.41	0.42	0.39	0.42	0.62	0.42	0.42	0.01	0.17	0.17	0.45	0.42	0.16	0.42	0.03	0.92	0.11	0.04	0.43	0.43	0.03	0.43	0.04	0.43	0.01	0.01	0.43	0.3	0.02	0.1	0.43	0.43	1.22	0.15	0.52	0.93	0.34	0.43	0.64	0.43	0.01	0.14	0.03	0.09	0.03	0.01	0.16	0.44	0.03	0.09	0.03	0.45	0.45	0.15	0.04	0.45	0.45	0.04	0.01	0.14	0.45	0.45	0.02	0.23	0.55	0.17	0.38	0.03	0.04	0.18	0.04	0.46	0.48	0.11	0.46	0.41	0.09	0.02	0.46	0.46	0.15	0.48	0.05	0.02	0.04	0.41	0.47
0.01	0.11	0.14	0.46	0.31	0.69	0.01	0.1	0.1	0.46	0.37	11.2	0.11	0.43	0.26	0.13	0.14	0.42	0.23	0.62	0.32	0.04	0.09	0.03	0.42	0.1	0.14	0.42	1.62	0.23	0.01	0.05	0.1	0.02	0.51	0.1	0.19	0.11	0	0.32	0.36	0.07	0.23	0	0.25	0.15	0.15	0.1	0.22	0.01	0.24	0.09	0.1	0.1	0.11	0.25	0.1	0.4	0.46	0	0.45	0	0.13	0.37	0.04	0.46	0.14	0.01	0.14	0.12	0.47	0.04	0.03	0.18	0.09	0.04	0.48	0.41	0.2	0.11	0.59	0.04	0.12	0.08	0.17	0.03	0.08	0.05	0.01	0.1	0.03	0.18	0.11	0.22	0.5	0.09	0.14	0.47	0.23
0.1	0.27	0.25	0.44	0.42	0.32	0.1	0.49	0.21	0.46	0.03	6.01	0.48	0.19	0.27	0.11	0.26	0.58	0.24	0.25	0.18	0.03	0.06	0.17	0.4	0.39	0.57	0.6	2.14	0.47	0.32	0.06	0.23	0.09	0.16	0.09	0.21	0.41	0.05	0	0.53	0.03	0.22	0.41	1.72	0.09	0.23	0.3	0.57	0.4	0.23	0.05	0.34	0.14	0.42	0.05	0.23	0.48	0.04	0.44	0.21	0.25	0.44	0.21	0.41	0.44	0.24	0.1	0.25	0.44	0.24	0.22	0.11	0.44	0.21	0.03	0	0.08	0.55	0.15	0.23	0.28	0.35	0.09	0.23	0.03	0.09	0.06	0.04	0.2	0.09	0.57	0.15	0.6	0.25	0.58	0.23	0.21	0.37
0.49	0.03	0.1	0.05	0.15	0.6	0.13	0.43	0.03	0.3	0.13	0.55	0.04	0.04	0.38	0.23	0.12	0.63	0.52	0.93	0.06	0.15	0.2	0.28	0.44	0.04	0.18	0.05	0.49	0.05	0.1	0.16	0.03	0.13	0.04	0.49	0.3	0.31	0.1	0.27	0	0.13	0.01	0.18	0.7	0.48	0.34	0.5	0.35	0.27	0.02	0.18	0.41	0.47	0.05	0.1	0.4	0.4	0.19	0.1	0.04	0.27	0.26	0.9	0.15	0.34	0.18	0.13	0.05	0.4	0.03	0.17	0.47	0.51	0.3	0.51	0.51	0.37	0.52	0.26	0.05	0.15	0.91	0.41	0.3	0.42	0.21	0.51	0.1	0.04	0.15	0.92	0.42	0.92	0.42	0.13	0.11	0.36	0.19
0.03	0.22	0.15	0.14	0.09	0.41	0.03	0.13	0.61	0.44	0.42	2.13	0.11	0.4	0.22	0.92	0.55	0.26	0.22	0.1	0.15	0.4	0.08	0.04	0.29	0.45	0.13	0.44	0.17	0.13	0.04	0.32	0.44	0.08	0.13	0.46	0.11	0.1	0.33	0.14	0.13	0	0.11	0.06	3.78	0.08	0.2	0.26	0.23	0.01	0.11	0.08	2.52	0.48	0.13	0.04	0.13	0.11	0.46	0.47	0.11	0.33	0.12	0.2	0.48	0.08	0.15	0.03	0.17	0.12	0.12	0.18	0.1	0.38	0.49	0.01	0.22	0.14	0.22	0.52	0.13	0.02	0.15	0.09	0.21	0.25	0.09	0.08	0.41	0.12	0.04	0.33	0.13	0.42	0.15	0.92	0.42	0.12	0.24
0.23	0.73	0.09	0.04	0.13	0.63	0.12	0.4	0.02	0.06	0.12	4.44	0.04	0.06	0.46	0.2	0.51	0.19	0.23	0.05	0.05	0.16	0.89	0.15	0.25	0.49	0.03	0.09	0.1	0.05	0.1	0.17	0.21	0.15	0.03	0.2	0.3	0.02	0.11	0.49	0.33	0.46	0	0.79	5.85	0.14	0.21	0.03	0.33	0.14	0.35	0.21	0	0.58	0.05	0.1	0.02	0.01	0.4	0.11	0.03	0.81	0.03	0.21	0.3	0.17	0.04	0.12	0.04	0.03	0.03	0.14	0.48	0.28	0.03	0.2	0.22	0.18	0.81	0.04	0.04	0.14	0.05	0.2	0.41	0.62	0.19	0.18	0.1	0.03	0.14	0.3	0.04	0.47	0.42	0.02	0.04	0.01	0.23
0.03	0.52	0.15	0.42	0.04	0.38	0.1	0.4	0.15	1.62	0.03	7.87	0.1	0.13	0.28	0.38	0.16	0.45	0.25	0.45	0.13	0.52	0.19	0.06	0.05	0.14	0.16	0.45	1.8	0.12	0.01	0.07	0.15	0.04	0.12	0.46	0.15	0.46	0	0.12	0.76	0.07	0.16	0	2.6	0.04	0.17	0.48	0.46	0.02	0.38	0.46	0.11	0.27	0.11	0.47	0.16	0.14	0.87	0.34	0.47	0	0.15	0.17	0.38	0.47	0.18	0.28	0.17	0.17	0.12	0.05	0.04	0.19	0.12	0.04	0.12	0.47	0.31	1.08	0.16	0.06	0.39	0.13	0.54	0.05	0.38	0.47	0.01	0.14	0.06	0.36	0.11	0.46	0.47	0.12	0.14	0.14	0.25
0.05	1.63	0.95	0.45	4.1	1.04	0.39	0.42	0.44	0.44	0.46	2.05	1.39	0.15	0.92	1.55	4.06	1	0.46	0.53	4.41	0.05	0.47	4.01	0.05	0.68	0.64	0.48	1.53	0.17	0.44	0.92	0.16	0.71	0.14	0.44	0.43	0.92	1.22	0.5	0.63	0.42	0.17	0.43	2.44	0.93	3.43	2.94	2.54	0.45	0.59	3.44	0.17	1.56	0.42	0.42	0.16	0.42	0.62	3.54	0.44	1.52	0.17	0.44	1	0.42	0.41	5.03	0.52	0.2	0.44	0.44	0.04	0.42	2.47	0.63	0.48	0.47	0.46	0.16	0.55	0.45	0.95	0.44	0.44	0.07	1.96	3.47	1.04	0.56	0.03	2.43	1.93	1.76	0.55	2.08	0.94	1.52	0.57
0.44	0.15	0.43	0.15	0.04	0.62	0.66	0.53	0.2	0.18	0.42	7.91	0.49	0.16	0.28	0.12	0.22	0.99	0.22	0.49	0.16	0.24	0.13	0.08	0.49	0.12	0.49	0.21	0.99	0.49	0.48	0.11	0.49	0.59	0.14	0.19	0.14	0.52	0.05	0.49	0.15	0.09	0.15	0.08	0.99	0	0.18	0.49	0.2	0.03	0.49	0.4	0.17	0.4	0.16	0.02	0.14	0.14	0.4	0.1	0.13	0.09	0.14	0.23	0.09	0.9	0.2	0.02	0.17	0.96	0.15	0.03	0.17	0.47	0.14	0.15	0.97	0.22	0.97	0.47	0.13	0.08	0.47	0.47	0.47	0.12	0.14	0.14	0.1	0.97	0.01	0.34	0.13	0.57	0.47	0.14	0.36	0.14	0.33
0.15	0.21	0.3	0.23	0.55	0.45	0.15	0.22	0.36	0.67	0.15	1.19	0.68	0.49	0.37	0.21	0.56	0.36	0.35	0.19	0.28	0.16	0.49	0.15	0.14	0.22	0.49	0.24	0.34	0.42	0.15	0.17	0.49	0.51	0.5	0.19	0.19	0.19	0.15	0.23	0.26	0.2	0.2	0.5	0.41	0.35	0.4	0.22	0.9	0.18	0.4	0.21	0.19	0.5	0.35	0.39	0.41	0.4	0.17	0.4	0.56	0.36	0.91	0.41	0.54	0.2	0.63	0.15	0.44	0.41	0.2	0.14	0.43	0.74	0.24	0.41	0.23	0.17	0.37	0.22	0.5	0.35	0.51	0.2	0.17	0.53	0.33	0.41	0.16	0.51	0.15	0.4	0.91	0.51	0.23	0.51	0.49	0.54	0.71
0.49	0.02	0.09	0.06	0.15	0.9	0.5	0.4	0.03	0.02	0.14	10.6	0.33	0.05	0.37	0.38	0.44	0.64	0.32	0.04	0.45	0.51	1.13	0.16	0.17	0.45	0.04	0.12	0.1	0.07	0.45	0.16	0.56	0.14	0.05	0.21	0.04	0.47	0.12	0.23	0.04	0.14	0.03	0.16	2.78	0.15	0.47	0	0.35	0.15	0.11	0.22	0.48	0.66	0.06	0.12	0.58	0.03	0.18	0.12	0.04	1.02	0.04	0.49	0.2	0.16	0.05	0.15	0.06	0.02	0.04	0.18	0.4	0.29	0.4	0.13	0.61	0.18	0.41	0.06	0.05	0.42	0.06	0.2	0.28	0.19	0.55	0.21	0.13	0.03	0.53	0.43	0.41	0.94	0.75	0.03	0.11	0.08	0.54
0.22	0.95	0.45	0.75	0.45	0.51	0.22	0.34	0.69	0.38	0.22	0.64	0.33	0.33	0.42	0.17	0.35	0.32	0.32	0.36	0.72	0.22	0.92	0.42	0.21	0.62	0.37	0.42	0.38	0.74	0.28	0.17	0.42	0.39	0.95	0.52	0.42	1.16	0.45	0.24	0.42	0.23	0.33	0.24	0.66	0.52	0.62	0.35	0	0.41	0.58	0.18	0.32	0.42	0.33	0.22	0.34	0.43	0.17	0.23	0.32	0.93	0.42	0.33	0.2	0.15	0.42	0.62	1.1	0.36	0.35	0.22	0.21	0.42	0.42	0.24	0.24	0.42	0.02	0.52	0.35	0.19	0.34	0.14	0.39	0.62	0.15	0.42	0.26	0.64	0.46	0.42	0.33	0.63	0.38	0.42	0.42	0.47	0.3
0.03	0.09	0.45	0.13	0.04	0.29	0.02	0.37	0.18	1.06	0.12	0.58	0.31	0.09	0.23	0.46	0.4	0.24	0.23	0.32	0.4	0.03	0.4	0.25	0.04	0.09	0.51	0.12	0.16	0.19	0.01	0.07	0.51	0.02	0.67	0.07	0.09	0.08	0.01	0.04	0.52	0.02	0.1	0.19	6.31	0.42	0.18	0.48	0.22	0	0.09	0.42	0.17	0.63	0.19	0.01	0.11	0.17	0.09	0.02	0.2	0.01	0.43	0.18	0.04	0.08	0.12	0.02	0.13	0.12	0.49	0.43	0.06	0.2	0.74	0.44	0.04	0.45	0.2	0.18	0.12	0.44	0.19	0.25	0.14	0.01	0.07	0.09	0	0.18	0.35	0.95	0.19	0.27	0.13	0.09	0.12	0.12	0.47
0.45	0.04	0.94	0.93	0.43	0.26	0.92	0.04	0.42	0.04	0.13	5.17	0.03	0.04	0.43	0.21	0.05	0.25	0.52	0.01	0.55	0.14	0.45	0.43	0.44	0.03	0.14	0.06	1.42	0.42	0.09	0.99	0.43	0.42	0.12	0.18	0.01	0.93	0.08	0.35	0.02	0.42	0.03	0.42	0.91	0.13	0.2	0.04	0.64	0.09	0.43	0.64	0.02	0.49	0.03	0.2	0.04	0.02	0.16	0.47	0.02	0.09	0.04	0.46	0.46	0.14	0.05	0.95	0.45	0.04	0.02	0.16	0.45	0.26	0.02	0.14	0.2	0.43	1.03	0.05	0.04	0.43	0.43	0.93	0.42	0.43	0.93	0.17	0.09	0.41	0.14	0.29	0.03	0.34	0.05	0.41	0.41	0.13	0.5
0.46	0.19	0.27	0.89	0.11	0.25	0.47	0.5	0.47	0.56	0.07	3.05	0.2	0.96	0.18	0.03	0.54	0.22	1.19	0.51	0.2	0.07	0.01	0.48	0.09	0.16	0.58	0.26	0.23	0.22	0.08	0.22	0.48	0.25	0.49	0.04	0.18	0.69	0.48	0.05	0.3	0.08	0.2	0.36	5.53	0.49	0.2	0.21	0.18	0.07	0.18	0	0.17	0.56	0.79	0.7	0.19	0.19	0.03	0.09	0.18	0.86	0.21	0.2	0.05	0.03	0.21	0.08	0.38	0.21	0.19	0.09	0.56	0.14	0.51	0.41	0.05	0.05	0.16	0.19	0.19	0.41	0.29	0.04	0.27	0.09	0.42	0.43	0.08	0.42	0.08	0.15	0.21	0.42	0.21	0.2	0.24	0.22	0.19
0.11	0.01	0.09	0.04	0.15	0.25	0.11	0.02	0.02	0.02	0.28	8.46	0.32	0.03	0.39	0.38	0.16	0.33	0.27	0.01	0.05	0.16	0.19	0.43	0.14	0.4	0.02	0.04	0.83	0.04	0.1	0.15	0.02	0.12	0.03	0.19	0.01	0.01	0.1	0.43	0.01	0.13	0	0.14	0.33	0.15	0.46	0.03	0.43	0.43	0.01	0.18	0	0.24	0.04	0.42	0.02	0	0.18	0.11	0.03	0.12	0.02	0.2	0.14	0.15	0.03	0.54	0.04	0.03	0.02	0.37	0.53	0.26	0.02	0.11	0.2	0.84	0.33	0.03	0.04	0.14	0.04	0.19	0.54	0.1	0.18	0.55	0.09	0.02	0.18	0.29	0.04	0.35	0.04	0.01	0.04	0.01	0.18
0.1	0.25	0.49	0.38	0.28	0.33	0.47	1.36	0.37	0.22	0.48	3.96	0.42	0.5	0.33	0.95	0.45	0.51	2.2	0.38	0.15	0.25	0.4	0.28	0.87	0.4	0.47	0.35	2.09	0.25	0.16	0.25	0.19	0.4	0.17	0.28	0.15	0.94	0.17	0.14	0.49	0.24	1.37	1.01	8.13	0.58	0.51	0.51	0.4	0.62	0.3	0.43	0.31	0	0.54	0.65	0.63	0.41	0.45	0.62	0.15	0.21	0.34	0.38	0.21	0.45	0.3	0.4	0.32	0.68	0.42	0.25	0.16	0.32	0.31	0.16	0.48	0.83	0.73	0.24	0.25	0.41	0.56	0.23	0.19	0.37	0.38	0.13	0.29	0.5	0.34	0.64	0.27	0.3	0.55	0.57	0.22	1.02	0.85
0.37	0.05	0.43	0.08	0.48	0.29	0.12	0.06	0.04	0.06	0.12	12.4	0.01	0.43	0.43	0.53	0.08	0.21	0.34	0.43	0.09	0.45	0.21	0.24	0.15	0.05	0.06	0.43	0.32	0	0.43	0.16	0.06	0.13	0.42	0.94	0.03	0.04	0.12	0.44	0.05	0.12	0.05	0.12	27.2	0.39	0.74	0.06	0.54	0.19	0.41	0.21	0.42	0.44	0	0.19	0.06	0.05	0.44	0.13	0.04	0.44	0.06	0.22	0.15	0.52	0.07	0.44	0.08	0.07	0.05	0.15	0.87	0.28	0.44	0.13	0.16	0.18	0.31	0.04	0.03	0.15	0	0.18	0.28	0.14	0.19	0.44	0.12	0.04	0.31	0.54	0.01	0.64	0.08	0.05	0.08	0.05	0.67
0.02	0.11	0.45	0.13	0.03	0.31	0.02	0.11	0.1	0.15	0.01	9.94	0.11	0.49	0.61	0.1	0.51	1.64	0.24	0.37	0.13	0.05	0.09	0.03	0.08	0.1	0.13	0.15	0.17	0.53	0.01	0.43	0.23	0.02	0.64	0.43	0.09	0.13	0	0.27	0.44	0.04	0.22	0	4.25	0.44	0.15	0.13	0.22	0.01	0.65	0.33	0.1	0.07	0.12	0	0.12	0.1	0.18	0.01	0.11	0.01	0.13	0.45	0.21	0.07	0.51	0.02	0.13	0.21	0.1	0.07	0.05	0.18	0.46	0.04	0.05	0.07	0.2	0.46	0.12	0.04	0.45	0.36	0.37	0.04	0.31	0.46	0.01	0.09	0.03	0.26	0.38	0.23	0.46	0.11	0.14	0.33	0.23
0.48	0.02	0.1	0.05	0.15	0.26	0.13	0	0.02	0	0.12	4.56	0.05	0.23	0.49	0.33	0.05	0.74	0.3	0.03	0.05	0.41	0.34	0.14	0.14	0.03	0.03	0.02	0.1	0.34	0.11	0.44	0.01	0.14	0.05	1.44	0.03	0.27	0.44	0.21	0.03	0.13	0.02	0.44	0.19	0.14	0.22	0.01	0.33	0.11	0.04	0.2	0.02	0.96	0.06	0.11	0	0.24	0.15	0.11	0.03	0.11	0.03	0.22	0.45	0.45	0.05	0.12	0.95	0.02	0.04	0.14	0.45	0.4	0.03	0.13	0.23	0.46	0.45	0.95	0.05	0.45	0.06	0.19	0.28	0.12	0.21	0.41	0.12	0.03	0.14	0.3	0.21	0.35	0.45	0.02	0.05	0.03	0.2
0.49	0.28	0.09	0.68	0.14	0.25	0.19	0.11	0.19	0.19	0.13	0.79	0.43	0.04	0.36	0.41	0.41	0.19	0.28	0.02	0.06	0.15	0.19	0.14	0.41	0.03	0.03	0.19	0.09	0.05	0.13	0.43	0.03	0.53	0.04	0.19	0.01	0.86	0.09	0.24	0.01	0.41	0.01	0.45	3.67	0.33	0.21	0.03	0.33	0.45	0.02	0.18	0.01	0.62	0.04	0.12	0.88	0	0.52	0.11	0.03	0.27	0.03	0.45	0.75	0.16	0.04	0.11	0.26	0.04	0.02	0.14	0.34	0.65	0.03	0.13	0.24	0.19	0.61	0.04	0.04	0.28	0.05	0.2	0.49	0.12	0.45	0.17	0.12	0.03	0.42	0.33	0.13	0.43	0.04	0.12	0.04	0.01	0.37
0.49	0.45	0.7	0.18	0.1	0.25	0.4	0.48	0.14	1.01	0.03	7.33	0.51	0.51	0.18	0.03	0.19	0.41	0.2	0.15	0.41	0.04	0.41	0.05	0.05	0.41	0.16	0.18	0.21	0.17	0.38	0.42	0.44	0.09	0.15	0.11	0.14	0.15	0.05	0.42	0.17	0.07	0.17	0.42	0.42	0.42	0.17	0.22	0.17	0.05	0.21	0.03	0.53	0.74	0.16	0.05	0.16	0.44	0	0.06	0.44	0.05	0.5	0.17	0.04	0.44	0.19	0.04	0.44	0.18	0.16	0.44	0.09	0.13	1.04	0.08	0.04	0.15	0.45	0.16	0.16	0.06	0.45	0.03	0.23	0.08	0.18	0.09	0.45	0.14	0.17	0.43	0.15	0.46	0.46	0.16	0.17	0.89	0.46
0.02	0.11	0.14	0.13	0.4	0.6	0.02	0.13	0.4	0.4	0.02	2.92	0.12	0.1	0.23	0.31	0.52	1.16	0.23	0.09	0.42	0.12	0.09	0.41	0.05	0.1	0.13	0.23	0.18	0.43	0.01	0.33	0.42	0.06	0.12	0.43	0.09	0.23	0.44	0.04	0.44	0.04	0.31	0.02	2.55	0.44	0.16	0.12	0.23	0.77	0.11	0.09	0.47	0.4	0.12	0.05	0.13	0.1	0.48	0.01	0.1	0.03	0.12	0.48	0.04	0.38	0.13	0.02	0.14	0.98	0.11	0.04	0.1	0.19	0.22	0.04	0.04	0.08	0.23	0.9	0.41	0.05	0.13	0.09	0.28	0.18	0.42	0.73	0.01	0.1	0.04	0.21	0.43	0.59	0.13	0.1	0.14	0.11	0.24
0.11	0.02	0.09	0.31	0.12	0.26	0.12	0.03	0.31	0.03	0.12	1.84	0.04	0.01	0.38	0.2	0.05	0.2	0.41	0.03	0.91	0.16	0.37	0.13	0.14	0.02	0.05	0.42	0.42	0.05	0.11	0.47	0.03	0.13	0.05	0.19	0.02	0.38	0.44	0.51	0.04	0.1	0.15	0.11	1.05	0.13	0.21	0.21	0.33	0.1	0.12	0.19	0.36	0.41	0.04	0.09	0.03	0.19	0.22	0.1	0.01	0.36	0.04	0.21	0.14	0.16	0.05	0.12	0.06	0.04	0.04	0.13	0.15	0.27	0.48	0.98	0.22	0.17	0.31	0.04	0.05	0.16	0.04	0.17	0.4	0.5	0.37	0.18	0.11	0.4	0.14	0.29	0.16	0.34	0.07	0.03	0.06	0.03	0.4
1.11	0.49	0.49	0.13	0.03	0.58	0.02	0.46	0.09	0.98	0.02	1.05	0.45	0.45	0.45	0.45	0.44	0.26	1.44	0.94	0.44	0.47	0.94	0.43	0.04	0.43	0.43	0.43	0.93	0.42	0.92	0.42	0.42	0.92	0.42	0.42	0.42	0.92	0	0.41	0.41	0.41	0.41	0	0.46	0.41	0.61	0.41	0.41	0.91	0.41	0.4	0.5	0.13	0.5	0	0.5	0.5	0.06	0.02	0.1	0.01	0.99	0.98	0.14	0.08	0.48	0.98	0.48	0.69	0.49	1.48	0.48	0.48	0.97	0.04	0.47	0.47	0.57	0.47	0.12	0.04	0.97	0.47	0.46	0.98	0.97	0.47	0.01	0.47	0.03	0.97	0.47	0.47	0.47	0.97	0.23	0.41	0.46
0.25	0.92	0.1	0.02	0.14	0.22	0.14	0.04	0.42	0.03	0.43	1.06	0.08	0.03	0.76	0.27	0.02	0.48	0.3	0.03	0.06	0.17	0.22	0.3	0.16	0.04	0	0.06	0.11	0.3	0.12	0.16	0.04	0.16	0.05	0.19	0.03	0.03	0.78	0.22	0.04	0.12	0.23	0.16	0.35	0.15	0.22	0.04	0.35	0.1	0.04	0.21	0.02	0.4	0.06	0.36	0.03	0.13	0.17	0.12	0.04	0.32	0	0.22	0.18	0.16	0.01	0.14	0.02	0.05	0.04	0.16	0.49	0.3	0.84	0.13	0.22	0.18	0.33	0.22	0.11	0.17	0.06	0.21	0.35	0.49	0.33	0.16	0.12	0.04	0.14	0.31	0.11	0.36	0.02	0.03	0.02	0.03	0.56
0.43	0.21	0.3	0.23	0.13	0.42	0.15	0.48	0.35	0.22	0.29	4.71	0.22	0.23	0.37	0.4	0.23	0.36	0.35	0.19	0.61	1.41	0.21	0.16	0.41	0.59	0.22	0.23	2.25	0.23	0.46	0.41	0.22	0.13	0.24	0.19	0.2	0.31	0.15	0.21	0.41	0.2	0.41	0.18	1.03	0.51	0.36	0.22	0.33	0.16	0.2	0.21	0.2	0.18	0.41	0.15	0.22	0.2	0.92	0.42	0.21	0.51	0.22	0	0.18	0.2	0.62	0.42	0.24	0.23	0.2	0.14	0.13	0.35	0.42	0.22	0.21	0.18	0.32	0.42	0.23	0.21	0.22	0.18	0.42	0.21	0.71	0.18	0.42	0.41	0.12	0.3	0.22	0.35	0.23	0.42	0.58	0.21	0.34
0.04	0.14	0.19	0.47	0.09	0.38	0.03	0.45	0.14	0.16	0.03	14.1	0.38	0.14	0.48	0.04	0.48	0.49	0.2	0.17	0.16	0.41	0.05	0.04	0.31	0.15	0.15	0.17	0.19	0.15	0.04	0.03	0.18	0.22	0.15	0.05	0.13	0.15	0.19	0.01	0.18	0.03	0.49	0.06	0.07	0.1	0.18	0.17	0.19	0.44	0.14	0.05	0.15	0.07	0.16	0.04	0.26	0.5	0.04	0.05	0.15	0.24	0.41	0.41	0	0.05	0.41	0.03	0.33	0.42	0.17	0.04	0.09	0.42	0.25	0.4	0.01	0.2	0.92	0.42	0.14	0	0.16	0.42	0.18	0.42	0.05	0.42	0.04	0.14	0.04	0.43	0.15	0.19	0.99	0.14	0.35	0.17	0.2
0.07	0.44	0.21	0.54	0.06	0.22	0.07	0.46	0.18	0.2	0.37	6.23	0.36	0.15	0.17	0.01	0.2	0.2	0.17	0.35	0.18	0.05	0.06	0.07	0.07	0.41	0.16	0.22	0.25	0.19	0.07	0.2	0.16	0.41	0.18	0.01	0.14	0.15	0.07	0.05	0.17	0.08	0.17	0.41	0.76	0.34	0.2	0.41	0.15	0.08	0.14	0.03	0.41	0.11	0.22	0.07	0.51	0.51	0.35	0.07	0.16	0.42	0.16	0.41	0.41	0	0.17	0.07	0.18	0.16	0.41	0.07	0.06	0.12	0.16	0.41	0.05	0.66	0.28	0.19	0.17	0.41	0.91	0.31	0.33	0.3	0.01	0.41	0.08	0.18	0.07	0.11	0.18	0.14	0.19	0.51	0.19	0.92	0.19
0.61	0.04	0.12	0.04	0.17	0.23	0.15	0.05	0.05	0.4	0.15	2.45	0.07	0.27	0.46	0.23	0.09	0.21	0.3	0.46	0.1	0.4	0.23	0.19	0.16	0.46	0.02	0.07	0.12	0.29	0.14	0.19	0.05	0.46	0.06	0.21	0.05	0.22	0.15	0.24	0.04	0.14	0.04	0.17	0.31	0.21	0.23	0.2	0.38	0.11	0.05	0.21	0.03	0.53	0.07	0.15	0.05	0.31	0.47	0.13	0.05	0.15	0.03	0.23	0.47	0.47	0	0.14	0.01	0.3	0.05	0.16	0.16	0.47	0.05	0.16	0.23	0.57	0.67	0.07	0.06	0.16	0.08	0.45	0.54	0.36	0.97	0.19	0.13	0.05	0.16	0.35	0.09	0.36	0.47	0.04	0.65	0.04	0.67
0	0.48	0.42	0.14	0.02	0.93	0	0.17	0.42	0.14	0.43	2.89	0.11	0.12	0.25	0.1	0.14	0.25	0.43	0.11	0.43	0.04	0.36	0.03	0.43	0.1	0.14	0.15	0.93	0.13	0.02	0.05	0.14	0.02	0.11	0.08	0.12	0.3	0.3	0.1	0.13	0.03	0.11	0.44	0.25	0.02	0.44	0.14	0.22	0.44	0.42	0.08	0.11	0.11	0.12	0.01	0.13	1.05	0.04	0.03	0.12	0.45	0.14	0.15	0.06	0.07	0.16	0	0.14	0.16	0.12	0.43	0.02	0.45	0.11	0.03	0.1	0.07	0.38	0.2	0.5	0.03	0.17	0.08	0.46	0.17	0.37	0.05	0.02	0.11	0.02	0.29	0.12	0.23	0.15	0.12	0.27	0.11	0.47
0.17	0.05	0.11	0.11	0.44	0.24	0.15	0.05	0.99	0.99	0.14	0.72	0.07	0.05	0.4	0.79	0.32	0.57	0.32	0.05	0.11	0.19	0.41	0.18	0.16	0.43	0.07	0.43	0.12	0.09	0.16	0.43	0.05	0.44	0.12	0.21	0.05	0.05	0.14	0.49	0.65	0.15	0.05	0.45	6.04	0.5	0.23	0.31	0.76	0.13	0.05	0.43	0.04	0.49	0.08	0.13	0.44	0.05	0.47	0.15	0.23	0.14	0.04	0.46	0.17	0.18	0.01	0.52	0	0.06	0.06	1.09	0.16	0.49	0.06	0.16	0.5	0.45	1.15	0.25	0.07	0.6	0.4	0.22	0.51	0.16	0.23	0.2	0.15	0.31	0.42	1.13	0.07	1.2	0.32	0.28	0.04	0.05	0.62
0.13	0.03	0.11	0.07	0.16	0.27	0.27	0.01	0.07	0.02	0.46	2.71	0.06	0.04	0.38	0.24	0.06	0.21	0.48	0.04	0.06	0.17	0.22	1	0.48	0.04	0.04	0.02	0.11	0.07	0.17	0.17	0.01	0.49	0.14	0.19	0.04	0.04	0.11	0.23	0.05	0.13	0.03	0.17	0.49	0.14	0.22	0.3	0.49	0.16	0.59	0.49	0.03	0.27	0.45	0.12	0.02	0.04	0.17	0.49	0.04	0.9	0.49	0.22	0.18	0.48	0.06	0.22	0.06	0	0.05	0.29	0.37	0.28	0.04	0.13	0.24	0.41	0.67	0.4	0.06	0.2	0.37	0.4	0.29	0.4	0.2	0.54	0.12	0.4	0.15	0.31	0.06	0.5	0.15	0.4	0.05	0.04	0.21
0.11	0.79	0.41	0.41	0.15	0.27	0.13	0.09	0.24	0.04	0.14	0.34	0.04	0.18	0.38	0.24	0.05	0.19	0.25	0.01	0.07	0.17	0.21	0.16	0.34	0.64	0.44	0.07	0.96	0.05	0.44	0.17	0.25	0.35	0.27	0.44	0.23	0.29	0.44	0.44	0.03	0.52	0.3	0.15	0.48	0.15	0.2	0.04	0.44	0.1	0.3	0.19	0.02	0.95	0.05	0.1	0.04	0.02	0.45	0.1	0.04	0.16	0.04	0.29	0.15	0.15	0.05	0.11	0.06	0.05	0	0.53	0.15	0.45	0.07	0.45	0.37	0.18	0.59	0.22	0.45	0.38	0.05	0.45	0.51	0.55	0.22	0.16	0.31	0.04	0.16	0.32	0.04	0.35	0.45	0.19	0.45	0.42	0.19
0.03	0.5	0.17	0.51	0.01	0.46	0.03	0.14	0.13	0.47	0.03	4.83	0.3	0.48	0.25	0.48	0.16	0.25	0.23	0.48	0.15	0.05	0.09	0.01	0.03	0.14	0.15	0.17	0.19	0.17	0.04	0.49	0.16	0.01	0.15	0.09	0.49	0.3	0.03	0.27	0.16	0.27	0.15	0.05	32.7	0.08	0.14	0.28	0.22	0.05	0.16	0.1	0.14	0.14	0.14	0.03	0.4	0.15	0.43	0.05	0.41	0.48	0.55	0.14	0.05	0.07	0.4	0.03	0.33	0.47	0.16	0	0.48	0.41	0.13	0.05	0.09	0.41	0.49	0.28	0.17	0.06	0.41	0.08	0.19	0.05	0.09	0.65	0.41	0.13	0.01	0.54	0.35	0.55	0.18	0.42	0.36	0.16	0.23
0.71	0.12	0.47	0.26	0	0.32	0.47	0.32	0.47	0.13	0.06	2.97	0.48	0.12	0.5	0.49	0.49	0.26	0.34	0.49	0.16	0.14	0.66	0.01	0.05	0.49	0.14	0.4	0.22	0.49	0.14	0.09	0.13	0	0.14	0.37	0.4	0.23	0.02	0.09	0.29	0.08	0.51	0.04	2.41	1.41	0.9	0.34	0.43	0.4	0.28	0.4	0.4	0.4	0.13	0.4	0.9	0.16	0.1	0.13	0.5	0.11	0.15	0.9	0.4	0.4	0.58	0.02	0.18	0.16	0.17	0.4	0.4	0.2	0.2	0.9	0.48	0.13	0.4	0.15	0.9	0.13	0.2	0.09	0.15	0.09	0.41	0.51	0.12	0.41	0.04	0.17	0.17	0.56	0.15	0.41	0.33	1	0.41
1.07	0.44	0.58	0.31	0.47	0.11	0.25	0.28	0.26	0.28	0.18	0.74	0.54	0.67	0.22	0.22	0.47	0.48	0.06	0.28	0.32	0.2	0.67	0.19	0.2	0.28	0.68	0.29	0.35	0.28	0.48	0.13	0.31	0.37	0.29	0.1	0.29	0.63	0.58	0.2	0.48	0.28	0.51	0.19	0.43	0.42	0.36	0.49	0.47	0.57	0.41	0.69	0.27	1.29	0.32	0.49	1.5	0.26	0.49	0.19	0.27	0.44	0.28	0.47	0.19	0.12	0.7	0.18	0.4	0.29	0.28	0.2	0.18	0	1.3	0.4	0.2	0.12	0.5	0.4	0.29	0.43	0.35	0.5	0.35	0.19	0.1	0.41	0.19	0.27	0.19	0	0.49	0.11	0.54	0.38	0.3	0.28	0.42
0.49	0.02	0.07	0.06	0.12	0.26	0.1	0.03	0.02	0.03	0.49	6.27	0.03	0.02	0.38	0.49	0.06	0.19	0.34	0.02	0.06	0.5	0.92	0.15	0.16	0.02	0.04	0.21	0.16	0.04	0.09	0.16	0.04	0.5	0.05	0.18	0.01	0.4	0.3	0.21	0.4	0.11	0.4	0.4	0.15	0.54	0.21	0.4	0.33	0.1	0.04	0.18	0.91	0.91	0.04	0.41	0.03	0.12	0.81	0.11	0.01	0.41	0.04	0.21	0.42	0.16	0.05	0.1	0.42	0.05	0.03	0.13	0.52	0.25	0	0.11	0.21	0.42	0.62	0.03	0.39	0.16	0.04	0.43	0.27	0.1	0.18	0.16	0.09	0.02	0.14	0.32	0.43	0.43	0.07	0.03	0.06	0.03	0.19
0.04	0.12	0.43	0.15	0.1	0.32	0.05	0.13	0.25	0.13	0.1	4.96	0.13	0.14	0.23	0.55	0.15	0.26	0.23	0.11	0.15	0.04	0.09	0.05	0.06	0.46	0.15	0.14	0.33	0.25	0.03	0.09	0.47	0.47	0.18	0.29	0.12	0.11	0.04	0.49	0.41	0.01	0.12	0.16	0.3	0.09	0.41	0.15	0.61	0.31	0.1	0.09	0.43	0.13	0.48	0.04	0.7	0.38	0.11	0.03	0.12	0.07	0.13	0.46	0.04	0.13	0.15	0.35	0.48	0.13	0.12	0.05	0.09	0.2	0.11	0	0.4	0.08	0.23	0.13	0.14	0.46	0.43	0.1	0.27	0.07	0.1	0.36	0.03	0.44	0.05	0.19	0.13	0.24	0.16	0.11	0.45	0.13	0.25
0.25	0.46	0.56	0.24	0.09	0.32	0.1	0.21	0.21	0.28	0.03	6.4	0.15	0.43	0.27	0.21	0.25	0.27	0.24	0.62	0.24	0.09	0.29	0.1	0.09	0.22	0.42	0.57	0.24	0.16	0.47	0.04	0.26	0.42	0.17	0.09	0.25	0.22	0.05	0	0.39	0.03	0.23	0.25	2.28	0.26	0.24	0.25	0.24	0.16	0.35	0.41	0.2	0.42	0.42	0.05	0.42	0.24	0.36	0.04	0.47	0.42	0.23	0.42	0.01	0.25	0.23	0.1	0.24	0.25	0.23	0.1	0.09	0.45	0.35	0.04	0	0.34	0.22	0.45	0.21	0	0.34	0.45	0.56	0.25	0.1	0.07	0.04	0.21	0.47	0.57	0.15	0.28	0.57	0.21	0.52	0.22	0.47
0.35	0.98	2.58	0.48	0.05	0.23	0.28	0.17	0.47	0.17	0.06	7.86	0.46	0.17	0.18	0.03	0.2	0.19	0.31	0.44	0.19	0.12	0.05	0.95	0.06	0.32	0.95	0.2	0.84	0.74	0.44	0.03	0.3	0.43	0.18	0.27	0.72	0.42	0.08	0.08	0.19	0.41	0.17	0.09	3.63	0.29	0.18	0.2	0.4	0.08	0.17	0.14	0.4	0.15	0.49	0.07	0.49	0.38	0.48	0.34	0.58	0.27	0.47	0.18	0.05	0.02	0.46	0.06	0.2	0.56	0.46	0.06	0.05	0.47	0.16	0.09	0.45	0	0.54	0.17	0.44	0.05	0.18	0.04	0.43	0.09	0.62	0.03	0.42	0.37	0.05	0.41	0.34	0.81	0.91	0.19	0.19	0.48	0.16
0.2	0.4	0.34	1.2	0.24	0.21	0.4	0.33	0.7	0.34	0.2	5.61	0.95	0.45	0.04	0.15	0.54	0.56	0.45	0.33	0.33	0.21	0.58	0.46	0.19	0.63	0.32	0.35	0.39	1.26	0.22	0.45	0.45	0.23	0.47	0.13	0.75	0.5	0.45	0.55	0.62	0.55	0.34	0.22	18.6	0.24	0.31	0.33	0.17	0.89	0.66	1.01	0.59	0.25	0.31	0.49	0.66	0.32	0.17	0.23	0.3	0.54	1.06	0.31	0.54	0.56	0.51	0.2	0.96	0.46	0.35	0.46	0.46	0.21	0.66	0.22	0.22	0.54	0	0.87	0.38	0.19	0.32	0.12	0.46	0.22	0.66	0.16	0.46	0.31	0.56	0.22	0.46	0.5	0.33	0.66	0.66	0.91	0.25
0.11	0.91	0.81	0.07	0.41	0.59	0.16	0.05	0.4	0.05	0.12	3.59	0	0.57	0.63	0.23	0.49	0.32	0.33	0.03	0.09	0.55	0.2	0.47	0.13	0.12	0.06	0.07	0.46	0.01	0.45	0.16	0.05	0.45	0.46	0.19	0.02	0.03	0.47	0.15	0.44	0.12	0.04	0.13	7.54	0.24	0.93	0.49	0.41	0.18	0.03	0.42	0.03	0.19	0.01	0.4	0.05	0.04	0.4	0.9	0.04	0.47	0.06	0.23	0.46	0.49	0.07	0.11	0.07	0.06	0.04	0.98	0.12	0.27	0.03	0.13	0.47	0.17	0.3	0	0.03	0.14	0.01	0.18	0.28	0.29	0.44	0.56	0.11	0.43	0.21	0.66	0	0.69	0.07	0.04	0.41	0.43	0.28
0.4	0.38	0.08	0.07	0.12	0.28	0.13	0.47	0.4	0.05	0.14	6.18	0.24	0.03	0.35	0.42	0.23	0.58	0.34	0.16	0.06	0.16	0.2	0.14	0.45	0.03	0.05	0.45	0.87	0.33	0.38	0.24	0.45	0.4	0.05	0.2	0.11	0.17	0.1	0.21	0.05	0.13	0.04	0.16	0.3	0.16	0.45	0.05	0.46	0.79	0.27	0.2	0.04	0.5	0.03	0.12	0.05	0.04	0.16	0.12	0.03	0.53	0.05	0.23	0.46	0.17	0.06	0.77	0.07	0.05	0.05	0.14	0.12	0.97	0.05	0.15	0.47	0.18	1.17	0.41	0	0.22	0.03	0.31	0.29	0.12	0.35	0.16	0.12	0.01	1.17	0.3	0.03	0.44	0.07	0.28	0.06	0.09	0.47
0.03	0.44	0.21	0.21	0.11	0.31	0.39	0.46	0.44	0.42	0.32	6.82	0.29	0.49	0.25	0.12	0.18	0.22	0.2	0.15	0.49	0.06	0.06	0.05	0.11	0.8	0.2	0.2	0.5	0.37	0.4	0.08	0.54	0.09	0.15	0.05	0.9	0.4	0.04	0.4	0.15	0.02	0.4	0.06	0.43	0.4	0.23	0.23	0.2	0.6	0.49	0.11	0.2	0.13	0.51	0.04	0.14	0.16	0.04	0.04	0.16	0.07	0.16	0.19	0	0.05	0.16	0.05	0.45	0.25	0.19	0.41	0.1	0.21	0.51	0.04	0.01	0.07	0.71	0.18	0.16	0	0.41	0.19	0.32	0.04	0.05	0.06	0.03	0.16	0.04	0.16	0.41	0.43	0.19	0.18	0.57	0.28	0.23
0.13	0.3	0.11	0.08	0.13	0.4	0.6	0.51	0.35	0.07	0.34	0.76	0.01	0.26	0.35	0.42	0.08	0.53	0.34	0.42	0.1	0.19	0.43	0.14	0.14	0.06	0.23	0.43	1.7	0.24	0.12	0.47	0.43	0.13	0.08	0.44	0.44	0.39	0.44	0.15	0.05	0.13	0.44	0.12	0.44	0.13	0.22	0.65	0.58	0.19	0.03	0.22	0.04	0.45	0.13	0.11	0.06	0.77	0.16	0.18	0.04	0.26	0.06	0.22	0.15	0.18	0.07	0.27	0.46	0.07	0.05	0.14	0.97	0.28	0.18	0.14	0.16	0.18	0.39	0.01	0.03	0.15	0	0.19	0.97	0.14	0.19	0.18	0.12	0.04	0.47	0.3	0.63	0.34	0.47	0.11	0.07	0.13	0.28
0.07	0.18	0.44	1.04	0.06	0.23	0.07	0.45	0.16	0.37	0.95	4.48	0.18	0.18	0.18	0.37	0.22	0.56	0.17	0.26	0.87	0.07	0.04	0.08	0.07	0.77	0.21	0.21	0.24	0.58	0.08	0.3	0.22	0.05	0.19	0	0.48	0.48	0.08	0.09	0.48	0.09	0.18	0.58	0.13	0.06	0.51	0.48	0.15	0.08	0.56	0.04	0.18	0.09	0.49	0.48	0.2	0.49	0.03	0.09	0.49	0.11	0.26	0.23	0.05	0.01	0.22	0.07	0.24	0.19	0.49	0.79	0.06	0.1	0.19	0.09	0.09	0.41	0.45	0.19	0.17	0.5	0.19	0	0.2	0.1	0.4	0.04	0.15	0.18	0.35	0.4	0.18	0.24	0.45	0.4	0.43	0.43	0.15
0.21	0.27	0.26	0.3	0.15	0.73	0.21	0.28	0.27	0.28	0.21	5.41	0.28	0.29	0.76	0.37	0.61	0.42	0.71	0.25	0.23	0.49	0.27	0.18	0.41	0.42	0.28	0.42	0.92	0.68	1.23	0.31	0.41	0.19	0.52	0.43	0.25	0.61	0.17	0.28	0.73	0.2	0.27	0.63	0.94	0.44	0.07	0.28	0.43	0.14	0.3	0.27	0.25	0.52	0.31	0.46	0.28	0.4	0.23	0.44	0.32	0.23	0.28	0.07	0.18	0.16	0.55	0.21	0.61	0.29	0.45	0.19	0.3	0.35	1.01	0.67	0.23	0.24	0.76	0.56	0.47	0.48	0.28	0.2	0	0.47	0.98	0.47	0.22	0.27	0.48	0.36	0.48	0.58	0.43	0.57	0.56	0.27	0.4
0.03	0.49	0.49	0.16	0.69	0.31	0.04	0.13	0.12	0.41	0.4	0.23	0.13	0.14	0.22	0.54	0.14	0.27	0.92	0.43	0.14	0.4	0.08	0.05	0.05	0.13	0.15	0.15	0.42	0.46	0.47	0.09	0.14	0.09	0.14	0.1	0.47	1.2	0.03	0.03	0.11	0.01	0.11	0.04	7.62	0.09	0.3	0.13	0.49	0.01	0.49	0.29	0.49	0.5	0.14	0.03	0.12	0.11	0.09	0.04	0.12	0.5	0.13	0.6	0.04	0.41	0.29	0.03	0.51	0.16	0.12	0.35	0.41	0.41	0.13	0	0.04	0.41	0.22	0.22	0.12	0.09	0.42	0.09	0.38	0	0.1	0.52	0.03	0.38	0.04	0.33	0.13	0.52	0.41	0.51	0.14	0.33	0.41
0.08	0.18	0.54	0.21	0.06	0.23	0.46	0.2	0.17	0.24	0.46	0.14	0.18	0.19	0.96	0.09	0.22	0.45	0.17	0.47	0.19	0.14	0.04	0.09	0.07	0.2	0.2	0.21	0.25	0.2	0.08	0.48	0.52	0.06	0.17	0.01	0.19	0.41	0.48	0.09	0.21	0.16	0.21	0.3	1.84	0.27	0.27	0.89	0.49	0.07	0.45	0.04	0.2	0.24	0.19	0.08	1.5	0.2	0.03	0.09	0.19	0.2	0.4	0.46	0.05	0.21	0.22	0.08	0.21	0.3	0.21	0.09	0.4	0.1	0.32	0.4	0.1	0.01	0.13	0.18	0.2	0.41	0.81	0	0.25	0.1	0	0.51	0.41	0.18	0.08	0.12	0.46	0.15	0.21	0.26	0.24	0.22	0.41
0.31	0.15	0.54	0.83	0.09	0.27	0.04	0.4	0.15	0.48	0.28	3.61	0.17	0.18	0.94	0.44	0.21	0.44	2.34	0.17	0.18	0.4	0.29	0.94	0.04	0.14	0.17	0.44	0.48	0.19	0.07	0.31	0.17	0.03	0.15	0.23	0.16	0.18	0.05	0.06	0.16	0.08	0.19	0.07	5.91	0.87	0.17	0.18	0.44	0.74	0.53	0.08	0.17	0.46	0.19	0.07	0.17	0.42	0.09	0.08	0.15	0.08	0.44	0.15	0.06	0.13	0.19	0.05	0.54	0.29	0.44	0.04	0.12	0.15	0.16	0.09	0.07	0.44	0.16	0.44	0.15	0.06	0.18	0.04	0.17	0.09	0.05	0	0.07	0.15	0.34	0.15	0.49	0.22	0.44	0.15	0.18	0.98	1.14
0.02	0.11	0.41	0.48	0.1	0.31	0.02	0.12	0.09	0.49	0.01	8.31	0.15	0.11	0.23	0.31	0.14	0.48	0.23	0.38	0.14	0.04	0.14	0.04	0.19	0.48	0.3	0.13	0.21	0.59	0	0.04	0.12	0.34	0.46	0.08	0.08	0.09	0.01	0.04	0.12	0.04	0.5	0.01	4.71	0.09	0.16	0.14	0.23	0.28	0.44	0.4	0.11	0.24	0.15	0.18	0.12	0.11	0.4	0.5	0.11	0.65	0.12	0.16	0.04	0.08	0.41	0.02	0.17	0.12	0.11	0.04	0.09	0.19	0.41	0.03	0.04	0.07	0.22	0.48	0.41	0.13	0.38	0.08	0.32	0.03	0.41	0.25	0	0.11	0.41	0.2	0.41	0.53	0.27	0.1	0.13	0.1	0.51
0.51	0.02	0.1	0.05	0.52	0.26	0.42	0.03	0	0.05	0.11	0.57	0.16	0.01	0.35	0.47	0.05	0.37	0.36	0.62	0.42	0.44	0.23	0.38	0.43	0.02	0.04	0.05	0.09	0.38	0.09	0.16	0.23	0.12	0.06	0.17	0.02	0.13	0.31	0.43	0.31	0.64	0.03	0.14	4.35	0.44	0.21	0.29	0.44	0.44	0.16	0.54	0.03	0.36	0.44	0.09	0.64	0.32	0.16	0.11	0.02	0.2	0.09	0.21	0.15	0.19	0.12	0.47	0.05	0.11	0.03	0.47	0.47	0.27	0.77	0.12	0.2	0.57	0.47	0.47	0.01	0.21	0.04	0.25	0.48	0.12	0.5	0.15	0.36	0	0.15	0.62	0.04	0.34	0.05	0.03	0.05	0.38	0.48
0.02	0.19	0.18	0.17	0.01	0.3	0.02	0.4	0.13	0.46	0.03	3.48	0.13	0.21	0.24	0.09	0.17	0.5	0.28	0.52	0.28	0.81	0.46	0.24	0.32	0.12	0.16	0.47	0.19	0.15	0.03	0.38	0.48	0.01	0.16	0.09	0.14	0.23	0.03	0.09	0.14	0.48	0.31	0.06	1.59	0.1	0.48	0.16	0.49	0.04	0.49	0.08	0.15	0.33	0.14	0.03	0.16	0.15	0.23	0.09	0.14	0.49	0.16	0.15	0.04	0.07	0.16	0.02	0.18	0.5	0.16	0.01	0.01	0.19	0.27	0.9	0.09	0.4	0.19	0.14	0.15	0.04	0.14	0.07	0.14	0.4	0.08	0.4	0.03	0.12	0	0.19	0.13	0.23	0.17	0.3	0.41	0.44	0.22
0.36	0.48	0.47	0.51	0.47	0.97	0.19	0.7	0.88	0.48	0.48	4.27	0.29	0.46	0.47	1.46	0.76	0.09	0.05	0.64	0.48	0.19	0.15	0.18	0.19	0.46	0.31	0.97	0.53	0.3	0.2	0.14	0.68	0.17	0.46	0.12	0.48	0.31	0.98	0.21	0.3	0.48	0.59	0.37	1.49	0.17	0.49	0.33	0.5	0.17	0.4	0.4	0.31	0.4	0.3	0.41	0.92	0.51	0.41	0.2	0.91	0.4	0.32	0.41	0.16	0.12	0.71	0.23	0.51	0.33	0.42	0.41	0.2	0	0.41	0.26	0.21	0.13	0.41	0.41	0.33	0.41	1.42	0.41	0.41	0.19	0.13	0.92	0.2	0.29	0.4	0.01	0.35	0.4	1.01	0.51	0.41	0.68	0.51
0.41	0.04	0.46	0.23	0.13	0.48	0.12	0.05	0.03	0.05	0.12	9.29	0	0.05	0.34	0.21	0.07	0.67	0.34	0.06	0.09	0.44	0.2	0.14	0.14	0.43	0.19	0.42	1.66	0.01	0.43	0.16	0.32	0.13	0.07	0.48	0.3	0.43	0.21	0.18	0.05	0.12	0.04	0.2	3.62	0.13	0.22	0.21	0.63	0.44	0.23	0.54	0.04	0.44	0.01	0.24	0.05	0.04	0.44	0.44	0.04	0.9	0.08	0.22	0.15	0.18	0.07	0.12	0.44	0.06	0.04	0.14	0.13	0.27	0.64	0.44	0.15	0.53	0.55	0	0.03	0.45	0.45	0.18	0.74	0.13	0.45	0.45	0.12	0.04	0.45	0.68	0	0.68	0.07	1.45	0.07	0.05	0.3
0.49	0.36	0.46	0.89	0.23	0.6	0.23	1.1	0.32	0.36	0.5	5.24	0.63	0.38	0.32	0.17	0.44	0.44	0.43	0.43	0.44	0.22	0.18	0.23	0.43	0.34	0.43	0.36	0.54	0.67	0.23	0.18	0.44	0.21	0.32	0.15	0.45	0.75	0.22	0.22	0.53	0.22	0.55	0.62	6.45	0.96	0.35	0.56	0.66	0.22	0.33	0.47	0.33	0.64	0.35	0.47	0.35	0.34	0.58	0.22	0.48	0.24	0.35	0.48	0.59	0.14	0.37	0.49	0.99	0.49	0.37	0.23	0.5	0.03	1	0.5	0.5	0.42	1.41	0.51	0.71	0.21	0.34	0.51	0.41	0.42	0.15	0.42	0.23	0.7	0.62	0.94	0.34	0	0.63	0.43	0.37	0.34	0.28
0.14	0.04	0.1	0	0.17	0.48	0.14	0.05	0.05	0.05	0.48	1.96	0.07	0.56	0.41	0.46	0.03	0.29	0.46	0.05	0.87	0.18	0.22	0.16	0.18	0.08	0.02	0.07	0.13	0.08	0.13	0.18	0.05	0.15	0.07	0.22	0.05	0.04	0.13	0.49	0.28	0.15	0.04	0.16	6.58	0.15	1.5	0.44	0.37	0.48	0.5	0.23	0.04	0.6	0.4	0.14	0.08	0.04	0.18	0.13	0.37	0.55	0.02	0.23	0.24	0.19	0.03	0.61	0.03	0.06	0.28	0.16	0.42	0.51	0.27	0.16	0.42	0.25	0.39	0.07	0.07	0.43	0.43	0.39	0.29	0.17	0.22	0.53	0.14	0.43	0.17	0.32	0.07	0.39	0	0.05	0.36	0.05	0.47
0.13	0	0.09	0.05	0.94	0.26	0.91	0.41	0.02	0.54	0.37	5.67	0.4	0.04	0.57	0.3	0.05	0.27	3.32	0.02	0.06	0.15	0.21	0.41	0.41	0	0.03	0.05	1.61	0.05	0.1	0.32	0.03	0.14	0.04	0.21	0.42	0.25	0.11	0.21	0.15	0.12	0.03	0.12	5.62	0.83	1.08	0.03	0.33	0.63	0.42	0.53	0.17	0.94	0.05	0.64	0.03	0.02	0.17	0.1	0.03	0.22	0.03	0.21	0.17	0.46	0.04	0.44	0.05	0.04	0.03	0.44	0.44	0.27	0.03	0.12	0.22	0.45	0.32	0.04	0.04	0.49	0.45	0.2	0.46	0.13	0.19	0.17	0.47	0.03	0.15	0.47	0.04	0.32	0.22	0	0.05	0.02	0.19
0.47	0.04	0.45	0.01	0.75	0.86	0.15	0.05	0.05	0.05	0.96	5.67	0.07	0.08	0.38	0.91	0.04	0.55	0.29	0.41	0.1	0.18	0.41	0.41	0.45	0.41	0.02	0.07	0.41	0.08	0.14	0.42	0.05	0.15	0.07	0.22	0.04	0.41	0.48	0.42	0.32	0.15	0.04	0.52	6.01	0.15	0.23	0.44	0.54	0.12	0.39	0.21	0.04	0.26	0.44	0.15	0.05	0.04	0.43	0.44	0.45	0.27	0.02	0.23	0.46	0.46	0.04	0.98	0.04	0.06	0.05	0.16	0.47	0.31	0.06	0.16	0.24	0.19	1.09	0.07	0.06	0.19	0.08	0.98	0.3	0.49	0.22	0.18	0.14	0.05	0.17	0.49	0.07	0.36	0.49	0.05	0.01	0.04	0.5
0.15	0.02	0.1	0.42	0.14	0.25	0.62	0.03	0.22	0.93	0.15	5.58	0.46	0.21	0.36	0.22	0.4	0.46	0.23	0.4	0.06	0.22	0.21	0.17	0.16	0.13	0.03	0.05	1.4	0.05	0.47	0.47	0.03	0.38	0.44	0.2	0.02	0.02	0.1	0.56	0.22	0.47	0.01	0.13	1.57	0.16	0.47	0.03	0.33	0.12	0.03	0.47	0.01	0.47	0.05	0.1	0.03	0.12	0.47	0.47	0.04	0.14	0.03	0.47	0.16	0.18	0.04	0.13	0.05	0.04	0.03	0.16	0.14	0.62	0.03	0.13	0.24	0.4	0.58	0.04	0.04	0.16	0.05	0.48	0.58	0.53	0.48	0.16	0.13	0.03	0.25	0.98	0.04	0.34	0.05	0.02	0.04	0	0.48
0.22	0.19	0.74	0.4	0.23	0.16	0.22	0.6	0.19	0.24	0.22	1.02	0.27	0.21	0.42	0.17	0.22	0.42	0.04	0.18	0.42	1.93	0.19	0.34	0.44	0.54	0.44	0.44	0.45	0.28	0.95	0.17	0.2	0.37	0.52	0.46	0.43	0.43	0.23	0.46	0.19	0.24	1.06	0.61	3.78	0.64	0.57	0.25	0.47	0.47	0.58	0.19	0.18	1.03	0.28	0.98	0.2	0.19	0.17	0.24	0.2	0.23	0.2	0.34	0.2	0.2	0.55	0.22	0.22	0.21	0.98	0.49	0.3	0.09	0.49	0.46	0.24	0.48	0.47	0.27	0.32	0.47	0.28	0.15	0.4	0.48	0.54	0.19	0.23	0.48	0.48	0.09	0.27	0.12	0.58	0.33	0.48	0.49	0.01
