0	0.44	0.44	0.15	0.02	0.44	0.54	0.13	0.1	0.44	0.01	9.1	0.48	0.48	0.63	0.18	0.15	0.48	0.22	0.12	0.23	0.04	0.69	0.03	0.03	0.12	0.13	0.17	0.49	0.13	0.69	0.05	0.35	0.02	0.19	0.07	0.39	0.1	0.01	0.49	0.24	0.04	0.14	0.43	1.62	0.49	0.74	0.13	0.49	0.02	0.1	0.08	0.11	0.32	0.12	0.02	0.15	0.5	0.05	0.02	0.12	0.02	0.13	0.15	0.03	0.15	0.15	0	0.4	0.13	0.13	0.9	0.4	0.18	0.1	0.03	0.89	0.06	0.4	0.12	0.12	0.08	0.43	0.4	0.21	0.2	0.09	0.4	0.03	0.11	0.03	1.41	0.36	0.51	0.16	0.12	0.15	0.41	0.23
0.12	0	0.1	0.46	0.32	0.25	0.11	0.02	0.25	0.02	0.11	2.88	0.04	0.02	0.57	0.21	0.04	0.19	0.47	0.02	0.05	0.92	0.47	0.15	0.14	0.39	0.03	0.27	1.07	0.05	0.1	0.16	0.02	0.13	0.04	0.48	0.15	0.22	0.1	0.48	0.02	0.48	0.01	0.15	3.4	0.5	0.48	0.58	0.59	0.09	0.02	0.19	0.01	1.51	0.05	0.13	0.02	0.21	0.49	0.12	0.02	0.19	0.03	0.21	0.5	0.17	0.04	0.5	0.25	0.02	0.03	0.5	0.38	0.28	0.03	0.13	0.4	0.19	0.39	0.4	0.35	0.3	0.4	0.19	0.27	0.13	0.19	0.25	0.71	0.02	0.17	0.29	0.04	0.31	0.42	0	0.37	0.02	1.93
0.46	0.1	0	0.1	0.16	0.36	0.46	0.11	0.13	0.11	0.46	3.1	0.1	0.08	0.4	0.23	0.11	0.7	0.29	0.08	0.11	0.18	0.19	0.4	0.19	0.06	0.33	0.51	0.34	0.41	0.14	0.4	0.1	0.16	0.09	0.21	0.17	0.41	0.15	0.2	0.1	0.15	0.09	0.15	2.11	0.54	0.41	0.1	0.75	0.14	1.41	0.91	0.09	0.88	0.1	0.15	0.41	0.41	0.23	0.14	0.09	0.41	0.28	0.3	0.19	0.41	0.11	0.15	0.11	0.35	0.41	0.17	0.35	0.3	0.07	0.41	0.2	0.22	0.42	0.1	0.08	0.18	0.41	0.42	0.46	0.16	0.31	0.18	0.16	0.09	0.42	0.72	0.1	0.59	0.1	0.09	0.1	0.1	0.62
0.17	0.04	0.1	0	0.42	0.42	0.15	0.4	0.42	0.28	0.56	4.58	0.07	0.31	0.4	0.26	0.97	0.47	0.3	0.3	0.09	0.19	0.47	0.16	0.16	0.48	0.02	0.07	0.58	0.08	0.13	0.19	0.13	0.49	0.11	0.21	0.05	0.17	1	0.23	0.05	0.5	0.04	0.55	0.4	0.15	0.23	0.06	0.42	0.32	0.41	0.41	0.04	0.31	0.41	0.13	0.05	0.18	0.19	0.42	0.07	0.52	0.02	0.23	0.43	0.19	1.03	0.53	0.19	0.06	0.43	0.17	0.15	0.63	0.06	0.44	0.44	0.44	0.44	0.75	0.07	0.95	0.08	0.38	0.95	0.46	0.4	0.18	0.65	0.05	0.16	0.46	0.07	0.38	0.46	0.05	0.4	0.05	0.22
0.02	0.16	0.5	0.16	0	0.29	0.02	0.15	0.25	0.13	0.42	0.25	0.13	0.13	0.28	0.46	0.15	0.23	0.49	0.99	0.53	0.47	0.27	0.02	0.02	0.41	0.16	0.41	0.35	0.14	0.1	0.1	0.14	0	0.13	0.25	0.13	0.15	0.29	0.2	0.28	0.09	0.43	0.04	3	0	0.48	0.39	0.2	0.04	1.45	0.95	0.13	0.39	0.13	0.42	0.48	0.46	0.56	0.1	0.31	0.14	0.46	0.15	0.09	0.06	0.16	0.28	0.48	0.14	0.14	0.02	0	0.18	0.14	0.48	0.09	0.05	0.48	0.13	0.29	0.12	0.75	0.06	0.48	0.1	0.36	0.09	0.1	0.12	0.01	0.49	0.13	0.24	0.17	0.53	0.29	0.51	0.24
0.3	0.25	0.36	0.24	0.29	0	0.5	0.26	0.26	0.26	0.31	6.9	0.28	0.26	0.48	0.58	0.63	0.11	0.98	0.26	0.68	0.31	0.51	0.3	0.3	0.26	0.22	0.28	1.11	0.37	0.31	0.25	0.49	0.56	0.29	0.23	0.26	0.48	0.29	0.32	0.54	0.3	0.26	0.37	0.32	0.29	0.42	0.49	0.49	0.69	0.26	0.54	0.49	0.43	0.29	0.49	0.8	0.25	0.25	0.32	0.6	0.36	0.22	0.42	0.9	0.22	0.23	0.31	0.4	0.27	0.26	0.3	0.42	0.41	0.26	0.32	0.32	0.39	0.9	0.72	0.64	0.28	0.29	0.26	0.48	0.91	0.41	0.27	0.31	0.61	0.61	0.12	0.28	0.23	0.24	0.35	0.41	0.25	0.16
0	0.41	0.15	0.14	0.02	0.3	0	0.17	0.13	0.17	0.01	4.39	0.12	0.1	0.73	0.2	0.42	0.25	0.23	0.63	0.74	0.04	0.21	0.03	0.03	0.12	0.14	0.65	0.51	0.13	0.02	0.04	0.12	0.02	0.11	0.45	0.4	0.46	0.22	0.46	0.45	0.03	0.96	0.48	0.05	0.02	0.15	0.14	0.22	0.02	0.51	0.47	0.11	0.57	0.13	0.02	0.13	0.39	0.04	0.02	0.47	0.3	0.14	0.15	0.03	0.07	0.15	0.47	0.14	0.15	0.13	0.03	0.02	0.18	0.11	0.04	0.1	0.06	0.2	0.25	0.47	0.15	0.12	0.07	0.21	0.03	0.35	0.04	0.02	0.48	0.02	0.48	0.12	0.22	0.48	0.99	0.16	0.18	0.48
0.41	0.06	0.55	0.06	0.13	0.46	0.13	0	0.02	0.56	0.14	3.63	0.05	0.03	0.38	0.92	0.42	0.2	2.02	0.03	0.33	0.4	0.2	0.18	0.17	0.42	0.04	0.02	0.4	0.06	0.42	0.56	0.01	0.13	0.05	0.42	0.03	0.11	0.1	0.21	0.03	0.11	0.03	0.45	0.16	0.13	0.22	0.01	0.5	0.11	0.56	0.43	0.02	0.18	0.06	0.11	0	0.44	0.18	0.12	0.03	0.24	0.03	0.54	0.44	0.21	0.04	0.61	0.05	0.02	0.04	0.17	0.14	0.28	0.04	0.13	0.21	0.47	0.33	0.26	0.05	0.16	0.06	0.47	0.28	0.13	0.56	0.16	0.48	0.03	0.14	0.58	0.05	0.52	0.05	0.02	0.92	0.03	0.2
0.12	0.02	0.41	0.41	0.41	0.26	0.1	0.02	0	0.02	0.43	1.76	0.49	0.01	0.36	0.19	0.61	0.2	0.35	0.02	0.5	0.2	0.18	0.23	0.13	0.4	0.6	0.04	0.42	0.41	0.14	0.41	0.03	0.13	0.06	0.17	0.41	0.25	0.1	0.41	0.3	0.1	0.02	0.13	1.52	1.02	0.21	0.42	0.33	0.18	0.4	0.2	0.02	0.27	0.04	0.35	0.11	0.44	0.43	0.46	0.02	0.09	0.03	0.43	0.4	0.17	0.44	0.44	0.05	0.03	0.03	0.15	0.51	0.26	0.02	0.4	0.19	0.17	0.32	0.25	0.02	0.15	0.46	0.23	0.27	0.25	0.33	0.14	0.09	0.04	0.12	0.28	0.03	0.46	0.05	0.22	0.17	0.03	0.46
0.12	0.04	0.1	0.05	0.18	0.26	0.39	1.85	0.02	0	0.18	3.88	0.05	0.03	0.36	0.55	0.05	0.2	0.49	0.26	0.05	1.22	0.34	0.49	0.14	0.44	0.03	0.02	0.1	0.06	0.14	0.28	0.38	0.33	0.87	0.19	0.06	0.32	0.27	0.32	0.03	0.14	0.02	1.77	0.23	0.23	0.4	0.39	0.65	0.13	0.27	0.19	0.4	0.46	0.16	0.12	0.17	0.07	0.41	0.14	0.03	0.93	0.47	0.41	0.41	0.49	0.05	0.13	0.84	0.02	0.42	0.17	0.14	0.7	0.3	0.13	0.42	0.17	0.84	0.05	0.05	0.2	0.06	0.43	0.28	0.65	0.2	0.19	0.43	0.03	0.14	0.49	0.05	0.34	0.05	0.07	0.44	0.03	1.1
0.01	0.13	0.15	0.49	0.02	0.31	0.01	0.27	0.12	0.13	0	2.66	0.11	0.1	0.25	0.38	0.14	0.52	0.23	0.15	0.13	0.41	0.43	0.03	0.03	0.43	0.63	0.53	0.18	0.39	0.01	0.08	0.15	0.02	0.11	0.28	0.43	0.13	0.01	0.03	0.14	0.02	0.94	0.05	3.5	0.02	0.15	0.13	0.44	0.22	0.38	0.2	0.14	0.44	0.12	0.01	0.44	0.14	0.03	0.02	0.12	0.27	0.14	0.15	0.03	0.44	0.44	0.01	0.14	0.15	0.5	0.03	0.39	0.18	0.12	0.03	0.44	0.07	0.2	0.12	0.14	0.19	0.12	0.08	0.23	0.03	0.08	0.06	0.01	0.86	0.03	0.95	0.12	0.22	0.16	0.13	0.15	0.15	0.43
3.68	1.67	0.35	9.83	0.99	0.41	3.54	1.3	1.44	0.34	2.52	0	9.27	4.41	0.41	0.77	2.47	2.56	7.55	0.55	0.48	9.93	8.57	3.73	1.1	1.18	4.44	2.6	4.83	0.33	13.6	0.55	1.48	5.88	0.84	1.4	2.38	3.63	3.31	0.42	1.3	6.93	3.05	7.57	2.26	0.78	1.97	2.27	4.04	0.21	5.36	3.44	0.38	1.85	10.2	0.99	1.09	8.29	3.11	0.48	1.79	2.7	7.83	0.32	0.2	3.8	3.38	6.14	0.58	3.93	1.58	0.53	1.78	1.41	2.22	5.26	0.6	9.88	3.25	0.32	0.32	1.76	1.32	1.78	1.02	2.98	0.4	1.13	2.41	1.92	1.69	7.47	5.25	0.42	1.1	2.77	0.98	8.31	0.25
0.43	0.44	0.1	0.33	0.13	0.52	0.24	0.05	0.03	0.06	0.11	0.31	0	0.05	0.34	0.42	0.15	0.59	0.33	0.03	0.27	0.14	0.42	0.14	0.14	0.05	0.06	0.07	0.63	0.01	0.11	0.43	0.05	0.12	0.44	0.18	0.02	0.43	0.47	0.36	0.04	0.47	0.04	0.41	0.16	0.97	0.47	0.37	0.32	0.18	0.11	0.34	0.03	0.47	0.01	0.11	0.05	0.09	0.16	0.51	0.04	0.27	0.06	0.48	0.15	0.17	0.07	0.11	0.07	0.06	0.04	0.36	0.51	0.27	0.03	0.13	0.15	0.32	0.31	0	0.03	0.15	0.01	0.56	0.28	0.12	0.18	0.17	0.4	0.04	0.13	0.29	0	0.6	0.07	0.4	0.07	0.04	0.27
0.4	0.02	0.28	0.43	0.13	0.41	0.12	0.14	0.5	0.35	0.4	5.33	0.05	0	0.56	0.19	0.82	0.21	0.34	0.04	0.06	0.48	0.18	0.14	0.14	0.42	0.43	0.78	0.43	0.43	0.12	0.44	0.03	0.13	0.38	0.17	0.03	0.59	0.11	0.43	0.04	0.13	0.04	0.47	0.16	0.13	0.23	0.03	0.33	0.09	0.58	0.33	0.03	0.94	0.43	0.4	0.35	0.43	0.14	0.1	0.44	1.44	0.14	0.6	0.74	0.44	0.05	0.84	0.19	0.07	0.05	0.14	0.54	0.27	0.02	0.14	0.21	0.26	0.85	0.45	0.38	0.15	0.06	0.46	0.29	0.31	0.2	0.16	0.47	0.28	0.12	0.3	0.05	0.64	0.46	0.04	0.08	0.04	1.97
0.46	0.54	0.37	0.97	0.28	0.28	0.25	0.55	0.37	0.77	0.25	1.06	0.57	0.46	0	0.66	0.41	0.16	0.32	0.36	0.72	0.22	0.47	0.25	0.25	0.36	0.77	0.48	0.39	0.35	0.22	0.18	0.38	0.27	0.59	0.58	0.35	0.37	0.26	0.27	1.09	0.22	0.38	0.28	1.21	0.49	0.49	1.25	0.06	0.49	0.97	0.18	0.69	0.49	1.19	0.26	0.38	0.38	0.5	0.4	0.37	1.2	0.39	0.37	0.4	0.17	0.38	0.25	0.63	0.5	0.37	0.4	0.46	0.22	0.54	0.23	0.39	0.19	0.04	0.5	0.36	0.19	0.6	0.18	0.51	0.91	0.41	0.22	0.22	0.71	0.41	0.23	0.35	0.41	0.56	0.38	0.74	0.36	0.96
0.1	0.48	0.22	0.49	0.31	0.25	0.5	0.51	0.6	0.4	0.21	4.83	0.2	0.51	0.16	0	0.27	0.3	0.17	0.21	0.2	0.07	0.02	0.38	0.09	0.21	0.59	0.23	0.73	0.41	0.07	0.1	0.22	0.41	0.48	0.02	0.21	0.6	0.52	0.11	0.24	0.11	0.22	0.12	0.2	0.13	0.41	0.51	0.17	0.14	0.21	0.42	0.22	0.1	0.42	0.42	0.25	0.42	0.04	0.1	0.2	0.72	0.23	0.21	0.04	0.01	0.63	0.1	0.42	0.43	0.24	0.42	0.26	0.73	0.2	0.07	0.49	0.43	0.15	0.2	0.21	0.43	0.21	0.02	0.73	0.07	0.03	0.06	0.93	0.22	0.09	0.3	1.34	0.17	0.49	0.56	0.23	0.54	0.18
0.14	0.4	0.11	0.04	0.15	0.24	0.4	0.05	0.25	0.05	0.9	0.94	0.4	0.05	0.5	0.24	0	0.4	0.31	0.05	0.36	0.46	0.41	0.19	0.51	0.05	0.02	0.07	0.22	0.08	0.14	0.47	0.05	0.47	0.06	0.28	0.05	0.12	0.13	0.25	0.4	0.41	0.05	0.53	2.27	0.16	0.42	0.45	0.62	0.12	0.93	0.22	0.04	0.81	0.08	0.14	0.05	0.04	0.18	0.14	0.05	0.2	0.02	0.5	0.43	0.56	0.34	0.14	0.03	0.06	0.06	0.16	0.16	0.32	0.05	0.44	0.44	0.19	0.44	0.07	0.07	0.22	0.94	0.21	0.29	0.15	0.65	0.19	0.45	0.45	0.16	0.34	0.07	0.45	0.03	0.09	0.03	0.04	0.47
0.55	0.49	0.4	0.22	0.23	0.35	0.79	0.2	0.19	0.2	0.49	0.96	0.49	0.21	0.5	0.2	0.22	0.4	0.6	0.4	0.63	0.78	0.5	0.24	0.38	0.51	0.2	0.56	0.46	0.21	0.41	0.2	0.42	0.23	1.55	0.19	0.18	0.35	0.41	0.27	0.19	0.25	0.42	0.27	2.02	0.57	0.52	1.07	0.32	0.24	0.42	0.42	0.18	0.42	0.21	0.43	0.55	0.18	0.43	0.26	0.2	0.99	0.21	0.43	0.43	0.83	0.21	0.45	0.22	0.58	0.19	0.63	0.56	0.46	0.19	0.27	0.44	0.4	0.44	1.15	0.21	0.33	0.94	0.18	0.42	0.27	0.18	0.94	0.44	0.2	0.41	0.94	0.2	0.06	0.54	0.21	0.21	0.19	0.42
0.45	0.22	0.29	0.42	0.22	0.28	0.3	0.47	0.35	0.3	0.29	7.68	0.34	0.7	0.32	0.17	0.36	0.04	0	0.55	0.75	0.21	0.19	0.23	0.24	0.34	0.59	0.32	0.39	0.34	0.23	0.19	0.34	0.57	0.34	0.22	0.24	0.24	0.51	0.24	0.48	0.22	0.23	0.33	0.43	0.22	0.35	0.31	0.32	0.4	0.25	0.55	0.37	0.22	0.34	0.48	0.32	0.33	0.2	0.24	0.34	0.29	0.29	0.35	0.49	0.18	0.3	0.53	0.5	0.32	0.25	0.23	0.22	0.05	0.33	0.23	0.56	0.18	0.26	0.69	0.67	0.22	0.46	0.46	0.41	0.23	0.36	0.21	0.49	0.35	0.23	0.48	0.34	0.23	0.3	0.23	0.29	0.23	0.04
0.12	0.29	0.4	0.14	0.28	0.26	0.11	0.03	0.38	0.03	0.13	2.84	0.03	0.56	0.46	0.56	0.05	0.46	0.47	0	0.06	0.17	0.47	0.14	0.17	0.04	0.04	0.05	1.58	0.04	0.1	0.18	0.04	0.15	0.04	0.46	0.01	0.06	0.46	0.22	0.46	0.46	0.22	0.45	0.46	1.03	0.19	0.49	0.33	0.46	0.46	0.46	0.01	1.76	0.04	0.1	0.55	0.22	0.45	0.1	0.03	0.1	0.03	0.46	0.17	0.56	0.05	0.12	0.05	0.04	0.01	0.14	0.46	0.76	0.76	0.1	0.47	0.57	0.33	0.03	0.25	0.57	0.56	0.2	0.47	0.12	0.49	0.15	0.09	0.03	0.15	0.31	0.47	0.56	0.05	0.22	0.04	0.02	0.18
0.42	0.18	0.11	0.15	0.43	0.43	0.12	0.05	0.06	0.07	0.12	1.56	0.08	0.06	0.38	0.46	0.1	0.6	0.37	0.46	0	0.17	0.32	0.15	0.15	0.05	0.06	0.37	0.46	0.35	0.46	0.15	0.06	0.52	0.01	0.18	0.06	0.46	0.12	0.18	0.46	0.46	0.06	0.45	2.58	0.16	0.58	0.06	0.62	0.13	0.47	0.2	0.05	0.87	0.36	0.13	0.05	0.06	0.47	0.13	0.07	0.41	0.06	0.53	0.16	0.19	0.47	0.37	0.09	0.06	0.07	0.16	0.41	0.48	0.06	0.23	0.25	0.48	0.68	0.08	0.06	0.2	0.09	0.2	0.23	0.15	0.56	0.18	0.14	0.06	0.18	1.14	0.58	0.49	0.49	0.06	0.49	0.06	1.49
0.03	0.46	0.18	0.36	0.1	0.3	0.03	0.15	0.15	0.98	0.03	12.7	0.15	0.5	0.22	0.07	0.48	1.68	0.21	0.17	0.18	0	0.4	0.04	0.43	0.15	0.17	0.18	0.19	0.16	0.14	0.04	0.15	0.09	0.61	0.07	0.52	0.28	1	0.03	0.37	0.03	0.4	0.06	0.4	0.62	0.16	0.41	0.58	0.03	0.17	0.41	0.15	0.12	0.16	0.41	1.05	0.15	0.04	0.13	0.42	0.42	0.15	0.51	0.52	0.05	0.18	0.03	0.4	0.23	0.42	0.04	0.1	0.42	0.18	0.03	0.03	0.07	0.21	0.82	0.15	0.51	0.15	0.07	0.42	0.06	0.08	0.08	0.19	0.45	0.04	0.63	0.37	0.43	0.17	0.16	0.18	0.28	0.23
0.42	0.31	0.19	0.23	1.52	0.92	0.42	0.2	0.45	0.21	0.42	2.12	0.24	0.18	0.41	0.42	0.23	0.22	0.42	0.19	0.2	0.08	0	0.48	0.48	0.18	0.92	0.21	0.28	0.42	0.08	0.11	0.24	0.63	0.17	0.04	0.43	0.31	0.43	0.43	0.21	0.08	0.21	0.41	0.54	0.25	1.24	0.58	0.18	0.44	0.44	0.01	0.22	0.14	0.21	0.09	0.22	0.21	0.06	0.45	0.55	0.31	0.53	0.65	0.05	0.41	0.22	0.46	0.22	0.22	0.46	0.09	0.21	0.14	0.19	0.09	0.06	0.08	0.16	0.21	0.97	0.47	0.21	0.04	0.47	0.09	0.04	0.47	0.09	0.54	0.47	0.56	0.48	0.48	0.55	1.38	0.48	0.19	0.38
0.43	0.15	0.36	0.52	0.01	0.3	0.03	0.17	0.12	0.43	0.03	3.15	0.16	0.12	0.25	0.19	0.19	0.46	0.46	0.44	0.15	0.41	0.31	0	0.02	0.14	0.15	0.47	0.21	0.14	0.04	0.05	0.14	0.01	0.14	0.09	0.47	0.77	0.03	0.19	0.14	0.05	0.22	0.06	1.58	0.08	0.15	0.37	0.21	0.35	0.13	0.57	0.47	0.29	0.14	0.31	0.55	0.14	0.29	0.04	0.14	0.09	0.15	0.16	0.04	0.07	0.17	0.03	0.18	0.15	0.17	0.01	0.01	0.48	0.14	0.05	0.48	0.06	0.2	0.14	0.16	0.07	0.14	0.08	0.15	0.12	0.09	0.04	0.04	0.14	0.01	0.19	0.14	0.49	0.18	0.15	0.16	0.49	0.47
0.03	0.13	0.42	0.6	0.01	0.3	0.4	0.32	0.15	0.41	0.03	3.26	0.13	0.65	0.25	0.45	0.31	0.24	2.91	0.45	0.45	0.04	0.36	0.02	0	0.92	0.42	0.51	0.21	0.15	0.43	0.53	0.16	0.01	0.14	0.45	0.13	0.53	0.09	0.43	0.17	0.43	0.15	0.07	0.97	0.01	0.43	0.15	0.22	0.04	0.15	0.09	0.14	0.63	0.14	0.04	0.14	0.44	0.34	0.04	0.44	0.36	0.15	0.37	0.44	0.07	0.16	0.03	0.19	0.15	0.44	0.4	0.01	0.19	0.14	0.05	0.09	0.06	0.2	0.14	0.45	0.05	0.55	0.09	0.2	0.05	0.45	0.04	0.04	0.13	0.02	0.38	0.43	0.23	0.46	0.18	0.55	0.47	0.52
0.42	0	0.06	0.08	0.52	0.26	0.13	0.03	0.62	0.06	0.42	0.66	0.05	0.31	0.36	0.22	0.05	0.5	0.34	0.58	0.05	0.4	0.19	0.14	0.13	0	0.04	0.05	0.29	0.09	0.11	0.15	0.03	0.13	0.18	0.45	0.03	0.04	0.95	0.42	0.04	0.13	0.03	0.45	0.19	0.46	0.58	0.31	0.46	0.46	0.03	0.18	0.03	0.46	0.05	0.1	0.29	0.03	0.46	0.26	0.02	0.43	0.04	0.44	0.47	0.16	0.05	0.31	0.55	0.04	0.05	0.15	0.14	0.28	0.02	0.14	0.47	0.41	0.68	0.05	0.03	0.27	0.3	0.9	0.48	0.48	0.19	0.17	0.25	0.13	0.48	0.3	0.24	0.32	0.08	0	0.08	0.74	0.35
0.28	0.03	0.1	0.02	0.4	0.51	0.36	0.04	0.03	0.03	0.74	7.98	0.07	0.33	0.96	0.46	0.05	0.46	0.29	0.04	0.06	0.56	0.32	0.15	0.16	0.04	0	0.06	1.65	0.07	0.2	0.18	0.04	0.15	0.05	0.21	0.04	0.03	0.11	0.47	0.03	0.15	0.03	0.18	0.19	0.47	0.22	0.04	0.47	0.1	0.05	0.21	0.02	0.21	0.06	0.13	0.25	0.03	0.98	0.13	0.04	0.49	0	0.22	0.48	0.17	0.02	0.13	0.03	0.05	0.48	0.16	0.16	0.29	0.08	0.16	0.23	0.21	0.32	0.2	0.05	0.49	0.06	0.49	0.28	0.14	0.21	0.16	0.12	0.21	0.37	0.49	0.32	0.57	0.02	0.03	0.49	0.03	0.8
0.45	0.04	0.22	0.07	0.45	0.28	0.14	0.37	0.45	0.02	0.48	0.97	0.47	0.05	0.4	0.23	0.97	0.55	0.33	0.05	0.47	0.4	0.24	0.56	0.16	0.05	0.05	0	0.54	0.08	0.21	0.18	0.41	0.48	0.92	0.22	0.06	0.68	0.14	0.49	0.05	0.15	0.04	0.41	0.19	0.31	0.49	0.03	0.48	0.39	0.06	0.68	0.04	1	0.08	0.14	0.02	0.05	0.49	0.49	0.05	0.33	0.05	0.24	0.3	0.5	0.07	0.14	0.23	0.22	0.06	0.49	0.15	0.69	0.81	0.16	0.23	0.19	0.35	0.33	0.07	0.4	0.08	0.22	0.3	0.4	0.22	0.18	0.15	0.41	0.16	0.35	0.13	0.7	0.31	0.42	0.07	0.16	0.22
0.85	0.45	0.15	0.43	0.18	0.4	0.45	0.1	0.09	0.1	0.18	3.14	0.12	0.11	0.73	0.24	0.12	0.43	0.39	0.09	0.13	0.7	1.43	0.93	0.41	0.08	0.11	0.93	0	0.33	0.17	0.21	0.1	0.43	0.39	0.25	0.09	0.67	0.44	0.23	0.1	0.16	0.43	0.16	2.68	0.18	0.47	0.1	0.38	0.16	0.1	1.06	1.73	1.23	0.73	0.39	0.73	0.43	1.8	1.23	0.73	0.6	0.11	0.63	0.18	0.54	1.94	1.43	0.93	0.43	0.43	0.35	1.7	1.34	0.77	0.42	0.22	0.37	0.58	1.93	1.3	0.55	0.13	0.52	0.3	1.14	1.83	0.9	0.4	0.49	0.34	0.52	0.5	0.43	0.13	0.82	0.42	0.12	1.43
0.13	0.05	0.1	0.21	0.13	0.49	0.5	0.06	0.44	0.06	0.13	8.91	0.55	0.06	0.35	0.45	0.08	0.56	0.35	0.04	0.11	0.49	0.55	0.14	0.15	0.36	0.45	0.08	0.19	0	0.55	0.49	0.06	0.46	0.09	0.19	0.04	0.04	0.12	0.4	0.06	0.47	0.05	0.12	1.58	1.07	0.3	0.25	0.33	0.18	0.04	0.23	0.04	0.58	0	0.12	0.06	0.05	0.17	0.13	0.05	0.48	0.07	0.4	0.16	0.18	0.08	0.13	0.08	0.07	0.41	0.53	0.14	0.29	0.04	0.14	0.42	0.56	0.31	0.01	0.06	0.94	0	0.44	0.51	0.14	0.34	0.45	0.45	0.05	0.14	0.85	0.01	1.02	0.86	0.05	0.46	0.05	0.28
0.02	0.35	0.14	0.51	0.46	0.97	0.02	0.4	0.1	0.16	0.13	0.97	0.47	0.47	0.97	0.47	0.29	0.26	0.22	0.16	0.13	0.04	0.08	0.33	0.03	0.47	0.12	0.13	0.85	0.15	0	0.05	0.11	0.09	0.38	0.08	0.09	0.27	0.01	0.58	0.1	0.03	0.1	0.02	1.02	0.54	0.48	0.13	0.58	0.01	0.48	0.08	0.09	0.89	0.11	0.01	0.49	0.1	0.22	0.01	0.49	0.22	0.14	0.15	0.4	0.07	0.4	0.02	0.14	0.12	0.1	0.19	0.1	0.4	0.1	0.6	0.27	0.4	0.22	0.12	0.11	0.25	0.12	0.45	0.21	0.03	0.45	0.07	0	0.09	0.03	0.55	0.51	0.47	0.45	0.1	0.13	0.35	0.39
0.04	0.48	0.25	0.23	0.1	1.07	0.04	0.18	0.78	0.48	0.03	2.51	0.16	0.15	0.49	0.03	0.89	0.2	1.06	0.15	0.15	0.04	0.11	0.05	0.05	0.14	0.16	0.18	0.59	0.49	0.17	0	1	0.09	0.15	0.19	0.4	0.18	0.05	0.4	0.48	0.08	0.5	0.44	2.4	0.1	0.97	0.71	0.41	0.05	0.34	0.41	0.16	0.41	0.16	0.05	0.17	0.42	0	0.25	0.48	0.14	0.42	0.17	0.42	0.02	0.53	0.04	0.19	0.17	0.43	0.05	0.1	0.13	0.53	0.09	0.04	0.03	0.73	0.16	0.43	0.03	0.16	0.03	0.44	0.09	0.03	0.09	0.43	0.16	0.05	0.5	0.16	0.94	0.43	0.17	0.17	0.15	0.17
0.14	0.02	0.11	0.06	0.16	0.26	0.12	0.01	0.11	0.49	0.15	7.28	0.05	0.03	0.46	0.23	0.07	0.2	0.35	0.04	0.06	0.84	0.21	0.17	0.16	0.03	0.04	0.45	0.63	0.07	0.32	0.17	0	0.45	0.05	0.35	0.03	0.03	0.11	0.55	0.03	0.13	0.03	0.38	0.19	0.84	0.22	0.18	0.35	0.11	0.06	0.21	0.02	0.22	0.24	0.45	0.02	0.03	0.16	0.13	0.04	0.45	0.04	0.22	0.18	0.16	0.45	0.14	0.13	0	0.38	0.45	0.36	0.29	0.04	0.45	0.23	0.56	0.65	0.65	0.05	0.16	0.06	0.2	0.28	0.14	0.21	0.45	0.12	0.43	0.17	0.32	0.05	0.34	0.45	0.03	0.33	0.03	0.21
0.21	0.32	0.16	0.15	0	0.29	0.02	0.14	0.29	0.41	0.02	3.27	0.12	0.45	0.27	0.45	0.15	2.06	0.21	0.14	0.13	0.09	0.5	0.01	0.01	0.46	0.36	0.16	3.37	0.13	0.15	0.46	0.13	0	0.12	0.06	0.13	0.41	0.46	0.36	0.15	0.08	0.14	0.04	1.87	0.05	0.13	0.15	0.45	0.45	0.45	0.5	0.43	1.26	0.13	0.23	1.04	0.46	0.36	0.07	0.13	0.44	0.46	0.16	0.06	0.06	0.15	0.46	0.31	0.15	0.48	0.01	0	0.18	0.13	0.47	0.09	0.17	0.23	0.13	0.13	0.16	0.13	0.05	0.19	0.47	0.06	0.35	0.22	0.47	0.01	0.17	0.57	0.21	0.15	0.14	0.16	0.13	0.58
0.14	0.39	0.26	0.08	0.13	0.47	0.1	0.45	0.09	0.98	0.47	4.77	0.07	0.04	0.35	0.19	0.06	0.46	0.34	0.19	0.01	0.56	0.17	0.14	0.42	0.04	0.86	0.05	0.12	0.13	0.11	0.16	0.05	0.12	0	0.17	0.04	0.04	0.46	0.16	0.04	0.13	0.03	0.13	0.45	0.14	0.26	0.45	0.33	0.45	0.04	0.45	0.03	0.52	0.08	0.13	0.05	0.11	0.14	0.26	0.05	0.53	0.45	0.26	0.54	0.19	0.45	0.11	0.06	0.06	0.04	0.46	0.21	0.29	0.05	0.55	0.17	0.18	0.95	0.13	0.45	0.15	0.08	0.18	0.33	0.22	0.17	0.15	0.44	0.06	0.15	0.61	0.07	0.32	0.44	0.44	0.07	0.05	1.04
0.08	0.99	0.48	0.22	0.4	0.23	0.07	0.19	0.17	0.3	0.08	1.09	0.53	0.18	0.18	0.02	0.49	0.18	0.17	0.18	0.18	0.35	0.04	0.09	0.07	0.19	0.19	0.22	0.25	0.19	0.4	0.03	0.37	0.06	0.57	0	0.4	0.19	0.08	0.09	0.22	0.09	0.18	0.1	0.43	0.06	0.19	0.31	0.15	0.41	0.18	0.04	0.19	0.12	0.19	0.41	0.19	0.2	0.39	0.41	0.19	0.33	0.21	0.42	0.05	0.32	0.52	0.29	0.62	0.2	0.21	0.09	0.06	0.1	0.42	0.36	0.52	0.01	0.13	0.26	0.43	0.45	0.19	0	0.25	0.43	0.01	0.43	0.08	0.43	0.08	0.22	0.19	0.44	0.22	0.44	0.35	0.2	0.15
0.1	0.02	0.08	0.05	0.12	0.26	0.34	0.28	0.02	0.03	0.11	8.56	0.36	0.03	0.35	0.42	0.26	0.4	0.61	0.01	0.06	0.15	0.18	0.14	0.21	0.09	0.03	0.05	0.09	0.4	0.4	0.17	0.03	0.13	0.04	0.2	0	0.01	0.09	0.72	0.02	0.09	0.4	0.51	1.51	0.13	0.19	0.04	0.32	0.4	0.3	0.4	0.01	0.33	0.4	0.47	0.03	0.02	0.2	0.41	0.02	0.08	0.03	0.59	0.15	0.91	0.04	0.1	0.05	0.04	0.41	0.13	0.12	0.29	0.01	0.1	0.41	0.41	0.56	0.02	0.04	0.18	0.41	0.5	0.43	0.11	0.18	0.14	0.08	0.02	0.9	0.29	0.03	0.33	0.05	0.02	0.27	0.41	0.38
0.1	0.02	0.22	1.06	0.15	0.47	0.66	0.03	0.33	0.03	0.46	4.3	0.33	0.04	0.46	0.56	0.04	0.57	0.24	0.01	0.06	0.17	0.77	0.48	0.48	0.04	0.98	0.05	1.49	0.04	0.49	0.49	0.03	0.14	0.04	0.18	0.48	0	0.08	0.48	0.02	0.48	0.02	0.46	1.73	0.12	0.49	0.03	0.49	0.08	0.01	0.49	0.01	0.36	0.59	0.49	0.03	0.01	0.48	0.1	0.03	0.21	0.24	0.49	0.15	0.15	0.04	0.1	0.05	0.04	0.01	0.14	0.15	0.5	0.02	0.5	0.5	1.93	0.5	0.51	0.26	0.26	0.4	1.4	0.49	0.12	0.2	0.99	0.09	0.41	0.4	0.7	0.4	0.71	0.4	0.02	0.04	0.9	0.36
0.29	0.11	0.14	0.44	0.44	0.29	0.01	0.12	0.44	0.44	0.01	4.69	0.29	0.1	0.4	0.09	0.61	0.25	0.23	0.36	0.12	0.04	0.46	0.03	0.03	0.12	0.13	0.12	0.19	0.46	0.39	0.05	0.11	0.02	0.51	0.08	0.08	0.4	0	0.05	0.68	0.06	0.45	0.43	2.49	0.02	0.18	0.7	0.22	0.68	0.85	0.09	0.09	0.39	0.12	0	0.11	0.09	0.05	0	0.09	0.34	0.13	0.36	0.04	0.2	0.18	0.48	0.22	0.13	0.1	0.03	0.02	0.18	0.1	0.04	0.05	0.08	0.49	0.11	0.1	0.08	0.49	0.08	0.49	0.03	0.08	0.42	0.01	0.32	0.08	0.18	0.11	0.47	0.13	0.1	0.3	0.1	0.4
0.1	0.21	0.2	0.26	0.43	0.32	0.43	0.49	0.22	0.43	0.03	7.21	0.15	0.21	0.64	0.11	0.24	0.27	0.24	0.21	0.44	0.03	0.31	0.09	0.09	0.21	0.95	0.45	0.24	0.16	0.04	0.04	0.21	0.74	0.16	0.46	0.2	1.47	0.05	0	0.23	0.31	0.22	0.12	1	0.5	0.24	0.99	0.49	0.04	0.22	0.11	0.42	0.99	0.49	0.05	0.5	0.24	0.04	0.04	0.4	0.12	0.23	0.23	0.02	0.41	0.24	0.12	0.23	0.22	0.36	0.1	0.09	0.42	0.59	0.03	0	0.11	0.22	0.15	0.23	0.43	0.16	0.09	0.23	0.03	0.09	0.06	0.04	0.21	0.09	0.51	0.17	0.52	0.45	0.23	0.29	0.66	0.46
0.62	0.02	0.09	0.05	0.46	0.26	0.12	0.09	0.46	0.4	0.12	0.43	0.63	0.44	0.37	0.46	0.05	0.44	0.27	0.02	0.33	0.15	0.21	0.14	0.29	0.04	0.03	0.05	0.26	0.05	0.11	0.17	0.03	0.15	0.04	0.49	0.08	0.02	0.1	1	0	0.11	0.01	0.12	1.33	0.82	0.2	0.04	0.35	0.1	0.4	0.18	0.12	0.35	0.05	0.4	0.03	0.4	0.4	0.11	0.6	0.24	0.03	0.21	0.15	0.16	0.04	0.13	0.05	0.4	0.03	0.16	0.44	0.27	0.92	0.19	0.91	0.41	0.33	0.04	0.19	0.23	0.41	0.61	0.27	1.11	0.21	0.41	0.11	0.03	0.15	0.82	0.05	0.37	0.82	0.02	0.41	0.01	0.54
0.27	0.15	0.15	0.14	0.25	0.49	0.03	0.12	0.11	0.13	0.03	2.34	0.48	0.13	0.22	0.18	0.15	0.56	0.22	0.49	0.47	0.02	0.4	0.04	0.49	0.12	0.14	0.14	0.17	0.13	0.03	0.41	0.12	0.08	0.13	0.22	0.11	0.7	0.25	0.03	0.11	0.4	0.11	0.07	1.96	0.09	0.2	0.38	0.24	0.02	0.4	0.08	0.1	0.46	0.13	0.05	0.15	0.11	0.07	0.04	0.1	0.52	0.12	0.42	0.03	0.09	0.14	0.42	0.15	0.49	0.12	0.04	0.42	0.18	0.44	0.01	0.03	0.08	0.36	0.12	0.14	0.03	0.14	0.35	0.53	0.01	0.09	0.08	0.33	0.28	0.04	0.18	0.43	0.22	0.43	0.11	0.54	0.13	0.23
0.29	0.46	0.09	0.04	0.14	0.44	0.13	0.02	0.27	0.02	0.12	1.44	0.04	0.04	0.36	0.62	0.26	0.19	0.23	0.04	0.05	0.16	0.19	0.29	0.14	0.03	0.03	0.04	0.1	0.05	0.25	0.22	0.03	0.52	0.03	0.18	0.42	0.27	0.11	0.22	0.01	0.49	0	0.12	0.96	0.14	0.21	0.03	0.4	0.1	0.03	0.2	0.23	0.46	0.41	0.1	0.02	0.01	0.17	0.42	0.39	0.3	0.42	0.21	0.14	0.82	0.04	0.12	0.04	0.09	0.03	0.42	0.13	0.28	0.03	0.13	0.22	0.4	0.35	0.07	0.43	0.39	0.43	0.2	0.26	0.31	0.59	0.18	0.43	0.03	0.46	0.3	0.04	0.33	0.04	0.02	0.04	0.01	0.31
0.41	1.07	0.15	0.46	0.05	0.44	0.64	0.84	0.14	0.22	0.03	1.3	0.11	0.14	0.84	0.14	0.17	0.28	0.25	0.44	0.13	0.46	0.11	0.05	0.05	0.47	0.49	0.3	0.18	0.46	0.01	0.07	0.47	0.04	0.12	0.1	0.46	0.29	0.03	0.13	0.15	0.06	0.13	0	0.96	0.09	0.17	0.18	0.24	0.02	0.46	0.17	0.11	0.87	0.47	0.01	0.29	0.14	0.08	0.02	0.41	0.07	0.66	0.34	0.14	0.17	0.26	0.14	0.49	0.46	0.23	0.12	0.05	0.19	0.11	0.47	0.12	0.09	0.37	0.1	0.14	0.05	0.47	0.15	0.24	0.04	0.47	0.07	0.01	0.14	0.3	0.67	0.47	0.63	0.15	0.12	0.68	0.48	0.53
0.45	0.19	0.43	0.42	1.52	0.57	0.52	0.42	0.18	0.54	0.53	0.97	0.16	0.43	0.41	0.92	0.45	0.5	0.52	0.5	0.16	0.05	0.55	0.43	0.04	0.43	0.95	0.44	0.5	0.91	0.06	6	0.49	0.04	0.14	0.47	0.46	2.17	1.55	0.47	2.13	0.9	0.97	1	0.11	0.77	0.42	0.96	0.42	0.42	2.5	1.01	0.18	0.91	0.46	0.06	0.97	0.51	0.5	0.98	0.17	1.06	0.21	0.16	0.09	5.06	2.19	1.93	2.97	1.01	0.42	0.1	0.42	1.01	0.45	0.46	0.11	0.43	0.43	0.42	0.92	0.08	0.19	0.98	0.48	0.46	0.11	0.33	0.42	0.5	0.03	1.51	0.45	2.46	0.5	3.07	0.55	0.47	0.98
0.19	0.45	0.17	0.15	0	0.29	0.45	0.21	0.43	0.14	0.02	8.81	0.12	0.47	0.57	0.22	0.16	0.24	0.22	0.47	0.16	0.47	0.34	0.01	0.58	0.48	0.15	0.18	0.18	0.48	0.1	0.98	0.88	0.09	0.14	0.06	0.48	0.34	0.32	0.39	1.13	0.08	0.14	0.4	0.81	0	0.48	0.14	0.2	0.03	0.12	0.13	0.48	0.53	0.13	0.41	0.13	0.16	0.47	0.1	0.12	0.04	0.14	0.12	0.48	0.06	0.48	0.02	0.15	0.48	0.47	0.68	0	0.18	1.58	0.48	0.09	0.09	0.24	0.12	0.29	0.1	0.13	0.06	0.48	0.09	0.06	0.09	0.09	0.5	0.01	0.6	0.12	0.5	0.18	0.13	0.16	0.52	0.23
0.15	0.99	0.31	0.23	0.15	0.48	0.33	0.22	0.21	0.49	0.15	0.41	0.49	0.23	0.36	0.21	0.54	0.8	2.37	0.19	0.6	0.16	0.21	0.15	0.14	0.4	0.27	0.24	0.34	0.61	0.15	0.17	0.22	0.41	0.5	0.19	0.19	0.53	0.15	0.23	0.23	0.41	0.21	0.44	0.41	1.41	0	0.23	0.33	0.18	0.91	0.2	0.2	0.4	0.6	0.5	0.41	0.5	0.17	0.41	0.41	0.61	0.92	0.41	0.18	0.21	0.23	0.15	0.91	0.22	0.2	0.14	0.41	0.36	0.21	0.52	0.42	0.18	0.34	0.72	0.23	0.23	0.43	0.2	0.22	0.42	0.55	0.17	0.43	0.21	0.15	0.3	0.94	0.94	0.44	0.44	0.45	0.44	0.34
0.46	0.14	0.09	0.06	0.46	0.26	0.14	0.01	0.02	0.01	0.15	1.86	0.45	0.03	0.66	0.23	0.46	0.21	0.31	0.05	0.21	0.51	0.56	0.15	0.16	0.04	0.04	0.29	0.33	0.07	0.11	0.16	0.01	0.15	0.05	0.21	0.04	0.13	0.12	0.49	0.04	0.13	0.27	0.31	2.51	0.15	0.39	0.4	0.37	0.4	0.7	0.51	0.4	0.57	0.27	0.26	0.01	0.03	0.16	0.13	0.14	0.91	0.04	0.23	0.42	0.31	0.05	0.14	0.62	0.02	0.41	0.16	0.43	0.28	0.04	0.16	0.23	0.74	0.64	0.56	0.05	0.54	0.43	0.44	0.28	0.13	0.55	0.18	0.13	0.05	0.95	0.69	0.75	0.96	0.63	0.66	0.36	0.35	1.36
0.22	0.33	0.36	0.48	0.2	0.37	0.22	0.34	0.48	0.33	0.22	3.29	0.32	0.69	0.58	0.48	0.37	0.69	0.32	0.35	0.37	0.22	0.49	0.49	0.28	0.48	0.35	0.98	0.58	0.45	0.22	0.17	0.35	0.5	0.95	0.15	0.32	0.51	1	0.24	0.33	0.23	0.33	0.24	0.4	0.2	0.55	0.34	0.9	0.34	0.65	0.18	0.33	0.24	0.59	0.42	0.4	0.36	0.17	0.23	0.4	1.31	0.35	0.33	0.53	0.16	0.35	0.41	0.36	0.35	0.35	0.21	0.41	0.26	0.81	0.25	0.24	0.66	0.27	0.34	0.35	0.38	0.74	0.14	0.39	0.41	0.42	0.42	0.42	0.35	0.21	0.99	0.33	0.62	0.37	0.42	0.63	0.4	0.3
0.02	0.09	0.48	0.13	0.04	0.29	0.02	0.11	0.42	0.11	0.02	0.56	0.18	0.43	0.44	0.09	0.12	0.65	0.45	0.08	0.13	0.03	0.05	0.04	0.04	0.22	0.45	0.12	0.16	0.34	0.01	0.36	0.11	0.02	0.67	0.07	0.46	0.08	0.01	0.04	0.1	0.01	0.11	0.03	3.5	0.84	0.18	0.12	0.22	0	0.34	0.46	0.96	0.27	0.19	0.01	0.57	0.47	0.42	0.01	0.1	0.01	0.1	0.57	0.18	0.47	0.47	0.02	0.32	0.47	0.09	0.04	0.03	0.2	0.17	0.17	0.04	0.08	0.48	0.18	0.49	0.12	0.47	0.07	0.14	0.01	0.07	0.08	0	0.18	0.04	0.27	0.48	0.49	0.13	0.09	0.51	0.99	0.61
0.98	0.04	0.47	0.05	0.97	0.26	0.26	0.04	0.02	0.54	0.11	1.06	0.03	0.04	0.97	0.35	0.05	0.18	0.27	0.01	0.42	0.14	1.22	0.22	0.23	0.41	0.04	0.41	0.1	0.12	0.15	0.48	0.04	0.48	0.12	0.47	0.01	0.56	0.48	0.54	0.02	0.46	0.02	0.41	3.17	0.13	0.46	0.04	0.45	0.95	0.03	0.42	0.01	0.92	0.41	0.1	0.04	0.91	0.41	0.1	0.02	0.41	0.91	0.22	0.41	0.14	0.91	0.41	0.41	0.05	0.41	0.16	0.41	0.6	0.4	0.49	0.2	0.19	0.48	0.03	0.04	0.46	0.46	0.39	0.26	0.46	0.48	0.46	0.47	0.46	0.14	0.46	0.08	0.33	0.05	0.02	0.05	0.03	0.28
0.08	0.19	0.46	0.55	0.11	0.25	0.47	0.22	0.22	0.2	0.07	4.74	0.2	0.18	0.18	0.03	0.47	0.21	0.17	0.18	0.2	0.07	0.01	0.22	0.09	0.16	0.42	0.22	0.48	0.58	0.58	0.03	0.48	0.17	0.49	0.04	0.56	0.4	0.09	0.32	0.2	0.09	0.49	0.25	0.99	0.49	0.2	0.21	0.49	0.07	0.18	0	0.18	0.16	0.49	0.08	0.31	0.19	0.03	0.09	0.41	0.25	0.5	0.2	0.05	0.44	0.9	0.08	0.91	0.4	0.19	0.09	0.13	0.14	0.18	0.41	0.05	0.41	0.17	0.19	0.21	0.47	0.92	0.42	0.27	0.62	0.04	0.23	0.08	0.22	0.37	0.42	0.21	0.22	0.21	0.21	0.42	0.22	0.19
0.11	0.14	0.09	0.11	0.14	0.25	0.11	0.42	0.02	0.34	0.13	4.29	0.03	0.03	0.39	0.2	0.04	0.18	0.26	0.27	0.05	0.15	1.07	0.13	0.46	0.14	0.02	0.04	0.49	0.04	0.39	0.47	0.02	0.12	0.03	0.57	0.01	0.31	0.38	0.2	0.01	0.11	0.36	0.27	1.31	0.14	0.19	0.03	0.34	0.09	0.28	0.17	0	0.3	0.38	0.46	0.21	0	0.36	0.12	0.03	0.86	0.02	0.5	0.14	0.52	0.03	0.5	0.04	0.4	0.02	0.14	0.14	0.27	0.02	0.4	0.58	0.57	0.34	0.03	0.04	0.21	0.04	0.19	0.26	0.11	0.18	0.15	0.09	0.02	0.41	0.31	0.04	0.33	0.04	0.01	0.15	0.01	3.42
0.05	0.21	0.41	0.97	0.47	0.47	0.21	0.51	0.48	0.7	0.43	5.42	0.37	0.66	0.61	0.15	0.42	0.32	0.28	0.4	0.21	0.25	0.45	0.08	0.17	0.24	0.23	0.23	0.74	0.35	0.07	0.13	0.48	0.09	0.17	0.13	0.27	0.14	0.42	0.17	0.16	0.06	0.2	0.46	0.49	0.08	0.27	0.19	0.4	0.19	0.21	0.41	0.22	0	0.25	0.12	0.44	0.21	0.13	0.42	0.26	0.06	0.52	0.72	0.51	1.4	0.38	0.42	0.43	0.27	0.21	0.07	0.14	0.25	0.35	0.22	0.47	0.12	0.43	0.2	0.22	0.25	0.49	0.15	0.27	0.18	0.16	0.18	0.15	0.22	0.09	0.26	0.2	0.27	0.23	0.9	0.37	0.18	0.31
0.41	0.05	0.41	0.34	0.41	0.29	0.13	0.06	0.04	0.06	0.41	5.38	0.01	0.06	0.35	0.21	0.08	0.39	0.34	0.04	0.47	0.48	0.21	0.14	0.15	0.05	0.46	0.08	0.13	0	0.28	0.16	0.06	0.2	0.42	0.19	0.03	0.17	0.47	0.16	0.05	0.13	0.05	0.14	0.97	0.47	0.22	0.06	0.5	0.18	0.22	0.21	0.04	0.63	0	0.12	0.45	0.2	0.49	0.48	0.04	0.48	0.06	0.22	0.25	0.18	0.07	0.13	0.08	0.07	0.05	0.58	0.13	0.48	0.25	0.13	0.16	0.33	0.68	0.37	0.03	0.15	0.32	0.66	0.54	0.21	0.36	0.19	0.12	0.19	0.23	0.48	0.17	0.34	0.08	0.05	0.19	0.05	0.48
0.01	0.29	0.27	0.37	0.02	0.31	0.01	0.12	0.18	0.17	0.4	2.5	0.36	0.44	0.47	0.49	0.15	0.99	0.24	0.12	0.14	0.05	0.09	0.1	0.4	0.1	0.11	0.4	0.4	0.11	0.01	0.26	0.41	0.02	0.64	0.08	0.41	0.81	0	0.05	0.1	0.04	0.1	0.15	0.42	0.02	0.72	0.42	0.22	0.01	0.83	0.42	0.42	0.07	0.11	0	0.13	0.1	0.43	0.12	0.11	0.01	0.43	0.15	0.38	0.07	0.14	0.02	0.43	0.48	0.11	0.03	0.06	0.43	0.09	0.03	0.05	0.07	0.48	0.11	0.12	0.04	0.44	0.18	0.5	0.04	0.3	0.64	0.01	0.44	0.03	0.19	0.4	0.23	0.41	0.1	0.31	0.95	0.59
0.13	0.02	0.11	0.48	0.13	0.42	0.49	0.17	0.02	0	0.99	8.72	0.05	0.03	0.38	0.21	0.05	0.53	0.3	0.5	0.21	0.41	0.46	0.14	0.14	0.03	0.49	0.41	0.09	0.06	0.12	0.18	0.01	0.23	0.05	0.19	0.03	0.03	0.1	0.21	0.04	0.13	0.41	0.14	1.68	0.38	0.92	0.2	0.34	0.49	0.6	0.47	0.02	0.26	0.06	0.12	0	0.03	0.42	0.5	0.03	0.44	0.03	0.22	0.17	0.16	0.04	0.4	0.6	0.02	0.04	0.4	0.13	0.5	0.03	0.15	0.55	0.44	0.33	0.05	0.05	0.38	0.44	0.19	0.28	0.13	0.2	0.44	0.13	0.03	0.45	0.3	0.38	0.74	0.05	0.02	0.05	0.2	0.55
0.13	0.23	0.4	0.19	0.14	0.4	0.11	0.15	0.4	0.03	0.12	9.13	0.42	0.04	0.38	0.23	0.42	0.44	0.28	0.02	0.13	0.16	0.19	0.34	0.14	0.03	0.03	0.53	0.09	0.05	0.4	0.17	0.43	0.74	0.04	0.2	0.02	0.32	0.09	0.44	0.22	0.44	0.01	0.13	2.33	0.13	0.45	0.06	0.33	0.09	0.08	0.45	0.01	0.44	0.05	0.11	0.11	0	0.17	0.46	0.03	0.18	0.03	0.2	0.51	0.16	0.04	0.11	0.05	0.04	0.02	0.93	0.13	0.46	0.03	0.12	0.56	0.2	0.33	0.04	0.07	0.33	0.05	0.2	0.57	0.13	0.54	0.19	0.11	0.03	0.47	0.31	0.04	0.34	0.05	0.08	0.04	0.17	0.28
0.05	0.18	0.23	0.49	0.1	0.25	0.04	0.5	0.49	0.55	0.05	11.6	0.15	0.4	0.57	0.14	0.19	0.39	0.19	1.18	0.54	0.04	0.05	0.07	0.05	0.14	0.35	0.44	0.41	0.17	0.05	0.05	0.51	0.09	0.15	0.43	0.14	0.41	0.41	0.04	0.16	0.08	0.18	0.07	0.62	0.1	0.17	0.92	0.44	0.05	0.18	0.42	0.35	1.23	0.16	0.05	0.16	0.17	0	0.05	0.14	0.43	0.17	0.17	0.04	0.02	0.17	0.63	0.18	0.17	0.74	0.05	0.44	0.13	0.45	0.08	0.1	0.03	0.29	0.84	0.16	0.03	0.95	0.03	0.44	0.09	0.03	0.44	0.04	0.16	0.05	0.16	0.45	0.18	0.36	0.17	0.45	0.17	0.18
0.27	0.17	0.14	0.14	0.1	0.32	0.02	0.13	0.11	0.47	0.02	9.28	0.44	0.1	0.24	0.08	0.44	0.26	0.23	0.09	0.31	0.04	0.44	0.23	0.04	0.11	0.12	0.16	0.44	0.12	0.43	0.05	0.12	0.43	0.12	0.44	0.08	0.34	0	0.05	0.18	0.04	0.12	0.01	0.73	0.1	0.16	0.43	0.23	0.01	0.43	0.09	0.1	0.07	0.51	0.01	0.49	0.2	0.1	0.01	0.11	0.44	0.12	0.16	0.04	0.44	0.13	0.02	0.44	0.12	0.35	0.04	0.32	0.44	0.09	0.04	0.04	0.07	0.44	0.11	0.23	0.2	0.26	0.09	0.22	0.04	0.09	0.43	0.11	0.1	0.04	0.43	0.12	0.22	0.14	0.43	0.13	0.11	0.49
0.1	0.03	0.09	0.07	0.12	0.42	0.44	0.03	0.02	0.03	0.34	5.75	0.04	0.1	0.42	0.2	0.76	0.2	0.52	0.03	0.07	0.15	0.18	0.19	0.29	0.02	0.43	0.05	0.11	0.05	0.11	0.16	0.04	0.13	0.05	0.42	0.02	0.03	0.1	0.26	0.04	0.22	0.42	0.39	1.68	0.14	0.53	0.27	0.51	0.1	0.02	0.18	0.03	0.25	0.32	0.09	0.03	0.22	0.29	0.1	0	0.11	0.04	0.5	0.25	0.36	0.05	0.12	0.06	0.04	0.04	0.13	0.12	0.27	0.35	0.33	0.2	0.18	0.68	0.15	0.03	0.18	0.04	0.17	0.55	0.12	0.19	0.15	0.1	0.2	0.14	0.54	0.04	0.45	0.07	0.03	0.07	0.03	0.2
0.42	0.42	0.92	1.42	0.42	0.43	0.92	0.83	0.92	0.42	0.92	5.06	0.49	0.11	0.97	0.47	0.13	0.97	0.24	0.97	0.47	0.47	0.46	0.04	0.46	0.46	0.13	0.13	2.37	0.95	0.01	0.95	0.95	0.45	0.42	0.45	0.45	0.95	0	0.45	0.95	0.45	0.44	0.43	0.94	0.43	0.64	0.43	0.93	0.43	0.93	1.43	0.12	0.42	0.42	0.01	0.96	0.12	0.42	0.02	0.42	0.01	0.5	0.93	0.92	0.92	0.42	0.42	0.41	0.43	0.25	0.42	0.41	0.51	0.5	0.04	0.44	0.43	0.41	0.4	0.41	0.5	1.5	0.99	0.6	0.04	0.48	0.99	0.01	0.49	0.03	0.58	0.48	0.49	0.13	0.48	0.98	0.98	0.76
0.14	0.17	0.46	0.02	0.14	0.22	0.15	0.03	0.04	0.06	0.46	0.49	0.17	0.16	0.39	0.23	0.02	0.21	0.45	0.03	0.06	0.17	0.45	0.16	0.16	0.04	0	0.05	0.12	0.28	0.45	0.18	0.04	0.16	0.05	0.21	0.03	0.3	0.13	0.22	0.03	0.14	0.03	0.16	2.77	0.15	0.37	0.41	0.46	0.37	0.06	0.45	0.02	0.16	0.06	0.14	0.28	0.03	0.18	0.45	0.04	0.12	0	0.22	0.46	0.17	0.01	0.14	0.02	0.04	0.04	0.16	0.15	0.31	0.04	0.13	0.22	0.18	0.32	0.57	0.05	0.2	0.06	0.5	0.46	0.45	0.21	0.16	0.12	0.44	0.14	0.32	0.24	0.36	0.02	0.37	0.02	0.03	0.2
0.15	0.21	0.3	0.23	0.35	0.42	0.17	0.48	0.21	0.38	0.15	1.65	0.22	0.63	0.37	0.21	0.48	0.37	0.35	0.51	0.28	0.16	0.21	0.4	0.3	0.23	0.22	0.47	0.33	0.53	0.16	0.49	0.22	0.13	0.24	0.19	0.19	0.36	0.15	0.49	0.21	0.56	0.31	1.26	0.18	0.12	0.01	0.48	0.33	0.15	0.23	0.21	0.2	1.3	0.22	0.34	0.22	0.3	0.52	0.16	0.21	0.16	0.22	0	0.48	0.2	0.4	0.39	0.71	0.23	0.2	0.14	0.13	0.6	0.26	0.22	0.21	0.88	0.91	0.4	0.23	0.28	0.22	0.18	0.07	0.48	0.49	1.12	0.16	0.22	0.36	0.31	0.22	0.35	0.23	0.52	0.23	0.21	0.9
0.03	0.16	0.19	0.17	0.46	0.65	0.22	0.18	0.16	0.15	0.03	0.97	0.47	0.67	0.19	0.44	0.17	0.23	0.21	0.47	0.36	0.03	0.05	0.04	0.06	0.13	0.16	0.48	0.29	0.15	0.37	0.04	0.16	0.06	0.15	0.05	0.14	0.16	0.04	0.01	0.69	0.03	0.16	0.06	0.89	0.09	0.18	0.47	0.49	0.04	0.49	0.05	0.15	0.1	0.28	0.04	0.16	0.14	0.04	0.11	0.14	0.05	0.17	0.27	0	0.05	0.4	0.03	0.58	0.44	0.17	0.5	0.11	0.4	0.14	0.04	0.39	0.05	0.19	0.16	0.4	0.08	0.16	0.05	0.48	0.41	0.05	0.06	0.04	0.51	0.41	0.17	0.61	0.91	0.41	0.41	0.51	0.17	0.2
0.07	0.33	0.2	0.6	0.06	0.22	0.07	0.66	0.18	0.16	0.4	4.88	0.17	0.19	0.47	0.01	0.47	0.4	0.17	0.15	0.19	0.05	0.47	0.07	0.07	0.16	0.46	0.18	0.25	0.51	0.07	0.07	0.52	0.06	0.18	0.14	0.14	0.24	0.07	0.05	0.16	0.08	0.17	0.14	2.56	0.27	0.2	0.18	0.15	0.08	0.52	0.03	0.15	0.42	0.47	0.07	0.16	0.16	0.03	0.07	0.35	0.09	0.17	0.2	0.05	0	0.51	0.08	0.18	0.46	0.46	0.07	0.18	0.12	0.16	0.1	0.05	0.02	0.19	0.18	0.47	0.05	0.18	0.01	0.16	0.07	0.01	0.05	0.47	0.47	0.07	0.11	0.18	0.45	0.19	0.16	0.47	0.18	0.2
0.45	0.04	0.12	0.04	0.22	0.45	0.15	0.35	0.04	0.96	0.46	0.94	0.44	0.27	0.41	0.23	0.03	0.54	0.3	0.05	0.12	0.25	0.23	0.17	0.44	0.27	0.01	0.07	0.12	0.08	0.44	0.19	0.05	0.15	0.06	0.21	0.04	0.34	0.15	0.24	0.21	0.14	0.04	0.17	1.06	0.54	0.29	0.05	0.36	0.11	0.05	0.21	0.07	0.2	0.07	0.47	0.44	0.04	0.47	0.13	0.05	0.15	0.03	0.23	0.42	0.51	0	0.53	0.01	0.06	0.05	0.33	0.16	0.3	0.05	0.16	0.55	0.21	0.65	0.07	0.06	0.45	0.22	0.44	0.29	0.16	0.21	0.45	0.13	0.05	0.45	0.33	0.07	0.36	0.03	0.04	0.05	0.04	0.37
0	0.12	0.15	0.42	0.03	0.3	0	0.14	0.12	0.44	0.04	4.21	0.12	0.1	0.25	0.49	0.49	0.25	0.34	0.12	0.12	0.04	0.08	0.03	0.03	0.1	0.13	0.17	0.23	0.13	0.02	0.05	0.39	0.02	0.11	0.08	0.11	0.16	0.32	0.11	0.4	0.03	0.11	0.35	0.29	0.39	0.15	0.23	0.22	0.02	0.41	0.51	0.12	0.07	0.14	0.41	0.12	0.11	0.05	0.41	0.12	0.08	0.41	0.16	0.03	0.07	0.15	0	0.15	0.15	0.13	0.03	0.42	0.28	0.11	0.04	0.1	0.06	0.2	0.38	0.14	0.09	0.45	0.07	0.21	0.55	0.46	0.46	0.02	0.12	0.4	0.56	0.12	0.33	0.47	0.67	0.15	0.37	0.23
0.16	0.44	0.11	0.43	0.16	1.15	0.14	0.05	0.09	0.45	0.15	3.55	0.07	0.05	0.79	0.65	0.03	2.08	0.31	0.05	0.09	0.19	0.23	0.16	0.16	0.11	0.03	0.07	0.13	0.08	0.14	0.19	0.05	0.15	0.12	0.22	0.05	0.27	0.13	0.25	0.05	0.15	0.05	0.18	2.46	0.42	0.23	0.06	0.93	0.42	0.33	0.21	0.04	0.42	0.08	0.13	0.05	0.13	0.44	0.15	0.06	0.13	0.03	0.45	0.49	0.19	0.01	0.16	0	0.06	0.06	0.45	0.15	0.4	0.46	0.16	0.25	0.46	0.33	0.07	0.36	0.21	0.2	0.47	0.29	0.17	0.23	0.2	0.13	0.05	0.17	0.49	0.07	0.36	0.04	0.05	0.03	0.24	0.49
0.19	0.18	0.11	0.06	0.16	0.27	0.36	0.02	0.03	0.03	0.42	4.7	0.26	0.04	0.46	0.24	0.06	0.21	0.54	0.24	0.08	0.52	0.93	0.15	0.17	0.04	0.04	0.02	0.11	0.33	0.12	0.45	0.01	0.14	0.14	0.2	0.04	0.06	0.11	0.45	0.05	0.2	0.04	0.15	1.86	0.14	0.86	0.76	0.34	0.66	0.11	0.23	0.03	0.78	0.34	0.13	0.02	0.04	0.17	0.12	0.07	0.67	0.05	0.23	0.47	0.27	0.06	0.37	0.06	0	0.15	0.48	0.32	0.29	0.04	0.15	0.29	0.2	0.48	0.06	0.05	0.18	0.38	0.48	0.29	0.14	0.28	0.23	0.46	0.04	0.15	0.64	0.1	0.35	0.06	0.12	0.28	0.03	0.71
0.12	0.16	0.08	0.44	0.15	0.26	0.11	0.04	0.03	0.04	0.14	4.44	0.04	0.12	0.47	0.23	0.16	0.19	0.25	0.01	0.07	0.17	0.2	0.48	0.16	0.22	0.04	0.06	0.71	0.34	0.5	0.18	0.04	0.13	0.27	0.42	0.4	0.37	0.42	0.23	0.03	0.11	0.03	0.29	0.2	0.14	0.2	0.4	0.35	0.09	0.02	0.4	1.61	0.27	0.05	0.49	0.4	0.02	0.17	0.09	0.04	0.41	0.71	0.2	0.35	0.16	0.05	0.12	0.06	0.41	0	0.36	0.13	0.42	0.03	0.13	0.23	0.71	0.33	0.04	0.05	0.19	0.41	0.2	0.26	0.29	0.22	0.16	0.41	0.08	0.14	0.33	0.04	0.36	0.06	0.03	0.41	0.03	0.19
0.03	0.49	0.41	0.18	0.02	0.62	0.03	0.44	0.14	0.14	0.03	8.44	0.28	0.42	0.46	0.21	0.42	0.25	0.23	0.38	0.15	0.28	0.42	0.01	0.02	0.14	0.15	0.98	0.46	0.15	0.04	0.05	0.43	0.01	0.15	0.09	0.13	0.43	0.03	0.62	0.53	0.04	0.15	0.42	0.99	0.47	0.44	0.16	0.41	0.04	0.52	0.09	0.94	0.42	0.14	0.04	0.44	0.15	0.05	0.04	0.13	0.74	0.15	0.14	0.05	0.07	0.45	0.03	0.18	0.16	0.45	0	0.01	0.19	0.15	0.05	0.1	0.46	0.2	0.14	0.16	0.19	0.18	0.08	0.56	0.05	0.46	0.97	0.04	0.3	0.01	0.19	0.14	0.23	0.51	0.15	0.57	0.47	0.77
0.27	0.8	0.41	0.43	0	0.4	0.02	0.14	0.13	0.4	0.4	0.61	0.13	0.91	0.41	0.92	0.41	0.52	0.22	0.42	0.15	0.52	0.13	0.52	0.01	0.38	0.14	0.46	0.18	0.14	0.48	0.43	0.15	0	0.14	0.06	0.44	0.14	0.03	0.09	0.14	0.44	0.13	0.14	1.43	0	0.45	0.15	0.2	0.04	0.14	0.14	0.45	0.42	0.47	0.02	0.16	0.47	0.37	0.4	0.47	0.98	0.47	0.77	0.09	0.06	0.47	0.4	0.17	0.5	0.14	0.01	0	0.18	0.48	0.09	0.09	0.04	0.24	0.49	0.13	1	0.26	0.6	0.15	0.15	0.46	0.9	0.09	0.12	0.4	0.17	0.12	0.26	0.15	0.13	0.16	0.18	0.99
0.18	0.28	0.3	0.31	0.18	0.38	0.18	0.28	0.26	0.29	0.39	10	0.47	0.27	0.22	0.13	0.3	0.09	0.5	0.27	0.32	0.2	0.14	0.4	0.19	0.27	0.28	0.41	0.35	0.28	0.4	0.4	0.29	0.18	0.29	0.1	0.81	0.52	0.18	0.2	0.27	0.18	0.26	0.19	0.21	0.18	0.73	0.32	0.42	0.2	0.47	0.14	0.62	0.28	0.28	0.18	0.83	0.26	0.13	0.19	0.27	0.25	0.29	0.35	0.19	0.12	0.31	0.18	0.46	0.3	0.43	0.22	0.18	0	0.5	0.19	0.2	0.23	0.47	0.44	0.28	0.24	0.3	0.1	0.37	0.19	0.1	0.44	0.19	0.44	0.19	0	0.28	0.03	0.31	0.45	0.3	0.54	0.39
0.1	0.03	0.45	0.06	0.13	0.26	0.1	0.03	0.21	0.03	0.12	2.63	0.03	0.02	0.37	0.97	0.05	0.21	0.34	0.02	0.06	0.38	0.2	0.13	0.16	0.02	0.21	0.06	1.88	0.35	0.47	0.16	0.04	0.12	0.05	0.18	0.01	0.27	0.26	0.48	0.48	0.48	0.03	0.11	0.48	0.26	0.21	0.21	0.35	0.17	0.02	0.49	0.02	0.45	0.38	0.43	0.03	0.05	0.35	0.11	0.1	0.33	0.22	0.21	0.9	0.16	0.05	0.9	0.4	0.04	0.03	0.13	0.12	0.25	0	0.44	0.21	0.18	0.4	0.03	0.04	0.16	0.04	0.91	0.27	0.1	0.51	0.16	0.09	0.41	0.14	0.41	0.03	0.33	1.01	0.41	0.92	0.03	0.34
0.42	0.12	0.19	0.85	0.1	0.32	0.03	0.14	0.43	0.43	0.03	5.86	0.13	0.31	0.23	0.08	0.15	0.27	0.22	0.11	0.42	0.04	0.09	0.38	0.05	0.74	0.15	0.14	0.59	0.41	0.03	0.08	0.14	0.13	0.18	0.5	0.47	0.13	0.04	0.04	0.23	0.01	0.12	0.04	1.89	0.1	0.49	0.15	0.28	0.03	0.1	0.4	0.11	0.36	0.13	0.04	0.14	0.44	0.09	0.03	0.11	0.04	0.4	0.21	0.04	0.1	0.16	0.04	0.16	0.47	0.12	0.05	0.1	0.19	0.12	0	0.03	0.09	0.42	0.29	0.13	0.22	0.5	0.1	1.14	0.34	0.1	0.09	0.17	0.41	0.05	0.2	0.13	0.23	0.15	0.44	0.2	0.13	0.24
0.85	0.22	0.24	0.32	0.09	0.32	0.1	0.21	0.2	0.21	0.03	4.98	0.4	0.28	0.27	0.44	0.44	0.27	0.23	0.95	0.44	0.41	0.13	0.09	0.45	0.22	0.22	0.23	0.25	0.56	0.04	0.04	0.34	0.48	0.17	0.09	0.21	0.48	0.37	0	0.23	0.03	0.22	0.12	1.65	0.21	0.23	0.25	0.33	0.04	0.22	0.05	0.4	0.49	0.16	0.4	0.22	0.23	0.3	0.05	0.2	0.05	0.31	0.21	0.01	0.05	0.23	0.1	0.43	0.25	0.42	0.1	0.42	0.2	0.31	0.03	0	0.08	0.22	0.43	0.26	0.1	0.37	0.09	0.23	0.04	0.45	0.65	0.04	0.21	0.45	0.45	0.16	0.55	0.23	0.46	0.24	0.22	0.37
0.96	0.46	0.32	0.2	0.05	0.23	0.06	0.17	0.43	0.51	0.43	7.06	0.42	0.52	0.42	0.22	0.5	0.19	0.81	0.41	0.55	0.08	0.34	0.4	0.4	0.35	0.9	0.41	0.8	0.2	0.07	0.36	0.18	0.17	0.18	0.01	0.16	0.88	0.48	0.08	0.19	0.07	0.56	0.44	1.06	0.04	0.17	0.18	0.16	0.45	0.55	0.36	0.45	1.15	0.18	0.07	0.44	0.19	0.03	0.07	0.43	0.47	0.21	0.19	0.42	0.02	0.21	0.06	0.42	0.25	0.18	0.41	0.05	0.51	0.16	0.4	0.08	0	0.14	0.4	0.4	0.14	0.49	0.06	0.99	0.48	0.01	0.03	0.07	0.47	0.67	1.67	0.17	0.97	0.46	0.19	0.56	0.19	0.21
0.83	0.45	1.09	0.4	0.24	0.49	0.2	0.33	0.31	0.49	0.29	3.79	0.48	0.48	0.04	0.15	0.33	0.39	0.26	0.69	0.35	0.21	0.2	0.49	0.19	0.59	0.69	0.49	0.4	0.32	0.42	0.17	0.49	0.49	0.47	0.13	0.39	0.49	0.2	0.29	0.34	0.5	0.68	0.22	3.79	0.8	0.5	0.73	0.02	0.5	0.34	0.16	0.32	0.5	0.55	0.6	0.34	0.33	0.17	0.41	0.31	0.65	0.61	0.31	0.41	0.16	0.41	0.2	0.35	0.34	0.41	0.51	0.23	0.41	0.31	0.23	0.61	0.92	0	0.31	0.31	0.19	0.32	0.44	0.7	0.22	0.44	0.16	0.22	0.44	0.19	0.54	0.31	0.46	0.64	0.34	0.64	0.34	0.33
0.12	0.04	0.1	0.07	0.47	0.47	0.12	0.87	0.03	0.05	0.12	3.62	0.3	0.41	0.34	0.41	0.07	0.2	0.4	0.21	0.09	0.15	0.49	0.69	0.13	0.05	0.06	0.07	0.4	0.01	0.11	0.15	0.16	0.47	0.46	0.19	0.02	0.03	0.46	0.15	0.44	0.12	0.05	0.48	3.23	0.93	0.43	0.92	0.33	0.17	0.41	0.19	0.04	0.41	0.4	0.5	0.05	0.49	0.48	0.12	0.04	0.48	0.06	0.22	0.48	0.17	0.07	0.47	0.07	0.06	0.04	0.45	0.13	0.65	0.03	0.14	0.21	0.39	0.44	0	0.03	0.43	0.01	0.18	0.92	0.42	0.35	0.18	0.41	0.16	0.13	0.4	0	0.59	0.07	0.04	0.13	0.04	0.27
0.13	0.04	0.08	0.44	0.13	0.27	0.39	0.47	0.02	0.04	0.28	1.25	0.17	0.33	0.4	0.22	0.07	0.21	0.34	0.04	0.06	0.16	0.2	0.16	0.42	0.03	0.4	0.07	0.13	0.04	0.18	0.16	0.05	0.34	0.05	0.19	0.4	0.04	0.4	0.51	0.09	0.14	0.15	0.16	1.88	0.21	0.23	0.06	0.33	0.13	0.59	0.21	0.04	0.62	0.03	0.33	0.4	0.4	0.34	0.12	0.03	0.53	0.05	0.54	0.14	0.17	0.4	0.5	0.33	0.06	0.05	0.14	0.13	0.28	0.03	0.15	0.21	0.41	0.31	0.26	0	0.51	0.03	0.17	0.41	0.26	0.19	0.15	0.14	0.33	0.14	0.69	0.03	0.34	0.07	0.04	0.24	0.04	0.46
0.09	0.41	0.34	0.17	0.13	0.32	0.03	0.46	0.15	0.14	0.41	0.56	1.07	0.16	0.19	0.04	0.23	0.34	0.57	0.9	0.53	0.06	0.05	0.04	0.04	0.26	0.47	0.62	0.29	0.16	0.03	0.03	0.15	0.09	0.15	0.47	0.37	0.22	0.07	0.17	0.16	0.06	0.17	0.3	4.04	0.12	0.57	0.47	0.29	0.23	0.14	0.07	0.41	0.05	0.15	0.04	0.16	0.16	0.06	0.06	0.68	0.87	0.17	1.18	0.2	0.09	0.17	0.62	0.26	0.55	0.19	0.32	0.13	0.26	0.54	0.05	0	0.04	0.19	0.48	0.47	0	1.02	0.3	0.22	0.06	0.1	0.15	0.04	0.48	0.31	0.48	0.14	0.2	0.4	0.5	0.27	0.5	0.22
0.12	0.05	0.19	0.33	0.13	0.29	0.12	0.06	0.04	0.06	0.13	1.46	0.01	0.66	0.35	0.21	0.08	0.21	0.34	0.04	0.15	0.41	0.27	0.46	0.14	0.05	0.46	0.08	0.13	0	0.12	0.57	0.06	0.13	0.08	0.19	0.03	0.47	0.11	0.16	0.05	0.13	0.47	0.48	1.92	0.48	0.22	0.24	0.33	0.18	0.2	0.48	0.48	0.72	0	0.11	0.06	0.05	0.16	0.12	0.49	0.17	0.42	0.49	0.15	0.18	0.07	0.49	0.08	0.07	0.05	0.14	0.55	0.99	0.23	0.13	0.16	0.17	0.43	0.48	0.03	0.15	0.91	0.9	0.32	0.14	0.4	0.4	0.3	0.07	0.14	0.9	0.4	0.92	0.76	0.05	0.46	0.05	0.59
0.41	0.19	0.51	0.48	0.06	1.08	0.07	0.2	0.5	0.19	0.07	2.38	0.18	0.42	0.18	0.02	0.57	0.18	0.17	0.2	0.2	0.07	0.65	0.08	0.29	0.17	0.19	1.26	0.75	0.45	0.08	0.08	0.22	0.45	0.19	0	0.17	0.45	0.08	0.09	0.22	0.09	0.22	0.1	2.2	0.06	0.35	0.28	0.14	0.07	0.3	0.04	0.19	0.36	0.19	0.96	0.19	0.2	0.03	0.44	0.97	0.61	0.22	0.62	0.43	0.01	0.22	0.36	0.49	0.28	0.47	0.08	0.18	0.18	0.47	0.28	0.09	0.78	0.47	0.18	0.17	0.15	0.19	0	0.39	0.1	0.01	0.04	0.48	0.47	0.07	0.49	0.18	0.15	0.21	0.2	0.22	0.2	0.21
0.21	0.48	0.62	0.98	0.21	0.48	0.48	0.28	0.51	1.19	0.21	2.73	0.28	0.29	0.82	0.27	1.1	0.43	0.41	0.58	0.25	0.49	0.29	0.64	0.39	0.59	0.28	0.49	0.49	0.37	0.21	1.6	0.28	0.19	0.52	0.5	0.25	0.25	0.17	0.4	0.27	0.48	0.4	0.6	0.91	0.4	0.07	2.01	1.51	0.14	0.45	0.27	0.41	1.41	0.41	0.21	0.28	0.26	0.41	0.22	0.27	0.91	0.41	0.06	0.18	0.41	0.29	0.51	0.51	0.52	0.26	0.19	0.24	0.49	0.62	0.52	0.23	0.24	0.37	0.42	0.29	0.21	0.83	0.93	0	0.28	0.25	0.39	0.43	0.27	0.14	0.36	0.28	0.63	0.29	0.27	0.63	0.27	0.84
0.23	0.73	0.16	0.32	0.42	0.46	0.04	0.48	0.12	0.13	0.41	2.71	0.4	0.13	0.4	0.07	0.14	0.52	0.4	0.1	0.15	0.42	0.09	0.44	0.05	0.17	0.14	0.91	0.23	0.53	0.26	0.72	0.15	0.09	0.14	0.1	0.42	0.45	0.03	0.03	0.42	0.01	0.12	0.41	6.65	0.42	0.22	0.33	0.58	0.89	0.4	0.43	0.12	0.43	0.14	0.03	0.13	0.11	0.44	0.04	0.13	0.04	0.26	0.22	0.04	0.07	0.47	0.03	0.15	0.14	0.39	0.05	0.95	0.19	0.13	0	0.28	0.09	0.22	0.13	0.45	0.03	0.55	0.1	0.28	0	0.45	0.46	0.03	0.12	0.04	0.23	0.13	0.53	0.14	0.47	0.46	0.46	0.56
0.08	0.18	0.21	0.44	0.45	0.46	0.47	0.46	0.19	0.29	0.35	10.4	0.19	0.17	0.4	0.25	0.48	0.18	0.3	0.19	0.18	0.08	0.04	0.09	0.07	0.19	0.21	0.21	0.48	0.2	0.08	0.04	0.8	0.06	0.17	0.01	0.25	0.77	0.25	0.29	0.49	0.09	0.3	0.13	1.63	0.06	0.19	0.49	0.15	0.69	0.19	0.04	0.18	0.67	0.19	0.08	0.19	0.2	0.03	0.09	0.19	0.08	0.21	0.19	0.43	0.01	0.49	0.08	0.29	0.32	0.19	0.09	0.06	0.4	0.5	0.17	0.09	0.29	0.31	0.4	0.19	0.14	0.19	0	0.26	0.1	0	0.05	0.09	0.18	0.08	0.27	0.5	0.41	0.23	0.21	0.3	0.35	0.41
0.04	0.15	0.18	0.18	0.41	0.5	0.27	0.16	0.15	0.52	0.06	1.25	0.17	0.48	0.22	0.3	0.21	0.22	0.21	0.16	0.18	0.1	0.44	0.48	0.05	0.48	0.18	0.19	0.22	0.19	0.21	0.09	0.16	0.03	0.15	0.04	0.48	0.21	0.05	0.18	0.98	0.08	0.18	0.32	0.41	0.47	0.29	0.48	0.31	0.09	0.15	0.48	0.58	0.25	0.48	0.07	0.17	0.17	0.09	0.4	0.16	0.16	0.49	0.18	0.06	0.17	0.19	0.05	0.48	0.17	0.48	0.05	0.09	0.15	0.16	0.08	0.07	0.46	0.16	0.46	0.15	0.28	0.21	0.26	0.17	0.98	0.05	0	0.07	0.15	0.04	0.15	0.18	0.22	0.19	0.17	0.19	0.49	1.89
0.02	0.1	0.16	0.13	0.1	0.66	0.08	0.11	0.09	0.11	0.01	9.58	0.9	0.11	0.22	0.08	0.14	0.26	0.22	0.09	0.14	0.04	0.4	0.04	0.04	0.33	0.38	0.51	0.17	0.12	0	0.04	0.41	0.48	0.46	0.08	0.41	0.41	0.01	0.04	0.12	0.36	0.11	0.01	0.06	0.1	0.16	0.61	0.23	0.86	0.16	0.08	0.11	0.13	0.41	0.01	0.42	0.1	0.23	0.01	0.11	0.72	0.13	0.16	0.04	0.08	0.13	0.02	0.15	0.5	0.1	0.42	0.09	0.19	0.11	0.03	0.04	1.12	0.23	0.37	0.42	0.07	0.28	0.08	0.22	0.03	0.09	0.22	0	0.11	0.27	0.2	0.32	0.43	0.13	0.1	0.16	0.44	0.51
1.43	0.11	0.09	0.05	0.5	0.47	0.47	0.03	0	0.08	0.11	3.91	0.04	0.67	0.35	0.46	0.05	0.45	0.66	0.03	0.06	0.14	0.2	0.26	0.14	0.02	0.04	0.05	0.09	0.39	0.09	0.18	0.03	0.13	0.06	0.17	0.02	0.03	0.3	0.21	0.03	0.49	0.03	0.49	0.48	0.23	0.21	0.63	0.32	0.18	0.16	0.51	0.02	0.5	0.04	0.09	0.32	0.03	0.16	0.1	0.02	0.12	0.04	0.22	0.41	0.41	0.05	0.41	0.06	0.41	0.04	0.14	0.12	0.29	0.02	0.12	0.21	0.16	0.3	0.04	0.02	0.28	0.92	0.17	0.27	0.12	0.42	0.14	0.1	0	0.41	0.3	0.33	0.68	0.05	0.03	0.32	0.03	1.93
0.04	0.54	0.18	0.17	0.52	0.64	0.02	0.52	0.12	0.14	0.42	5.19	0.13	0.13	0.24	0.09	0.18	0.3	0.23	0.47	0.44	0.12	0.65	0.21	0.03	0.44	0.16	0.44	0.35	0.15	0.85	0.05	0.15	0.01	0.16	0.28	0.14	0.13	0.03	0.45	0.15	0.27	0.27	0.05	0.12	0.01	0.15	0.42	0.21	0.04	0.79	0.08	0.16	0.09	0.14	0.03	0.45	0.14	0.05	0.04	0.96	0.25	0.17	0.15	0.04	0.07	0.15	0.03	0.46	0.16	0.16	0.01	0.01	0.19	0.13	0.05	0.09	0.05	0.19	0.87	0.47	0.04	0.14	0.47	0.47	0.47	0.12	0.13	0.07	0.14	0	0.41	0.14	0.23	0.17	0.48	0.16	0.27	0.22
0.46	0.46	0.66	1.16	0.46	0.12	0.19	0.46	0.46	0.66	0.19	0.43	0.63	0.3	0.63	0.63	0.34	0.44	0.43	0.43	0.33	0.19	0.15	0.93	0.18	0.31	0.43	0.49	0.7	0.83	0.2	0.43	0.43	0.43	0.46	0.28	0.43	0.71	0.52	0.21	0.3	0.94	0.31	0.44	0.67	0.17	0.42	0.34	0.26	0.42	0.35	0.15	0.31	0.5	0.31	0.19	0.52	0.42	0.14	0.2	0.31	0.2	0.31	0.3	0.42	0.93	0.32	0.19	0.43	0.37	0.43	0.43	0.42	0.42	0.92	0.42	0.21	0.42	0.48	0.85	0.32	0.17	0.41	0.12	0.36	0.42	0.12	0.42	0.2	0.29	0.42	0	0.42	0.4	0.32	0.41	0.52	0.36	0.41
0.12	0.16	0.1	0.42	0.26	0.49	0.12	0.05	0.03	0.06	0.12	4.27	0.54	0.05	0.44	0.32	0.07	0.44	0.34	0.03	0.09	0.15	0.54	0.31	0.14	0.05	0.06	0.07	0.43	0.01	0.45	0.16	0.05	0.45	0.07	0.18	0.03	0.21	0.11	0.16	0.19	0.12	0.46	0.11	1.25	0.46	0.22	0.06	0.66	0.18	0.08	0.2	0.04	0.46	0.01	0.47	0.05	0.12	0.47	0.12	0.04	0.5	0.06	0.22	0.97	0.17	0.07	0.12	0.07	0.3	0.04	0.14	0.48	0.48	0.03	0.13	0.15	0.23	0.48	0	0.03	0.21	0.01	0.18	0.28	0.48	0.5	0.18	0.12	0.41	0.25	0.3	0	0.59	0.07	0.04	0.34	0.04	0.52
0.23	0.45	0.34	0.75	0.61	0.46	0.23	0.44	0.46	0.55	0.22	2.94	0.33	0.85	0.32	0.17	0.71	0.42	0.05	0.93	0.34	0.23	1.03	0.23	0.43	0.74	0.44	0.36	0.62	0.35	0.23	0.18	0.34	0.44	0.32	0.15	0.33	0.95	0.44	0.22	0.61	0.23	0.35	0.26	2	0.75	0.43	0.47	0.45	0.65	0.33	0.18	0.46	0.96	0.96	0.66	0.6	0.46	0.82	0.22	0.47	0.57	0.58	0.35	0.19	0.31	0.37	0.46	0.36	1.08	0.58	0.23	0.22	0.03	0.67	0.23	0.99	0.17	0.99	0.55	0.37	0.49	1	0.49	0.41	0.49	0.49	0.22	0.99	0.33	0.49	0.59	1	0	0.37	1.69	0.7	0.5	0.4
0.14	0.26	0.48	0	0.48	0.24	0.15	0.05	0.05	0.08	0.14	6.15	0.07	0.46	0.66	0.52	0.03	0.47	0.3	0.44	0.09	0.18	0.22	0.16	0.18	0.08	0.35	0.07	0.13	0.08	0.13	0.48	0.05	0.31	0.07	0.24	0.05	0.59	0.13	0.23	0.05	0.14	0.05	0.49	1.9	0.46	0.53	0.07	0.37	0.13	0.05	0.4	0.04	1.41	0.08	0.4	0.05	0.04	0.91	0.41	0.07	0.29	0.02	0.61	0.17	0.41	0.03	0.41	0.41	0.06	0.06	0.18	0.15	0.41	0.06	0.15	0.92	0.44	0.34	0.07	0.92	0.26	0.08	0.21	0.62	0.15	0.21	0.19	0.14	0.05	0.17	0.34	0.42	0.37	0	0.1	0.01	0.05	0.22
0.12	0	0.09	0.05	0.47	0.26	0.12	0.02	0.98	0.02	0.12	3.02	0.44	0.04	0.66	0.48	0.05	0.19	0.39	0.02	0.94	0.91	0.45	0.15	0.45	0	0.03	0.15	0.45	0.05	0.45	0.76	0.03	0.13	0.04	0.33	0.02	0.02	0.43	0.57	0.02	0.14	0.02	0.15	0.33	0.47	0.21	0.03	0.33	0.09	0.13	0.19	0.01	0.48	0.05	0.1	0.04	0.02	0.48	0.11	0.03	0.46	0.03	0.37	0.25	1	0.04	0.49	0.05	0.03	0.03	0.15	0.44	0.4	0.23	0.12	0.61	0.47	0.41	0.04	0.33	0.41	0.41	0.41	0.26	0.42	0.2	1.32	0.16	0.27	0.15	0.55	0.04	0.42	0.62	0	0.59	0.07	0.39
0.14	0.35	0.1	0.49	0.18	0.24	0.49	0.05	0.05	0.49	0.3	1	0.07	0.08	0.49	0.24	0.29	0.49	0.3	0.04	0.7	0.18	1.2	0.17	0.4	0.07	0.4	0.07	0.23	0.67	0.38	0.42	0.41	0.17	0.07	0.55	0.04	0.04	0.14	0.23	0.42	0.13	0.42	2.25	1.71	0.15	0.23	0.1	0.92	0.12	0.05	0.22	0.04	1.12	0.07	0.14	0.42	0.04	0.52	0.14	0.06	0.72	0.42	1.43	0.47	0.43	0.04	0.53	0.43	0.06	0.05	0.53	0.43	0.66	0.63	0.93	0.23	0.43	0.66	0.42	0.43	0.28	0.43	0.23	0.29	0.43	0.22	0.43	0.54	0.44	0.18	0.35	0.93	0.36	0	0.05	0	0.64	0.44
0.11	0.02	0.1	0.05	0.43	0.25	0.14	0.03	0.03	0.03	0.13	2.77	0.04	0.23	0.47	0.22	0.04	1.07	0.24	0.02	0.06	0.22	0.21	0.49	0.57	0.67	0.03	0.04	0.42	0.05	0.16	0.47	0.07	0.47	0.44	0.47	0.13	0.28	0.47	0.22	0.01	0.11	0.01	0.13	2.77	1.17	0.54	0.03	0.62	0.12	0.03	0.19	0.04	0.48	0.05	0.11	0.03	0.01	0.15	0.11	0.03	1.48	0.03	0.21	0.16	0.18	0.04	0.46	0.05	0.04	0.03	0.15	0.16	0.28	0.06	0.5	0.22	0.17	0.32	0.04	0.08	0.48	0.05	0.19	0.27	0.14	0.49	0.17	0.13	0.03	0.15	0.3	0.49	0.56	0.05	0.02	0.99	0	0.31
0.43	0.44	0.34	0.85	0.45	0.16	0.22	0.2	0.46	0.2	0.46	2.29	0.63	0.54	0.44	0.17	0.22	0	2.86	0.18	0.65	0.61	0.46	0.96	0.22	0.46	0.21	0.22	0.42	0.41	0.47	0.47	0.2	0.52	0.52	0.54	1.07	0.58	0.47	0.24	0.19	0.23	0.19	0.44	2.9	0.48	0.44	0.48	0.29	0.22	0.44	0.98	0.18	1.1	0.99	0.23	0.46	0.99	0.17	0.24	0.49	0.23	0.2	0.99	0.49	0.2	0.99	0.52	0.22	0.21	0.33	0.49	0.7	0.09	0.4	1.41	0.59	0.16	0.6	0.27	0.21	0.32	0.9	0.15	0.4	0.4	0.5	0.19	0.23	0.2	0.7	0.09	0.27	0.4	0.22	0.19	0.41	1.41	0.92
