0	0.12	0.15	0.45	0.02	0.69	0	0.12	0.45	2.2	0.01	4.51	0.12	0.58	0.48	0.48	0.17	0.25	2.84	0.11	0.12	0.04	0.08	0.12	0.03	0.32	0.49	0.54	0.18	0.13	0.02	0.05	0.49	0.02	0.19	0.35	0.5	0.11	0.01	0.1	0.12	0.04	0.12	0.03	13.2	0.02	0.15	0.77	0.22	0.19	0.11	0.08	0.12	0.05	0.4	0.36	0.13	0.11	0.04	0.4	1.67	0.09	0.4	0.5	0.03	0.07	0.17	0.32	0.16	0.41	0.51	0.03	0.41	0.18	0.11	0.17	0.1	0.06	0.41	0.12	0.14	0.41	0.41	0.19	0.21	0.04	0.08	0.41	0.02	0.11	0.02	0.19	0.41	0.22	0.16	0.14	0.42	0.38	0.55
0.26	0	0.29	0.4	0.48	0.25	0.11	0.02	0.02	0.02	0.11	0.82	0.04	0.02	0.42	0.41	0.13	0.48	0.22	0.41	0.05	0.92	0.19	0.41	0.42	0.14	0.03	0.04	0.42	0.1	0.1	0.17	0.09	0.42	0.04	0.2	0.02	0.02	0.42	0.2	0.07	0.33	0.01	0.18	0.15	0.2	0.33	27.1	0.42	0.18	0.02	0.25	0.01	0.55	0.05	0.11	0.02	0.02	0.14	0.12	0.18	0.12	0.42	0.21	0.44	0.17	0.04	0.43	0.44	0.11	0.03	0.13	0.23	0.26	0.02	0.14	0.22	0.18	0.43	0.04	0.04	0.15	0.43	0.18	0.52	0.43	0.26	0.43	0.1	0.02	0.44	0.29	0.04	0.44	0.04	0	0.44	0.02	0.19
0.43	0.27	0	0.1	0.16	0.36	0.15	0.11	0.07	1.09	0.4	5.82	0.1	0.29	0.9	0.22	0.11	0.4	0.29	0.5	0.11	0.17	0.19	0.2	0.41	0.06	0.1	0.41	0.41	0.1	0.14	0.22	0.11	0.16	0.09	0.55	0.08	0.36	0.15	0.41	0.09	0.41	0.91	0.25	0.17	0.17	0.31	49.9	0.36	0.14	0.3	0.52	0.09	0.21	0.1	0.92	0.42	0.09	0.47	0.14	0.33	0.42	0.1	0.28	0.19	0.2	0.42	0.15	0.32	0.11	0.08	0.48	0.35	0.42	0.29	0.42	0.2	0.3	0.34	0.42	0.08	0.18	0.11	0.21	0.26	0.51	0.62	0.18	0.16	0.43	0.17	0.39	0.34	0.95	0.45	0.16	0.45	0.1	0.35
0.4	0.4	0.1	0.41	0.4	0.5	0.4	0.4	0.05	0.51	0.17	3.82	0.07	0.23	0.39	0.35	0.04	0.45	0.3	0.45	0.1	0.19	0.45	0.46	0.35	0.08	0.46	0.12	0.22	0.28	0.57	0.19	0.05	0.31	0.11	0.22	0.05	0.05	0.13	0.23	0.05	0.49	0.04	1.03	23.3	0.15	1	29.8	0.35	0.4	0.07	0.81	0.41	0.41	0.08	0.52	0.43	0.42	0.41	0.41	0.92	0.42	0.02	0.42	0.18	0.19	0.04	0.53	0.21	0.31	0.43	0.16	0.17	0.31	0.44	0.42	0.54	0.38	0.44	0.44	0.1	0.45	0.4	0.22	0.45	0.85	0.96	0.18	0.13	0.05	0.16	0.46	0.07	0.71	0.06	0.05	0.12	0.05	0.22
0.3	0.14	0.16	0.45	0	0.43	0.02	0.15	0.11	1.48	0.02	10.7	0.39	0.35	0.45	0.19	0.15	0.92	0.22	0.14	0.49	0.47	0.14	0.31	0.14	0.52	0.14	0.44	0.4	0.14	0.1	0.14	0.14	0	0.13	0.06	0.48	0.44	0.04	0.09	0.15	0.09	0.14	0.04	17.5	0	0.15	20.3	0.21	0.05	0.14	0.47	0.17	0.55	0.13	0.02	0.49	0.49	0.1	0.1	0.12	0.75	0.9	0.4	0.09	0.06	0.15	0.02	0.18	0.4	0.14	0.02	0	0.18	0.27	0.41	0.09	0.05	0.59	0.52	0.13	0.09	0.13	0.06	0.15	0.1	0.06	0.09	0.1	0.43	0.01	0.17	0.13	0.22	0.45	0.48	0.16	0.13	0.28
0.3	1.04	0.61	0.53	0.53	0	0.94	0.44	0.29	3.48	0.31	2.08	0.28	0.47	0.12	0.25	0.24	0.11	0.11	0.47	0.59	0.31	0.48	0.98	0.47	0.26	0.48	0.48	0.3	0.29	0.31	0.25	0.26	0.48	0.29	0.23	0.26	0.98	0.48	0.32	0.26	0.3	1.03	0.63	20.3	0.3	0.5	23.5	0.37	0.29	0.26	0.25	0.49	0.43	0.88	0.31	0.5	0.26	0.3	0.32	0.44	0.56	0.22	0.74	0.3	0.94	0.44	0.31	0.28	0.27	0.44	0.3	0.86	0.34	0.26	0.31	0.32	0.49	0.2	0.68	0.27	0.49	0.37	0.59	0.5	0.7	0.23	0.59	0.31	0.4	0.3	0.12	0.4	0.3	0.24	0.26	0.32	0.4	0.48
0	0.15	0.46	0.46	0.02	0.66	0	0.52	0.12	1.26	0.01	9.6	0.58	0.48	0.65	0.09	0.48	0.25	0.23	0.16	0.12	0.04	0.08	0.03	0.03	0.1	0.13	0.17	0.49	0.12	0.02	0.1	0.49	0.02	0.11	0.07	0.35	0.37	0.01	0.1	0.25	0.49	0.16	0.03	14	0.07	0.19	15.5	0.49	0.02	0.13	0.38	0.49	0.07	0.13	0.01	0.18	0.47	0.04	0.59	0.12	0.02	0.13	0.15	0.03	0.07	0.16	0.28	0.37	0.4	0.11	0.03	0.4	0.4	0.1	0.04	0.1	0.19	0.41	0.41	0.15	0.05	0.4	0.07	0.41	0.03	0.32	0.04	0.02	0.11	0.02	0.19	0.41	0.61	0.14	0.41	0.61	0.11	0.61
0.41	0.06	0.11	0.28	0.13	0.26	0.15	0	0.02	0.84	0.15	7.4	0.05	0.06	0.62	0.21	0.05	0.21	0.46	0.47	0.42	0.4	0.33	0.15	0.15	0.42	0.43	0.03	0.4	0.06	0.12	0.17	0.02	0.13	0.05	0.19	0.03	0.27	0.44	0.21	0.03	0.11	0.03	0.16	0.22	0.14	0.22	0.01	0.5	0.11	0.56	0.23	0.02	0.18	0.06	0.11	0	0.03	0.18	0.11	0.03	0.24	0.03	0.54	0.16	0.41	0.51	0.61	0.05	0.03	0.04	0.17	0.18	0.28	0.42	0.13	0.23	0.47	0.33	0.26	0.05	0.16	0.06	0.19	0.53	0.13	0.56	0.18	0.48	0.03	0.14	0.31	0.05	0.34	0.42	0.02	0.22	0.03	0.27
0.12	0.02	0.07	0.48	0.48	0.26	0.45	0.02	0	1.93	0.1	1.14	0.22	0.01	0.44	0.21	0.06	0.49	0.49	0.03	0.74	0.22	0.49	0.13	0.12	0.01	0.4	0.17	0.09	0.04	0.09	0.41	0.32	0.13	0.06	0.48	0.02	0.16	0.42	0.21	0.03	0.34	0.42	0.29	20	0.12	0.21	23.2	1.42	0.92	0.02	0.19	0.02	0.61	0.04	0.11	0.27	0.03	0.43	0.11	0.02	0.09	0.03	0.43	0.31	0.43	0.04	0.12	0.25	0.03	0.03	0.43	0.11	0.5	0.06	0.12	0.19	0.17	0.31	0.13	0.21	0.13	0.22	0.53	0.54	0.18	0.19	0.14	0.44	0.34	0.12	0.44	0.32	0.4	0.05	0.02	0.44	0.24	0.44
2.04	1.77	0.5	0.41	0.13	0.61	0.74	1.85	1.03	0	0.52	1.93	1.91	1.51	2.13	2.17	2.11	2.32	2.62	2.24	1.85	1.22	1.7	1.49	1.58	1.35	1.42	1.23	1.25	1.04	1.18	1.63	1.13	0.73	0.87	0.24	0.08	0.03	0.63	0.62	1.03	1.24	1.27	1.97	2.27	3.14	2.74	1.56	1.21	2.84	2.64	2.2	1.83	1.74	0.84	0.63	0.64	0.84	1.35	1.52	1.78	2.65	2.15	2.52	2.85	2.69	3.05	2.71	2.25	1.82	1.75	0.85	0.59	0.95	0.56	0.7	0.76	0.84	1.15	2.25	1.45	1.86	1.86	2.31	2.69	3.41	2.45	3.26	3.09	3.16	3.29	3.29	1.96	1.46	1.44	1.81	0.69	0.67	0.53
0.01	0.13	0.5	0.16	0.02	0.33	0.4	0.12	0.4	1.3	0	10.7	0.34	0.44	0.45	0.1	0.48	1.57	0.23	0.15	0.13	0.41	0.27	0.03	0.03	0.46	0.14	0.14	0.18	0.43	0.29	0.04	0.14	0.02	0.11	0.08	0.11	0.47	0.01	0.03	0.87	0.18	0.47	0.07	14.8	0.16	0.15	17.5	0.22	0.02	0.26	0.07	0.14	0.14	0.23	0.23	0.12	0.13	0.48	0.02	0.14	0.14	0.98	0.15	0.31	0.06	0.14	0.09	0.16	0.55	0.14	0.03	0.4	0.48	0.48	0.03	0.23	0.06	0.2	0.12	0.12	0.15	0.42	0.07	0.21	0.4	0.08	0.06	0.14	0.49	0.17	0.23	0.13	0.22	0.17	0.41	0.39	0.13	0.23
2.53	0.51	4.09	0.79	1.15	5.34	0.21	1.69	3.55	2.92	5.85	6	1.92	0.45	0.78	1.4	9.58	0.45	0.97	1.51	4.26	0.22	13.5	0.2	1.54	1.54	0.49	1.5	7.51	4.25	0.23	1.33	1.84	1.48	0.84	0.53	0.35	0.41	0.22	0.23	0.91	0.41	9.15	3.86	0.2	2.16	3.48	8.22	0.01	3.36	9.98	0.47	3.69	3.32	6.22	0.21	1.49	0.35	0.31	0.4	0.83	2.87	2.88	0.32	0.41	1	3.04	3.35	0.35	0.47	1.17	0.85	6.56	2.13	0.31	0.63	2.36	10.2	0.41	0.47	0.47	1.24	6.23	1.91	0.38	2.49	11.4	0.17	0.23	1.3	1.44	1.44	7.83	1.26	0.76	1.37	7.88	2.88	0.61
0.11	0.04	0.5	0.07	0.12	0.9	0.12	0.05	0.03	0.35	0.11	9.13	0	0.05	0.34	0.2	0.07	0.53	0.33	0.43	0.3	0.14	0.44	0.21	0.43	0.05	0.06	0.07	0.12	0.01	0.11	0.63	0.05	0.43	0.44	0.43	0.02	0.03	0.39	0.15	0.42	0.12	0.04	0.11	0.26	0.13	0.4	46.1	0.47	0.54	0.03	0.2	0.03	0.18	0.34	0.33	0.05	0.61	0.46	0.39	0.04	0.27	0.4	0.22	0.14	0.28	0.41	0.41	0.07	0.06	0.45	0.14	0.79	0.39	0.03	0.41	0.41	0.53	0.31	0	0.03	0.42	0.01	0.18	0.66	0.35	0.43	0.46	0.11	0.05	0.14	0.77	0	0.67	0.07	0.18	0.47	0.04	0.27
0.12	0.22	0.08	0.45	0.45	0.26	0.15	0.19	0.01	0.54	0.13	0.95	0.45	0	0.45	0.61	0.05	0.21	0.44	0.45	0.06	0.48	0.18	0.13	0.29	0.46	0.04	0.05	0.24	0.06	0.11	0.47	0.03	0.23	0.38	0.17	0.11	0.34	0.11	0.19	0.04	0.43	0.04	0.53	18.7	0.29	0.23	21	0.44	0.1	0.04	0.46	0.13	0.61	0.06	0.12	0.14	0.04	0.14	0.47	0.01	0.11	0.04	0.47	0.47	0.15	0.28	0.12	0.05	0.04	0.05	0.23	0.53	0.56	0.02	0.14	0.19	0.16	0.48	0.05	0.03	0.44	0.39	0.18	0.45	0.49	0.2	0.49	0.12	0.01	0.13	0.37	0.05	0.37	0.08	0.05	0.49	0.04	0.42
0.25	0.45	1.49	0.39	0.28	0.12	0.25	0.46	0.36	0.9	0.4	1.47	0.97	0.47	0	0.16	0.47	0.22	0.32	0.36	0.53	0.22	0.47	0.25	0.25	0.38	0.39	1.07	0.38	0.61	0.57	0.18	0.91	0.58	0.59	0.18	0.35	0.99	0.48	0.27	0.39	0.22	0.42	0.35	1.09	0.59	0.37	49.1	0.06	0.24	0.37	0.72	0.37	0.25	0.73	0.26	0.38	0.39	0.38	0.43	0.72	0.82	0.37	0.37	0.19	0.17	0.38	0.25	0.39	0.52	0.37	0.25	0.43	0.28	0.35	0.23	1.16	0.2	0.04	0.34	0.36	0.46	0.52	0.18	0.74	0.86	0.18	0.22	0.22	0.38	0.52	0.95	0.34	1.13	0.39	0.36	0.76	0.46	0.46
0.49	0.21	0.69	0.24	0.49	0.25	0.28	0.5	0.19	2.98	0.1	5.44	0.47	0.21	0.16	0	0.23	0.98	0.16	0.21	0.22	0.07	0.24	0.09	0.1	0.31	0.35	0.25	0.25	0.21	0.07	0.03	0.49	0.12	0.48	0.03	0.5	0.99	0.09	0.11	0.49	0.06	0.23	0.19	21.1	0.12	0.61	24.9	0.23	0.1	0.21	0.35	0.41	0.27	0.21	0.1	0.22	0.22	0.03	0.08	0.41	0.41	0.23	0.21	0.04	0.01	0.24	0.1	0.39	1.12	0.24	0.09	0.21	0.45	0.2	0.07	0.43	0.27	0.35	0.35	0.22	0.43	0.43	0.19	0.64	0.08	0.07	0.06	0.07	0.44	0.09	0.44	0.55	0.44	0.26	0.22	0.23	0.46	1.45
0.14	0.04	0.41	0.04	0.48	0.24	0.14	0.05	0.05	0.94	0.61	2.45	0.49	0.05	0.39	0.24	0	0.49	0.31	0.49	0.21	0.46	0.79	0.49	0.28	0.05	0.02	0.07	0.4	0.08	0.15	0.4	0.05	0.16	0.06	0.5	0.06	0.22	0.51	0.23	0.05	0.43	0.38	0.16	0.92	0.41	0.23	38	0.35	0.12	0.17	0.22	0.32	0.31	0.08	0.42	0.14	0.04	0.42	0.13	0.4	0.2	0.02	0.23	0.27	0.42	0.03	0.14	0.36	0.06	0.05	0.45	0.19	0.38	0.43	0.14	0.24	0.2	0.33	0.07	0.07	0.24	0.08	0.44	0.29	0.15	0.24	0.18	0.94	0.05	0.17	0.74	0.44	0.36	0.03	0.05	0.04	0.44	0.22
0.25	0.42	0.4	0.22	0.63	0.23	0.25	0.2	0.2	2.99	0.44	3.69	0.48	0.21	0.49	0.27	0.22	0.01	0.04	0.18	0.36	0.78	0.29	0.48	1.19	0.21	0.2	0.22	0.37	0.21	0.26	0.48	0.2	0.23	1.55	0.18	0.4	0.18	0.49	0.27	0.19	0.59	0.19	0.27	0.25	0.49	0.36	0.49	0.32	0.69	0.59	0.21	0.52	0.59	0.21	0.99	0.2	0.21	0.2	0.26	0.2	0.26	0.21	0.49	0.79	0.18	0.21	0.25	0.22	0.99	0.53	0.25	0.59	0.09	0.19	0.27	0.52	0.57	1.1	0.59	0.21	0.59	0.49	0.18	0.42	0.27	0.49	0.22	0.6	0.5	0.24	0.51	0.21	0.3	0.22	1.31	0.96	0.49	0
0.39	0.45	0.59	0.3	0.22	0.11	0.23	0.32	0.34	0.37	0.22	3.55	0.34	0.34	0.32	0.38	0.31	0.84	0	0.8	0.39	0.21	0.39	0.23	0.24	0.33	1.02	0.32	0.39	0.35	0.23	0.19	0.31	0.21	0.34	0.17	0.26	0.78	0.23	0.24	0.27	0.22	0.23	0.25	0.58	0.85	0.64	0.34	0.55	0.23	0.62	0.17	0.26	0.23	0.34	0.24	0.32	0.4	0.2	1.05	0.34	0.33	0.29	0.35	0.21	0.18	0.3	0.61	0.32	0.31	0.25	0.49	0.81	0.05	0.33	0.51	0.23	0.18	0.26	0.34	0.35	0.31	0.69	0.17	0.41	0.23	0.17	0.92	0.22	0.34	0.23	0.05	0.58	0.05	0.37	0.23	0.3	0.23	0.04
0.12	0.02	0.08	0.05	0.99	0.26	0.11	0.43	0.02	0.52	0.13	2.93	0.42	0.04	0.62	0.55	0.05	0.47	0.24	0	0.06	0.17	0.42	0.48	0.17	0.04	0.03	0.05	0.09	0.04	0.1	0.17	0.04	0.14	0.04	0.54	0.01	0	0.43	0.22	0.02	0.19	0.02	0.14	0.43	0.21	0.51	0.43	0.71	0.08	0.91	0.43	0.43	0.16	0.1	0.51	0.03	0.33	0.18	0.43	0.03	0.28	0.03	0.19	0.93	0.15	0.04	0.12	0.05	0.04	0.01	0.43	0.52	0.43	0.33	0.43	0.6	2.04	0.74	0.03	0.43	0.14	0.04	0.43	0.4	0.12	0.19	0.24	0.09	0.03	0.44	0.64	0.04	0.36	0.44	0.02	0.44	0.02	0.44
0.46	0.24	0.11	0.96	0.36	0.31	0.13	0.06	0.06	1.88	0.47	0.91	0.09	0.06	0.37	0.56	0.48	0.68	0.37	0.06	0	0.17	0.67	0.15	0.47	0.05	0.06	0.06	0.13	0.48	0.12	0.32	0.2	0.48	0.01	0.18	0.06	0.48	0.12	0.18	0.34	0.48	0.05	0.12	0.27	0.48	0.57	0.06	0.36	0.13	0.07	0.49	0.05	0.16	0.09	0.13	0.05	0.59	0.59	0.45	0.07	0.42	0.06	0.49	0.47	0.52	0.6	0.12	0.25	0.07	0.07	0.4	0.17	0.32	0.06	0.17	0.41	0.19	0.31	0.41	0.06	0.18	0.22	0.2	0.61	0.52	0.18	0.18	0.22	0.42	0.18	0.52	0.08	0.67	0.1	0.06	0.13	0.06	0.75
0.03	0.46	0.17	0.36	0.11	0.3	0.03	0.15	0.15	0.98	0.03	12.7	0.15	0.14	0.22	0.07	0.48	1.68	0.21	0.17	0.18	0	0.4	0.04	0.43	0.15	0.17	0.18	0.19	0.16	0.14	0.04	0.15	0.49	0.61	0.07	0.52	0.28	1	0.03	0.37	0.37	0.4	0.06	17.1	0.62	0.16	0.41	0.58	0.03	0.17	0.41	0.15	0.12	0.16	0.41	1.05	0.15	0.04	0.04	0.42	0.42	0.15	0.17	0.52	0.05	0.52	0.03	0.17	0.23	0.42	0.04	0.1	0.42	0.18	0.03	0.03	0.07	0.21	0.82	0.15	0.02	0.15	0.07	0.42	0.06	0.42	0.08	0.43	0.45	0.04	0.63	0.15	0.43	0.17	0.16	0.18	0.28	0.29
0.08	0.53	0.19	0.55	0.14	0.97	0.47	0.2	0.18	1.98	0.47	9.8	0.57	0.19	0.17	0.02	0.38	0.57	2.98	0.21	0.21	0.08	0	0.09	0.24	0.18	0.2	0.21	0.24	0.47	0.08	0.05	0.78	0.48	0.17	0.04	0.2	0.5	0.09	0.06	0.48	0.08	0.98	0.11	0.1	0.45	0.21	0.99	0.49	0.37	0.35	0.01	0.49	0.13	0.21	0.09	0.21	0.21	0.49	0.09	0.21	0.7	0.22	0.21	0.05	0.28	0.21	0.1	0.6	0.22	0.4	0.22	0.14	0.14	0.4	0.09	0.06	0.3	0.17	0.41	0.41	0.41	0.22	0.41	0.27	0.34	0.04	0.11	0.42	0.42	0.09	0.42	0.21	0.92	0.42	0.24	0.23	0.42	0.19
0.05	0.16	0.2	0.38	0.02	0.65	0.03	0.17	0.95	2.72	0.03	10.7	0.14	0.12	0.7	0.09	0.45	0.48	0.23	0.17	0.15	0.4	0.09	0	0.02	0.2	0.15	0.18	0.22	0.42	0.41	0.41	0.15	0.85	0.14	0.12	0.46	0.15	0.25	0.09	0.15	0.97	0.14	0.05	0.01	0.02	0.97	0.16	0.57	0.04	0.13	0.09	0.15	0.06	0.14	0.03	0.15	0.58	0.68	0.04	0.14	0.48	0.53	0.13	0.04	0.07	0.16	0.03	0.16	0.99	0.16	0.01	0.02	0.49	0.37	0.05	0.09	0.25	0.56	0.16	0.16	0.04	0.43	0.08	0.7	0.4	0.19	0.39	0.04	0.4	0.01	0.33	0.14	0.23	0.2	0.4	0.24	0.14	0.22
0.03	0.13	0.19	0.18	0.01	0.49	0.03	1.29	0.15	2.89	0.17	4.8	0.49	0.12	0.25	0.09	0.18	0.49	0.27	0.26	0.25	0.04	0.19	0.4	0	0.4	0.43	0.21	0.4	0.24	0.04	0.05	0.51	0.17	0.14	0.41	0.13	0.21	0.12	0.18	0.51	0.04	0.16	0.31	19.9	0.41	0.2	22.5	0.21	0.04	0.13	0.09	0.41	0.15	0.25	0.05	0.5	0.41	0.64	0.3	0.14	0.27	0.52	0.14	0.42	0.37	0.16	0.03	0.18	0.15	0.16	0.02	0.01	0.19	0.43	0.05	0.09	0.43	0.43	0.14	0.14	0.04	0.43	0.35	0.51	0.05	0.44	0.04	0.04	0.13	0.02	0.52	0.44	0.53	0.54	0.15	0.44	0.15	0.22
0.48	0.27	0.35	0.68	0.13	0.26	0.13	0.03	0.01	0.45	0.38	1.96	0.05	0.13	0.46	0.56	0.29	0.59	0.34	0.46	0.05	0.66	0.18	2.48	0.13	0	0.1	0.05	0.46	0.06	0.11	0.15	0.03	0.11	0.18	0.66	0.34	0.04	0.26	0.21	0.04	0.13	0.03	0.92	0.35	0.13	0.22	0.42	0.33	1.37	0.87	0.16	0.03	0.15	0.47	0.1	0.03	0.06	0.19	0.1	0.02	0.11	0.04	0.22	0.15	0.15	0.05	0.12	0.05	0.04	0.05	0.14	0.14	0.48	0.47	0.14	0.43	0.17	0.31	0.05	1.66	0.14	0.05	0.48	0.28	0.21	0.55	0.48	0.31	0.02	0.3	0.48	0.88	0.65	0.08	0.2	0.08	0	0.21
0.31	0.03	0.45	0.02	0.14	0.95	0.45	0.04	0.37	1.25	0.14	6.75	0.06	0.03	0.58	0.23	0.02	0.46	0.66	0.12	0.06	0.56	0.22	0.15	0.15	0.04	0	0.06	0.11	0.07	0.96	0.18	0.04	0.16	0.05	0.46	0.04	0.92	0.13	0.47	0.03	0.43	0.03	0.57	0.18	0.49	0.22	43.1	0.34	0.1	0.1	0.21	0.02	0.42	0.08	0.12	0.25	0.03	0.16	0.13	0.21	0.52	0.17	0.22	0.18	0.48	0.02	0.14	0.48	0.05	0.04	0.16	0.18	0.49	0.04	0.14	0.22	0.2	0.49	0.06	0.05	0.31	0.06	0.21	0.28	0.16	0.5	0.16	0.12	0.04	0.51	0.67	0.06	0.41	1.34	0.03	0.1	0.03	0.2
0.15	0.04	0.11	0.29	0.15	0.41	0.14	0.02	0.04	0.95	0.16	1.02	0.42	0.05	0.4	0.43	0.07	0.22	0.33	0.05	0.06	0.4	0.23	0.16	0.16	0.05	0.05	0	0.12	0.44	0.47	0.18	0.02	0.35	0.92	0.44	0.23	0.05	0.14	0.23	0.05	0.15	0.05	0.55	0.18	0.16	0.35	18.2	0.37	0.13	0.05	0.21	0.04	0.47	0.08	0.14	0.02	0.14	0.47	0.14	0.05	0.14	0.05	0.54	0.17	0.18	0.07	0.48	0.07	0.02	0.06	0.16	1.29	0.37	0.06	0.16	0.23	0.58	0.35	0.07	0.08	0.21	0.08	0.31	0.3	0.14	0.99	0.19	0.49	0.05	1.04	0.35	0.07	0.37	0.37	0.05	0.07	0.1	0.3
0.19	0.11	0.15	0.45	0.18	0.3	0.17	0.1	0.45	2.17	0.17	3.24	0.43	0.11	0.39	0.5	0.12	0.77	0.38	0.49	0.33	0.7	0.24	0.4	0.48	0.08	0.11	0.12	0	0.13	0.16	0.21	0.1	0.44	0.39	0.25	0.09	0.93	0.52	0.31	0.1	0.17	0.1	0.16	0.19	0.18	0.69	0.3	0.38	0.5	0.4	0.32	0.09	0.23	0.4	0.17	0.28	0.1	0.31	0.4	0.11	0.92	0.11	0.5	0.19	0.91	0.4	0.17	0.13	0.5	0.51	0.19	0.41	0.35	0.1	0.27	0.49	0.24	0.39	0.27	0.41	0.26	0.13	0.25	0.32	0.41	0.25	0.22	0.41	0.41	0.2	0.51	0.41	1.12	0.61	0.1	0.13	0.13	0.66
0.13	0.05	0.27	0.38	0.13	0.29	0.13	0.06	0.04	1.68	0.49	6.91	0.01	0.08	0.5	0.48	0.08	0.22	0.49	0.25	0.49	0.49	0.48	0.37	0.15	0.06	0.07	0.08	0.13	0	0.12	0.17	0.41	0.45	0.09	0.49	0.04	0.6	1	0.48	0.05	0.47	0.06	0.12	0.44	0.43	0.41	39.6	0.33	0.51	0.04	0.22	0.04	0.22	0	0.52	0.06	0.08	0.53	0.13	0.43	0.53	0.34	0.37	0.16	0.19	0.08	0.46	0.09	0.07	0.43	0.14	0.16	0.43	0.43	0.43	0.16	0.19	0.31	0.01	0.04	0.94	0	0.19	0.29	0.15	0.74	0.52	0.12	0.05	0.15	0.41	0.01	0.35	0.45	0.05	0.08	0.55	0.27
0.02	0.11	0.45	0.47	0.1	0.45	0.02	0.4	0.12	1.66	0.01	0.48	0.11	1.09	0.58	0.08	0.14	0.26	0.23	0.1	0.25	0.04	0.4	0.03	0.04	0.49	0.43	0.13	0.17	0.13	0	0.04	0.11	0.09	0.38	0.29	0.24	0.1	0.01	0.04	0.5	0.03	0.4	0.01	6.12	1.16	0.15	35.2	0.4	0.29	0.1	0.08	0.1	0.41	0.12	0.01	0.12	0.1	0.44	0.15	0.11	0.61	0.13	0.41	0.11	0.07	0.13	0.41	0.13	0.12	0.41	0.04	0.1	0.18	0.1	0.28	0.04	0.34	0.41	0.41	0.12	0.27	0.41	0.41	0.21	0.03	0.61	0.07	0	0.09	0.91	0.31	0.11	0.23	0.14	0.11	0.14	0.11	0.41
0.04	0.15	0.23	0.21	0.1	0.25	0.4	0.18	0.14	2.15	0.9	8.61	0.47	0.14	0.47	0.03	0.18	0.47	0.19	0.47	0.15	0.04	0.05	0.05	0.07	0.14	0.16	0.57	0.22	0.47	0.14	0	0.16	0.1	0.15	0.03	0.48	0.16	0.05	0.04	0.16	0.08	0.15	0.12	0.06	0.09	0.17	43.8	0.17	0.05	0.56	0.03	0.16	0.07	0.29	0.49	0.33	0.17	0	0.06	0.5	0.39	0.17	0.17	0.41	0.41	0.19	0.19	0.19	0.2	0.61	0.51	0.09	0.13	0.23	0.08	0.04	0.04	0.17	0.16	0.16	0.15	0.17	0.31	0.53	0.09	0.03	0.09	0.04	0.14	0.43	0.14	0.16	0.53	0.19	0.17	0.19	0.46	0.18
0.14	0.12	0.11	0.14	0.15	0.63	0.12	0.01	0.02	0.35	0.33	2.71	0.05	0.03	0.37	0.22	0.05	0.47	0.31	0.03	0.06	0.84	0.44	0.65	0.48	0.03	0.04	0.02	0.1	0.06	0.45	0.18	0	0.13	0.05	0.19	0.04	0.03	0.11	0.21	0.04	0.12	0.03	0.15	12.8	0.36	0.22	34.4	0.48	0.2	0.04	0.19	0.69	0.31	0.06	0.4	0.01	0.34	0.16	0.21	0.04	0.4	0.04	0.4	0.19	0.5	0.05	0.14	0.06	0.01	0.04	0.14	0.4	0.59	0.36	0.12	0.23	0.32	0.68	0.25	0.05	0.29	0.06	0.22	0.28	0.26	0.19	0.18	0.11	0.4	0.4	0.33	0.41	0.39	0.05	0.03	0.4	0.03	0.32
0.02	0.13	0.16	0.17	0	0.29	0.02	0.13	0.43	1.4	0.02	5.39	0.12	1.04	0.27	0.12	0.3	0.47	0.43	0.14	0.48	0.09	0.25	0.01	0.01	0.11	0.87	0.18	0.21	0.26	0.09	0.13	0.48	0	0.12	0.06	0.13	0.48	0.02	0.24	0.13	0.08	0.49	0.04	0.37	0.33	0.22	40.2	0.2	0.02	0.13	0.5	0.12	0.61	0.13	0.4	0.14	0.13	0.09	0.06	0.51	0.28	0.14	0.13	0.06	0.06	0.41	0.02	0.41	0.15	0.13	0.91	0.1	0.45	0.12	0.1	0.09	0.04	0.41	0.41	0.13	0.15	0.76	0.05	0.19	0.41	0.06	0.03	0.11	0.41	0.41	0.51	0.35	0.21	0.15	0.19	0.41	0.41	0.23
0.14	0.39	0.26	0.08	0.13	0.47	0.1	0.45	0.09	0.98	0.47	4.77	0.07	0.04	0.35	0.19	0.06	0.46	0.34	0.19	0.01	0.56	0.17	0.14	0.42	0.04	0.86	0.05	0.12	0.13	0.11	0.16	0.05	0.12	0	0.17	0.04	0.04	0.46	0.16	0.04	0.13	0.03	0.13	0.45	0.14	0.26	0.45	0.33	0.45	0.04	0.45	0.03	0.52	0.08	0.13	0.05	0.11	0.14	0.26	0.05	0.53	0.45	0.26	0.54	0.19	0.45	0.11	0.06	0.06	0.04	0.46	0.21	0.29	0.05	0.55	0.17	0.18	0.95	0.13	0.45	0.15	0.08	0.18	0.33	0.22	0.17	0.15	0.44	0.06	0.15	0.61	0.07	0.32	0.44	0.44	0.07	0.05	1.04
0.07	0.19	0.3	0.53	0.41	0.53	0.43	0.19	0.17	0.84	0.4	11.9	0.19	0.2	0.45	0.02	0.21	2.36	0.17	0.45	0.46	0.35	0.04	0.09	0.47	0.2	0.19	0.23	0.25	0.47	0.34	0.03	0.29	0.06	0.57	0	0.17	0.19	0.08	0.09	0.2	0.09	0.49	0.1	16.8	0.99	0.49	18.7	0.15	0.07	0.2	0.04	0.21	0.16	0.19	0.08	0.2	0.49	0.03	0.09	0.74	0.96	0.19	0.19	0.5	0.02	0.4	0.08	0.22	0.2	0.42	0.4	0.07	0.5	0.2	0.09	0.09	0.02	0.41	0.18	0.42	0.25	0.33	0	0.25	0.1	0.01	0.06	0.08	0.19	0.43	0.16	0.18	0.44	0.24	0.44	0.22	0.19	0.15
0.1	0.02	0.08	0.05	0.42	0.39	0.49	0.28	0.01	0.4	0.42	7.28	0.02	0.4	0.37	0.21	0.05	0.18	0.24	0.4	0.06	0.15	0.2	0.14	0.16	0.4	0.03	0.4	0.46	0.04	0.09	0.49	0.04	0.13	0.04	0.41	0	0	0.11	0.2	0.22	0.12	0.02	0.12	0.14	0.13	0.19	45.5	0.91	0.4	0.01	0.18	0.01	0.15	0.4	0.45	0.03	0.02	0.4	0.08	0.02	0.08	0.04	0.41	0.17	0.4	0.05	0.1	0.05	0.05	0.02	0.34	0.14	0.49	0.34	0.11	0.87	0.16	0.44	0.02	0.41	0.15	0.09	0.41	0.26	0.11	0.18	0.15	0.42	0.02	0.14	0.3	0.42	0.33	0.43	0.52	0.37	0.42	0.46
0.43	0.02	0.08	0.05	0.44	0.44	0.44	0.09	0.16	1.44	0.13	1.48	0.03	0.94	0.44	0.45	0.07	0.94	0.44	0	0.06	0.42	0.64	0.94	0.95	0.04	0.03	0.05	0.44	1.05	0.1	0.44	0.25	0.49	0.04	0.99	0.1	0	0.59	0.34	0.02	0.49	0.02	0.6	0.14	0.21	0.51	50.4	0.91	0.41	0.41	0.91	0.01	0.51	0.42	0.1	0.41	0.01	0.51	0.11	0.41	0.51	0.04	0.49	0.48	0.47	0.04	0.1	0.05	0.58	0.01	0.48	0.48	0.29	0.88	0.99	0.22	0.49	0.32	0.03	0.13	0.17	0.04	0.18	0.25	0.48	0.18	0.49	0.49	0.02	0.16	0.49	0.03	0.35	0.04	0.02	0.05	0.02	1.5
0.01	0.66	0.41	0.14	0.04	0.61	0.09	0.12	0.11	0.49	0.16	0.5	0.11	0.11	0.26	0.09	0.14	0.26	0.23	0.41	0.12	0.04	0.09	0.03	0.43	0.12	0.26	0.42	0.17	0.42	0.01	0.38	0.47	0.02	0.51	0.08	0.08	0.43	0	0.22	0.09	0.03	0.44	0.01	0.03	0.32	0.15	0.11	0.22	0.01	0.1	0.27	0.45	0.05	0.12	0	0.11	0.09	0.05	0	1.79	0.45	0.13	0.14	0.45	0.07	0.12	0.01	0.13	0.37	0.39	0.03	0.02	0.22	0.67	0.04	0.05	0.91	0.2	0.49	0.1	0.05	0.48	0.08	0.17	0.03	0.08	0.05	0.48	0.12	0.03	0.18	0.11	0.22	0.13	0.1	0.53	0.61	0.51
0.1	0.22	0.19	0.26	0.09	0.92	0.42	0.49	0.21	0.94	0.03	8.69	0.15	0.39	0.27	0.28	0.26	0.27	0.24	0.45	0.2	0.03	0.06	0.09	0.45	0.62	0.25	0.23	0.49	0.16	0.04	0.46	0.23	0.15	0.16	0.09	0.57	0.46	0.05	0	0.24	0.03	0.22	0.47	0.1	0.11	0.23	0.62	0.24	0.04	1.11	0.05	0.23	0.06	0.49	0.05	0.22	0.22	0.4	0.04	0.23	0.05	0.25	0.31	0.01	0.05	0.44	0.1	0.47	0.42	0.23	0.23	0.4	0.2	0.94	0.43	0	0.08	0.32	0.15	0.46	0	0.43	0.42	0.32	0.04	0.24	0.06	0.04	0.46	0.09	0.21	0.15	0.47	0.47	0.22	0.24	0.51	0.24
0.13	0.02	0.16	0.18	0.16	0.42	0.12	0.04	0.03	1.09	0.14	6.28	0.04	0.42	0.72	0.23	0.05	0.19	0.3	0.34	0.09	0.15	0.38	0.14	0.16	0.04	0.32	0.05	0.48	0.06	0.11	0.28	0.43	0.13	0.04	0.21	0.05	0.08	0.49	0.22	0.01	0.11	0.01	0.25	22.4	0.13	0.27	26.7	0.42	0.1	0.31	0.19	0.01	0.73	0.05	0.51	0.03	0.42	0.19	0.11	0.43	0.11	0.04	0.21	0.15	0.43	0.05	0.2	0.05	0.04	0.03	0.43	0.13	0.27	0.03	0.47	0.32	0.19	0.33	0.04	0.05	0.15	0.05	0.27	0.27	0.48	0.21	0.17	0.48	0.03	0.15	0.48	0.05	0.74	0.05	0.02	0.05	0.05	0.48
0.04	0.29	0.15	0.18	0.08	0.52	0.03	0.12	0.49	1.42	0.08	3.03	0.11	0.48	0.22	0.06	0.15	0.25	0.22	0.48	0.16	0.02	0.08	0.04	0.04	0.11	0.57	0.13	0.4	0.5	0.03	0.07	0.4	0.08	0.13	0.09	0.26	0.4	0.03	0.03	0.24	0	0.4	0.6	0.05	0.09	0.97	39.8	0.4	0.02	0.11	0.22	0.4	0.19	0.13	0.08	0.14	0.32	0.37	0.05	0.1	0.41	0.47	0.18	0.51	0.08	0.4	0.04	0.51	0.13	0.12	0.41	0.17	0.18	0.31	0.02	0.41	0.41	0.42	0.12	0.13	0.18	0.51	0.09	0.42	0.01	0.09	0.09	0.04	0.42	0.42	0.43	0.12	0.22	0.23	0.12	0.43	0.47	0.23
0.14	0.01	0.09	0.04	0.46	0.25	0.33	0.02	0.28	0.97	0.22	0.34	0.43	0.04	0.36	0.2	0.04	0.43	0.3	0.02	0.05	0.16	0.21	0.15	0.14	0.2	0.43	0.05	0.1	0.05	0.1	0.56	0.03	0.43	0.03	0.19	0.02	0.02	0.11	0.22	0.02	0.93	0	0.13	0.41	0.15	0.2	0.03	0.66	0.42	0.14	0.36	0	0.53	0.43	0.11	0.02	0.01	0.34	0.11	0.43	0.73	0.03	0.39	0.14	0.17	0.04	0.12	0.37	0.43	0.03	0.15	0.18	0.63	0.03	0.11	0.24	0.58	0.5	0.09	0.44	0.44	0.05	0.2	0.27	0.14	0.2	0.17	0.1	0.03	0.13	0.3	0.04	0.35	0.09	0.02	0.04	0.01	0.19
0.2	0.48	0.21	0.26	0.17	0.38	0.57	0.84	0.16	1.22	0.06	7.82	0.45	0.13	0.28	0.28	0.45	0.63	0.25	0.13	0.13	0.46	0.43	0.05	0.05	0.53	0.46	0.18	0.46	0.11	0.22	0.46	0.15	0.04	0.12	0.46	0.12	0.48	0	0.12	0.96	0.13	0.15	0	21.6	0.47	0.43	28.6	0.25	0.07	0.31	0.15	0.19	0.51	0.48	0.37	0.42	0.14	0.07	0.03	0.13	0.56	0.26	0.19	0.07	0.08	0.67	0.31	0.18	0.49	0.13	0.05	0.8	0.23	0.49	0.04	0.12	0.26	0.22	0.11	0.14	0.71	0.11	0.1	0.23	0.41	0.41	0.51	0.01	0.52	0.1	0.32	0.42	0.28	0.42	0.14	0.21	0.52	0.29
0.03	0.54	0.18	0.44	0.02	1.42	0.42	0.9	0.41	1.78	0.41	4.1	0.48	0.13	0.98	0.49	0.48	1.48	0.58	0.14	0.41	0.41	0.48	0.01	0.03	0.47	0.49	0.48	0.47	0.15	0.04	0.05	0.16	0.01	0.14	0.48	0.13	0.48	0.59	0.48	0.18	0.04	0.15	0.06	0.01	0.09	0.15	0.17	0.3	0.04	0.49	0.1	0.49	0.49	0.14	0.04	0.49	0.17	0.05	0.5	0.13	0.04	0.49	0.15	0.32	0.07	0.49	0.23	0.49	0.49	0.49	0	0.11	1.8	0.33	0.05	0.49	0.1	0.49	0.48	0.48	0.04	0.49	0.49	0.19	0.05	0.99	0.48	0.04	0.49	0.01	0.48	0.42	1.39	0.48	0.48	0.57	0.56	1.17
0.31	0.5	0.19	0.39	0.4	0.9	0.4	0.19	0.13	1.02	0.17	10.8	0.47	0.2	0.88	0.17	0.57	0.35	0.57	0.77	0.16	0.47	0.57	0.04	0.34	0.13	0.47	0.16	0.47	0.13	0.28	0.97	0.47	0.05	0.14	0.06	0.54	1.58	0.67	0.47	0.47	0.19	0.32	0.05	0.3	0	0.47	0.47	0.23	0.03	0.15	0.13	0.47	0.97	0.47	0.33	0.41	0.52	0.47	0.47	0.13	0.52	0.46	0.35	0.09	0.57	0.61	0.02	0.28	0.14	0.15	0.56	0	0.19	0.47	0.1	0.17	0.11	0.61	0.13	0.14	0.47	0.65	0.65	0.15	0.58	0.48	0.09	0.09	0.58	0.48	1.48	0.14	0.27	0.48	0.2	0.18	0.57	0.58
0.15	0.2	0.49	0.23	0.49	0.49	0.15	0.22	0.59	0.84	0.15	7.72	0.22	0.33	0.49	0.26	0.23	0.36	0.49	0.19	0.28	0.16	0.99	0.49	0.14	0.34	0.59	0.49	0.34	0.23	0.15	0.21	0.49	0.13	0.5	0.19	0.49	0.49	0.15	0.23	0.2	0.2	0.46	0.17	0.4	0.5	0	0.22	0.4	0.5	0.52	0.2	2.91	0.41	0.22	0.37	0.51	0.41	0.17	0.16	0.61	0.16	0.41	0.32	0.51	0.41	0.23	0.15	0.24	0.22	0.42	0.15	0.24	0.36	0.21	0.42	0.23	0.18	0.93	0.22	0.23	0.21	0.43	0.2	0.07	0.22	0.26	0.45	0.16	0.73	0.15	0.43	0.22	0.65	0.23	0.2	0.23	0.54	0.35
0.17	0.02	0.09	0.16	0.48	0.48	0.12	0.01	0.02	0.97	0.27	8.16	0.05	0.03	0.39	0.21	0.06	0.21	0.31	0.04	0.06	0.16	0.2	0.15	0.16	0.03	0.04	0.04	0.1	0.07	0.11	0.16	0.01	0.14	0.05	0.9	0.04	0.61	0.12	0.61	0.04	0.12	0.03	0.2	0.39	0.62	0.92	0	0.42	0.17	0.04	0.22	0.03	0.17	0.34	0.42	0.01	0.03	0.43	0.13	0.04	0.12	0.04	0.22	0.17	0.43	0.43	0.14	0.06	0.02	0.54	0.54	0.16	0.39	0.44	0.13	0.44	0.58	0.55	0.05	0.05	0.15	0.95	0.3	0.56	0.13	0.43	0.16	0.46	0.03	0.46	0.31	0.06	0.36	0.39	0.03	0.05	0.53	0.84
0.22	0.47	0.44	0.65	0.2	0.37	0.95	0.36	0.32	1.05	0.22	1.08	0.71	0.52	0.44	0.17	0.44	0.32	0.32	0.35	0.36	0.22	0.94	0.21	0.23	0.33	0.35	0.9	0.5	0.34	0.44	0.17	0.75	0.2	0.95	0.15	0.37	0.32	0.22	0.44	0.33	0.44	0.33	0.24	0.22	0.57	0.33	48.7	0	0.45	0.45	0.18	0.34	0.24	0.33	0.22	0.52	0.41	0.17	0.23	0.32	0.58	0.46	0.68	0.49	0.15	0.36	0.28	0.37	0.4	0.35	0.41	0.2	0.25	0.33	0.25	0.24	0.34	0.02	1.42	0.33	0.41	0.34	0.81	0.39	0.42	0.38	0.18	0.23	0.33	0.21	0.42	0.33	0.29	0.38	0.42	0.35	0.34	0.41
0.02	0.09	0.44	0.29	0.04	0.44	0.02	0.11	0.55	2.41	0.44	0.63	0.18	0.1	0.23	0.09	0.12	0.44	0.54	0.1	0.13	0.03	0.33	0.04	0.04	0.09	0.1	0.12	0.55	0.19	0.01	0.95	0.11	0.03	0.67	0.07	0.09	0.45	0.01	0.04	0.45	0.01	0.1	0.02	0.25	0.08	0.46	0.46	0.22	0	0.2	0.07	0.31	0.21	0.46	0.01	0.11	0.11	0.27	0.01	0.11	0.01	0.1	0.18	0.65	0.08	0.19	0.02	0.47	0.12	0.09	0.04	0.25	0.2	0.21	0.06	0.33	1.05	0.48	0.18	0.13	0.15	0.19	0.07	0.14	0.38	0.13	0.08	0.29	0.18	0.19	0.25	0.37	0.34	0.49	0.09	0.17	0.11	0.22
0.48	0.02	0.08	0.37	0.57	0.57	0.46	0.41	0.02	0.55	0.11	6.58	0.03	0.63	0.93	0.43	0.05	0.18	0.43	0.93	0.06	0.14	0.19	0.49	0.14	0.03	0.04	0.49	0.1	0.99	0.47	0.46	0.4	0.48	0.12	0.94	0.02	0.21	0.92	0.43	0.42	0.12	0.02	0.43	0.99	0.61	0.58	0.88	0.5	1.06	0.03	0.43	0.05	0.17	0.12	0.41	0.41	0.43	0.49	0.59	0.02	0.25	0.04	0.48	0.14	0.14	0.05	0.12	0.46	0.67	0.02	0.16	0.47	0.26	0.02	0.95	0.27	1.34	0.47	0.43	0.42	0.15	0.4	0.2	0.26	0.49	0.78	0.15	0.09	0.02	0.14	0.97	0.03	0.33	0.44	0.02	0.43	0.03	0.74
0.08	0.18	0.23	0.41	0.32	0.61	0.09	1.12	0.2	0.5	0.45	5.86	0.21	0.18	0.18	0.41	0.32	0.22	0.17	0.19	0.47	0.07	0.22	0.09	0.82	0.92	0.55	0.23	0.23	0.22	0.43	0.04	0.73	0.13	0.49	0.31	0.4	0.22	0.09	0.05	0.49	0.09	0.53	0.12	12.3	0.14	0.43	0.55	0.18	0.07	0.54	0	0.54	0.52	0.21	0.09	0.2	0.18	0.12	0.09	0.18	0.48	0.45	0.21	0.05	0.03	0.46	0.76	0.52	0.21	0.42	0.09	0.52	0.46	0.42	0.09	0.05	1.07	0.57	0.23	0.21	0.08	0.21	0.04	0.47	0.47	0.04	0.08	0.08	0.21	0.08	0.47	0.21	0.18	0.21	0.33	0.22	0.2	0.19
0.47	0.24	0.09	0.04	0.47	0.25	0.17	0.42	0.1	2.25	0.45	7.07	0.05	0.37	0.39	0.71	0.75	0.18	0.26	0.01	0.05	0.15	0.45	0.15	0.29	0.03	0.02	0.04	0.16	0.32	0.1	0.28	0.02	0.97	0.03	0.2	0.01	0.01	0.49	0.2	0.01	0.13	0.12	0.14	14.5	0.57	0.19	15.8	0.32	0.09	0.39	0.17	0	0.28	0.04	0.1	0.02	0	0.18	0.16	0.03	0.11	0.02	0.44	0.14	0.34	0.3	0.11	0.04	0.43	0.02	0.14	0.15	0.27	0.02	0.12	0.22	0.49	0.32	0.22	0.04	0.14	0.42	0.54	0.25	0.44	0.53	0.43	0.09	0.02	0.14	0.3	0.04	0.51	0.04	0.01	0.04	0.13	0.44
0.07	0.93	0.66	0.3	0.26	0.72	0.23	0.51	0.59	1.69	0.1	12.1	0.25	0.16	0.26	0.25	0.4	0.28	0.26	0.18	0.2	0.23	0.11	0.08	0.11	0.17	0.18	0.23	0.23	0.49	0.06	0.49	0.39	0.32	0.17	0.09	0.49	0.3	0.04	0.08	0.17	0.05	0.17	0.1	0.26	0.46	0.65	0.18	0.27	0.46	0.16	0.48	0.14	0	0.4	0.06	0.17	0.15	0.06	0.06	0.15	0.17	0.17	0.44	0.06	0.44	0.2	0.47	0.22	0.18	0.3	0.07	0.21	0.27	0.3	0.29	0.08	0.4	0.25	0.45	1.17	0.25	0.38	0.24	0.41	0.41	0.13	0.15	0.41	0.41	0.28	0.66	0.54	0.5	0.46	0.56	0.24	0.65	1.45
0.13	0.05	0.44	0.14	0.13	0.29	0.12	0.06	0.04	0.77	0.12	0.7	0.01	0.06	0.7	0.21	0.24	0.51	0.34	0.4	0.44	0.15	0.21	0.14	0.4	0.05	0.06	0.07	0.6	0	0.4	0.4	0.13	0.13	0.42	0.19	0.03	1	0.5	0.16	0.05	0.12	0.05	0.4	0.2	0.13	0.4	0.06	0.6	0.18	0.16	0.21	0.06	0.37	0	0.12	0.06	0.04	0.5	0.13	0.29	0.22	0.06	0.9	0.4	0.35	0.07	0.12	0.16	0.07	0.28	0.33	0.14	0.4	0.15	0.4	0.5	0.35	0.4	0.01	0.03	0.15	0	0.35	0.41	0.13	0.88	0.19	0.12	0.05	0.14	0.3	0.27	0.34	0.08	0.4	0.4	0.05	0.27
0.02	0.46	0.15	0.14	0.02	0.49	0.01	0.11	0.09	0.94	0.85	8.22	0.5	0.12	0.98	0.46	0.76	0.46	0.24	0.1	0.3	0.05	0.29	0.03	0.03	0.1	0.11	0.39	0.48	0.56	0.01	0.05	0.11	0.02	0.64	0.41	0.08	0.3	0	0.38	0.14	0.42	0.11	0	0.04	1.11	0.15	0.35	0.38	0.01	0.32	0.41	0.41	0.06	0.12	0	0.12	0.2	0.05	0.93	0.11	0.66	0.16	0.15	0.04	0.29	0.14	0.02	0.93	0.18	0.43	0.04	0.06	0.18	0.09	0.04	0.29	0.44	0.2	0.45	0.12	0.51	0.12	0.08	0.21	0.04	0.33	0.41	0.01	0.09	0.03	0.2	0.11	0.83	0.14	0.1	0.13	0.1	0.23
0.28	0.46	0.1	0.4	0.44	0.47	0.41	0	0.02	0.39	0.48	5.2	0.05	0.03	0.47	0.21	0.27	0.43	0.3	0.08	0.05	0.41	0.2	0.42	0.47	0.41	0.34	0.02	0.1	0.25	0.47	0.17	0.01	0.14	0.05	0.47	0.03	0.03	0.48	0.23	0.03	0.38	0.02	0.48	0.27	0.33	0.22	48.5	0.34	0.24	0.31	0.19	0.02	0.37	0.87	0.11	0	0.03	0.15	0.13	0.03	0.15	0.04	0.22	0.17	0.49	0.05	0.48	0.05	0.02	0.04	0.14	0.34	0.28	0.03	0.13	0.21	0.19	0.53	0.44	0.05	0.52	0.06	0.25	0.4	0.14	0.22	0.16	0.12	0.4	0.14	0.3	0.41	0.35	0.41	0.02	0.05	0.03	0.87
0.11	0.02	0.09	0.24	0.5	0.25	0.13	0.15	0.03	0.9	0.12	6.09	0.04	0.04	0.36	0.77	0.04	0.28	0.28	0.42	0.42	0.16	0.19	0.5	0.17	0.03	0.03	0.05	0.09	0.05	0.42	0.55	0.03	0.42	0.04	0.19	0.02	0.01	0.09	0.43	0.02	0.1	0.01	0.63	0.31	0.14	0.2	0.29	0.42	0.09	0.02	0.43	0	0.15	1.03	0.11	0.03	0	0.43	0.25	0.04	0.42	0.03	0.2	0.38	0.54	0.04	0.43	0.44	0.64	0.64	0.15	0.16	0.29	0.03	0.12	0.24	0.5	0.45	0.04	0.04	0.19	0.05	0.2	0.66	0.34	0.19	0.17	0.11	0.46	0.14	0.33	0.04	0.58	0.04	0.02	0.4	0.01	0.46
0.04	0.56	0.22	0.46	0.1	0.25	0.04	0.5	0.31	1.79	0.03	2.01	0.15	0.48	0.18	0.03	0.2	0.2	0.2	0.29	0.34	0.48	0.05	0.05	0.05	0.15	0.16	0.19	0.49	0.17	0.26	0.33	0.49	0.49	0.15	0.03	0.16	1.09	0.05	0.04	0.17	0.07	0.56	0.07	0.06	0.09	0.17	0.5	0.71	0.05	0.5	0.43	0.15	0.4	0.25	0.05	0.17	0.5	0	0.05	0.4	0.7	0.16	0.17	0.4	0.02	0.17	0.05	0.18	0.4	0.32	0.05	0.09	0.41	0.4	0.08	0.34	0.41	0.17	0.41	0.41	0.17	0.16	0.42	0.23	0.42	0.03	0.81	0.62	0.33	0.05	0.42	0.16	0.18	0.3	0.42	0.44	0.15	0.17
0.4	0.12	0.14	0.46	0.3	0.32	0.02	0.4	0.47	0.46	0.02	1.98	0.17	0.11	0.23	0.4	0.15	0.26	1.41	0.09	0.4	0.04	0.16	0.28	0.4	0.1	0.13	0.15	0.18	0.22	0.01	0.05	0.22	0.06	0.12	0.43	0.14	0.65	0	0.44	0.44	0.04	0.12	0.01	13	0.54	0.44	0.33	0.23	0.01	0.29	0.45	0.1	0.06	0.12	0.1	0.13	0.12	0.05	0	0.11	0.02	0.12	0.16	0.04	0.14	0.14	0.4	0.26	0.4	0.11	0.17	0.14	0.19	0.11	0.03	0.4	0.07	0.27	0.28	0.41	0.14	0.39	0.09	0.29	0.91	0.09	0.17	0.01	0.44	0.04	0.2	0.11	0.22	0.13	0.11	0.46	0.11	0.24
0.11	0.03	0.09	0.57	0.12	0.26	0.11	0.03	0.18	1.12	0.12	0.71	0.17	0.13	0.38	0.21	0.05	0.2	0.34	0.03	0.45	0.15	0.18	0.14	0.13	0.55	0.28	0.05	0.24	0.05	0.11	0.46	0.19	0.13	0.05	0.18	0.02	0.23	0.1	0.2	0.04	0.12	0.3	0.58	23.8	0.5	0.55	32.5	0.33	0.2	0.12	0.18	0.03	0.48	0.04	0.11	0.03	0.03	0.14	0.1	0	0.11	0.2	0.21	0.14	0.49	0.05	0.49	0.05	0.04	0.04	0.13	0.35	0.27	0.01	0.11	0.2	0.16	0.3	0.04	0.03	0.25	0.04	0.9	0.27	0.11	0.2	0.15	0.1	0.02	0.13	0.29	0.31	0.34	0.07	0.53	0.06	0.03	0.24
0.35	0.48	0.41	1.47	0.03	0.47	0.02	0.11	0.47	2.49	0.02	3.7	0.48	0.48	0.48	0.48	0.48	0.48	0.48	0.5	0.98	0.47	0.48	0.04	0.04	0.47	0.47	0.47	0.47	0.97	0.01	0.06	0.52	0.03	0.42	0.46	0.96	0.46	0	0.05	0.97	0.05	0.11	0.47	0.04	0.42	0.46	0.47	0.46	0.01	0.52	0.45	0.12	0.06	0.46	0	0.45	0.45	0.45	0.02	0.45	0.01	0.44	0.45	0.45	0.75	0.94	0.02	0.48	0.45	0.44	0.44	0.16	0.44	0.44	0.44	0.05	0.44	0.64	0.43	0.26	0.04	0.93	0.43	0.44	0.43	0.44	0.94	0.01	0.43	0.03	0.44	0.52	0.23	0.93	0.92	0.43	0.42	0.92
0.49	0.03	0.1	0.79	0.14	0.22	0.13	0.03	0.03	0.92	0.4	1.92	0.06	0.03	0.47	0.41	0.02	0.2	0.29	0.03	0.37	0.17	0.22	0.42	0.17	0.22	0	0.61	0.11	0.07	0.12	0.16	0.35	0.16	0.05	0.42	0.03	0.03	0.13	0.22	0.42	0.51	0.03	0.49	1.13	0.15	0.61	39.5	0.54	0.1	0.24	0.21	0.02	0.35	0.06	0.12	0.03	0.22	0.17	0.17	0.04	0.12	0	0.22	0.17	0.45	0.02	0.15	0.02	0.04	0.75	0.43	0.2	0.29	0.04	0.13	0.45	0.49	0.33	0.46	0.05	0.32	0.28	0.46	0.28	0.13	0.48	0.16	0.12	0.04	0.14	0.64	0.38	0.75	0.02	0.03	0.07	0.03	0.2
0.24	0.9	0.4	0.23	0.13	0.78	0.15	0.48	0.21	2.92	0.15	4.44	0.22	0.24	0.37	0.21	0.23	0.68	0.66	0.2	0.63	0.16	0.58	0.16	0.3	0.94	0.22	0.24	0.33	0.51	0.15	0.38	0.61	0.13	0.24	0.29	0.2	0.19	0.44	0.74	0.21	0.6	0.21	0.59	0.48	1.08	0.01	28	0.33	0.46	0.21	0.21	0.2	0.42	0.22	0.15	0.57	0.65	0.44	0.16	0.21	0.46	0.22	0	0.31	0.2	0.23	0.15	0.46	0.23	0.49	0.46	1.36	0.35	0.26	0.22	0.21	0.17	0.7	0.22	0.23	0.22	0.91	0.18	0.17	0.21	0.19	0.18	0.25	0.21	0.12	0.51	0.22	0.41	0.49	0.35	0.47	0.21	0.47
0.35	0.14	0.19	0.55	0.09	0.28	0.03	0.15	0.14	1.56	0.03	9.2	0.31	0.47	0.47	0.04	0.17	0.39	0.21	0.2	0.17	0.03	0.3	0.04	0.04	0.14	0.16	0.47	0.18	0.95	0.04	0.36	0.16	0.06	0.15	0.05	0.13	0.28	0.05	0.01	0.18	0.03	0.26	0.06	0.14	0.1	0.43	0.18	0.48	0.35	0.14	0.05	0.17	0.07	0.15	0.41	0.43	0.69	0.49	0.04	0.49	0.17	0.15	0.18	0	0.05	0.18	0.36	0.5	0.5	0.54	0.26	0.1	0.35	0.39	0.17	0.01	0.05	0.19	0.15	0.14	0.01	0.4	0.05	0.27	0.03	0.06	0.06	0.28	0.36	0.25	0.17	0.15	0.41	0.17	0.38	0.18	0.56	0.2
0.07	0.17	0.56	0.46	0.06	0.31	0.08	0.66	0.18	0.52	0.06	6.78	0.5	0.15	0.17	0.01	0.4	0.18	0.17	0.15	0.4	0.05	0.03	0.8	0.07	0.16	0.54	0.56	0.24	0.4	0.07	0.03	0.16	0.06	0.18	0.01	0.41	0.17	0.07	0.05	0.16	0.08	0.17	0.36	0.41	0.06	0.2	0.33	0.3	0.08	0.31	0.23	0.15	0.09	0.18	0.07	0.19	0.16	0.02	0.19	0.41	0.67	0.17	0.18	0.05	0	0.18	0.08	0.19	0.36	0.15	0.4	0.4	0.12	0.16	0.23	0.4	0.02	0.16	0.35	0.17	0.41	0.18	0.02	0.16	0.16	0.01	0.05	0.08	0.18	0.07	0.11	0.18	0.41	0.28	0.34	0.22	0.18	0.25
0.15	0.04	0.12	0.32	0.49	0.24	0.15	0.05	0.18	2.43	0.14	9.87	0.07	0.43	0.43	0.23	0.32	0.67	0.31	0.71	0.09	0.16	0.55	0.19	0.45	0.05	0.01	0.45	0.16	0.45	0.14	0.19	0.05	0.15	0.06	0.21	0.04	0.24	0.14	0.26	0.04	0.45	0.04	0.17	0.19	0.51	0.44	16.7	0.55	0.12	0.05	0.22	0.03	0.37	0.07	0.59	0.05	0.04	0.3	0.15	0.05	0.46	0.03	0.44	0.18	0.34	0	0.16	0.01	0.92	0.05	0.16	0.46	0.69	0.06	0.17	0.23	0.19	0.46	0.07	0.06	0.23	0.11	0.22	0.29	0.38	0.22	0.37	0.3	0.24	0.16	0.66	0.07	0.37	0.03	0.36	0.04	0.12	0.21
0	0.61	0.49	0.15	0.02	0.49	0	0.28	0.1	1.4	0.01	8.68	0.12	0.96	0.48	0.1	0.15	0.76	0.23	0.11	0.12	0.04	0.08	0.03	0.03	0.1	0.5	0.46	0.17	0.13	0.02	0.04	0.14	0.21	0.11	0.08	0.97	0.42	0.01	0.1	0.13	0.03	0.12	0.03	0.18	0.02	0.15	0.13	0.5	0.02	0.12	0.08	0.48	0.05	0.3	0.02	0.48	0.43	0.04	0.05	0.49	0.31	0.41	0.37	0.03	0.07	0.15	0	0.5	0.14	0.36	0.4	0.5	0.18	0.11	0.04	0.4	0.07	0.53	0.11	0.14	0.43	0.49	0.07	0.52	0.04	0.08	0.42	0.31	0.12	0.42	0.22	0.12	0.73	0.43	0.12	0.14	0.43	0.23
0.16	0.05	0.51	0.04	0.47	0.24	0.32	0.1	0.05	1.96	0.4	0.58	0.07	0.94	0.42	0.26	0.57	0.22	0.47	0.32	0.1	0.17	0.55	0.17	0.16	0.05	0.18	0.07	0.12	0.31	0.13	0.34	0.05	0.49	0.12	0.21	0.05	0.7	0.13	0.26	0.05	0.14	0.04	0.43	13.6	1.01	0.53	34.2	0.43	0.5	0.07	0.23	0.04	0.53	0.08	0.54	0.05	0.14	0.4	0.44	0.06	0.13	0.03	0.44	0.17	0.19	0.01	0.35	0	0.42	0.18	0.17	0.41	0.31	0.48	0.16	0.25	0.2	0.35	0.07	0.07	0.53	0.3	0.5	0.5	0.17	0.23	0.2	0.41	0.05	0.17	1.31	0.07	0.57	0.03	0.05	0.04	0.05	0.22
0.42	0.13	0.11	0.25	0.17	0.67	0.14	0.02	0.81	0.82	0.13	0.82	0.06	0.42	0.39	0.24	0.06	0.21	0.33	0.04	0.23	0.52	0.21	0.15	0.15	0.42	0.04	0.02	0.11	0.07	0.13	0.17	0.01	0.42	0.14	0.21	0.42	0.04	0.12	0.25	0.04	0.12	0.03	0.43	0.16	0.16	0.45	0.02	0.43	0.11	0.05	0.22	0.43	0.17	0.07	0.13	0.02	0.53	0.16	0.42	0.04	0.52	0.12	0.23	0.43	0.17	0.06	0.13	0.06	0	0.43	0.15	0.15	0.63	0.26	0.14	0.53	0.2	0.56	0.06	0.06	0.43	0.07	0.2	0.29	0.63	0.21	0.43	0.25	0.43	0.16	0.73	0.12	0.39	0.43	0.03	0.11	0.04	0.21
0.13	0.03	0.43	0.16	0.16	0.26	0.11	0.4	0.03	1.44	0.13	1.95	0.04	0.45	0.62	0.61	0.05	0.19	0.29	0.01	0.45	0.17	0.49	0.49	0.16	0.19	0.04	0.06	0.11	0.05	0.1	0.17	0.04	0.45	0.27	0.21	0.02	0.01	0.24	0.38	0.03	0.11	0.03	0.15	0.33	0.4	0.46	50.2	0.56	0.09	0.46	0.2	0.02	0.16	0.05	0.11	0.04	0.02	0.67	0.1	0.04	0.24	0.48	0.2	0.17	0.15	0.13	0.49	0.06	0.35	0	0.16	0.13	0.49	0.03	0.12	0.23	0.19	0.49	0.04	0.05	0.16	0.59	0.19	0.26	0.13	0.21	0.16	0.1	0.04	0.14	0.32	0.04	0.36	0.05	0.03	0.5	0.03	0.19
0.24	0.13	0.42	0.18	0.01	0.3	0.42	0.44	0.13	0.14	0.43	3.45	0.13	0.13	0.6	1	0.5	0.25	0.23	0.4	0.17	0.05	0.41	0.01	0.02	0.4	0.41	0.18	0.19	0.93	0.43	0.29	0.15	0.27	0.15	0.09	0.44	0.28	0.03	0.09	0.15	0.04	0.35	0.45	0.52	0.34	0.85	32	0.21	0.04	0.13	0.09	0.45	0.33	0.14	0.03	0.14	0.17	0.05	0.04	0.46	0.15	0.15	0.14	0.04	0.07	0.17	0.03	0.18	0.16	0.47	0	0.53	0.19	0.47	0.11	0.09	0.06	0.47	0.47	0.16	0.05	0.54	0.48	0.19	0.3	0.09	0.04	0.04	0.13	0.04	0.68	0.14	1.01	0.48	0.15	0.57	0.14	0.41
0.08	0.22	0.18	0.68	0.01	0.62	0.02	0.14	0.49	1.12	0.08	0.3	0.4	0.27	0.28	0.12	0.4	0.29	0.5	0.81	0.15	0.47	0.56	0.41	0.91	0.4	0.23	0.53	0.18	0.14	0.09	0.67	0.17	0.02	0.14	0.06	0.4	0.25	0.02	0.09	0.14	0.08	0.4	0.9	0.01	0.12	0.87	0.68	0.2	0.09	0.4	0.14	0.4	0.27	0.91	0.38	0.4	0.18	0.1	0.51	0.14	0.08	0.41	0.64	0.09	0.21	0.26	0.02	0.17	1.12	0.41	0.44	0	0.41	0.12	0.1	0.16	0.52	0.24	0.12	2.12	0.41	0.29	0.06	0.46	0.24	0.41	0.41	0.1	0.66	0.35	0.91	0.71	0.32	0.51	0.41	0.71	0.81	0.63
0.51	0.46	0.47	0.54	0.18	0.48	0.18	0.28	0.57	2.97	0.47	5.5	0.27	0.27	0.22	0.13	0.3	0.09	0.05	0.54	0.32	0.2	0.41	0.19	0.19	0.38	0.29	0.46	0.35	0.29	0.38	0.14	0.27	0.18	0.29	0.1	0.51	0.64	0.39	0.2	0.29	0.19	0.41	0.25	22.8	0.52	0.36	29.2	0.42	0.2	0.41	0.14	0.27	0.41	0.28	0.63	0.28	0.26	0.13	0.42	0.27	0.62	0.28	0.47	0.19	0.12	0.31	0.27	0.31	0.3	0.42	0.19	0.19	0	0.27	0.2	0.2	0.43	0.43	0.28	0.29	0.21	0.29	0.45	0.54	0.2	0.1	0.15	0.19	0.26	0.32	0	0.27	0.03	0.43	0.29	0.43	0.28	0.09
0.1	0.48	0.19	0.06	0.33	0.38	0.1	0.03	0.37	1.49	0.12	0.46	0.03	0.23	0.7	0.2	0.05	0.5	0.34	0.4	0.07	0.41	0.28	1.4	0.41	0.41	0.04	0.41	0.1	0.41	0.49	0.91	0.04	0.41	0.05	0.35	0.01	0.1	0.42	0.23	0.03	0.11	0.41	0.42	0.26	0.92	0.43	0.42	0.42	0.1	0.02	0.18	0.02	0.43	0.43	0.09	0.43	0.03	0.41	0.12	0.01	0.63	0.04	0.21	0.15	0.23	0.33	0.12	0.43	0.05	0.03	0.13	0.13	0.25	0	0.44	0.23	0.17	0.95	0.03	0.04	0.15	0.45	0.24	0.63	0.1	0.19	0.44	0.09	0.02	0.14	0.3	0.03	0.33	0.06	0.13	0.45	0.03	0.46
0.43	0.44	0.19	0.17	0.47	0.32	0.03	0.14	0.13	1.31	0.03	7.07	0.13	0.13	0.23	0.44	0.15	0.27	0.22	0.12	0.15	0.04	0.47	0.05	0.29	0.14	0.15	0.6	0.19	0.14	0.03	0.09	0.13	0.1	0.18	0.1	0.11	0.11	0.04	0.04	0.45	0.11	0.12	0.72	23.4	0.09	0.47	31.1	0.35	0.03	0.13	0.09	0.12	0.52	0.13	0.04	0.15	0.11	0.41	0.18	0.11	0.26	0.13	0.53	0.23	0.09	0.44	0.04	0.28	0.13	0.52	0.31	0.86	0.2	0.11	0	0.04	0.08	0.49	0.14	0.13	0.12	0.13	0.1	0.42	0	0.1	0.09	0.03	0.12	0.05	0.19	0.13	0.52	0.15	0.13	0.45	0.13	0.61
0.1	0.58	0.26	0.23	0.09	0.32	0.5	0.21	0.19	0.21	0.03	0.55	0.15	0.47	0.27	0.11	0.25	0.27	0.24	0.21	0.19	0.41	0.21	0.1	0.09	0.26	0.22	0.23	0.54	0.16	0.04	0.04	0.21	0.41	0.17	0.37	0.22	0.22	0.05	0	0.45	0.03	0.22	0.12	0.47	0.09	0.23	0.23	0.48	0.04	0.38	0.05	2.42	0.06	0.16	0.49	0.54	0.24	0.04	0.05	0.29	0.06	0.41	0.21	0.01	0.05	0.5	0.42	0.93	0.42	0.22	0.09	0.34	0.2	0.2	0.03	0	0.08	0.22	0.15	0.21	0.12	0.16	0.09	0.23	0.43	0.51	0.07	0.15	0.2	0.09	0.21	0.53	0.22	0.23	0.3	0.95	0.21	0.39
1.43	0.18	0.26	0.23	0.42	0.23	0.06	0.17	0.41	0.77	0.06	6.56	0.47	0.19	0.36	0.03	0.21	0.19	0.18	0.44	0.2	0.16	0.25	0.44	0.06	0.17	0.93	0.2	0.62	0.2	0.42	0.13	0.18	0.04	0.18	0.01	0.17	0.4	0.27	3	0.19	0.4	0.18	0.09	0.5	0.9	0.17	47.2	0.4	0.08	0.22	0.05	0.44	0.43	0.18	0.9	0.17	0.19	0.03	0.07	0.19	0.31	0.2	0.48	0.05	0.02	0.98	0.06	0.47	0.2	0.97	0.22	0.62	0.12	0.46	0.09	0.08	0	0.14	0.35	0.18	0.95	0.18	0.03	0.44	0.44	0.01	0.03	0.07	0.45	0.05	0.29	0.44	0.44	0.21	0.93	0.43	1	0.52
0.2	0.91	0.34	0.72	0.24	0.41	0.53	0.33	0.91	1.42	0.52	4.02	0.6	0.49	0.03	0.15	0.49	0.26	0.26	0.4	0.6	0.21	0.16	0.19	0.2	0.4	0.5	0.35	0.61	0.41	0.22	0.31	0.33	0.23	0.47	0.13	0.32	0.42	0.2	0.62	0.72	0.92	0.34	0.93	0.43	0.51	0.93	53.3	0.02	0.5	0.73	0.48	0.32	0.61	0.31	0.2	0.34	0.33	0.17	0.22	0.93	0.32	0.63	0.76	0.19	0.53	0.34	0.2	0.35	0.34	0.54	0.19	0.24	0.21	0.3	0.22	0.21	0.49	0	0.59	0.32	0.27	0.4	0.46	0.37	0.22	0.67	0.16	0.46	0.3	0.19	0.21	0.39	0.3	0.33	0.47	0.57	0.72	0.25
0.12	0.92	0.1	0.2	0.42	0.28	0.12	0.87	0.4	0.05	0.5	2.51	0.41	0.15	0.61	0.4	0.07	3	0.33	0.4	0.09	0.15	0.9	0.14	0.13	0.05	0.06	0.33	0.12	0.49	0.42	0.33	0.11	0.47	0.46	0.49	0.02	0.22	0.5	0.46	0.04	0.12	0.04	0.45	0.55	0.12	0.22	0.44	0.33	0.17	0.16	0.19	0.03	0.16	0.01	0.11	0.36	0.42	0.42	0.34	0.04	0.12	0.06	0.51	0.4	0.9	0.4	0.12	0.14	0.5	0.17	0.49	0.49	0.28	0.03	0.13	0.5	0.17	0.48	0	0.03	0.23	0.47	0.53	0.28	0.46	0.26	0.18	0.11	0.04	0.14	0.29	0	0.34	0.07	0.3	0.43	0.04	0.47
0.15	0.04	0.08	0.36	0.14	0.27	0.37	0.47	0.02	2.67	0.12	4.38	0.03	0.03	0.77	1.1	0.07	0.58	0.62	0.04	0.08	0.16	0.68	0.15	0.16	0.03	0.05	0.07	0.36	0.09	0.12	0.54	0.1	0.13	0.05	0.19	0.04	0.04	0.26	0.21	0.05	0.13	0.04	0.56	23.2	0.51	0.23	27.5	0.33	0.13	0.2	0.21	0.35	0.65	0.03	0.14	0.07	0.04	0.43	0.12	0.03	0.14	0.05	0.23	0.14	0.17	0.06	0.15	0.07	0.06	0.39	0.37	0.16	0.28	0.07	0.49	0.32	0.18	0.31	0.03	0	0.49	0.81	0.24	0.79	0.13	0.19	0.15	0.14	0.01	0.45	0.5	0.03	0.34	0.2	0.04	0.07	0.04	0.21
0.03	0.13	0.19	0.34	0.47	0.97	0.04	0.46	0.17	1.99	0.02	0.99	0.14	0.44	0.19	0.04	0.16	0.25	0.23	0.53	0.19	0.06	0.05	0.04	0.04	0.14	0.16	0.18	0.22	0.5	0.03	0.03	0.17	0.09	0.15	0.05	0.15	0.16	2.11	0	0.15	0.02	0.31	0.06	0.41	0.09	0.24	38.3	0.27	0.11	0.18	0.27	0.2	0.13	0.23	0.41	0.15	0.14	0.3	0.04	0.16	0.43	0.15	0.19	0	0.05	0.53	0.04	0.2	0.17	0.73	0.46	0.34	0.43	0.15	0.4	0.41	0.5	0.26	0.46	0.36	0	0.18	0.1	0.46	0.09	0.27	0.08	0.44	0.25	0.21	0.64	0.2	1.06	0.44	0.19	0.53	0.32	0.36
0.12	1.44	0.94	0.08	0.44	0.29	0.12	0.06	0.44	1.96	0.12	4.57	0.01	0.06	0.88	0.96	0.08	0.45	0.46	0.04	0.46	0.15	0.58	0.14	0.14	0.05	0.46	0.08	0.46	0.38	0.46	0.16	0.06	0.13	0.08	0.19	0.03	0.67	0.11	0.15	0.05	0.47	0.05	0.12	1.01	0.13	0.24	0.11	0.47	0.18	0.37	0.22	0.04	0.47	0	0.11	0.68	0.05	0.31	0.12	0.31	0.12	0.06	0.22	0.15	0.18	0.08	0.13	0.08	0.07	0.05	0.14	0.28	0.59	0.04	0.14	0.49	0.48	0.58	0.01	0.03	0.39	0	0.18	0.28	0.5	0.19	0.18	0.5	0.04	0.14	0.46	0.4	0.7	0.08	0.05	0.24	0.4	0.71
0.44	0.18	0.21	0.44	0.06	0.54	0.07	0.21	0.17	0.54	0.14	5.32	0.18	0.18	0.18	0.03	0.44	1.25	0.28	0.85	0.21	0.07	0.44	1.52	0.39	0.33	0.19	0.21	0.24	0.19	0.08	0.03	0.2	0.14	0.19	0	0.48	1.47	0.08	0.46	0.2	0.14	0.2	0.77	0.79	0.06	0.2	0.92	0.14	0.83	0.19	0.1	0.19	0.1	0.46	0.4	0.19	0.18	0.03	0.17	0.17	0.47	0.21	0.21	0.05	0.01	0.98	0.07	0.22	0.2	0.53	0.08	0.41	0.1	0.2	0.48	0.09	0.08	0.49	0.22	1.17	0.05	0.19	0	0.22	0.48	0	0.04	0.08	0.18	0.12	0.43	0.32	0.42	0.21	0.49	0.42	0.69	1.49
0.21	0.27	0.26	0.49	0.15	0.49	0.21	0.47	0.27	1.91	0.21	0.77	0.28	0.29	0.48	0.27	0.29	0.72	0.69	0.25	0.49	0.49	0.27	0.15	0.2	0.49	0.28	0.3	0.49	0.29	0.21	0.4	0.49	0.49	0.52	0.25	0.25	0.57	0.49	0.59	0.29	0.2	0.27	0.3	0.9	0.15	0.07	0.4	0.39	0.14	0.6	0.27	0.41	0.19	0.28	0.21	0.28	0.26	0.4	0.22	0.27	0.4	0.28	0.07	0.91	0.4	0.4	0.49	0.5	0.29	0.41	0.5	0.17	0.35	0.27	0.42	0.23	0.3	0.37	0.58	0.29	0.53	0.46	0.53	0	0.43	0.25	0.17	0.44	0.27	0.14	0.69	0.28	1.45	0.29	0.44	0.65	0.66	0.4
0.03	0.11	0.46	1.02	0.1	0.31	0.04	0.12	0.12	1.32	0.03	6.13	0.12	0.13	0.35	0.07	0.42	0.42	0.24	0.1	0.14	0.42	0.09	0.05	0.05	0.13	0.14	0.15	0.18	0.53	0.43	0.09	0.14	0.09	0.14	0.1	0.12	1.24	0.03	0.04	0.13	0.01	0.45	0.18	0.05	0.38	0.57	42.5	0.24	0.01	0.15	0.47	0.11	0.33	0.13	0.03	0.23	0.47	0.09	0.27	0.47	0.04	0.13	0.22	0.35	0.07	0.48	0.03	0.15	0.15	0.13	0.05	0.09	0.5	0.51	0	0.04	0.31	0.91	0.13	0.12	0.23	0.15	0.09	0.4	0	0.1	0.08	0.03	0.51	0.04	0.2	0.41	0.92	0.41	0.13	0.14	0.12	0.24
0.41	0.19	0.21	0.37	0.06	0.32	0.18	0.42	0.42	0.48	0.08	4.42	0.49	0.19	0.18	0.03	0.21	0.18	0.17	0.5	0.18	0.08	0.41	0.09	0.07	0.19	0.2	0.6	0.28	0.2	0.08	0.04	0.19	0.06	0.17	0.24	0.92	0.52	0.08	0.09	0.43	0.09	0.19	0.13	21.6	0.22	0.19	25.9	0.15	0.93	0.21	0.04	0.19	0.75	0.19	0.08	0.3	0.94	0.03	0.1	0.44	0.45	0.44	0.19	0.44	0.01	0.21	0.45	0.38	0.23	0.19	0.45	0.45	0.45	0.19	0.1	0.1	0.27	0.24	0.55	0.2	0.05	0.19	0	0.25	0.46	0	0.04	0.45	0.18	0.08	0.46	0.24	0.36	0.21	0.46	0.29	0.2	0.15
0.04	0.15	0.18	0.56	0.09	0.36	0.32	0.16	0.15	1.23	0.42	0.42	0.18	0.43	0.22	0.48	0.3	0.52	0.21	0.17	0.48	0.08	0.36	0.27	0.48	0.14	0.16	0.48	0.55	0.19	0.33	0.42	0.16	0.03	0.15	0.04	0.48	0.16	0.05	0.06	0.18	0.08	0.6	0.21	0.36	0.11	0.17	0.48	0.48	0.08	0.38	0.08	0.48	0.08	0.32	0.17	0.48	0.17	0.09	0.08	0.16	0.13	0.48	0.15	0.06	0.05	0.29	0.05	0.18	0.23	0.48	0.04	0.58	0.15	0.16	0.08	0.07	0.09	0.16	0.34	0.15	0.05	0.31	0.41	0.51	0.09	0.05	0	0.07	0.15	0.04	0.15	0.18	0.42	0.21	0.15	0.28	0.41	0.2
0.02	0.13	0.16	0.44	0.1	0.55	0.02	0.52	0.1	2.87	0.01	6.35	0.11	0.46	0.23	0.3	0.14	0.26	0.23	0.49	0.51	0.04	0.23	0.04	0.38	0.11	0.14	0.13	0.47	0.12	0.25	0.04	0.12	0.09	0.46	0.08	0.08	0.09	0.01	0.04	0.47	0.34	0.12	0.15	0.04	0.34	0.16	13.9	0.48	0	0.58	0.08	0.21	0.48	0.12	0.01	0.12	0.34	0.3	0.01	0.11	0.01	0.13	0.16	0.04	0.08	0.13	0.02	0.13	0.31	0.49	0.04	0.6	0.19	0.1	0.03	0.4	0.07	1.08	0.11	0.18	0.05	0.19	0.4	0.22	0.03	0.09	0.5	0	0.1	0.03	0.21	0.12	0.61	0.14	0.16	0.35	0.41	0.61
0.44	0.02	0.09	0.05	0.13	0.54	0.44	0.77	0	0.27	0.43	2.93	0.03	0.34	0.35	0.21	0.05	0.2	0.35	0.11	0.06	0.14	0.2	0.14	0.43	0.02	0.04	0.05	0.09	0.44	0.09	0.44	0.03	0.22	0.06	0.19	0.02	0.03	0.11	0.44	0.03	0.1	0.03	0.21	20.2	0.5	0.33	23.5	0.65	0.18	0.02	0.21	0.02	0.49	0.5	0.09	0.34	0.03	0.6	0.1	0.02	1.29	0.04	0.21	0.46	0.66	0.19	0.11	0.05	0.47	0.04	0.54	0.13	0.27	0.02	0.31	0.21	0.16	0.69	0.04	0.01	0.14	0.04	0.17	0.49	0.14	0.18	0.14	0.5	0	0.14	0.29	0.04	0.58	0.5	0.03	0.05	0.03	0.2
0.03	0.14	0.18	0.18	0.01	0.3	0.02	0.19	0.12	1.14	0.03	0.43	0.47	0.12	0.24	0.52	0.17	0.24	0.47	0.48	0.17	0.04	0.09	0.01	0.02	0.14	0.42	0.15	0.48	0.14	0.03	0.05	0.14	0.01	0.16	0.08	0.14	0.15	0.58	0.49	0.16	0.04	0.49	0.05	10.9	0.32	0.15	32.6	0.49	0.35	0.13	0.17	0.16	0.14	0.14	0.11	0.4	0.15	0.43	0.35	0.13	0.41	0.16	0.2	0.04	0.07	0.17	0.02	0.26	0.41	0.43	0.17	0.34	0.19	1	0.41	0.09	0.05	0.19	0.17	0.33	0.41	0.14	0.08	0.14	0.2	0.12	0.42	0.03	0.96	0	0.2	0.42	0.6	0.43	0.16	0.16	0.15	0.22
0.25	0.67	0.34	1.3	0.17	0.5	0.5	0.35	0.31	1.58	0.19	10.8	0.48	0.5	0.48	0.14	0.48	0.09	0.05	0.61	0.69	0.19	0.49	0.22	0.18	0.49	0.5	0.32	0.34	0.59	0.19	0.3	0.58	0.17	0.46	0.4	0.39	0.6	0.17	0.6	0.4	0.18	0.51	0.21	0.61	0.53	0.3	0.91	0.41	0.81	0.44	0.41	0.29	0.41	0.63	0.19	0.31	0.41	0.14	0.41	0.42	0.2	0.42	0.3	0.16	0.92	0.32	0.42	0.34	0.43	0.32	0.19	0.38	0	0.32	0.2	0.43	0.43	0.43	0.48	0.32	0.43	0.83	0.12	0.36	1.44	0.14	0.28	0.58	0.29	0.55	0	0.3	0.43	0.94	0.3	0.33	0.43	0.09
0.12	0.04	0.1	0.08	0.46	0.46	0.12	0.05	0.21	1.88	0.12	9.8	0	0.05	0.63	0.55	0.09	0.47	0.67	0.03	0.47	0.15	0.47	0.14	0.13	0.05	0.06	0.07	0.3	0.01	0.11	0.16	0.05	0.67	0.07	0.48	0.03	0.03	0.11	0.48	0.05	0.12	0.04	0.28	12.5	0.13	0.22	13.9	0.48	0.18	0.22	0.21	0.49	0.59	0.31	0.32	0.05	0.04	0.33	0.12	0.04	0.26	0.06	0.49	0.15	0.18	0.12	0.12	0.07	0.5	0.04	0.14	0.13	0.4	0.03	0.13	0.15	0.17	0.31	0	0.4	0.35	0.01	0.4	0.28	0.13	0.19	0.18	0.4	0.04	0.4	0.53	0	0.6	0.4	0.04	0.07	0.05	0.4
0.23	0.6	0.34	0.7	0.24	0.16	0.62	0.44	0.46	1.61	0.22	3.64	0.34	1.03	0.31	0.43	0.36	0.06	0.05	0.93	0.65	0.23	0.54	0.44	0.44	0.32	0.47	0.44	0.38	0.54	0.94	0.18	0.44	0.21	0.32	0.15	0.44	1.45	0.22	0.45	0.73	0.21	0.44	0.45	0.82	1.36	0.35	0.45	0.96	0.46	0.34	0.18	0.96	0.25	0.34	0.46	0.64	0.34	0.47	0.22	0.47	0.47	0.34	0.47	0.47	0.14	0.36	0.48	1.08	0.36	0.36	0.23	0.48	0.03	0.69	0.48	0.49	0.16	0.3	0.34	0.37	0.49	0.49	0.15	0.41	0.23	0.5	0.22	0.23	0.99	0.23	0.25	0.6	0	0.6	0.32	0.76	0.5	0.12
0.45	0.04	0.45	0.27	0.17	0.24	0.45	0.05	0.05	0.39	0.14	2.41	0.07	0.4	0.41	0.23	0.04	0.26	0.3	0.05	1.11	0.18	0.22	0.4	0.46	0.4	0.02	0.91	0.41	0.09	0.54	0.18	0.52	0.15	0.07	0.42	0.05	0.2	0.13	0.23	0.42	0.32	0.04	0.17	0.39	0.59	0.51	48.3	0.54	0.13	0.15	0.52	0.1	0.18	0.08	0.14	0.05	0.04	0.18	0.13	0.07	0.14	0.02	0.53	0.18	0.47	0.03	0.15	0.03	0.06	0.06	0.43	0.15	0.31	0.06	0.17	0.23	0.41	0.33	0.07	0.07	0.27	0.08	0.22	0.29	0.15	0.21	0.18	0.59	0.05	0.19	0.5	0.07	0.5	0.4	0.05	0.36	0.4	1.91
0.49	0	0.09	0.42	0.14	0.52	0.42	0.03	0.42	2.18	0.12	1.61	0.04	0.04	0.5	0.22	0.1	0.41	0.23	0.35	0.06	0.91	0.19	0.28	0.15	0	0.42	0.05	0.1	0.05	0.42	0.17	0.11	0.13	0.04	0.21	0.02	0.02	0.42	0.22	0.02	0.12	0.02	0.13	0.93	0.43	0.33	0.03	0.63	0.43	0.05	0.19	0.14	0.21	0.44	0.1	0.02	0.02	0.15	0.45	0.03	0.13	0.03	0.21	1.16	0.16	0.04	0.12	0.05	0.04	0.03	0.2	0.16	0.37	0.72	0.13	0.21	1.06	0.32	0.47	0.04	0.57	0.05	0.18	0.4	0.47	0.19	0.17	0.12	0.03	0.48	0.57	0.18	0.32	0.4	0	0.05	0.02	0.19
0.14	0.45	0.1	0.01	0.45	0.24	0.21	0.05	0.05	0.68	0.45	11.4	0.09	0.47	0.47	0.23	0.04	0.46	0.3	0.05	0.47	0.18	0.46	0.16	0.38	0.46	0.02	0.06	0.13	0.39	0.14	0.56	0.46	0.46	0.07	0.21	0.05	0.29	0.14	0.23	0.06	0.46	0.04	0.46	0.16	0.46	0.31	0.96	0.46	0.12	0.46	0.52	0.04	0.56	0.32	0.14	0.05	0.04	0.19	0.67	0.06	0.26	0.02	0.47	0.18	0.31	0.04	0.47	0.58	0.23	0.05	0.49	0.68	0.58	0.06	0.48	0.23	0.49	0.34	0.07	0.24	0.19	0.28	1.09	0.29	0.14	0.49	0.69	0.98	0.05	0.49	1.23	0.07	0.91	0.01	0.4	0	0.07	0.51
0.13	0.16	0.1	0.07	0.48	0.31	0.18	0.03	0.03	1.68	0.48	0.48	0.21	0.41	0.44	0.54	0.41	0.19	0.23	0.41	0.06	0.22	0.51	0.41	0.41	0.2	0.14	0.04	0.12	0.06	0.41	0.15	0.03	0.14	0.44	0.41	0.03	0.41	0.1	0.51	0.01	0.11	0.01	0.13	0.72	0.42	0.29	44.1	0.33	0.25	0.92	0.19	0.01	0.42	0.27	0.1	0.03	0.01	0.42	0.11	0.03	0.37	0.03	0.21	0.15	0.38	0.04	0.43	0.05	0.43	0.03	0.17	0.47	0.29	0.03	0.12	0.22	0.57	0.32	0.04	0.04	0.27	0.43	0.44	0.94	0.44	0.19	0.44	0.84	0.03	0.16	0.61	0.05	1.03	0.44	0.02	0.07	0	0.19
0.23	0.54	0.35	0.22	0.85	0.45	0.45	0.6	1.37	1.81	0.29	12.7	0.27	0.21	0.25	0.42	0.53	0	0.04	0.18	0.39	1.46	0.19	0.45	0.22	0.47	0.21	0.22	0.42	0.48	0.23	0.17	0.2	0.49	0.52	0.15	1.48	0.48	0.34	0.24	0.19	0.49	0.54	0.25	0.82	0.52	0.48	0.58	0.49	0.22	0.6	0.19	0.18	2	0.77	0.67	0.57	0.47	0.17	0.47	0.97	0.26	0.2	0.74	0.2	0.2	0.21	0.98	0.98	0.48	0.19	0.58	0.63	0.09	0.48	0.25	0.48	0.5	0.26	0.27	0.48	0.21	0.48	0.44	0.79	0.25	0.49	0.49	0.23	0.6	0.21	0.11	0.81	1.81	0.9	1.11	0.61	0.19	0
