0	0.11	0.15	0.15	0.02	0.63	0	0.3	0.12	0.86	0.09	1.66	0.12	0.12	0.96	0.47	0.17	0.32	0.23	0.46	0.32	0.04	0.08	0.46	0.03	0.56	0.14	0.54	0.19	0.53	0.05	0.04	0.12	0.4	0.19	0.47	0.47	0.33	0.01	0.36	0.47	0.03	0.14	0.23	0.18	0.02	0.16	0.13	0.22	0.06	0.11	0.08	0.11	0.06	0.24	0.01	0.15	0.48	0.39	0.02	0.11	0.07	0.48	0.15	0.03	0.07	0.48	0.03	0.48	0.14	0.27	0.39	0.02	0.37	0.1	0.04	0.48	0.06	0.2	0.12	0.12	0.16	0.48	0.08	0.21	0.04	0.08	0.69	0.08	0.11	0.02	0.31	0.49	0.54	0.49	0.12	0.49	0.13	0.22
0.12	0	0.1	0.04	0.15	0.45	0.11	0.02	0.02	0.44	0.11	2.04	0.04	0.02	0.45	0.65	0.04	0.58	0.45	0.02	0.09	0.47	0.56	0.13	0.15	0.2	0.03	0.04	0.3	0.05	0.1	0.16	0.32	0.47	0.04	0.22	0.02	0.34	0.1	0.47	0.42	0.12	0.02	0.16	0.47	0.32	0.48	0.37	0.33	0.09	0.02	0.19	0.01	0.18	0.05	0.98	0.17	0.02	0.41	0.48	0.02	0.48	0.03	0.49	0.69	0.17	0.04	0.99	0.05	0.02	0.03	0.49	0.13	0.26	0.49	0.12	0.22	0.99	0.39	0.04	0.21	0.14	0.38	0.18	0.49	0.11	0.5	0.18	0.4	0.4	0.13	0.4	0.4	0.54	0.07	0	0.04	0.41	0.19
0.15	0.1	0	0.47	0.16	0.7	0.5	0.11	0.07	0.92	0.15	1.48	0.09	0.11	0.37	0.4	0.11	0.62	0.29	0.08	0.11	0.17	0.22	0.2	0.25	0.06	0.51	0.11	0.15	0.27	0.14	0.61	0.11	0.35	0.09	0.41	0.08	0.08	0.15	0.19	0.09	0.31	0.09	0.15	0.41	0.57	0.31	0.09	0.51	0.14	0.41	0.56	0.09	0.21	0.1	0.15	0.42	0.41	0.57	0.14	0.42	0.23	0.1	0.28	0.43	0.2	0.11	0.15	0.11	0.11	0.47	0.17	0.17	0.3	0.26	0.43	0.2	0.21	0.73	0.1	0.08	0.18	0.11	0.43	0.26	0.16	0.21	0.43	0.16	0.09	0.53	0.34	0.1	0.43	0.73	0.09	0.1	0.19	0.34
0.49	0.05	0.1	0.01	0.49	0.49	0.15	0.05	0.05	1.75	0.51	0.37	1.05	0.08	0.4	0.24	0.03	0.77	0.47	0.05	0.14	0.18	0.56	0.48	0.16	0.08	0.02	0.07	0.13	0.49	0.14	0.49	0.05	0.15	0.11	0.22	0.05	0.4	0.4	0.23	0.05	0.15	0.4	0.16	0.41	0.15	0.61	0.41	0.35	0.51	0.41	0.62	0.41	0.2	0.08	0.14	0.05	0.04	0.21	0.43	0.07	0.94	0.33	0.23	0.54	0.19	0.04	0.15	0.1	0.06	0.06	0.65	0.15	0.31	0.06	0.66	0.26	0.2	0.34	0.07	0.46	0.18	0.08	0.22	0.47	0.57	0.23	0.18	0.13	0.05	0.16	0.32	0.9	0.37	0	0.58	0.31	0.05	2
0.02	0.14	0.16	0.21	0	0.29	0.02	0.13	0.11	0.67	0.02	3.76	0.13	0.11	0.99	0.49	0.17	0.23	0.22	0.49	0.47	0.09	0.14	0.01	0.02	0.13	0.5	0.4	0.18	0.9	0.4	0.1	0.41	0.24	0.13	0.06	0.13	0.46	0.04	0.09	0.34	0.43	0.14	0.04	0.02	0	0.15	0.14	0.2	0.04	0.12	0.12	0.13	0.07	0.14	0.02	0.48	0.14	0.41	0.11	0.12	0.76	0.14	0.4	0.1	0.06	0.41	0.02	0.17	0.14	0.18	0.16	0.01	0.18	1.02	0.1	0.09	0.05	0.35	0.5	0.13	0.12	0.13	0.25	0.15	0.1	0.06	0.43	0.49	0.12	0.01	0.18	0.13	0.51	0.43	0.16	0.17	1.2	0.67
0.3	0.23	0.48	0.22	0.29	0	0.48	0.62	0.49	2	0.49	3.96	0.3	0.24	0.19	0.54	0.57	0.55	0.33	0.24	0.32	0.31	0.27	0.45	0.3	0.26	0.23	0.31	0.6	0.7	0.31	0.25	0.26	0.5	0.29	0.23	0.26	0.6	0.29	0.32	0.64	0.3	0.43	0.33	0.5	0.55	0.94	0.44	0.37	0.29	0.6	0.25	2.58	0.35	0.53	0.31	0.32	0.68	0.25	0.32	0.55	0.7	0.28	0.42	0.28	0.95	0.26	0.3	0.51	0.32	0.45	0.3	0.69	0.12	0.44	0.31	0.32	0.24	0.28	0.36	0.44	0.65	0.35	0.23	0.48	0.45	0.23	0.27	0.31	0.33	0.3	0.16	0.45	0.15	0.3	0.59	0.55	0.3	0.23
0	0.12	0.15	0.47	0.02	0.91	0	0.14	0.13	1.01	0.01	0.95	0.12	0.42	0.25	0.41	0.14	0.61	0.23	0.11	0.42	0.03	0.08	0.03	0.26	0.1	0.13	0.42	0.19	0.42	0.02	0.04	0.17	0.02	0.11	0.07	0.42	0.38	0.01	0.1	0.72	0.03	0.11	0.03	0.43	0.43	0.15	0.14	0.22	0.02	0.31	0.08	0.11	0.43	0.42	0.02	0.12	0.11	0.35	0.02	0.13	0.02	0.14	0.19	0.44	0.07	0.15	0.19	0.16	0.13	0.44	0.03	0.32	0.18	0.35	0.03	0.1	0.45	0.24	0.12	0.15	0.03	0.45	0.07	0.21	0.45	0.08	0.04	0.02	0.45	0.11	0.27	0.4	0.48	0.14	0.11	0.14	0.27	1.55
0.3	0.02	0.11	0.05	0.13	0.47	0.29	0	0.03	0.79	0.17	3.78	0.15	0.18	0.45	0.6	0.05	0.54	0.77	0.03	0.13	0.15	0.46	0.14	0.17	0.03	0.46	0.02	0.44	0.06	0.47	0.17	0.01	0.13	0.05	0.48	0.3	0.41	0.11	0.22	0.04	0.41	0.42	0.17	0.2	0.14	0.48	0.01	0.66	0.45	0.06	0.19	0.02	0.18	0.06	0.11	0	0.03	0.31	0.13	0.04	0.48	0.04	0.25	0.17	0.32	0.84	0.28	0.05	0.02	0.1	0.16	0.31	0.44	0.03	0.13	0.59	0.61	0.35	0.05	0.05	0.49	0.06	0.2	0.44	0.31	0.46	0.16	0.12	0.03	0.14	0.6	0.05	0.34	0.24	0.15	0.05	0.03	0.91
0.12	0.4	0.07	0.05	0.12	0.24	0.1	0.47	0	1.37	0.11	1.14	0.03	0.01	0.4	0.23	0.19	0.19	0.46	0.05	0.13	0.44	0.18	0.12	0.14	0.01	0.03	0.04	0.1	0.04	0.1	0.15	0.03	0.14	0.06	0.18	0.02	0.78	0.11	0.46	0.03	0.11	5.56	0.13	0.14	0.47	0.21	0.02	0.58	0.26	0.32	0.21	0.02	0.47	0.57	0.11	0.02	0.03	0.53	0.48	0.02	0.48	0.03	0.48	0.14	0.17	0.04	0.12	0.05	0.03	0.03	0.34	0.63	0.26	0.02	0.49	0.19	1.03	0.49	0.03	0.02	0.13	0.04	0.18	0.27	0.1	0.17	0.14	0.11	0	0.12	0.4	0.03	0.5	0.1	0.02	0.08	0.03	0.8
0.72	0.9	1.17	0.71	0.22	0.24	0.9	1.5	0.02	0	0.15	3.49	3.06	2.35	2.4	2.59	1.69	1.19	1.2	0.95	1.19	0.79	0.81	0.79	0.95	0.65	1.09	1.79	1.69	2	2.26	2.34	2.5	2.51	0.87	2.3	1.45	1.35	1.05	1.35	0.91	0.78	0.95	0.99	1.81	1.31	1.45	1.89	1.89	1.65	1.92	2.37	2.26	2.45	2.81	2.93	2.43	2.03	1.62	1.15	0.94	0.7	0.82	2.01	3.14	2.2	2.83	2.43	3.04	2.54	2.53	2.39	2.34	1.44	1.19	0.74	0.59	1.02	1.27	0.82	0.42	0.44	0.49	0.23	1.14	1.12	0.86	1.45	0.95	0.76	0.99	1.04	0.87	1.35	0.9	0.95	1.26	1.48	2.16
0.01	0.23	0.15	0.97	0.02	0.31	0.01	0.12	0.47	0.69	0	0.88	0.41	0.12	0.25	0.26	0.14	0.5	0.23	0.48	0.59	0.47	0.2	0.03	0.04	0.11	0.14	0.15	0.18	0.13	0.23	0.04	0.14	0.18	0.11	0.08	0.11	0.53	0.16	0.5	0.59	0.02	0.12	0.49	0.03	0.23	0.17	0.5	0.49	0.43	0.11	0.26	0.49	0.05	0.12	0.01	0.32	0.5	0.03	0.02	0.12	1.4	0.13	0.4	0.03	0.06	0.15	0.01	0.16	0.4	0.14	0.27	0.15	0.44	0.11	0.22	0.03	0.2	0.51	0.41	0.14	0.4	0.61	0.36	0.21	0.19	0.41	0.06	0.01	0.12	0.41	0.41	0.12	0.32	0.33	0.3	0.31	0.41	0.38
3.04	1.45	0.47	1.17	1.48	1.89	0.21	1.69	0.86	6.88	3.34	5.98	3.61	1.97	2.32	0.52	1.06	12.5	0.3	2.14	11.3	3.47	0.17	0.28	1.57	1.13	4.42	0.35	0.98	1.68	11.6	0.31	0.33	1.21	0.84	0.98	1.1	6.17	3.25	0.22	1.26	1.47	2.05	0.23	0.21	5.51	7.84	0.65	0.9	2.25	0.95	0.19	1.36	11.6	0.6	0.21	0.6	0.34	0.5	0.6	1.75	1.48	2.04	0.5	0.94	9.22	1.57	0.21	0.37	1.71	12.3	0.2	0.24	1.2	4.25	3.62	0.62	1.29	7.46	1.57	10.3	0.2	0.41	10.5	2.68	0.4	1.5	1.8	1.66	1.84	0.2	1.61	1.66	1.99	1.98	0.45	1.07	5.64	3.07
0.12	0.52	0.17	0.07	0.45	0.27	0.45	0.05	0.03	1.56	0.11	5.92	0	0.05	0.49	0.49	0.07	0.33	0.35	0.03	0.13	0.27	0.2	0.69	0.49	0.05	0.06	0.07	0.13	0.01	0.4	0.32	0.05	0.12	0.44	0.41	0.4	0.09	0.11	0.15	0.05	0.11	0.41	0.12	0.41	0.13	0.33	0.05	0.32	0.18	0.22	0.51	0.19	0.15	0.01	0.11	0.05	0.04	0.16	0.42	0.04	0.45	0.06	0.22	0.14	0.17	0.07	0.11	0.07	0.17	0.04	0.47	0.47	0.27	0.07	0.13	0.15	0.47	0.31	0	0.03	0.48	0.01	0.99	0.48	0.12	0.26	0.48	0.12	0.04	0.13	0.29	0.3	1.11	0.07	0.29	0.18	0.04	0.52
0.1	0.02	0.12	0.37	0.13	0.42	0.5	0.03	0.01	0.53	0.13	0.61	0.05	0	0.61	0.43	0.41	0.62	0.34	0.42	0.09	0.13	0.18	0.16	0.24	0.01	0.42	0.05	0.11	0.06	0.11	0.14	0.03	0.13	0.38	0.53	0.03	0.18	0.11	0.19	0.04	0.43	0.04	0.28	0.15	0.11	0.23	0.03	0.5	0.44	0.04	0.19	0.03	0.17	0.06	0.45	0.3	0.04	0.15	0.1	0.09	0.2	0.03	0.23	0.14	0.51	0.22	0.45	0.05	0.04	0.05	0.14	0.11	0.45	0.02	0.96	0.46	0.16	0.46	0.05	0.03	0.13	0.06	0.46	0.87	0.35	0.2	0.14	0.47	0.01	0.12	0.31	0.05	0.33	0.4	0.04	0.16	0.04	0.21
0.25	0.96	0.37	0.54	0.28	0.12	0.45	0.96	0.35	0.95	0.31	0.05	0.34	0.35	0	0.16	0.39	0.44	0.44	0.65	0.4	0.49	0.17	0.25	0.45	0.52	0.4	0.4	0.68	0.35	0.22	0.18	0.37	0.44	0.59	0.18	0.35	0.46	0.46	0.27	0.37	0.45	0.38	0.28	0.25	0.29	0.36	0.39	0.06	0.24	0.37	0.46	0.36	0.25	0.56	0.56	0.39	0.38	0.46	0.23	0.38	0.49	0.39	0.37	0.58	0.17	0.69	0.77	0.57	0.53	0.37	0.48	0.28	0.22	0.37	0.22	0.27	0.49	0.04	0.44	0.48	0.22	0.48	0.18	0.71	0.33	0.18	0.52	0.22	0.5	0.24	0.6	0.45	0.58	0.4	0.4	0.4	0.38	0.28
0.1	0.23	0.22	0.5	0.13	0.6	0.4	0.36	0.19	1.17	0.1	0.9	1.18	0.2	0.47	0	0.23	0.47	0.16	0.48	0.2	0.07	0.02	0.09	0.48	0.21	0.22	0.23	0.25	0.48	0.08	0.03	0.98	0.13	0.48	0.78	0.21	0.48	0.48	0.11	0.48	0.12	0.22	0.48	0.34	0.69	0.21	0.25	0.79	0.1	0.34	0.03	0.22	0.49	0.21	0.1	0.22	0.5	0.03	0.08	0.2	1.55	0.6	0.21	0.12	0.4	0.57	0.1	0.25	0.6	0.71	0.09	0.13	0.27	0.41	0.07	0.4	0.42	0.7	0.63	0.21	0.04	0.21	0.02	0.99	0.08	0.21	0.74	0.08	0.54	0.09	0.44	0.43	0.54	0.24	0.23	0.24	0.21	0.45
0.14	0.43	0.11	0.04	0.15	0.3	0.43	0.4	0.05	1.43	0.17	0.79	0.07	0.05	0.39	0.43	0	0.43	0.31	0.05	0.1	0.43	0.22	0.53	0.19	0.44	0.02	0.07	0.12	0.08	0.14	0.18	0.05	0.16	0.06	0.21	0.05	0.46	0.13	0.23	0.05	0.15	0.04	0.76	0.28	0.18	0.23	0.05	0.96	0.46	0.05	0.22	0.04	0.18	0.08	0.22	0.05	0.04	0.19	0.15	0.86	0.39	0.02	0.23	0.18	0.18	0.03	0.16	0.03	0.06	0.06	0.18	0.48	0.32	0.05	0.14	0.43	0.48	0.35	0.07	0.59	0.48	0.08	0.21	0.29	0.59	0.63	0.18	0.14	0.11	0.16	0.34	0.17	0.47	0.35	0.4	0.04	0.04	0.22
0.31	0.43	0.46	0.22	0.46	0.11	0.77	0.2	0.19	1.17	0.25	6.9	0.2	0.22	0.47	0.2	0.22	0.01	0.04	0.47	0.61	0.25	0.57	0.48	0.24	0.21	0.23	0.47	0.37	0.22	0.26	0.2	0.2	0.23	1.55	0.21	0.97	0.6	0.25	0.27	0.28	0.25	0.2	0.28	0.48	0.3	0.36	0.24	0.32	0.48	0.35	0.22	0.57	0.28	0.21	0.26	0.2	0.5	0.24	0.26	0.5	0.26	0.2	0.7	0.5	0.18	0.21	0.33	0.42	0.21	0.19	0.5	0.6	0.17	0.37	0.4	0.51	0.76	0.39	0.2	0.9	0.24	0.21	0.18	0.77	0.51	0.18	0.49	0.26	0.41	0.24	0.09	0.91	0.41	0.22	0.19	0.21	0.19	1.41
0.22	0.31	0.29	0.38	0.22	0.5	0.51	0.31	0.34	1.06	0.25	1.66	0.33	0.34	0.33	0.16	0.35	0.04	0	0.31	0.43	0.21	0.19	0.23	0.53	0.33	0.37	0.41	0.41	0.5	0.5	0.19	0.38	0.21	0.34	0.17	0.42	0.29	0.23	0.24	0.34	0.22	0.43	0.25	0.35	0.23	0.36	0.53	0.32	0.46	0.35	0.5	0.31	0.23	0.34	0.54	0.61	0.4	0.5	0.23	0.69	0.3	0.58	0.72	0.29	0.25	0.39	0.88	0.4	0.41	0.33	0.23	0.4	0.05	0.35	0.23	0.24	0.18	0.48	0.58	0.34	0.22	0.35	0.16	0.51	0.64	0.17	0.2	0.22	0.35	0.37	0.16	0.67	0.29	0.63	0.61	0.42	0.27	2.44
0.11	0.15	0.08	0.47	0.47	0.77	0.47	0.03	0.02	0.47	0.12	0.47	0.03	0.04	0.47	0.2	0.1	0.4	0.22	0	0.09	0.16	0.21	0.47	0.15	0.04	0.03	0.05	0.09	0.04	0.47	0.17	0.04	0.15	0.04	0.46	0.01	0.01	0.09	0.46	0.02	0.46	0.04	0.14	0.46	0.46	0.46	0.04	0.66	0.38	0.01	0.56	0.01	0.46	0.46	0.11	0.03	0.02	0.46	0.1	0.03	0.11	0.03	0.19	0.33	0.15	0.41	0.46	0.05	0.42	0.01	0.46	0.13	0.27	0.42	0.24	0.21	0.57	0.42	0.66	0.22	0.15	0.04	0.22	0.26	0.13	0.19	0.46	0.09	0.03	0.13	0.31	0.04	0.36	0.05	0.02	0.05	0.02	0.47
0.43	0.06	0.43	0.1	0.16	0.64	0.12	0.08	0.09	0.96	0.12	8.7	0.11	0.09	0.46	0.33	0.09	0.36	0.4	0.13	0	0.56	0.18	0.15	0.15	0.05	0.47	0.11	0.53	0.5	0.13	0.15	0.08	0.47	0.01	0.18	0.09	0.9	0.43	0.18	0.47	0.14	0.08	0.12	0.16	0.48	0.28	0.42	0.48	0.19	0.48	0.21	0.11	0.16	0.16	0.14	0.35	0.98	0.43	0.13	0.1	0.61	0.11	0.28	0.4	0.78	0.4	0.48	0.31	0.14	0.14	0.16	0.51	0.32	0.13	0.21	0.56	0.2	0.33	0.42	0.13	0.16	0.49	0.2	0.23	0.49	0.49	0.22	0.49	0.09	0.49	0.5	0.1	0.33	0.11	0.06	0.12	0.09	0.5
0.41	0.41	0.17	0.17	0.09	0.3	0.04	0.52	0.13	1.42	0.03	1.88	0.15	0.48	0.45	0.38	0.49	0.53	0.42	0.47	0.17	0	0.48	0.04	0.04	0.14	0.43	0.18	0.19	0.24	0.04	0.04	0.15	0.44	0.61	0.07	0.46	0.94	0.04	0.03	0.15	0.02	5.73	0.06	0.05	0.32	1.26	0.17	0.97	0.54	0.5	0.07	0.47	0.05	0.23	0.04	0.23	0.15	0.47	0.04	0.46	0.26	0.16	0.47	0.03	0.26	0.17	0.04	0.17	0.28	0.36	0.05	0.46	0.35	0.14	0.03	0.03	0.06	0.47	0.27	0.15	0.05	0.47	0.16	0.56	0.19	0.1	0.08	0.04	0.49	0.04	0.49	0.47	0.22	0.33	0.3	0.47	0.3	0.22
0.08	0.55	0.19	0.62	0.14	0.64	0.08	0.2	0.95	1.03	0.07	5.57	0.2	0.55	0.17	0.24	1.45	1.45	0.19	0.46	0.2	0.46	0	0.38	0.09	0.18	0.46	0.21	0.26	0.22	0.46	0.14	0.21	0.14	0.17	0.04	0.22	0.46	0.47	0.06	0.2	0.3	0.47	0.47	0.47	0.48	0.67	0.55	0.47	0.47	0.19	0.01	0.2	0.19	0.28	0.45	0.48	0.21	0.06	0.48	0.21	0.48	0.22	0.48	0.05	0.03	0.58	0.08	0.24	0.48	0.48	0.58	0.13	0.88	0.48	0.09	0.06	0.42	0.69	0.49	0.2	0.94	0.21	0.04	0.49	0.09	0.04	0.45	0.08	0.69	0.09	0.15	0.21	0.18	1	0.21	0.6	0.6	0.19
0.86	0.15	0.2	0.18	0.01	0.3	0.03	0.39	0.49	0.49	0.03	6.13	0.13	0.14	0.58	0.09	0.18	0.25	0.23	0.33	0.32	0.28	0.49	0	0.18	0.13	0.15	0.18	0.21	0.14	0.04	0.05	0.16	0.31	0.14	0.5	0.14	0.13	0.04	0.09	0.14	0.04	0.15	0.05	0.85	0.01	0.16	0.17	0.21	0.41	0.28	0.09	0.41	0.07	0.41	0.04	0.32	0.14	0.05	0.07	0.14	0.04	0.42	0.16	0.04	0.07	0.17	0.03	0.44	0.15	0.42	0.01	0.01	0.19	0.36	0.05	0.42	0.06	0.43	0.43	0.16	0.43	0.14	0.16	0.15	0.05	0.09	0.19	0.04	0.16	0.01	0.43	0.14	0.63	0.16	0.15	0.42	0.14	0.22
0.03	0.13	0.19	0.49	0.02	0.69	0.03	0.49	0.14	0.53	0.42	1.67	0.14	0.14	0.59	0.4	0.5	0.25	0.23	0.15	0.41	0.04	0.91	0.41	0	0.14	0.15	0.16	0.9	0.91	0.03	0.05	0.4	0.26	0.14	0.07	0.14	0.29	0.42	0.09	0.17	0.04	2.43	0.05	0.03	0.01	0.54	0.52	0.21	0.04	0.62	0.09	0.15	0.09	0.14	0.03	0.43	0.14	0.05	0.04	0.63	0.04	0.43	0.32	0.04	0.07	0.17	0.09	0.21	0.15	0.17	0.03	0.01	0.44	0.23	0.05	0.09	0.21	0.2	3.52	0.14	0.04	0.15	0.32	0.44	0.26	0.07	0.04	0.31	0.45	0.02	0.45	0.48	0.38	0.45	0.14	0.17	0.17	0.43
0.43	0	0.06	0.08	0.44	0.31	0.44	0.09	0.01	0.97	0.44	5.36	0.05	0.01	0.44	0.59	0.05	0.21	0.34	0.04	0.44	0.15	0.18	0.46	0.13	0	0.04	0.46	0.08	0.06	0.12	0.15	0.03	0.13	0.18	0.4	0.39	0.24	0.1	0.21	0.04	0.13	0.03	0.16	0.44	0.48	1.05	0.26	0.58	0.48	0.04	0.17	0.03	0.15	0.05	0.48	0.27	0.04	0.59	0.49	0.02	0.49	0.04	0.23	0.13	0.18	0.05	0.1	0.05	0.04	0.05	0.19	0.13	0.28	1.08	0.5	0.2	0.17	0.31	0.5	0.03	0.16	0.06	0.2	0.28	0.12	0.19	0.16	0.12	0.01	0.4	0.4	0.24	0.42	0.4	0	0.08	0.3	0.33
0.15	0.09	0.14	0.15	0.43	0.23	0.15	0.04	0.03	1.05	0.14	1.32	0.19	0.12	0.74	0.86	0.01	0.2	0.28	0.46	0.41	0.17	0.22	0.15	0.15	0.04	0	0.06	0.11	0.2	0.47	0.19	0.04	0.15	0.05	0.19	0.03	0.03	0.11	0.23	0.25	0.15	0.03	0.4	0.17	0.47	0.22	0.67	0.62	0.1	0.04	0.2	0.02	0.16	0.06	0.13	0.11	0.03	0.26	0.48	0.04	0.12	0.13	0.22	0.48	0.17	0.03	0.48	0.05	0.58	0.05	0.18	0.15	0.79	0.04	0.14	0.23	0.49	0.41	0.24	0.36	0.18	0.07	0.19	0.49	0.47	0.21	0.16	0.49	0.04	0.16	0.32	0.06	0.7	0.02	0.03	0.04	0.03	0.21
0.99	0.04	0.12	0.41	0.15	0.26	0.41	0.32	0.41	1.38	0.14	4.82	0.07	0.4	0.4	0.24	0.07	0.6	0.31	0.74	0.1	0.46	0.24	0.23	0.18	0.05	0.05	0	0.12	0.14	0.41	0.19	0.02	0.51	0.92	0.51	0.22	0.41	0.19	0.23	0.05	0.15	0.04	1.12	0.24	0.17	0.24	0.04	0.42	0.14	0.19	0.22	0.92	0.2	0.35	0.29	0.02	0.05	0.19	0.15	0.05	0.65	0.05	0.24	0.28	0.36	0.43	0.14	0.07	0.02	0.43	0.16	0.16	0.32	0.44	0.15	0.23	0.44	0.42	0.07	0.08	0.51	0.08	0.44	0.57	0.54	0.44	0.54	0.14	0.05	0.45	0.65	0.24	1.45	0.95	0.04	0.07	0.05	0.45
0.17	0.21	0.15	0.14	0.93	0.33	0.51	0.1	0.43	1.56	0.43	0.97	0.12	0.25	0.47	0.57	0.19	0.38	0.47	0.1	0.16	0.47	0.26	0.21	0.2	0.57	0.11	0.12	0	0.47	0.16	0.21	0.13	0.2	0.39	0.51	0.1	0.09	0.16	0.23	0.1	0.16	0.11	0.29	0.21	0.9	0.34	0.13	0.66	0.16	0.35	0.25	0.09	0.5	0.13	0.56	0.1	0.14	0.4	0.45	0.12	0.4	0.11	0.63	0.18	0.58	0.5	0.4	0.13	0.5	0.1	0.37	0.4	0.6	0.29	0.47	0.23	3.11	0.9	0.4	0.13	0.22	0.13	0.59	0.3	0.18	0.26	0.22	0.17	0.09	0.53	0.66	0.13	0.49	0.13	0.1	0.14	0.3	2
0.13	0.93	0.1	0.41	0.14	0.27	0.44	0.15	0.04	0.45	0.12	3.92	0.11	0.25	0.35	0.44	0.08	0.96	0.45	0.45	0.21	0.16	0.28	0.15	0.15	0.06	0.07	0.22	0.16	0	0.14	0.23	0.06	0.13	0.09	0.19	0.03	0.32	0.47	0.16	0.06	0.47	0.05	0.47	0.28	0.17	0.47	0.07	0.47	0.18	0.98	0.48	0.04	0.88	0.01	0.12	0.48	0.05	0.17	0.13	0.05	0.93	0.48	0.23	0.16	0.98	0.08	0.13	0.08	0.07	0.05	0.45	0.49	0.29	0.44	0.13	0.16	0.49	0.31	0.01	0.31	0.59	0.68	0.19	0.49	0.14	0.2	0.19	0.32	0.49	0.14	0.7	0.39	0.75	0.08	0.21	0.42	0.4	0.8
0.02	0.49	0.14	0.16	0.1	0.31	0.02	0.13	0.1	1.61	0.02	4.75	0.14	0.43	0.22	0.07	0.16	0.34	0.43	0.73	0.16	0.04	0.08	0.45	0.03	0.52	0.11	0.14	0.17	0.12	0	0.04	0.11	0.46	0.38	0.09	0.23	0.25	0.01	0.04	0.11	0.03	0.1	1.24	0.26	0.27	0.15	0.25	0.35	0.03	0.24	0.17	0.4	0.07	0.11	0.38	0.11	0.4	0.09	0.16	0.91	0.26	0.13	0.15	0.27	0.41	0.13	0.02	0.14	0.12	0.61	0.04	0.09	0.18	0.1	0.03	0.04	0.23	0.37	0.11	0.12	0.03	0.12	0.27	0.39	0.64	0.54	0.07	0	0.36	0.24	0.44	0.11	0.52	0.52	0.44	0.29	0.44	0.23
0.4	0.15	0.41	0.21	0.71	0.26	0.04	0.17	0.91	1.36	0.17	1.2	0.41	0.14	0.41	0.35	0.41	0.2	0.41	0.15	0.15	0.04	0.41	0.41	0.41	0.14	0.16	0.17	0.37	0.42	0.04	0	0.17	0.09	0.15	0.03	0.52	0.52	0.2	0.43	0.41	0.07	0.43	0.07	0.48	0.23	0.17	0.16	0.53	0.43	0.73	0.03	0.43	0.45	0.16	0.05	0.53	0.15	0	0.05	0.16	0.17	0.44	0.44	0.04	0.34	0.19	0.04	0.44	0.17	0.44	0.38	0.09	0.13	0.44	0.08	0.04	0.31	0.44	0.35	0.44	0.03	0.45	0.23	0.23	0.09	0.03	0.09	0.04	0.14	0.05	0.15	0.32	0.18	0.56	0.15	0.17	0.52	0.54
0.14	0.02	0.1	0.06	0.15	0.31	0.75	0.37	0.02	0.95	0.14	3.15	0.3	0.03	0.75	0.55	0.05	0.2	0.3	0.45	0.22	0.15	0.2	0.16	0.15	0.24	0.04	0.02	0.45	0.06	0.12	0.51	0	0.13	0.05	0.19	0.2	0.03	0.11	0.21	0.65	0.13	0.03	0.15	0.16	0.45	0.22	0.01	0.43	0.11	0.05	0.45	0.02	0.17	0.06	0.25	0.01	0.03	0.16	0.13	0.04	0.14	0.04	0.22	0.16	0.46	0.05	0.15	0.07	0.01	0.04	0.16	0.15	0.29	0.27	0.14	0.23	0.18	0.66	0.05	0.05	0.21	0.06	0.2	0.46	0.39	0.86	0.46	0.13	0.17	0.16	0.59	0.05	0.34	0.05	0.03	0.08	0.2	0.21
0.02	0.14	0.48	0.72	0.15	0.29	0.02	0.14	0.48	1.02	0.02	1.2	0.12	0.13	0.49	0.12	0.15	0.42	0.32	0.54	0.5	0.7	0.15	0.01	0.41	0.91	0.16	0.17	0.2	0.14	0.09	0.42	0.13	0	0.12	0.06	0.12	0.44	0.02	0.09	0.13	0.08	5.23	0.42	0.17	0.42	0.13	0.52	0.2	0.42	0.13	0.13	0.12	0.26	0.42	0.02	0.22	0.42	0.42	0.06	0.12	0.46	0.27	0.13	0.06	0.06	0.25	0.13	0.42	0.83	0.13	0.26	0.25	0.18	0.37	0.22	0.09	0.04	0.55	0.37	0.13	0.43	0.32	0.43	0.19	0.43	0.06	0.03	0.28	0.17	0.01	0.44	0.12	0.21	0.64	0.14	0.18	0.44	0.23
0.14	0.39	0.26	0.08	0.13	0.47	0.1	0.45	0.09	0.98	0.47	4.77	0.07	0.04	0.35	0.19	0.06	0.46	0.34	0.19	0.01	0.56	0.17	0.14	0.42	0.04	0.86	0.05	0.12	0.13	0.11	0.16	0.05	0.12	0	0.17	0.04	0.04	0.46	0.16	0.04	0.13	0.03	0.13	0.45	0.14	0.26	0.45	0.33	0.45	0.04	0.45	0.03	0.52	0.08	0.13	0.05	0.11	0.14	0.26	0.05	0.53	0.45	0.26	0.54	0.19	0.45	0.11	0.06	0.06	0.04	0.46	0.21	0.29	0.05	0.55	0.17	0.18	0.95	0.13	0.45	0.15	0.08	0.18	0.33	0.22	0.17	0.15	0.44	0.06	0.15	0.61	0.07	0.32	0.44	0.44	0.07	0.05	1.04
0.07	0.26	0.21	0.43	0.06	0.23	0.07	0.37	0.17	1.17	0.08	0.48	0.18	0.2	0.18	0.02	0.48	0.18	0.17	0.58	0.21	0.08	0.26	0.28	0.48	0.44	0.21	0.24	0.53	0.19	0.48	0.03	0.69	0.06	0.57	0	0.18	0.78	0.24	0.09	0.21	0.41	0.59	0.11	0.49	0.1	0.31	0.21	0.15	0.07	0.41	0.04	0.38	0.59	0.19	0.08	0.19	0.3	0.31	0.09	0.18	0.49	0.21	0.19	0.05	0.38	0.46	0.07	0.49	0.2	0.77	0.09	0.06	0.49	0.45	0.1	0.09	0.4	0.49	0.18	0.38	0.1	0.49	0	0.25	0.11	0.01	0.04	0.43	0.19	0.08	0.12	0.87	0.41	0.22	0.19	0.42	0.42	0.15
0.1	0.02	0.08	0.4	0.12	0.26	0.44	0.28	0.44	0.87	0.12	2.14	0.03	0.04	0.35	0.2	0.05	0.18	0.91	0.41	0.09	0.16	0.18	1.52	0.14	0.29	0.03	0.25	0.09	0.03	0.11	0.55	0.03	0.3	0.04	0.19	0	0.01	0.09	0.2	0.3	0.42	0.42	0.42	0.15	0.13	0.19	0.42	0.33	0.13	0.34	0.57	0.01	0.14	0.42	0.11	0.03	0.02	0.14	0.08	0.02	1.06	0.03	0.2	0.16	0.15	0.05	0.1	0.05	0.41	0.02	0.47	0.13	0.29	0.41	0.09	0.53	0.16	0.41	0.03	0.41	0.13	0.03	0.61	0.36	0.11	0.18	0.15	0.08	0.02	0.14	0.4	0.03	0.62	0.05	0.02	0.37	0.02	1.4
0.47	0.42	0.94	0.43	0.14	0.27	0.93	0.03	0.02	1.34	0.43	0.94	0.03	0.43	0.63	0.34	0.05	0.2	0.43	0.43	0.21	0.44	0.76	0.44	0.15	0.33	0.95	0.05	0.45	0.04	0.41	0.42	0.03	0.42	0.04	0.18	0.01	0.41	0.08	0.2	0.68	0.5	0.02	0.23	1	0.7	0.5	0.03	1	0.08	0.61	0.4	0.4	0.5	0.04	0.4	0.03	0.5	0.25	0.5	0.03	0.23	0.05	0.4	0.16	0.91	0.13	0.1	0.05	0.04	0.42	0.42	0.43	0.43	0.02	0.43	0.44	0.48	0.43	0.94	0.04	0.54	0.46	0.44	0.44	0.11	0.18	0.96	0.45	0.42	0.45	0.46	0.03	0.48	0.46	0.02	0.04	0.02	0.45
0.01	0.11	0.93	0.47	0.04	0.29	0.01	0.22	0.1	0.91	0.01	9.9	0.45	0.11	0.46	0.09	0.15	0.25	0.65	0.09	0.62	0.04	0.46	0.21	0.03	0.46	0.45	0.13	1.46	0.5	0.01	0.05	0.45	0.02	0.51	0.46	0.08	0.09	0	0.05	0.15	0.03	0.46	0	0.05	0.02	0.47	0.33	0.23	0.01	0.47	0.1	0.1	0.04	0.11	0.01	0.11	0.46	0.05	0	0.67	0.01	0.13	0.17	0.04	0.07	0.14	0.21	0.48	0.24	0.12	0.16	0.02	0.22	0.33	0.04	0.05	0.08	0.44	0.1	0.12	0.07	0.49	0.08	0.56	0.18	0.08	0.49	0.13	0.25	0.03	0.88	0.11	0.3	0.13	0.49	0.19	0.87	0.37
0.1	0.2	0.48	0.46	0.1	0.48	0.1	0.42	0.21	0.99	0.03	7.32	0.15	0.5	0.27	0.41	0.51	0.46	0.24	0.5	0.19	0.42	0.14	0.09	0.43	0.54	0.23	0.23	0.24	0.16	0.06	0.04	0.21	0.09	0.16	0.11	0.21	0.68	0.05	0	0.23	0.02	0.21	0.12	0.49	0.09	0.23	0.23	0.24	0.04	0.32	0.91	0.44	0.06	0.56	0.05	0.49	0.42	0.04	0.29	0.49	0.05	0.22	0.45	0.01	0.05	0.25	0.49	0.25	0.23	0.24	0.09	0.09	0.48	0.33	0.04	0	0.08	0.49	0.15	0.23	0	0.45	0.49	0.49	0.03	0.1	0.33	0.04	0.21	0.09	0.3	0.15	0.81	0.41	0.53	0.23	0.55	0.24
0.12	0.02	0.09	0.05	0.17	0.52	0.12	0.04	0.27	1.46	0.25	8.81	0.42	0.04	0.54	0.35	0.05	0.63	0.43	0.8	0.09	0.16	0.28	0.15	0.16	0.04	0.03	0.44	0.1	0.21	0.11	0.94	0.03	0.15	0.04	0.56	0.02	0.02	0.44	0.21	0	0.12	0.01	0.13	0.19	0.15	0.45	0.65	0.34	0.1	0.24	0.44	0.44	0.24	0.05	0.44	0.03	0.01	0.45	0.1	0.04	0.31	0.05	0.21	0.56	0.16	0.05	0.14	0.05	0.04	0.15	0.16	0.15	0.27	0.03	0.16	0.23	0.18	0.35	0.41	0.05	0.16	0.05	0.25	0.27	0.41	0.22	0.19	0.23	0.03	0.15	0.58	0.05	0.36	0.05	0.02	0.05	0.01	0.19
0.03	0.38	0.41	0.75	0.09	0.34	0.44	0.12	0.1	1.02	0.02	0.89	0.12	0.12	0.22	0.07	0.16	0.26	0.22	0.11	0.15	0.02	0.08	0.04	0.36	0.12	0.12	0.15	0.16	0.37	0.41	0.07	0.13	0.39	0.13	0.09	0.5	0.1	0.03	0.03	0.11	0	0.49	0.4	0.22	1.07	0.4	0.12	0.23	0.01	0.1	0.4	0.1	0.05	0.13	0.04	0.41	0.4	0.4	0.04	0.11	0.05	0.13	0.2	0.02	0.08	0.41	0.03	0.15	0.12	0.12	0.04	0.13	0.18	0.43	0.01	0.03	0.07	0.21	0.14	0.35	0.28	0.12	0.09	0.2	0.01	0.46	0.08	0.54	0.1	0.47	0.19	0.18	0.22	0.14	0.11	0.33	0.12	0.48
0.12	0.01	0.09	0.05	0.48	0.62	0.19	0.02	0.02	0.02	0.13	0.43	0.04	0.42	0.86	7.82	7.32	6.82	6.32	5.81	5.32	4.42	3.92	3.42	2.91	2.01	0.71	0.21	0.1	0.05	0.1	0.17	0.57	0.15	0.03	0.18	0.02	0.02	0.11	0.47	0.03	0.13	0	0.12	0.44	0.47	0.21	0.03	0.66	0.1	0.02	0.2	0	0.18	0.05	0.1	0.02	0.01	0.47	0.11	0.03	0.38	0.29	0.89	0.14	0.47	0.04	0.14	0.04	0.03	0.03	0.15	0.48	0.29	0.03	0.48	0.23	0.5	0.75	0.04	0.04	0.14	0.05	0.2	0.26	0.12	0.33	0.48	0.28	0.23	0.28	0.31	0.08	0.35	0.04	0.38	0.04	0.01	0.68
0.03	0.16	0.49	0.16	0.12	0.49	0.03	0.99	0.55	1.88	0.03	1.22	0.11	0.49	0.48	0.41	0.19	0.27	0.41	0.13	0.39	0.06	0.11	0.42	0.14	0.19	0.18	0.19	0.42	0.11	0.01	0.07	0.47	0.04	0.12	0.11	0.13	0.12	0.01	0.42	0.15	0.09	0.13	0	0.17	0.42	0.17	0.42	0.24	0.43	0.11	0.39	0.11	0.13	0.11	0	0.43	0.14	0.32	0.01	0.43	0.67	0.18	0.18	0.42	0.44	0.16	0.35	0.17	0.44	0.13	0.05	0.05	0.19	0.31	0.04	0.45	0.09	0.44	0.44	0.17	0.07	0.13	0.11	0.95	0.04	0.1	0.07	0.01	0.59	0.05	0.21	0.34	0.64	0.16	0.18	0.16	0.13	0.45
0.74	0.49	0.18	0.48	0.02	0.39	0.03	0.49	0.51	1.53	0.04	5.74	0.14	0.42	0.52	0.09	0.41	0.53	0.23	0.41	0.42	0.42	0.51	0.01	0.03	0.91	0.52	0.41	0.82	0.42	0.04	0.2	0.92	0.01	0.14	0.09	0.42	0.42	0.43	0.43	0.22	0.42	0.43	0.43	0.01	0.01	0.41	0.4	0.41	0.4	0.5	0.4	0.51	0.08	0.91	0.04	0.41	0.41	0.94	0.43	0.43	0.92	0.41	0.15	0.05	0.41	0.16	0.42	0.4	0.17	0.4	0	0.4	0.91	0.5	0.05	0.1	0.06	0.2	1	0.15	0.06	1	0.08	0.19	0.05	0.49	0.04	0.04	0.13	0.01	0.54	0.48	0.58	0.48	0.48	0.18	0.14	0.48
0.45	0.59	0.17	0.15	0.03	0.46	0.02	0.14	0.47	0.98	0.19	11.1	0.43	0.69	0.66	0.33	0.16	0.36	0.22	0.47	0.44	0.2	0.47	0.01	0.01	0.47	0.21	0.18	0.47	0.53	0.09	0.11	0.47	0	0.14	0.09	0.47	0.14	0.31	0.12	0.17	0.97	0.27	0.67	0.47	0	0.47	0.47	0.2	0.56	0.47	0.13	0.19	0.38	0.18	0.48	0.47	0.76	0.11	0.1	1.48	0.98	0.65	0.63	0.11	0.25	0.48	0.02	0.68	0.25	0.48	0.59	0.22	0.48	0.13	0.59	0.48	0.04	0.49	1.18	0.14	0.15	0.48	0.12	0.16	0.66	0.48	0.1	0.09	0.49	0.01	0.39	0.49	0.65	0.53	0.48	0.35	0.19	0.58
0.17	0.21	0.31	0.47	0.15	0.67	0.15	0.22	0.53	0.76	0.15	3.17	0.22	0.6	0.37	0.21	0.55	0.36	0.35	0.46	0.6	0.16	0.46	0.15	0.14	0.22	0.22	0.66	0.33	0.46	0.15	0.46	0.22	0.24	0.5	0.46	0.2	0.54	0.15	0.23	0.46	0.2	0.2	0.47	0.49	0.47	0	0.68	0.33	0.48	0.2	0.2	0.19	0.18	0.22	0.15	0.48	0.26	0.17	0.48	0.21	0.16	0.22	0.01	0.48	0.2	0.23	0.15	0.23	0.22	0.2	0.51	0.49	0.49	0.21	0.22	0.7	0.17	0.5	0.22	0.4	0.21	0.22	0.2	0.4	0.22	0.19	0.9	0.16	0.21	0.15	0.61	0.22	0.64	0.25	0.41	0.41	0.21	0.42
0.14	0.02	0.09	0.06	0.15	0.49	0.44	0.11	0.02	1.73	0.14	2.31	0.05	0.03	0.37	0.22	0.05	0.43	0.3	0.04	0.44	0.17	0.2	0.15	0.16	0.04	0.94	0.03	0.1	0.07	0.45	0.17	0.01	0.45	0.05	0.34	0.04	0.15	0.12	0.23	0.04	0.12	0.03	0.15	0.17	0.46	0.22	0	0.67	0.12	0.04	0.22	0.03	0.47	0.06	0.14	0.01	0.28	0.48	0.48	0.04	0.9	0.04	0.58	0.49	0.16	0.05	0.49	0.06	0.02	0.05	0.18	0.5	0.6	0.4	0.13	0.41	0.19	1.41	0.91	0.05	0.51	0.32	0.51	0.41	0.61	0.21	0.16	0.35	0.92	0.17	0.32	0.92	0.39	0.05	0.03	0.16	0.03	0.59
0.22	0.34	0.36	0.5	0.21	0.37	0.22	0.35	0.41	0.81	0.32	1.11	0.32	0.34	0.06	0.46	0.69	0.67	0.32	0.34	0.97	0.47	0.47	0.21	0.21	0.52	0.35	0.7	0.37	0.34	0.47	0.18	0.34	0.23	0.95	0.15	0.32	0.37	0.22	1.26	0.34	0.46	0.33	0.24	0.22	0.46	0.71	0.34	0	0.28	0.52	0.97	0.47	0.26	0.33	1.02	0.47	0.34	0.47	0.42	0.57	0.67	0.37	0.33	0.59	0.15	0.57	0.46	0.65	0.57	0.51	0.97	0.47	0.47	0.61	0.24	0.56	0.16	0.31	0.35	0.33	0.46	0.34	0.24	0.39	0.46	0.15	0.18	0.23	0.51	0.46	0.87	0.56	0.3	0.77	0.45	0.47	0.34	0.47
0.02	0.09	0.14	0.13	0.04	0.29	0.02	0.48	0.18	0.11	0.02	0.69	0.18	0.47	0.23	0.1	0.12	0.49	0.23	0.47	0.17	0.03	0.25	0.12	0.04	0.09	0.47	0.12	0.17	0.47	0.01	0.05	0.11	0.03	0.67	0.14	0.48	0.46	0.03	0.04	0.1	0.01	1.49	0.05	0.16	0.04	0.48	0.4	0.58	0	0.48	0.08	0.19	0.05	0.19	0.01	0.48	0.09	0.48	0.01	0.1	0.01	0.1	0.15	0.23	0.61	0.18	0.02	0.49	0.31	0.19	0.23	0.03	0.2	0.1	0.05	0.04	1	0.5	1.8	0.12	0.14	0.19	0.07	0.8	0.4	0.07	0.09	0.4	0.18	0.39	0.36	0.91	0.9	0.39	0.1	0.12	0.12	0.51
0.41	0.41	0.08	0.49	0.5	0.24	0.1	0.2	0.02	0.94	0.47	2.03	0.03	0.07	0.61	0.21	0.46	0.45	0.93	0.02	0.1	0.93	0.53	0.47	0.63	0.42	0.19	0.42	0.42	0.41	0.36	0.41	0.04	0.51	0.12	0.49	0.01	0.28	0.08	0.48	0.58	0.47	0.02	0.45	0.45	0.52	0.42	0.62	0.42	0.09	0.42	0.49	0.05	0.16	0.03	0.47	0.04	0.64	0.15	0.43	0.02	0.42	0.04	0.46	1.22	0.42	0.05	0.42	0.91	0.26	0.42	0.41	0.5	0.49	0.02	0.48	0.22	1.06	0.41	0.03	0.04	0.49	0.03	0.46	0.66	0.45	0.45	0.15	0.43	0.02	0.43	0.43	0.41	0.33	0.41	0.02	1	0.03	0.47
0.08	0.46	0.23	0.47	0.11	0.26	0.08	0.2	0.2	0.52	0.57	4.8	0.2	0.19	0.46	0.03	0.21	0.59	0.49	0.39	0.22	0.07	0.21	0.09	0.09	0.17	0.49	0.49	0.25	0.22	0.4	0.04	0.4	0.13	0.49	0.29	0.19	0.24	0.09	0.4	0.19	0.4	0.2	0.34	0.4	0.13	0.41	0.22	0.91	0.41	2.01	0	0.17	0.41	0.5	0.08	0.21	0.18	0.03	0.09	0.18	0.73	0.2	0.21	0.05	0.17	0.21	0.42	0.23	0.21	0.34	0.09	0.53	0.52	0.24	0.09	0.33	0.42	0.16	0.19	0.51	0.92	0.21	0.1	0.72	0.09	0.04	0.08	0.08	0.42	0.08	0.15	0.51	0.56	0.21	0.19	0.24	0.2	0.19
0.12	0.23	0.18	0.04	0.14	0.37	0.45	0.4	0.43	0.71	0.13	0.96	0.03	0.11	0.46	0.57	0.04	0.18	0.25	0.01	0.07	0.15	0.22	0.5	0.37	0.03	0.02	0.04	0.09	0.28	0.39	0.15	0.38	0.27	0.03	0.2	0.01	0.01	0.84	0.2	0.01	0.11	0	0.31	0.15	0.52	0.19	0.03	0.32	0.09	0.32	0.25	0	0.15	0.04	0.24	0.02	0	0.47	0.36	0.31	0.69	0.02	0.2	0.15	0.69	0.03	0.11	0.04	0.03	0.09	0.14	0.12	0.26	0.18	0.11	0.2	0.2	0.38	0.03	0.04	0.37	0.04	0.26	0.26	0.1	0.18	0.17	0.09	0.08	0.4	0.4	0.64	0.33	0.04	0.01	0.04	0.01	0.18
0.48	0.16	0.28	0.19	0.07	0.4	0.05	0.16	0.17	0.99	0.1	0.43	0.42	0.53	0.24	0.18	0.38	0.52	0.22	0.15	0.55	0.07	0.45	0.06	0.09	0.16	0.36	0.58	0.22	0.16	0.52	0.15	0.5	0.08	0.17	0.12	0.16	0.76	0.05	0.06	0.32	0.05	0.54	0.07	0.94	0.44	0.18	0.18	0.26	0.13	0.45	0.11	0.47	0	0.17	0.07	0.18	0.15	0.1	0.08	0.4	0.06	0.18	0.17	0.07	0.1	0.22	0.61	0.18	0.17	0.65	0.05	0.17	0.37	0.17	0.08	0.48	0.46	0.26	0.28	0.17	0.11	0.18	0.13	0.19	0.08	0.13	0.18	0.07	0.28	0.07	0.23	0.2	0.24	0.45	1.25	0.47	0.57	0.31
0.13	0.05	0.1	0.4	0.6	0.36	0.37	0.06	0.04	1.32	0.12	1.63	0.45	0.06	0.35	0.21	0.36	0.45	0.34	0.04	0.11	0.15	0.57	0.14	0.42	0.05	0.45	0.45	0.13	0.2	0.12	0.55	0.06	0.45	0.42	0.21	0.03	0.34	0.12	0.16	0.05	0.37	0.05	0.11	0.57	0.22	1.07	0.38	0.33	0.56	0.04	0.21	0.04	0.17	0	0.12	0.39	0.37	0.21	0.13	0.14	0.27	0.46	0.46	0.21	0.18	0.07	0.35	0.11	0.46	0.05	0.14	0.13	0.28	0.04	0.46	0.16	0.18	0.31	0.01	0.03	0.15	0.25	0.18	0.31	0.13	0.19	0.19	0.96	0.46	0.38	0.31	0.04	0.34	0.08	0.05	0.22	0.05	0.27
0.01	0.19	0.14	0.16	0.03	0.31	0.91	0.11	0.1	0.19	0.01	3.49	0.11	0.4	0.26	0.1	0.15	0.25	0.24	0.4	0.49	0.15	0.09	0.03	0.03	0.1	0.12	0.4	0.17	0.12	0.01	0.05	0.12	0.42	0.64	0.08	0.08	0.09	0	0.05	0.1	0.04	0.11	0.01	0.44	0.02	0.35	0.12	0.22	0.01	0.15	0.27	0.1	0.44	0.11	0	0.12	0.37	0.05	0.02	0.44	0.21	0.11	0.15	0.04	0.44	0.14	0.02	0.13	0.51	0.44	0.03	0.02	0.3	0.09	0.05	0.28	0.07	0.55	0.45	0.12	0.04	0.45	0.08	0.46	0.45	0.08	0.07	0.31	0.09	0.03	0.19	0.11	0.23	0.14	0.46	0.14	0.11	0.23
0.46	1.09	0.1	0.67	0.15	0.48	0.13	0	0.02	1.21	0.12	1.14	0.05	0.03	0.38	0.21	0.05	0.54	0.35	0.1	0.12	0.99	0.21	0.16	0.49	0.36	0.03	0.02	0.1	0.23	0.5	0.17	0.01	0.16	0.05	0.49	0.03	0.59	0.27	0.22	0.11	0.13	4.4	0.16	0.16	0.4	0.22	0.01	0.34	0.8	0.1	0.19	0.02	0.23	0.4	0.12	0	0.03	0.16	0.96	0.03	0.17	0.03	0.22	0.16	0.16	0.05	0.13	0.25	0.35	0.04	0.15	0.38	0.28	0.17	0.14	0.21	0.41	0.59	0.28	0.42	0.42	0.42	0.2	0.65	0.12	0.42	0.42	0.13	0.19	0.34	0.32	0.05	0.92	0.05	0.02	0.05	0.42	0.51
0.51	0.02	0.43	0.21	0.13	0.24	0.11	0.46	0.03	1.22	0.37	1.77	0.04	0.04	0.38	0.21	0.04	0.22	0.66	0.46	0.41	0.48	0.46	0.15	0.15	0.25	0.03	0.05	0.13	0.05	0.29	0.47	0.03	0.41	0.04	0.19	0.02	0.03	0.09	0.34	0.02	0.1	0.23	0.13	0.16	0.5	0.47	0.03	0.34	0.09	0.97	0.49	0	0.17	0.11	0.12	0.03	0	0.47	0.1	0.03	0.34	0.24	0.2	0.48	0.48	0.04	0.32	0.06	0.04	0.02	0.14	0.14	0.53	0.16	0.12	0.22	0.34	0.69	0.04	0.04	0.14	0.42	0.21	0.26	0.49	0.58	0.19	0.12	0.03	0.49	0.32	0.04	0.54	0.04	0.69	0.04	0.01	0.18
0.04	0.41	0.23	0.57	0.47	0.25	0.04	0.47	0.15	1.01	0.03	1.48	0.15	0.48	0.18	0.03	0.19	0.48	0.19	0.15	0.15	0.04	0.28	0.05	0.25	0.48	0.16	0.18	0.2	0.48	0.05	0.05	0.18	0.09	0.15	0.41	0.49	0.17	0.99	0.04	0.17	0.07	0.17	0.08	0.49	0.34	0.49	0.51	0.17	0.05	1	0.03	0.19	0.5	0.52	0.05	0.5	0.15	0.4	0.05	0.16	0.5	0.18	0.17	0.31	0.4	0.17	0.04	0.4	0.17	0.4	0.05	0.12	0.5	0.15	0.09	0.29	0.33	0.38	0.16	0.41	0.03	0.16	0.03	0.23	0.08	0.19	0.41	0.04	0.14	0.05	0.41	0.15	0.81	0.43	0.17	0.18	0.17	0.41
0.02	0.45	0.14	0.53	0.45	0.32	0.02	0.13	0.45	1.51	0.2	0.92	0.37	0.49	0.3	0.48	0.16	0.26	0.23	0.35	0.37	0.04	0.09	0.15	0.04	0.1	0.13	0.5	0.8	0.13	0.17	0.05	0.31	0.17	0.12	0.09	0.08	0.14	0	0.43	0.1	0.04	0.12	0.03	0.18	0.49	0.16	0.12	0.38	0.28	0.31	0.32	0.11	0.49	0.12	0.92	0.11	0.59	0.59	0.01	0.09	0.79	0.12	0.16	0.4	0.07	0.13	0.02	0.5	0.12	0.2	0.04	0.1	0.19	0.11	0.04	0.04	0.07	0.23	0.16	0.4	0.04	0.12	0.2	0.22	0.04	0.09	0.08	0.01	0.1	0.04	0.53	0.12	0.49	0.16	0.41	0.13	0.12	0.61
0.1	0.42	0.42	0.14	0.12	0.29	0.1	0.03	0.33	0.81	0.42	3.29	0.04	0.01	0.37	0.21	0.05	0.2	0.49	0.03	0.16	0.3	0.18	2.02	0.14	0.02	0.04	0.35	0.39	0.05	0.12	0.15	0.41	0.4	0.05	0.18	0.02	0.02	0.1	0.2	0.41	0.4	0.04	0.13	0.17	0.29	0.21	0.04	0.47	0.1	0.26	0.18	0.41	0.2	0.04	0.11	0.03	0.04	0.15	0.1	0	1.86	0.31	0.21	0.14	0.16	0.55	0.15	0.06	0.04	0.04	0.45	0.12	0.27	0.01	0.12	0.2	0.19	0.3	0.04	0.03	0.14	0.04	0.17	0.27	0.12	0.57	0.15	0.1	0.02	0.14	0.29	0.57	0.33	0.07	0.03	0.11	0.04	1.88
0.02	0.49	0.48	0.48	0.03	0.99	0.03	0.11	0.48	2.79	0.02	3.18	0.47	0.47	0.46	0.46	0.14	0.96	0.96	0.96	0.47	0.45	0.1	0.04	0.04	0.12	0.45	1.45	0.95	0.12	0.01	0.44	0.95	0.02	0.42	1.44	0.44	0.43	0.01	0.44	0.44	0.94	0.11	0.01	0.74	0.03	0.74	0.44	0.43	0.01	0.43	1.44	0.44	0.44	0.12	0	0.44	1.43	0.43	0.02	0.44	0.01	0.93	0.16	1.43	0.42	0.92	0.42	0.41	0.12	0.45	0.41	0.92	0.19	0.41	0.04	0.41	0.41	0.5	1	1	0.04	0.49	0.1	1.49	0.04	0.49	0.48	0.01	0.1	0.03	0.47	0.98	1.47	0.14	0.97	0.47	0.47	0.96
0.14	0.03	0.1	0.02	0.43	0.3	0.13	0.04	0.15	1	0.43	1.08	0.06	0.03	0.37	0.21	0.36	0.39	0.38	0.03	0.48	0.17	0.58	0.86	0.16	0.41	0	0.08	0.11	0.07	0.12	0.16	0.48	0.16	0.05	0.19	0.48	0.03	0.13	0.23	0.48	0.12	7.8	0.48	0.54	0.14	0.22	0.04	0.35	0.11	0.04	0.21	0.02	0.16	0.06	0.22	0.04	0.26	0.18	0.49	0.04	0.21	0	0.22	0.17	0.4	0.02	0.14	0.27	0.04	0.04	0.16	0.79	0.69	0.22	0.44	0.4	0.2	0.53	0.06	0.05	0.59	0.29	0.22	0.61	0.13	0.21	0.16	0.5	0.04	0.19	0.57	0.06	0.36	0.4	0.4	0.02	0.03	0.7
0.16	0.35	0.42	0.23	0.13	0.42	0.15	0.4	0.51	0.92	0.42	5.38	0.22	0.23	0.37	1.47	0.23	0.47	0.35	0.19	0.47	0.3	0.21	0.16	0.47	0.22	0.22	0.47	0.34	0.23	0.15	0.17	0.22	0.14	0.24	0.19	0.47	0.19	0.41	0.5	0.21	0.2	0.21	0.17	0.47	0.12	0.01	0.25	0.33	0.15	0.88	0.48	0.2	0.17	0.22	0.16	0.22	0.48	0.51	0.16	0.21	0.49	0.48	0	0.18	0.48	0.23	0.15	0.24	0.58	0.2	0.5	0.29	0.35	0.21	0.22	0.21	0.53	0.31	0.22	0.23	0.55	0.35	0.49	0.08	0.21	0.19	0.18	0.5	0.49	0.12	0.3	0.24	0.35	0.56	0.21	0.23	0.49	0.83
0.03	0.15	0.19	0.28	0.09	0.28	0.1	0.15	0.14	0.26	0.03	1.54	0.15	0.13	0.19	0.04	0.17	0.45	0.21	0.48	0.58	0.58	0.05	0.28	0.05	0.51	0.15	0.48	0.18	0.16	0.04	0.04	0.18	0.06	0.15	0.05	0.49	0.43	0.04	0.01	0.31	0.03	0.22	0.06	0.05	0.29	0.19	0.42	0.25	0.29	0.47	0.99	0.49	0.08	0.15	0.35	0.49	0.15	0.04	0.13	0.49	0.05	0.15	0.16	0	0.05	0.18	0.29	0.4	0.16	0.17	0.05	0.4	0.3	0.14	0.03	0.01	0.38	0.19	0.81	0.14	0.01	0.48	0.05	0.51	0.19	0.32	0.06	0.04	0.13	0.04	0.17	0.15	0.2	0.42	0.14	0.17	0.17	0.52
0.07	0.52	0.72	0.29	0.06	0.22	0.43	0.16	0.18	1.41	0.06	0.51	0.21	0.25	0.29	0.01	0.48	0.48	0.18	0.4	0.49	0.05	0.76	0.07	0.07	0.16	0.48	0.18	0.49	0.19	0.34	0.03	0.16	0.06	0.18	0.22	0.14	0.15	0.28	0.05	0.16	0.08	0.17	0.2	0.44	0.06	0.49	0.49	0.15	0.44	0.44	0.49	1.37	0.13	0.18	0.07	0.16	0.49	0.03	0.07	0.23	0.25	0.17	0.2	0.05	0	0.18	0.07	0.18	0.17	0.49	0.07	0.34	0.12	0.56	0.1	0.05	0.03	0.16	0.79	0.17	0.05	0.18	0.01	0.16	0.07	0.21	0.05	0.5	0.18	0.23	0.49	0.18	0.14	0.19	0.17	0.19	0.6	0.2
0.58	0.04	0.11	0.04	0.16	0.21	0.15	0.05	0.04	0.04	0.14	1.01	0.07	0.22	0.41	0.23	0.03	0.94	0.43	0.23	0.1	0.17	0.43	0.17	0.16	0.4	0.02	0.07	0.44	0.08	0.14	0.32	0.05	0.28	0.06	0.22	0.05	0.04	0.14	0.64	0.38	0.15	0.04	0.25	0.54	0.47	0.54	0.19	0.36	0.12	0.05	0.44	0.03	0.2	0.07	0.52	0.37	0.15	0.44	0.33	0.44	0.39	0.02	0.23	0.74	0.18	0	0.14	0.01	0.06	0.44	0.33	0.44	0.4	0.05	0.24	0.36	0.49	0.38	0.07	0.06	0.18	0.07	0.44	0.6	0.15	0.21	0.47	0.13	0.05	0.17	0.33	0.07	0.36	0.45	0.04	0.08	0.45	0.57
0	0.15	0.15	1	0.02	0.59	0	0.42	0.12	1.57	0.01	5.25	0.12	0.43	0.25	0.1	0.14	0.26	0.22	0.11	0.13	0.04	0.65	0.03	0.03	0.45	0.85	0.45	0.17	0.13	0.02	0.05	0.46	0.09	0.11	0.08	0.11	0.38	0.38	0.1	0.42	0.03	0.23	0.04	0.04	0.64	0.15	0.13	0.22	0.14	0.49	0.08	0.11	0.05	0.49	0.02	0.27	0.11	0.18	0.02	0.49	0.25	0.13	0.15	0.03	0.07	0.5	0	0.34	0.38	0.19	0.03	0.4	0.18	0.5	0.04	0.1	0.06	0.42	0.41	0.15	0.24	0.13	0.07	0.41	0.03	0.08	0.92	0.41	0.11	0.25	0.19	1.32	0.42	0.42	0.12	0.73	0.12	0.22
0.17	0.56	0.12	0.04	0.15	0.26	0.16	0.06	0.05	0.73	0.15	3.58	0.07	0.05	0.46	0.57	0.03	0.4	0.48	0.05	0.68	0.17	0.22	0.48	0.16	0.06	0.05	0.07	0.49	0.34	0.13	0.19	0.26	0.15	0.12	0.55	0.13	0.41	0.51	0.23	0.05	0.15	0.04	0.42	0.52	0.42	0.23	0.39	0.93	0.13	0.88	0.21	0.43	0.19	0.08	0.13	0.43	0.43	0.19	0.16	0.06	0.54	0.04	0.23	0.18	0.21	0.01	0.47	0	0.46	0.06	0.46	0.15	0.31	0.06	0.19	0.47	0.2	0.8	0.17	0.07	0.51	0.08	0.41	0.3	0.49	0.23	0.18	0.13	0.05	0.49	0.64	0.5	0.45	0.4	0.05	0.05	0.05	0.22
0.5	0.35	0.5	0.06	0.18	0.25	0.16	0.59	0.03	0.63	0.14	8.05	0.32	0.42	0.38	0.52	0.06	0.21	0.32	0.42	0.09	0.17	0.21	0.16	0.43	0.04	0.04	0.02	0.26	0.43	0.3	0.17	0.01	0.42	0.14	0.21	0.04	0.73	0.18	0.25	0.04	0.5	0.03	0.52	0.16	0.37	0.23	0.03	0.55	0.33	0.38	0.31	0.03	0.94	0.07	0.12	0.02	0.04	0.18	0.13	0.05	0.16	0.04	0.22	0.45	0.16	0.06	0.13	0.06	0	0.05	0.17	0.47	0.29	0.04	0.14	0.24	0.55	0.45	0.06	0.06	0.19	0.07	0.21	0.66	0.23	0.21	0.17	0.46	0.04	0.16	0.33	0.06	0.75	0.26	0.03	0.06	0.03	1.14
0.15	0.03	0.48	0.41	0.16	0.24	0.11	0.04	0.03	0.07	0.13	1.02	0.2	0.05	0.7	0.24	0.06	0.19	0.33	0.45	0.09	0.17	0.36	0.16	0.15	0.05	0.14	0.46	0.1	0.05	0.11	0.18	0.04	0.15	0.27	0.46	0.02	0.01	0.1	0.24	0.03	0.11	0.03	0.46	0.16	0.13	0.42	0.05	0.35	0.09	0.02	0.56	0.02	0.16	0.15	0.46	0.04	0.02	0.17	0.09	0.04	0.46	0.04	0.2	0.21	0.15	0.05	0.11	0.66	0.05	0	0.17	0.47	0.39	0.03	0.47	0.22	0.39	0.97	0.04	0.05	0.18	0.05	0.54	0.26	0.19	0.21	0.55	0.11	0.04	0.14	0.47	0.04	0.49	0.06	0.03	0.47	0.86	0.19
0.03	0.46	0.17	0.35	0.45	0.3	0.03	0.21	0.13	1.35	0.03	2.87	0.45	2.06	0.45	0.09	0.16	1.33	0.23	0.27	0.17	0.91	0.09	0.01	0.02	0.13	0.16	0.55	0.31	0.14	0.06	0.06	0.16	0.01	0.15	0.42	0.13	0.15	0.03	0.47	0.16	0.04	0.15	0.45	0.47	0.24	0.14	0.47	0.21	0.04	0.29	0.09	0.14	0.58	0.19	0.31	0.16	0.17	0.05	0.04	0.48	0.39	0.15	0.44	0.04	0.3	0.22	0.03	0.51	0.16	0.49	0	0.02	0.28	0.13	0.05	0.09	0.06	0.2	0.49	0.16	0.36	0.49	0.29	0.5	0.05	0.09	0.04	0.04	0.14	0.01	0.52	0.17	0.23	0.4	0.32	0.18	0.16	0.91
0.02	0.14	0.24	0.46	0	0.42	0.02	0.62	0.11	0.78	0.44	8.39	0.41	0.13	0.28	0.13	0.16	0.24	0.91	0.27	0.41	0.09	0.17	0.04	0.01	0.3	0.45	0.52	0.93	0.43	0.94	0.44	0.75	0	0.14	1.09	0.29	0.14	0.02	0.09	0.13	0.46	0.14	0.04	0.46	0.21	0.58	0.46	0.53	0.97	0.47	0.15	0.13	0.47	0.47	0.12	0.58	0.17	0.16	0.47	0.13	0.03	0.22	0.17	0.1	0.46	0.54	0.47	0.46	0.19	0.14	0.47	0.01	0.67	0.17	0.47	0.39	0.05	0.47	0.45	0.2	0.47	0.36	0.1	0.15	0.09	0.08	0.09	0.98	0.27	0.01	0.49	0.13	0.48	0.39	0.48	0.18	0.13	0.47
0.18	0.28	0.58	0.31	0.18	0.46	0.18	0.28	0.52	1.33	0.18	0.79	0.27	0.27	0.4	0.45	0.3	0.49	0.05	0.28	0.34	0.46	0.14	0.19	0.3	0.58	0.66	0.29	0.96	0.28	0.18	0.14	0.27	0.18	0.29	0.28	0.77	0.54	0.18	0.2	0.28	0.18	3.91	0.19	0.7	0.51	0.36	0.28	0.88	0.2	0.53	0.49	0.26	0.23	0.28	0.18	0.49	0.49	0.27	0.19	0.28	0.19	0.29	0.33	0.38	0.12	0.56	0.21	0.3	0.38	0.28	0.2	0.18	0	0.81	0.91	0.41	0.12	0.51	0.3	0.29	0.19	0.65	0.14	0.46	0.41	0.1	0.21	0.52	0.52	0.19	0.42	0.28	0.03	0.32	0.28	0.3	0.42	0.26
0.4	0.02	0.07	0.06	0.13	0.27	0.4	0.03	0.02	0.98	0.12	1.99	0.17	0.48	0.79	0.28	0.48	0.19	1.19	0.09	0.49	0.14	1	0.49	0.54	0.02	0.04	0.15	0.1	0.04	0.09	0.16	0.04	0.4	0.05	0.18	0.38	0.41	0.1	0.21	0.41	0.11	0.03	0.13	0.15	0.42	0.21	0.41	0.4	0.1	0.02	0.19	0.28	0.16	0.04	0.49	0.03	0.03	0.42	0.47	0.01	0.29	0.42	0.21	0.72	0.16	0.05	0.1	0.06	0.75	0.26	0.62	0.42	0.25	0	0.11	0.21	0.2	0.42	0.13	0.04	0.16	0.42	0.52	0.27	0.1	0.18	0.3	0.09	0.02	0.53	0.56	0.88	0.34	0.43	0.03	0.06	0.37	0.54
0.04	0.39	0.42	0.17	0.43	0.63	0.31	0.13	0.12	0.4	0.03	2.54	0.13	0.14	0.5	0.08	0.15	0.26	0.6	0.11	0.22	0.41	0.09	0.41	0.05	0.31	0.45	0.14	0.92	0.14	0.03	1.4	0.15	0.09	0.18	0.22	0.12	0.11	0.32	0.04	0.25	0.01	0.12	0.04	0.57	0.36	0.22	0.13	0.53	0.1	0.48	0.09	0.11	0.07	0.14	0.2	0.15	0.3	0.09	0.03	0.34	0.36	0.13	0.3	0.43	0.35	0.16	0.04	0.15	0.13	0.45	0.26	0.45	0.2	0.11	0	0.04	0.08	0.27	0.29	0.13	0.05	0.29	0.1	0.79	0	0.49	0.1	0.03	0.14	0.05	0.19	0.91	0.51	0.16	0.21	0.3	0.13	0.25
0.4	0.21	0.19	0.25	0.09	0.41	0.1	0.21	0.2	0.74	0.28	1.38	0.15	0.19	0.27	0.11	0.24	0.63	0.43	0.21	0.19	0.03	0.06	0.4	0.48	0.22	0.22	0.42	0.23	0.27	0.04	0.04	0.33	0.47	0.17	0.09	0.23	0.59	0.05	0.34	0.58	0.03	0.22	0.21	0.98	0.16	0.24	0.23	0.24	0.04	0.2	0.29	0.2	0.29	0.42	0.05	0.23	0.22	0.04	0.04	0.44	0.29	0.23	0.23	0.01	0.44	0.46	0.1	0.23	0.44	0.23	0.1	0.3	0.2	0.54	0.04	0	0.08	0.22	0.15	0.23	0	0.16	0.09	0.23	0.03	0.09	0.07	0.04	0.22	0.5	0.21	0.5	0.22	0.25	0.23	0.55	0.58	0.24
0.06	0.93	0.21	0.38	0.04	0.92	0.06	0.19	0.41	1.35	0.06	1.88	0.49	0.43	0.18	0.03	0.19	0.43	0.18	0.93	0.19	0.35	0.05	0.92	0.06	0.32	0.4	0.2	0.23	0.19	0.07	0.36	0.45	0.4	0.18	0.01	0.42	0.28	0.08	0.08	0.4	0.07	0.17	0.4	0.5	0.29	0.41	0.4	0.45	2.9	0.4	0.05	0.18	0.07	0.4	0.07	0.19	0.4	0.03	0.16	0.18	1	0.2	0.18	0.05	0.02	0.48	0.06	0.48	0.54	0.35	0.06	0.05	0.12	0.16	0.08	0.46	0	0.47	0.45	0.18	0.04	0.17	0.03	0.23	0.34	0.01	0.03	0.07	0.16	0.05	0.5	0.43	0.23	0.41	0.2	0.19	0.42	0.42
0.2	0.44	0.35	1.65	0.24	0.21	0.36	0.61	0.44	1.14	0.2	0.04	0.3	0.44	0.04	0.44	0.32	0.26	0.46	0.56	0.32	0.21	0.47	0.19	0.19	0.3	0.48	0.34	0.99	0.48	0.59	0.17	0.32	0.23	0.47	0.49	0.31	0.8	0.2	0.5	0.33	0.21	0.32	0.22	0.2	0.71	0.42	0.32	0.38	0.2	0.33	0.17	0.31	0.52	0.43	0.2	0.33	0.31	0.37	0.23	0.43	0.43	0.3	0.31	0.44	0.54	0.67	0.53	0.47	0.52	0.36	0.19	0.47	0.21	0.98	0.48	0.21	0.14	0	0.3	0.31	0.34	0.69	0.41	0.99	0.49	0.49	0.16	0.22	0.69	0.49	0.21	0.45	0.49	0.4	0.4	0.35	0.37	0.51
0.48	0.04	0.98	0.44	0.47	0.47	0.47	0.05	0.42	0.83	0.12	9.7	0	0.05	0.35	0.48	0.07	0.22	0.33	0.03	0.13	0.14	0.2	0.46	0.13	0.05	0.46	0.07	0.13	0.01	0.45	0.16	0.05	0.44	0.46	0.24	0.02	0.93	0.11	0.15	0.18	0.42	0.04	0.11	0.41	0.61	0.22	0.06	0.4	0.6	0.03	0.5	0.43	0.18	0.01	0.49	0.09	0.04	0.23	0.48	0.04	0.48	0.06	0.47	0.15	0.56	0.46	0.11	0.17	0.06	0.04	0.45	0.49	0.44	0.03	0.13	0.15	0.65	0.31	0	0.03	0.42	0.35	0.18	0.42	0.43	0.18	0.18	0.41	0.11	0.13	0.5	0.03	0.59	0.07	0.04	0.07	0.49	4.79
0.13	0.04	0.08	0.15	0.49	0.34	0.13	0.05	0.22	0.68	0.31	3.05	0.03	0.03	0.49	0.21	0.07	0.99	0.49	0.26	0.37	0.18	0.48	0.15	0.16	0.03	0.05	0.48	0.13	0.07	0.11	0.31	0.31	0.48	0.05	0.48	0.03	0.49	0.1	0.21	0.06	0.48	7.46	0.28	0.36	0.13	0.48	0.78	0.33	0.13	0.33	0.21	0.04	0.48	0.03	0.12	0.05	0.17	0.16	0.48	0.03	0.12	0.42	0.23	0.14	0.49	0.06	0.14	0.07	0.32	0.05	0.16	0.44	0.4	0.04	0.15	0.31	0.18	0.42	0.03	0	0.15	0.03	0.17	0.49	0.46	0.21	0.17	0.14	0.01	0.49	0.32	0.08	0.34	0.49	0.04	0.06	0.04	0.49
0.03	0.4	0.18	0.4	0.09	0.28	0.11	0.46	0.5	1.52	0.02	0.3	0.14	0.15	0.46	0.3	0.39	0.23	0.46	0.16	0.16	0.34	0.17	0.04	0.04	0.14	0.47	0.16	0.23	0.16	0.03	0.03	0.15	0.08	0.15	0.07	0.17	0.37	0.05	0	0.55	0.04	0.14	0.05	0.04	0.29	0.21	0.51	0.5	0.47	0.49	0.08	0.19	0.07	0.15	0.04	0.16	0.21	0.05	0.04	0.18	0.23	0.17	0.34	0.01	0.06	0.55	0.03	0.36	0.16	0.47	0.34	0.1	0.19	0.13	0.03	0	0.35	0.21	0.15	0.38	0	0.15	0.05	0.22	0.06	0.05	0.08	0.04	0.47	0.32	0.17	0.47	0.57	0.18	0.14	0.18	0.48	0.2
0.12	0.05	0.48	0.08	0.13	0.49	0.12	0.17	0.04	1.48	0.89	4.67	0.01	0.43	0.73	0.43	0.08	0.21	0.35	0.63	0.28	0.15	0.21	0.43	0.43	0.05	0.06	0.43	0.18	0	0.12	0.34	0.06	0.13	0.08	0.19	0.03	0.04	0.11	0.22	0.44	0.13	0.05	0.51	0.45	0.45	0.22	0.08	0.33	0.45	0.23	0.49	0.04	0.45	0.45	0.11	0.65	0.05	0.16	0.12	0.04	0.39	0.06	0.22	0.56	0.72	0.07	0.12	0.08	0.06	0.05	0.47	0.57	0.28	0.04	0.24	0.67	0.17	0.32	0.47	0.03	0.16	0	0.19	0.28	0.47	0.61	0.18	0.12	0.04	0.4	0.74	0.26	0.34	0.48	0.13	0.42	0.05	0.28
0.07	0.34	0.46	0.21	0.06	0.23	0.07	0.2	0.16	1.35	0.19	1.25	0.47	0.39	0.18	0.04	0.59	0.18	0.16	0.47	0.22	0.07	0.04	0.08	0.07	0.4	0.2	0.26	0.48	0.2	0.17	0.49	0.54	0.21	0.19	0	0.17	0.37	0.49	0.09	0.2	0.09	0.49	0.1	0.08	0.19	0.2	0.19	0.49	0.07	0.19	0.36	0.49	0.09	0.28	0.08	0.2	0.27	0.37	0.08	0.17	0.89	0.21	0.2	0.18	0.01	0.41	0.07	0.22	0.2	0.42	0.29	0.51	0.1	0.19	0.41	0.09	0.03	0.41	0.51	0.17	0.05	0.19	0	0.2	0.1	0	0.04	0.08	0.42	0.26	0.36	0.92	0.42	0.43	0.2	0.23	0.2	0.42
0.21	0.27	0.48	0.29	0.15	0.5	0.21	0.28	0.48	1.18	0.21	8.28	0.28	0.29	0.43	0.4	0.29	0.42	0.41	0.25	0.25	0.9	0.36	0.15	0.2	0.4	0.28	0.46	0.45	0.41	0.21	0.23	0.28	0.41	0.52	0.25	0.51	0.71	0.17	0.41	0.27	0.58	0.27	0.26	0.7	0.3	0.07	0.28	0.39	0.14	0.92	0.65	0.25	0.19	0.28	0.21	0.42	0.26	0.23	0.22	0.28	0.51	0.42	0.07	0.18	0.42	0.29	0.21	0.29	0.29	0.26	0.19	0.15	0.35	0.49	0.43	0.23	0.23	0.37	0.83	0.43	0.34	0.28	0.43	0	0.28	0.43	0.17	0.22	0.27	0.43	0.36	0.46	0.57	0.53	0.27	0.43	0.27	1.14
0.03	0.11	0.16	0.16	0.76	0.46	0.04	0.13	0.1	0.47	0.03	3.59	0.45	0.15	0.22	0.46	0.14	0.43	0.24	0.12	0.15	0.04	0.33	0.05	0.05	0.46	0.14	0.15	0.17	0.14	0.47	0.38	0.14	0.29	0.14	0.48	0.11	0.25	0.03	0.03	0.26	0.01	0.48	0.04	0.12	0.49	0.21	0.48	0.24	0.01	0.12	0.09	0.49	0.07	0.14	0.03	0.13	0.32	0.11	0.04	0.47	0.29	0.4	0.22	0.04	0.07	0.4	0.03	0.15	0.41	0.12	0.05	0.1	0.19	0.71	0	0.05	0.2	0.72	0.42	0.13	0.03	0.36	0.1	0.43	0	0.42	0.46	0.03	0.13	0.17	0.2	0.47	0.23	0.14	0.13	0.47	0.13	0.57
0.32	0.18	0.21	0.21	0.07	0.24	0.46	0.25	0.48	0.28	0.08	1.83	0.42	0.43	0.18	0.03	0.21	0.18	0.17	0.44	0.18	0.24	0.44	0.1	0.35	0.19	0.44	0.21	0.61	0.54	0.44	0.03	0.21	0.06	0.17	0.01	0.55	0.21	0.27	0.45	0.19	0.09	0.19	0.1	0.36	0.46	0.48	0.23	0.15	0.46	0.56	0.73	0.19	0.12	0.19	0.46	0.19	0.19	0.21	0.35	0.19	0.56	0.22	0.47	1.07	0.16	0.22	0.08	0.37	0.21	0.47	0.09	0.06	0.1	0.47	0.1	0.48	0.02	0.3	0.31	0.19	0.05	0.49	0	0.59	0.1	0	0.04	0.09	0.19	0.08	0.12	0.19	0.15	0.53	0.22	0.21	0.49	0.49
0.04	0.19	0.18	0.45	0.09	0.27	0.04	0.16	0.42	0.89	0.06	0.91	0.4	0.17	0.22	0.06	0.19	0.22	0.21	0.9	0.29	0.08	0.11	0.04	0.4	0.32	0.27	0.5	0.23	0.19	0.07	0.09	0.17	0.03	0.15	0.04	0.17	0.3	0.05	0.4	0.17	0.08	0.76	0.37	0.33	0.09	0.17	0.5	0.18	0.41	0.41	0.14	0.17	0.08	0.19	0.08	0.18	0.19	0.09	0.16	0.16	0.23	0.42	0.15	0.06	1.18	0.19	0.05	0.18	0.42	0.18	0.32	0.42	0.15	0.31	0.09	0.07	0.42	0.16	2.74	0.38	0.42	0.42	0.29	0.17	0.09	0.19	0	0.07	0.15	0.04	0.15	0.2	0.56	0.19	0.15	0.58	0.19	0.62
0.02	0.12	0.49	0.14	0.1	0.49	0.03	0.11	0.38	0.99	0.01	3.22	0.11	0.11	0.23	0.07	0.13	0.26	0.22	0.43	0.14	0.04	0.3	0.04	0.04	0.12	0.14	0.13	0.17	0.25	0	0.39	0.13	0.09	0.46	0.08	0.1	0.67	0.14	0.94	0.1	0.31	0.1	0.01	0.89	0.11	0.16	0.42	0.23	0	0.1	0.08	0.44	0.13	0.12	0.01	0.12	0.5	0.05	0.01	0.12	1.02	0.12	0.16	0.04	0.08	0.45	0.02	0.43	0.25	0.38	0.04	0.09	0.19	0.11	0.03	0.04	0.07	0.23	0.11	0.12	0.03	0.12	0.08	1.15	0.03	0.08	0.07	0	0.1	0.03	0.2	0.12	0.23	0.5	0.15	0.14	0.1	0.23
0.36	0.02	0.09	0.05	0.12	0.26	0.13	0.03	0	1.29	0.11	3.4	0.03	0.01	1	0.49	0.05	0.2	0.35	0.03	0.51	0.49	0.38	0.51	0.5	0.01	0.4	0.05	0.43	0.05	0.11	0.15	0.4	0.13	0.06	0.17	0.02	0.12	0.11	0.22	0.03	0.11	0.03	0.16	0.97	0.41	0.61	0.42	0.33	0.18	0.92	0.6	0.02	0.21	0.04	0.42	0.08	0.03	0.16	0.11	0.02	1.01	0.52	0.21	0.52	0.33	0.42	0.2	0.05	0.04	0.42	0.14	0.13	0.27	0.02	0.12	0.42	0.3	0.54	0.04	0.01	0.14	0.04	0.17	0.27	0.63	0.18	0.43	0.11	0	0.14	0.93	0.43	0.51	0.21	0.03	0.05	0.03	0.2
0.32	0.13	0.18	0.17	0.01	0.63	0.02	0.14	0.12	1.29	0.17	2.89	0.13	0.12	0.58	0.48	0.19	0.58	0.23	0.16	0.18	0.04	0.09	0.01	0.36	0.12	0.48	0.48	0.2	0.14	0.03	0.32	0.49	0.01	0.16	0.17	0.51	0.79	0.49	0.09	0.16	0.34	0.14	0.05	0.51	0.14	0.15	0.16	0.21	0.4	0.13	0.08	0.14	0.06	0.14	0.03	0.15	0.14	0.07	0.04	1.01	0.05	0.41	0.15	0.04	0.07	0.16	0.02	0.41	0.15	0.19	0.05	0.41	0.41	0.27	0.05	0.09	0.05	0.41	0.13	0.15	0.04	0.14	0.07	0.14	0.04	0.41	0.04	0.03	0.27	0	0.42	0.14	0.42	0.17	0.15	0.42	0.15	0.22
0.65	0.95	0.45	0.45	0.2	0.12	0.45	0.46	0.48	0.42	0.19	3.27	0.33	0.28	0.46	0.14	0.32	0.96	0.05	0.46	0.46	0.19	0.46	0.18	0.19	0.46	0.46	0.32	0.46	0.96	0.2	0.46	0.3	0.17	0.46	0.66	0.46	0.96	0.46	0.34	0.46	0.18	0.3	0.46	0.2	0.96	0.3	0.44	0.26	0.46	0.33	0.76	0.56	0.22	0.46	0.19	0.96	0.31	0.14	0.2	0.42	1.08	0.32	0.3	0.38	0.42	0.32	0.62	0.32	0.93	0.43	0.19	0.17	0	0.71	0.62	0.21	0.18	0.22	0.3	0.41	0.16	0.71	0.12	0.57	0.19	0.41	0.15	0.2	0.29	0.18	0	0.9	0.4	0.53	0.31	0.61	0.31	0.42
0.47	0.04	0.31	0.07	0.48	0.48	0.27	0.41	0.03	0.47	0.12	6.65	0	0.05	0.67	0.47	0.07	0.2	0.97	0.47	0.12	0.15	0.2	0.67	0.47	0.05	0.14	0.07	0.13	0.01	0.13	0.16	0.48	0.4	0.07	0.48	0.03	0.82	0.11	0.15	0.05	0.98	0.07	0.14	0.19	0.13	0.22	0.06	0.33	0.49	0.14	0.49	0.04	0.18	0.01	0.11	0.05	0.04	0.15	0.5	0.26	0.5	0.06	0.22	0.39	0.38	0.4	0.34	0.08	0.06	0.4	0.4	0.26	0.4	0.29	0.17	0.15	0.41	0.31	0.16	0.03	0.91	0.01	0.18	0.28	0.41	0.18	0.43	0.12	0.42	0.13	0.3	0	0.82	0.42	0.4	0.07	0.42	0.27
0.26	0.5	0.34	0.46	0.47	0.4	0.28	0.46	0.4	1.09	0.22	4.18	0.47	0.32	0.32	0.97	0.39	0.26	0.06	0.35	0.47	0.22	0.48	0.23	0.48	0.98	0.68	0.36	0.4	0.68	0.56	0.48	0.48	0.21	0.32	0.15	0.33	0.49	0.52	0.23	0.37	0.5	0.35	0.5	0.5	0.6	0.91	0.4	0.29	0.38	0.9	0.41	0.33	0.24	0.91	0.51	0.48	0.47	0.18	0.22	0.33	1.41	0.36	0.35	0.41	0.51	0.52	0.23	0.36	0.42	0.36	0.23	0.42	0.03	0.34	0.22	0.42	0.17	0.3	0.43	0.35	0.2	0.58	0.15	0.41	0.43	0.15	0.22	0.23	0.44	0.23	0.03	0.67	0	0.37	0.95	0.45	0.35	0.68
0.36	0.17	0.1	0	0.15	0.58	0.15	0.05	0.42	1.28	0.4	2.16	0.07	0.21	0.66	0.61	0.03	0.22	0.34	0.05	0.15	0.17	0.46	0.18	0.47	0.31	0.02	0.36	0.47	0.08	0.14	0.39	0.48	0.25	0.07	0.22	0.05	0.17	0.2	0.54	0.48	0.15	6.33	0.49	0.51	0.17	0.23	0.06	0.57	0.16	0.33	0.22	0.38	0.2	0.16	0.14	0.4	0.04	0.18	0.4	0.07	0.41	0.02	0.41	0.61	0.19	0.03	0.46	0.03	0.06	0.05	0.41	0.52	0.31	0.42	0.53	0.23	0.2	0.52	0.52	0.07	0.72	0.47	0.21	0.43	0.17	0.22	0.18	0.14	0.43	0.17	0.43	0.43	0.37	0	0.14	0.01	0.44	0.35
0.46	0.06	0.47	0.05	0.14	0.39	0.48	0.1	0.02	1.08	0.13	3.27	0.04	0.04	0.43	0.46	0.05	0.52	0.22	0.02	0.47	0.16	0.57	0.16	0.15	0.01	0.04	0.05	0.1	0.29	0.1	0.31	0.03	0.14	0.04	0.48	0.02	0.18	0.11	0.21	0.02	0.48	0.02	0.12	0.15	0.48	0.58	0.03	0.69	0.49	0.33	0.24	0.01	0.17	0.29	0.13	0.02	0.49	0.15	0.11	0.03	1.71	0.04	0.21	1.2	0.22	0.04	0.11	0.05	0.03	0.03	0.17	0.15	0.41	0.03	0.11	0.21	0.76	0.42	0.04	0.04	0.15	0.05	0.32	0.41	0.13	0.2	0.58	0.1	0.42	0.39	0.33	0.38	0.43	0.05	0	0.05	0.02	2.83
0.15	0.46	0.1	0.87	0.16	0.46	0.24	0.4	1.06	0.77	0.15	2.1	0.41	0.08	0.38	0.3	0.42	0.3	0.29	0.42	0.12	0.37	0.24	0.42	0.17	0.08	0.42	0.06	0.72	0.42	0.47	0.93	0.42	0.15	0.07	0.52	0.04	0.42	0.14	0.52	0.05	0.42	0.04	0.17	0.18	0.43	0.23	0.27	0.42	0.12	0.43	0.43	0.04	0.43	0.08	0.43	0.05	0.04	0.19	0.14	0.44	1	0.23	0.45	0.18	0.45	0.04	0.95	0.03	0.45	0.95	0.17	0.45	0.46	0.06	0.57	0.24	0.26	0.46	0.07	0.06	0.46	0.07	0.67	1.01	0.41	0.24	0.48	0.52	0.05	0.18	0.34	0.07	1.48	0.01	0.16	0	0.23	0.23
0.41	0.41	0.1	0.41	0.14	0.33	0.42	0.03	0.03	0.71	0.15	2.24	0.04	0.44	0.44	0.46	0.04	0.44	0.24	0.02	0.08	0.54	0.42	0.22	0.28	0	0.03	0.05	0.45	0.05	0.45	0.95	0.03	0.13	0.44	0.2	0.02	0.95	0.45	0.35	0.01	0.11	0.01	0.3	0.16	0.13	0.54	0.03	0.34	0.45	0.19	0.19	0.01	0.17	0.05	0.1	0.03	0.1	0.15	0.11	0.43	0.75	0.25	0.56	0.46	0.18	0.04	0.12	0.05	0.04	0.03	0.17	0.46	0.29	0.03	0.13	0.46	0.19	0.75	0.04	0.04	0.22	0.05	0.2	0.67	0.39	0.26	0.47	0.13	0.03	0.15	0.48	0.05	0.34	0.05	0.02	0.04	0	0.52
0.43	0.64	0.94	0.22	0.55	0.44	0.49	0.21	0.19	1.57	0.55	1.7	0.27	0.5	0.25	0.51	1.51	0	0.35	0.18	0.41	0.5	0.4	0.22	0.3	0.41	0.42	1.42	0.93	0.28	0.23	0.42	0.42	0.23	0.52	0.44	0.18	0.17	0.23	0.43	0.19	0.23	0.93	0.25	1.33	0.47	0.34	0.21	0.43	0.22	0.18	0.19	0.18	0.26	0.28	0.45	0.51	0.45	0.17	0.24	0.46	0.96	0.57	0.44	0.39	0.98	0.58	0.45	0.48	0.58	0.19	0.22	0.49	0.09	0.25	0.25	0.24	0.16	0.25	0.54	0.21	0.22	0.49	0.49	0.79	0.25	0.54	0.19	0.23	0.49	0.21	0.47	0.56	0.51	0.4	0.41	0.61	0.19	1.41
