0	0.91	0.44	0.17	0.4	0.3	0.05	0.43	0.1	0.49	0.01	5.96	0.12	0.12	0.25	0.1	0.17	0.44	0.54	0.12	0.14	0.04	0.09	0.03	0.03	0.12	0.95	0.15	0.18	0.14	0.02	0.04	0.12	0.02	0.19	0.08	0.45	0.1	0.07	0.1	0.31	0.04	0.45	0.28	0.37	0.08	0.15	0.45	0.34	0.03	0.31	0.31	0.46	0.05	0.12	0.09	0.53	0.11	0.26	0.02	0.1	0.46	0.13	0.15	0.03	0.07	0.16	0	0.14	0.13	0.13	0.03	0.02	0.48	0.11	0.04	0.1	0.46	0.2	0.21	0.12	0.03	0.12	0.07	0.21	0.03	0.18	0.05	0.02	0.11	0.03	0.97	0.47	0.23	0.15	0.12	0.72	0.31	0.57
0.48	0	0.48	0.44	0.48	0.24	0.11	0.04	0.02	0.02	0.11	5.66	0.04	0.02	0.59	0.2	0.41	0.63	0.21	0.09	0.05	0.14	0.59	0.41	0.13	0	0.03	0.04	0.48	0.05	0.1	0.17	0.42	0.82	0.04	0.2	0.02	0.42	0.15	0.2	0.02	0.42	0.02	0.16	0.52	0.42	0.21	0.02	0.33	0.42	0.22	0.19	0.29	0.16	0.42	0.12	0.02	0.02	0.15	0.12	0.02	0.12	0.03	0.21	0.15	0.42	0.92	0.11	0.43	0.02	0.03	0.43	0.13	0.26	0.03	0.43	0.33	0.18	0.41	0.43	0.04	0.53	0.43	0.53	0.27	0.11	0.43	0.18	0.1	0.02	0.13	0.44	0.04	0.32	0.04	0.07	0.94	0.02	0.19
0.15	0.1	0	0.1	0.16	0.36	0.47	0.51	0.07	0.1	0.34	1.63	0.09	0.14	0.37	0.83	0.73	0.4	0.53	0.4	0.11	0.17	0.43	0.2	0.55	0.06	0.29	0.11	0.15	0.11	0.43	0.22	0.1	0.31	0.09	0.21	0.16	0.21	0.27	0.19	0.43	0.15	0.12	0.15	0.38	0.17	0.31	0.44	0.36	0.14	0.32	1.04	0.09	0.44	0.1	0.15	0.11	0.36	0.23	0.46	0.09	0.18	0.1	0.59	0.37	0.2	0.46	0.46	0.11	0.11	0.09	0.29	0.49	0.3	0.07	0.18	0.2	0.89	0.63	0.1	0.08	0.46	0.45	0.23	0.26	0.17	0.47	0.18	0.16	0.47	0.17	0.47	0.1	0.77	0.47	0.09	0.34	0.1	0.34
0.14	0.04	0.47	0.01	0.47	0.23	0.68	0.05	0.05	0.05	0.16	0.33	0.43	0.46	0.94	0.24	0.03	0.35	0.45	0.2	0.1	0.65	0.41	0.16	0.85	0.44	0.02	0.44	0.13	0.45	0.23	0.95	0.45	0.15	0.11	0.45	0.05	0.22	0.13	0.23	0.05	0.46	0.05	0.51	0.18	0.16	0.47	0.57	0.67	0.47	0.58	1.27	0.04	0.48	0.08	0.14	0.05	0.26	0.48	0.13	0.07	0.16	0.49	0.23	0.49	0.19	0.04	0.14	0.03	0.06	0.06	0.4	0.4	0.31	0.4	0.4	0.51	0.54	0.51	0.61	0.41	0.71	0.41	0.24	0.29	0.17	0.92	0.18	0.14	0.42	0.16	1.03	0.07	0.62	0.53	0.43	0.43	0.16	0.43
0.38	0.15	0.16	0.16	0	0.79	0.02	0.15	0.13	0.17	0.02	5.77	0.13	0.12	0.44	0.38	0.49	0.44	0.52	0.16	0.16	0.09	0.14	0.01	0.01	0.13	0.14	0.16	0.54	0.45	0.1	0.1	0.45	0.27	0.13	0.06	0.13	0.97	0.04	0.09	0.16	0.09	0.13	0.12	0.02	0.11	0.15	0.14	0.33	0.25	0.82	0.18	0.14	0.07	0.14	1.1	0.15	0.39	0.1	0.1	0.4	0.08	0.14	0.13	0.11	0.14	0.42	0.28	0.17	0.14	0.2	0.02	0	0.44	0.67	0.09	0.09	0.05	0.42	0.99	0.13	0.09	0.13	0.06	0.15	0.16	0.06	0.09	0.48	0.12	0.01	0.17	0.32	0.22	0.49	0.14	0.24	0.14	0.52
0.31	0.24	0.36	0.22	0.33	0	0.3	0.24	0.24	0.24	0.59	9.18	0.26	0.23	0.12	0.26	0.45	0.1	0.11	0.24	0.55	0.3	0.3	0.3	0.3	0.24	0.45	0.26	0.44	0.27	0.31	0.25	0.25	0.29	0.29	0.23	0.24	0.79	0.29	0.32	0.46	0.3	0.24	0.66	0.3	0.46	0.46	0.24	0.76	0.29	0.24	0.41	0.23	0.46	0.46	0.31	0.5	0.5	0.46	0.32	0.66	0.32	0.53	0.46	0.28	0.22	0.22	0.62	0.56	0.48	0.25	0.66	0.65	0.11	0.53	0.96	0.32	0.63	0.37	0.27	0.46	0.28	0.66	0.23	0.48	0.32	0.46	0.27	0.63	0.25	0.3	0.46	0.27	0.15	0.22	0.24	0.86	0.24	0.16
0	0.45	0.15	0.36	0.02	0.45	0	0.13	0.24	0.17	0.01	0.86	0.12	1.5	0.25	0.49	0.15	0.49	0.22	0.13	0.49	0.36	0.82	0.03	0.03	0.61	0.42	0.16	0.4	0.12	0.4	0.04	0.12	0.02	0.11	0.4	0.5	0.42	0.01	0.1	0.13	0.03	0.12	0.03	0.03	0.02	0.9	0.16	0.22	0.02	0.1	0.44	0.11	0.4	0.13	0.01	0.4	0.16	0.9	0.27	0.14	0.27	0.13	0.15	0.04	0.07	0.51	0	0.14	0.51	0.11	0.41	0.02	0.18	0.1	0.03	0.1	0.41	0.54	0.39	0.15	0.03	0.12	0.92	0.21	0.23	0.08	0.72	0.02	0.41	0.39	0.41	0.12	0.48	0.41	0.51	0.14	0.12	0.36
0.13	0.02	0.11	0.05	0.13	0.46	0.15	0	0.4	0	0.36	7.49	0.05	0.03	0.39	0.21	0.07	0.37	0.29	0.03	0.12	0.47	0.21	0.47	0.47	0.03	0.04	0.02	0.1	0.06	0.12	0.17	0.29	0.14	0.05	0.38	0.03	0.22	0.26	0.49	0.04	0.12	0.02	0.16	0.46	0.45	0.22	0.34	0.49	0.11	0.84	0.38	0.02	0.17	0.06	0.49	0	0.03	0.18	0.12	0.03	4.05	0.03	3.05	0.16	0.44	0.05	0.13	0.05	0.5	0.41	0.16	0.32	0.91	0.45	0.41	0.22	0.17	0.6	0.05	0.05	0.16	0.06	0.43	0.28	0.14	0.82	0.43	0.12	0.03	0.14	0.3	0.05	0.34	0.42	0.42	0.05	0.03	0.5
0.16	0.36	0.07	0.05	0.13	0.24	0.1	0.02	0	0.02	0.21	0.97	0.28	0.01	0.36	0.37	0.49	0.49	0.48	0.02	0.06	0.14	0.41	0.14	0.49	0.01	0.21	0.04	2.01	0.19	0.09	0.17	0.03	0.13	0.06	0.18	0.02	0.02	0.1	0.22	0.03	0.1	0.02	0.13	0.86	0.13	0.4	0.02	0.31	0.33	0.02	0.91	0.02	0.37	0.04	0.1	0.02	0.03	0.15	0.11	0.02	0.27	0.41	0.21	0.15	0.28	0.41	0.1	0.05	0.92	0.03	0.14	0.21	0.26	0.42	0.11	0.19	0.17	0.92	0.42	0.42	0.14	0.37	0.19	0.27	0.12	0.17	0.51	0.38	0	0.12	0.45	0.04	0.34	0.05	0.02	0.74	0.16	0.74
0.12	0.02	0.13	0.05	0.44	0.24	1.4	1.5	0.46	0	0.12	4.12	0.06	0.2	0.73	0.22	0.05	0.2	0.29	0.03	0.05	0.2	0.94	0.44	0.44	0.03	0.03	0.02	0.1	0.06	0.23	0.21	0.02	0.13	0.87	0.45	0.04	0.03	0.33	0.22	0.03	0.27	0.02	0.19	0.16	0.23	0.21	0.31	0.4	0.46	0.04	0.22	0.02	0.17	0.06	0.12	0	0.03	0.47	0.14	0.03	0.5	0.03	0.61	0.15	0.57	0.09	0.12	0.05	0.01	0.04	0.48	0.16	0.3	0.11	0.14	0.48	0.19	0.32	0.05	0.05	0.49	0.06	0.25	0.27	0.15	0.47	0.49	0.12	0.11	0.14	0.57	0.05	0.47	0.16	0.38	0.05	0.19	0.2
0.01	0.6	0.31	0.14	0.06	0.31	0.11	0.14	0.12	0.12	0	0.34	0.12	0.39	0.44	0.1	0.14	0.94	0.23	0.26	0.51	0.09	0.64	0.03	0.03	0.11	0.14	0.16	0.94	0.31	0.01	0.29	0.14	0.17	0.11	0.08	0.65	0.44	0.01	0.03	0.44	0.02	0.46	0.03	0.44	0.54	0.55	0.24	0.44	0.02	0.11	0.45	0.14	0.06	0.12	0.01	0.12	0.13	0.04	0.02	0.14	0.71	0.14	0.15	0.03	0.45	0.14	0.01	0.14	0.45	0.13	0.03	0.02	0.18	0.45	0.03	0.03	0.06	0.39	0.46	0.14	0.02	0.12	0.07	0.21	0.46	0.08	0.06	0.02	0.12	0.03	0.46	0.46	0.22	0.46	0.15	0.46	0.13	0.23
3.16	0.69	1.49	5.62	0.5	1.91	1.69	1.69	1.4	0.5	7.44	0	3.54	10.1	0.04	0.75	2.23	0.27	0.66	6	4.08	0.39	0.21	1.07	11.8	0.92	5.24	0.45	1.65	11.8	0.49	9.71	0.33	12.6	0.84	0.14	1.61	1.86	9.85	0.46	1.29	2.92	0.98	0.23	0.21	1.9	1.55	4.14	0.01	8.38	4.05	0.19	1.66	10.3	0.32	2.46	2.5	2.81	3.48	0.24	0.31	1.64	5.55	0.43	0.45	1.05	4.36	1.6	0.57	1.09	12.7	1.33	7.89	0.59	2.04	1.47	3.99	1.3	3.8	0.32	2.26	5.93	0.51	1.27	3.93	0.24	0.27	1.27	1.73	0.31	0.2	13.3	0.52	2.02	8.08	0.49	1.16	1.95	0.49
0.12	0.04	0.09	0.12	0.13	0.26	0.45	0.05	0.39	0.45	0.12	0.86	0	0.16	0.69	0.2	0.07	0.45	0.33	0.03	0.08	0.15	0.2	0.41	0.14	0.05	0.06	0.39	0.41	0.01	0.11	0.25	0.41	0.12	0.44	0.18	0.02	0.41	0.11	0.15	0.05	0.11	0.05	0.47	1	0.17	0.47	0.08	0.32	0.18	0.97	0.2	0.03	0.18	0.01	0.33	0.05	0.4	0.15	0.12	0.04	0.9	0.4	0.22	0.31	1.09	0.07	0.12	0.07	0.4	0.04	0.14	0.69	0.32	0.03	0.44	0.15	0.42	0.71	0	0.03	0.41	0.01	0.18	0.28	0.15	0.18	0.53	0.11	0.27	0.13	0.44	0	0.34	0.07	0.41	0.07	0.08	0.27
0.12	0.02	0.08	0.08	0.99	0.24	0.12	0.03	0.01	0.03	0.12	8.49	0.13	0	0.36	0.4	0.05	0.23	0.34	0.04	0.13	0.3	0.18	0.4	0.71	0.01	0.03	0.05	2.29	0.41	0.23	0.15	0.03	1	0.38	0.17	0.41	0.04	0.41	0.19	0.05	0.13	0.04	0.14	0.13	0.13	0.46	0.03	0.92	0.46	0.42	0.19	0.03	0.42	0.06	0.11	0.03	0.04	0.14	0.42	0.02	0.5	0.52	0.23	0.16	0.15	0.04	0.42	0.05	0.04	0.42	0.23	0.17	0.27	0.02	0.13	0.51	0.17	0.67	0.28	0.03	0.43	0.06	0.43	0.29	0.13	0.19	0.14	0.43	0.01	0.53	0.31	0.05	0.44	0.08	0.29	0.08	0.44	0.54
0.25	0.36	0.46	1.23	0.28	0.12	0.46	0.38	0.36	0.56	0.25	8.63	0.34	0.4	0	0.16	0.7	0.22	0.31	0.76	0.38	0.22	0.48	0.25	0.25	0.36	0.66	0.4	0.4	1.41	0.91	0.27	0.37	0.27	0.59	0.41	0.37	0.67	0.26	0.27	0.38	0.41	1.01	0.56	0.26	0.41	0.77	0.45	0.06	0.23	0.62	0.61	0.36	0.36	0.51	0.26	0.71	0.39	0.18	0.5	0.37	0.92	0.41	0.37	0.19	0.53	0.4	0.27	0.41	0.39	0.58	0.94	0.71	0.22	0.42	0.52	0.27	0.18	0.4	1.42	0.92	0.19	0.35	0.18	0.43	0.42	0.18	0.92	0.42	0.6	0.54	0.43	0.82	0.42	0.42	0.36	0.4	0.36	1.06
1.26	0.21	0.46	0.25	0.13	0.25	0.46	0.22	0.19	0.21	0.1	2.34	0.52	0.2	0.16	0	0.23	0.2	3.4	0.41	0.41	0.07	0.02	0.09	0.41	0.41	0.22	0.24	0.42	0.21	0.41	0.03	0.52	0.12	0.48	0.02	0.23	0.43	0.25	0.43	0.23	0.53	0.22	0.44	0.09	0.24	0.48	0.54	0.17	0.1	0.21	0.03	0.22	0.11	0.21	0.75	0.22	0.45	0.45	0.08	0.2	0.43	0.24	0.21	0.04	0.01	0.51	0.1	0.25	0.46	0.23	0.09	0.55	0.46	0.21	0.07	0.11	0.03	0.47	0.47	0.21	0.29	0.58	0.02	0.27	0.08	0.2	0.1	0.08	0.21	0.23	0.49	0.21	0.2	0.24	0.41	0.33	0.21	1.82
0.54	0.45	0.43	0.6	0.17	0.34	0.45	0.05	0.05	0.05	0.16	1.19	0.07	0.18	0.39	0.92	0	0.22	0.29	0.05	0.08	0.42	0.22	0.18	0.42	0.05	0.02	0.07	0.42	0.43	0.46	0.3	0.63	0.16	0.06	0.93	0.43	0.04	0.32	0.23	0.05	0.43	0.04	0.16	0.43	0.94	0.51	0.12	0.42	0.12	0.16	0.44	0.04	0.24	0.08	0.53	0.95	0.04	0.19	0.15	0.05	0.39	0.02	0.23	0.18	0.46	0.03	0.14	0.03	0.07	0.06	0.44	0.15	0.32	0.31	0.16	0.46	0.46	0.32	0.07	0.07	0.19	0.47	0.22	0.57	0.15	0.57	0.19	0.55	0.17	0.16	0.45	0.07	0.36	0.03	0.06	0.03	0.04	0.22
0.25	0.23	0.67	0.22	0.23	0.1	0.48	0.2	0.57	0.21	0.25	3.81	0.2	0.21	0.16	0.49	0.22	0	0.04	0.18	0.5	0.6	0.22	0.35	0.47	0.21	0.2	0.22	0.4	0.5	0.5	0.2	0.5	0.25	1.55	0.18	0.18	0.4	0.6	0.27	0.19	0.6	0.19	0.4	0.25	0.27	0.36	0.21	0.41	1.11	0.39	0.42	1.62	0.27	0.21	0.42	0.2	0.18	0.37	1.02	0.2	0.27	0.2	0.36	0.23	0.18	0.21	0.25	0.93	0.43	0.19	0.43	0.25	0.09	0.19	0.26	0.27	0.19	0.26	0.54	0.43	0.44	0.22	0.18	0.43	0.27	0.18	0.44	0.26	0.48	0.43	0.15	0.43	0.06	0.44	0.44	0.37	0.19	0
0.5	0.22	0.41	0.3	0.22	0.54	0.23	0.31	0.34	0.3	0.22	0.3	0.34	0.34	0.34	0.41	0.29	0.07	0	0.23	0.47	0.28	0.7	0.23	0.23	0.44	0.28	0.59	0.49	0.34	0.23	0.19	0.52	0.49	0.34	0.42	0.23	0.23	0.23	0.24	0.53	0.37	0.25	0.25	0.63	0.22	0.35	0.3	0.32	0.24	1.76	0.5	0.25	0.43	0.34	0.88	0.31	0.47	0.2	0.23	0.34	0.93	0.28	0.45	0.21	0.18	0.29	0.23	0.69	0.3	0.24	0.23	0.23	0.05	0.33	0.23	0.5	0.81	0.26	0.33	0.67	0.62	0.35	0.16	0.41	0.23	0.17	0.2	0.22	0.34	0.25	0.38	0.34	0.05	0.41	0.28	0.51	0.47	0.4
0.11	0.9	0.08	0.25	0.14	0.4	0.11	0.03	0.4	0.06	0.12	6.85	0.03	0.04	0.47	0.21	0.57	0.18	0.23	0	0.65	0.16	0.76	0.51	0.17	0.19	0.03	0.05	0.1	0.44	0.12	0.46	0.04	0.46	0.04	0.48	0.01	0.46	0.09	0.46	0.03	0.46	0.02	0.14	0.52	0.96	0.46	0.14	0.42	0.45	0.01	0.29	0.01	0.2	0.04	0.45	0.03	0.02	0.17	0.1	0.65	0.2	0.03	0.46	0.16	0.69	0.05	0.45	0.66	0.27	0.56	0.46	0.13	0.26	0.41	0.46	0.21	0.46	0.34	0.03	0.04	0.47	0.21	0.47	0.25	0.13	0.2	0.47	0.09	0.03	0.13	0.69	0.03	0.36	0.05	0.3	0.47	0.02	0.18
0.12	0.05	0.99	0.79	0.15	0.49	0.12	0.05	0.06	0.11	0.12	14	0.08	0.15	0.43	0.2	0.08	0.36	0.44	0.06	0	0.17	0.49	0.15	0.15	0.05	0.1	0.19	0.43	0.44	0.12	0.15	0.06	0.13	0.01	0.18	0.06	0.13	0.44	0.44	0.33	0.14	0.05	0.19	0.33	0.27	0.44	0.44	0.37	0.32	0.64	0.19	0.12	0.17	0.09	0.5	0.44	0.06	0.15	0.13	0.07	0.36	0.06	0.44	0.17	0.34	0.44	0.44	0.08	0.06	0.32	0.15	1.24	0.32	0.44	0.16	0.18	1.35	0.45	0.08	0.06	0.17	0.09	0.25	0.23	0.45	0.55	0.18	0.14	0.06	0.45	0.31	0.08	0.55	0.45	0.45	0.09	0.45	1.15
0.04	1.02	0.17	0.49	0.09	0.31	0.03	0.37	0.13	0.5	0.27	0.5	0.32	0.48	0.22	0.45	0.18	0.65	0.45	0.25	0.17	0	0.45	0.04	0.05	0.22	0.43	0.17	0.65	0.39	0.04	0.07	0.15	0.45	0.61	0.07	0.14	0.45	0.04	0.03	0.17	0.18	0.45	0.06	0.22	0.09	0.53	0.18	0.22	0.06	0.15	0.24	0.17	0.3	0.15	0.04	0.17	0.45	0.04	0.04	0.15	0.69	0.66	0.17	0.03	0.15	0.17	0.03	0.45	0.16	0.45	0.05	0.48	0.34	0.77	0.05	0.03	0.45	0.21	0.15	0.15	0.95	0.37	0.07	0.22	0.04	0.08	0.08	0.45	0.16	0.04	0.52	0.15	0.22	0.46	0.46	0.19	0.41	0.22
0.08	0.19	0.59	0.49	0.14	0.31	0.08	0.2	0.47	0.59	0.07	4.33	0.48	0.48	0.27	0.02	0.24	0.69	0.49	0.99	0.2	0.08	0	0.24	0.09	0.18	0.2	0.59	0.28	0.49	0.38	0.06	0.59	0.13	0.17	0.04	0.21	0.5	0.09	0.4	0.2	0.08	0.4	0.41	1.42	0.41	0.21	0.22	0.58	0.29	0.19	0.01	0.2	0.11	0.21	0.09	0.22	0.21	0.41	0.93	0.42	0.52	0.22	0.83	0.43	0.29	0.53	1.33	0.41	0.22	0.21	0.09	0.14	0.53	0.94	0.09	0.06	0.27	0.44	0.21	0.2	0.44	0.94	0.04	0.27	0.21	0.44	0.39	0.08	0.51	1.44	0.16	0.21	0.5	0.23	0.19	0.45	0.74	0.19
0.46	0.39	0.55	0.96	0.02	0.3	0.03	0.24	0.46	0.16	0.03	1.47	0.97	0.47	0.46	0.09	0.22	0.24	2.43	0.17	0.47	0.14	0.09	0	0.14	0.13	0.15	0.18	0.47	0.14	0.04	0.05	0.52	0.01	0.14	0.09	0.13	0.78	0.08	0.09	0.14	0.04	0.4	0.05	0.22	0.06	0.49	0.69	0.22	0.48	0.2	0.09	0.15	0.06	0.14	0.03	0.16	0.14	0.26	0.49	0.14	0.55	0.49	0.13	0.16	0.07	0.17	0.03	0.19	0.15	0.16	0.41	0.12	0.59	0.13	0.05	0.09	0.06	0.41	0.26	0.41	0.05	0.14	0.41	0.15	0.51	0.09	0.04	0.91	0.29	0.01	0.41	0.14	0.32	0.27	2.21	0.16	0.22	1.92
0.03	0.97	0.19	0.18	0.02	0.47	0.03	0.17	0.15	0.15	0.23	4.37	0.46	0.12	0.25	0.36	0.16	0.56	0.44	0.15	0.15	0.05	0.09	0.02	0	0.14	0.43	1.44	0.47	0.51	0.04	0.06	0.15	0.01	0.14	0.07	0.13	0.15	0.23	0.47	0.48	0.04	0.17	0.07	0.03	0.03	0.14	0.15	0.25	0.37	0.14	0.09	0.49	0.09	0.14	0.03	0.14	0.3	0.05	0.04	0.14	0.1	0.15	0.14	0.04	0.06	0.17	0.03	0.4	0.17	0.17	0.02	0.43	0.23	0.4	0.05	0.91	0.41	0.19	0.14	0.16	0.04	0.15	0.41	0.51	0.41	0.07	0.04	0.04	0.13	0.02	0.41	1.02	0.52	0.87	0.14	0.19	0.42	0.42
0.11	0.19	0.06	0.46	0.39	0.27	0.13	0.03	0.01	0.38	0.11	4.38	0.4	0.01	0.4	0.43	0.05	0.61	0.71	0.31	0.05	0.41	0.18	0.14	0.14	0	0.41	0.05	0.08	0.15	0.11	0.41	0.03	1.01	0.18	0.2	0.41	0.04	0.1	0.22	0.04	0.44	0.03	0.14	0.86	0.55	0.47	0.03	0.31	0.46	0.04	0.17	0.03	0.47	0.05	0.1	0.03	0.03	0.15	0.1	0.02	0.48	0.04	0.48	0.13	0.48	0.05	0.25	0.05	0.04	0.05	0.14	0.27	0.28	0.04	0.15	0.49	0.24	0.69	0.05	0.21	0.16	0.05	0.22	0.63	0.12	0.19	0.15	0.12	0.02	0.15	0.3	0.63	0.32	0.41	3.22	0.08	0	0.42
0.14	0.03	0.46	0.02	0.15	0.46	0.14	0.04	0.03	0.09	0.14	2.18	0.06	1.48	1.22	0.48	0.31	0.2	0.3	0.04	0.06	0.15	0.34	0.15	0.19	0.04	0	0.41	0.11	0.07	0.13	0.48	0.04	0.14	0.05	0.2	0.03	0.03	0.13	0.23	0.03	0.13	0.04	0.49	0.18	0.14	0.22	0.19	0.69	0.1	0.49	0.21	0.02	0.16	0.06	0.43	0.03	0.03	0.16	0.13	0.04	0.97	0	0.4	0.17	0.17	0.02	0.14	0.41	0.41	0.44	0.51	0.14	0.29	0.04	0.14	0.22	0.59	0.66	0.51	0.05	0.18	0.06	0.21	0.56	0.42	0.22	0.16	0.12	0.04	0.42	0.43	0.06	0.35	0.02	0.13	0.15	0.06	0.21
0.15	0.04	0.11	0.07	0.16	0.26	0.86	0.02	0.04	0.4	0.4	5.1	0.07	0.05	0.79	0.24	0.2	0.25	0.32	0.42	0.06	0.2	0.23	0.39	0.25	0.53	0.05	0	0.47	0.08	0.13	0.25	0.02	0.51	0.92	0.64	0.44	0.4	0.46	0.44	0.3	0.15	0.08	0.16	0.45	0.2	0.26	0.03	0.37	0.12	0.46	0.22	0.04	0.55	0.08	0.15	0.02	0.05	0.26	0.41	0.05	0.15	0.46	0.46	0.18	0.46	0.07	0.14	0.07	0.18	0.06	0.17	0.29	0.3	0.46	0.17	0.24	0.4	0.34	0.46	0.07	0.19	0.08	0.22	0.3	0.56	0.21	0.18	0.13	0.05	0.46	0.33	0.07	0.46	0.07	0.56	0.07	0.05	0.26
0.41	0.41	2.23	1.47	1.02	0.82	0.19	0.71	0.41	0.45	0.22	10.7	0.13	0.11	0.38	0.25	0.13	0.67	0.56	0.47	0.13	0.19	0.26	0.47	0.48	0.27	0.34	0.31	0	0.53	0.22	0.54	0.47	0.2	0.39	0.25	0.09	0.29	0.47	0.56	0.29	0.52	2	1.98	1.08	0.57	0.67	0.47	0.39	0.17	0.47	0.7	2.03	1.62	1.13	0.71	0.1	0.11	0.35	0.16	0.11	1.03	0.11	0.71	2.32	1.9	0.99	0.19	0.13	0.47	0.11	0.19	0.26	0.35	0.1	0.57	1.86	2.31	0.87	0.13	0.13	0.42	0.21	0.25	0.3	0.27	2.48	1.47	1.48	0.98	0.48	0.49	0.13	0.55	0.14	0.47	0.78	1.93	1.36
0.12	0.41	0.4	0.35	0.4	0.27	0.75	0.06	0.04	0.4	0.12	1.9	0.01	0.06	0.35	0.48	0.08	0.21	0.5	0.04	0.1	0.16	0.49	0.26	0.15	0.06	0.07	0.08	0.5	0	0.12	0.17	0.41	0.13	0.09	0.25	0.04	0.04	0.12	0.4	0.88	0.28	0.05	0.12	0.41	0.41	0.44	0.71	0.33	0.18	0.42	0.21	0.04	0.17	0	0.12	0.13	0.05	0.17	0.42	0.05	0.32	0.07	0.93	0.16	0.54	0.08	0.43	0.08	0.07	0.05	0.14	0.13	0.43	0.14	0.43	0.16	0.35	0.32	0.01	0.04	0.43	0.41	0.5	0.94	0.15	0.44	0.5	0.44	0.05	0.14	0.31	0.01	0.35	0.08	0.06	0.08	0.05	0.28
0.4	0.47	0.14	0.61	0.41	0.31	0.02	0.43	0.51	0.17	0.01	0.36	0.11	0.52	0.48	0.07	0.38	0.26	0.22	0.48	0.13	0.04	0.18	0.04	0.04	0.11	0.12	0.15	0.17	0.12	0	0.49	0.12	0.12	0.38	0.08	0.1	0.37	0.06	0.04	0.49	0.03	0.12	0.01	0.04	0.49	0.17	0.43	0.5	0.01	0.1	0.36	0.1	0.4	0.11	0.01	0.12	0.4	0.04	0.01	0.41	0.83	0.13	0.37	0.04	0.41	0.13	0.02	0.15	0.13	0.41	0.41	0.61	0.18	0.62	0.37	0.04	0.07	0.41	0.11	0.11	0.03	0.42	0.4	0.21	0.42	0.08	0.46	0	0.09	0.03	0.57	0.48	0.47	0.13	3.98	0.13	0.1	0.23
0.04	0.52	0.43	0.27	0.1	0.25	0.36	0.18	0.53	0.15	0.16	0.92	0.47	0.15	0.18	0.03	0.35	0.52	0.42	0.15	0.16	0.43	0.05	0.44	0.06	0.14	0.16	0.19	0.68	0.54	0.04	0	0.44	0.09	0.15	0.03	0.17	0.23	0.05	0.04	0.42	0.07	0.15	0.07	0.85	0.3	0.17	0.45	0.17	0.13	0.45	0.4	0.16	0.45	0.16	0.05	0.18	0.45	0	0.05	0.45	0.06	0.76	0.17	0.04	0.02	0.55	0.05	0.96	0.18	0.16	0.06	0.46	0.13	0.16	0.08	0.04	0.37	0.97	0.15	0.97	0.27	0.16	0.03	0.46	0.48	0.03	0.09	0.36	0.48	0.08	0.14	0.16	0.48	0.49	0.15	0.17	0.49	0.49
0.15	0.15	0.1	0.31	0.45	0.92	0.12	0.01	0.03	0.42	0.15	2.2	0.05	0.03	0.49	0.22	0.05	0.37	0.77	0.03	0.06	0.16	0.2	0.16	0.16	0.03	0.04	0.57	0.1	0.06	0.38	0.16	0	0.46	0.05	0.19	0.03	0.47	0.29	0.41	0.47	0.12	0.03	0.18	0.16	0.4	0.52	0.37	0.33	0.13	0.05	0.46	0.02	0.19	0.21	0.43	0.04	0.17	0.16	0.12	0.04	0.14	0.04	0.22	0.16	0.78	0.05	0.48	0.15	0.01	0.04	0.16	0.17	0.3	0.48	0.14	0.78	0.18	0.34	0.44	0.05	0.48	0.06	0.22	0.73	0.16	0.2	0.4	0.11	0.03	0.43	0.32	0.05	0.38	0.05	0.03	0.08	0.03	0.49
0.02	0.15	0.49	0.45	0	0.59	0.14	0.14	0.5	0.14	0.34	0.83	0.12	0.12	0.27	0.12	0.15	0.51	0.43	0.51	0.46	0.47	0.52	0.01	0.01	0.11	0.16	0.16	0.44	0.13	0.93	0.1	0.13	0	0.12	0.06	0.43	0.52	0.02	0.09	0.13	0.08	0.43	0.09	0.02	0.64	0.13	0.38	0.2	0.03	0.12	0.13	0.12	0.44	0.44	0.02	0.16	0.13	0.09	0.06	0.22	0.45	0.54	0.44	0.06	0.06	0.53	0.35	0.16	0.15	0.15	0.01	0.45	0.18	0.34	0.09	0.09	0.05	0.95	0.13	0.14	0.08	0.13	0.22	0.19	0.1	0.06	0.03	0.09	0.13	0.01	0.17	0.13	0.21	0.28	0.52	0.54	0.13	0.55
0.14	0.39	0.26	0.08	0.13	0.47	0.1	0.45	0.09	0.98	0.47	4.77	0.07	0.04	0.35	0.19	0.06	0.46	0.34	0.19	0.01	0.56	0.17	0.14	0.42	0.04	0.86	0.05	0.12	0.13	0.11	0.16	0.05	0.12	0	0.17	0.04	0.04	0.46	0.16	0.04	0.13	0.03	0.13	0.45	0.14	0.26	0.45	0.33	0.45	0.04	0.45	0.03	0.52	0.08	0.13	0.05	0.11	0.14	0.26	0.05	0.53	0.45	0.26	0.54	0.19	0.45	0.11	0.06	0.06	0.04	0.46	0.21	0.29	0.05	0.55	0.17	0.18	0.95	0.13	0.45	0.15	0.08	0.18	0.33	0.22	0.17	0.15	0.44	0.06	0.15	0.61	0.07	0.32	0.44	0.44	0.07	0.05	1.04
0.07	0.44	0.21	0.21	0.44	0.23	0.07	0.42	0.17	0.19	0.08	1.22	0.18	0.18	0.42	0.03	0.43	0.22	0.53	0.54	0.49	0.44	0.04	0.09	0.07	0.2	0.19	0.94	0.44	0.19	0.43	0.04	0.2	0.06	0.57	0.01	0.18	0.48	0.21	0.09	0.46	0.09	0.18	0.1	0.26	0.07	0.19	0.21	0.15	0.07	0.18	0.04	0.19	0.1	0.19	0.22	0.22	0.46	0.04	0.09	0.53	0.34	0.43	0.19	0.05	0.01	0.21	0.48	0.52	0.21	0.19	0.09	0.48	0.48	0.18	0.09	0.09	0.18	0.13	0.26	0.49	0.05	0.19	0	0.25	0.1	0.01	0.41	0.08	0.19	0.08	0.4	0.19	0.4	0.22	0.53	0.23	0.19	1.41
0.11	0.02	0.08	0.82	0.12	0.49	0.1	0.28	0.02	0.03	0.11	0.41	0.02	0.04	0.36	0.4	0.05	0.4	0.23	0.01	0.06	0.4	0.18	0.28	0.16	0.03	0.4	0.05	0.11	0.22	0.11	0.31	0.04	0.4	0.04	0.21	0	0.01	0.4	0.21	0.02	0.36	0.02	0.41	0.4	0.7	0.53	0.06	0.33	0.09	0.51	0.45	0.01	0.2	0.37	0.09	0.03	0.01	0.14	0.08	0.41	0.09	0.03	0.51	0.15	0.41	0.04	0.41	0.05	0.41	0.02	0.13	0.2	0.29	0.01	0.21	0.21	0.24	0.91	0.41	0.04	0.14	0.04	0.19	0.73	0.12	0.43	0.55	0.1	0.02	0.52	0.56	0.03	0.33	0.43	0.02	0.04	0.07	0.2
0.98	0.02	0.08	0.05	0.15	0.24	0.47	0.04	0.02	0.47	0.13	6.53	0.03	0.04	0.37	0.47	0.05	0.96	0.46	0.66	0.06	0.49	0.97	0.13	0.46	0.04	0.03	0.96	0.47	0.04	0.47	0.47	0.43	0.47	0.04	0.47	0.01	0	0.17	0.47	0.02	0.09	0.02	0.23	0.82	0.12	0.96	0.03	0.96	0.08	0.01	0.46	0.01	0.45	0.04	0.09	0.12	0.01	1.06	0.14	0.02	0.78	0.03	1.05	0.15	0.45	0.04	0.52	0.05	0.04	0.01	0.14	0.46	0.56	0.02	0.46	0.46	0.46	0.46	0.03	0.04	0.17	0.56	0.18	0.97	0.1	0.46	0.46	0.46	0.02	0.46	0.66	0.03	0.47	0.04	0.02	0.16	0.02	0.47
0.01	0.11	0.47	0.13	0.04	0.29	0.17	0.13	0.17	0.1	0.01	2.82	0.1	0.1	0.26	0.41	0.15	0.25	0.23	0.1	0.12	0.04	0.09	0.03	0.1	0.1	0.13	0.43	0.32	0.19	0.01	0.05	0.24	0.02	0.51	0.08	0.09	0.54	0	0.41	0.1	0.03	0.29	0.22	0.04	0.39	0.15	0.52	0.22	0.01	0.15	0.09	0.1	0.04	0.11	0.42	0.62	0.09	0.05	0	0.42	0.28	0.13	0.15	0.05	0.28	0.14	0.01	0.13	0.52	0.12	0.03	0.19	0.18	0.16	0.1	0.05	0.38	0.55	0.11	0.12	0.04	0.62	0.08	0.17	0.15	0.42	0.42	0.01	0.14	0.62	0.42	0.11	0.59	0.14	0.1	0.83	0.1	2.33
0.46	0.21	0.2	0.25	0.47	0.32	0.1	0.22	0.22	0.22	0.03	11.5	0.53	0.21	0.27	0.42	0.26	0.38	0.29	0.21	0.18	0.03	0.06	0.42	0.09	0.21	0.23	0.23	0.49	0.16	0.43	0.04	0.21	0.09	0.16	0.09	0.2	0.32	0.44	0	0.4	0.03	0.21	0.48	0.42	0.25	0.3	0.23	0.24	0.04	0.58	0.14	0.87	0.08	0.47	0.05	0.21	0.47	0.48	0.05	0.21	0.05	0.22	0.24	0.29	0.44	0.24	0.1	0.24	0.23	0.23	0.49	0.52	0.2	0.3	0.03	0	0.08	0.22	0.15	0.24	0	0.35	0.09	0.43	0.04	0.1	0.44	0.04	0.2	0.09	0.21	0.15	0.51	0.25	0.38	0.24	0.48	0.24
0.19	0.91	0.4	0.11	0.27	0.31	0.41	0.42	0.03	0.03	0.12	8.02	0.04	0.04	0.49	0.21	0.05	0.19	0.26	0.02	0.06	0.15	0.4	0.39	0.47	0.04	0.03	0.05	0.47	0.48	0.1	0.16	0.03	0.44	0.04	0.2	0.02	0.02	0.11	0.21	0	0.12	0.12	0.44	0.15	0.23	0.21	0.04	0.44	0.1	0.45	0.3	0.65	0.17	0.05	0.1	0.03	0.01	0.24	0.1	0.04	0.6	0.03	0.2	0.15	0.39	0.04	0.41	0.06	0.04	0.18	0.17	0.26	0.55	0.03	0.11	0.23	0.55	0.34	0.04	0.05	0.16	0.3	0.46	0.26	0.13	0.21	0.17	0.12	0.03	0.36	0.97	0.05	0.51	0.05	0.02	0.27	0.01	0.81
0.03	0.49	0.15	0.75	0.13	0.3	0.03	0.12	0.11	0.44	0.02	1.06	0.12	0.13	0.47	0.93	0.53	0.26	0.22	0.1	0.18	0.15	0.08	0.13	0.04	0.12	0.12	0.39	0.16	0.13	0.4	0.08	0.3	0.26	0.13	0.37	0.42	0.31	0.03	0.03	0.11	0	0.12	0.06	0.4	0.44	0.2	0.39	0.23	0.14	0.12	0.08	0.11	0.15	0.12	0.46	0.14	0.1	0.97	0.04	0.1	0.04	0.12	0.2	0.02	0.08	0.13	0.03	0.16	0.48	0.12	0.04	0.23	0.18	0.48	0.01	0.03	0.4	0.21	0.13	0.14	0.04	0.12	0.4	0.5	0.4	0.09	0.52	0.03	0.41	0.04	0.19	0.12	0.24	0.14	0.12	0.62	0.12	0.23
0.24	0.01	0.09	0.09	0.19	0.24	0.12	0.03	0.02	0.02	0.12	13.6	0.52	0.18	0.4	0.23	0.43	0.21	0.25	0.03	0.44	0.18	0.45	0.18	0.54	0.05	0.04	0.06	0.11	0.42	0.45	0.3	0.04	0.15	0.03	0.2	0.02	0.02	0.41	0.24	0.15	0.12	0	0.12	0.45	0.15	0.2	0.05	0.33	0.1	0.4	0.46	0	0.18	0.05	0.1	0.02	0.01	0.56	0.1	0.18	0.41	0.03	0.56	0.23	0.5	0.04	0.12	0.23	0.35	0.03	0.24	0.17	0.28	0.03	0.28	0.23	0.18	0.33	0.04	0.04	0.47	0.05	0.2	0.27	0.14	0.19	0.47	0.1	0.03	0.13	0.56	0.57	0.43	0.04	0.37	0.06	0.18	0.44
0.03	0.44	0.94	0.44	0.08	0.34	0.03	0.17	0.44	0.14	0.03	3.77	0.11	0.13	0.66	0.12	0.46	0.27	0.46	0.14	0.16	0.15	0.11	0.05	0.05	0.51	0.16	0.18	0.47	0.35	0.02	0.07	0.16	0.47	0.12	0.1	0.12	0.77	0.08	0.47	0.15	0.05	0.15	0	0.41	0.07	0.48	0.15	0.46	0.09	0.11	0.1	0.13	0.07	0.12	0	0.48	0.14	0.69	0.05	0.14	0.05	0.16	0.49	0.06	0.07	0.16	0.17	0.17	0.18	0.13	0.05	0.07	0.27	0.14	0.27	0.13	0.17	0.59	0.3	0.14	0.06	0.11	0.59	0.23	0.04	0.1	0.07	0.01	0.14	0.05	0.51	0.11	0.25	0.4	0.3	0.15	0.4	0.25
0.03	0.49	0.44	0.18	0.34	0.93	0.03	0.31	0.5	0.42	0.03	0.53	0.14	0.13	0.49	0.49	0.49	0.49	0.49	0.16	0.49	0.05	0.49	0.25	0.48	0.48	1.09	1	0.69	0.5	0.04	0.06	0.49	0.01	0.14	0.09	0.5	0.26	0.04	0.41	0.16	0.41	0.92	0.41	0	0.43	0.41	0.91	0.51	0.39	0.61	0.41	0.41	0.52	0.15	0.41	0.41	0.42	9.42	0.41	0.51	0.08	0.17	0.15	0.05	0.61	0.34	0.42	0.42	0.18	0.93	0.41	1.83	0.92	0.51	0.05	0.1	0.06	0.47	1.48	0.48	0.05	0.48	0.47	0.48	0.05	0.39	0.04	0.47	0.47	0.17	0.67	0.14	0.97	0.97	0.14	0.18	0.47	0.22
0.02	0.33	0.56	0.46	0.02	0.29	0.02	0.15	0.33	0.13	0.19	9.07	0.13	0.21	0.28	0.55	0.61	0.64	0.49	0.48	0.28	0.12	0.49	0.01	0.18	0.14	0.45	0.21	0.48	1.5	0.99	0.11	0.16	0.29	0.14	0.5	0.67	0.14	0.02	0.4	0.15	0.14	0.47	0.06	0.36	0	0.26	0.4	0.21	0.41	0.58	0.17	0.12	0.07	0.41	0.02	0.41	0.17	0.09	0.1	0.48	0.49	0.14	0.48	0.42	0.12	0.16	0.32	0.42	0.22	0.56	0.16	0	0.42	0.14	0.48	0.42	0.11	0.42	0.12	0.72	0.42	0.13	0.08	0.41	0.15	0.33	0.42	0.15	0.13	0.42	0.62	0.12	0.42	0.23	0.13	0.71	0.16	0.4
0.15	0.51	0.47	0.97	0.15	0.57	0.15	0.22	0.58	0.21	0.15	0.39	0.45	0.23	0.6	0.21	0.46	0.76	0.35	0.19	0.47	0.16	0.21	0.53	0.46	0.22	0.22	0.23	0.46	0.36	0.45	0.47	0.47	0.13	0.5	0.47	0.19	0.19	0.4	0.48	0.2	0.48	0.2	0.49	0.43	0.15	0	0.23	0.33	0.18	0.27	0.23	0.19	0.2	0.49	0.43	0.43	0.2	0.17	0.16	0.21	0.3	0.22	0.01	0.18	0.21	0.23	0.15	0.24	0.4	0.8	0.4	0.96	0.91	0.4	0.22	0.24	0.18	0.41	0.56	0.23	0.21	0.41	0.41	0.07	0.61	0.61	0.17	0.41	0.23	0.41	0.3	0.41	0.69	0.72	0.41	0.92	0.51	1.32
0.13	0.02	0.09	0.92	0.14	0.47	0.47	0.01	0.02	0.01	0.14	1.31	0.4	0.22	0.71	0.51	0.05	0.21	0.32	0.19	0.41	0.15	0.22	0.42	0.17	0.42	0.04	0.26	0.15	0.45	0.43	0.55	0.29	0.15	0.05	0.21	0.04	0.43	0.16	0.23	0.21	0.44	0.12	0.15	0.38	0.44	0.35	0	0.75	0.12	0.14	0.23	0.03	0.17	0.46	0.51	0.01	0.46	0.46	0.46	0.35	0.38	0.05	0.25	0.16	0.47	0.05	0.14	0.08	0.31	0.06	0.16	0.37	0.58	0.38	0.38	0.22	0.18	0.33	0.06	0.09	0.16	0.59	0.48	0.28	0.13	0.32	0.62	0.12	0.03	0.14	0.9	0.4	0.7	0.06	0.03	0.27	0.41	0.21
0.22	0.35	0.47	0.48	0.2	0.36	0.22	0.48	0.47	0.34	0.22	3.39	0.33	0.48	0.45	0.17	0.48	0.32	0.32	0.35	0.36	0.22	0.48	0.21	0.21	0.97	0.48	0.38	0.48	0.34	0.22	0.17	0.48	0.48	0.95	0.15	0.48	0.34	0.23	0.48	0.33	0.23	0.48	0.24	0.54	0.2	0.33	0.35	0	0.22	0.69	0.18	0.33	0.25	0.36	0.23	0.51	0.36	0.42	0.23	0.32	0.89	0.36	0.49	1.53	0.15	0.35	0.55	0.49	0.37	0.35	0.21	0.49	0.38	0.33	0.25	0.24	0.49	0.02	0.86	0.35	0.19	0.34	0.49	0.69	0.24	0.15	0.4	0.23	0.33	0.21	0.4	0.51	0.29	0.38	0.41	0.35	0.34	0.66
0.02	0.44	0.14	0.52	0.44	0.29	0.02	0.11	0.18	0.12	0.01	1.36	0.46	0.09	0.24	0.1	0.12	0.24	1.39	0.46	0.13	0.03	0.05	0.04	0.04	0.09	0.1	0.12	0.17	0.47	0.07	0.05	0.47	0.02	0.67	0.07	0.2	0.83	0.01	0.04	0.1	0.01	0.23	0.02	0.04	0.24	0.18	0.12	0.52	0	0.1	0.47	0.09	0.04	0.48	0.01	0.11	0.2	0.48	0.01	0.1	0.01	0.48	0.18	0.04	0.08	0.12	0.02	0.14	0.12	0.47	0.15	0.49	0.2	0.69	0.1	0.04	0.2	0.31	0.41	0.45	1.19	0.19	0.18	0.49	0.01	0.14	0.59	0	0.5	0.04	0.4	0.18	0.22	0.24	5.82	0.4	0.4	0.22
0.12	0.02	0.08	0.99	0.12	0.24	0.48	0.41	0.02	0.46	0.11	0.96	0.03	0.47	0.46	0.21	0.05	0.44	0.64	0.48	0.53	0.17	0.93	1.82	0.43	0.03	0.42	0.62	0.1	0.41	0.44	0.91	0.04	0.41	0.12	0.18	0.4	0.43	0.34	0.98	0.03	0.11	0.07	0.91	0.51	0.41	0.42	0.42	0.34	0.43	0.04	1.88	0.39	0.44	0.03	0.1	0.04	0.02	0.48	0.48	0.02	0.48	0.04	0.46	0.46	0.46	0.15	0.11	0.15	0.43	0.07	0.42	0.12	0.41	0.41	0.41	0.22	0.49	0.47	0.03	0.04	0.13	1.45	0.52	1.09	0.13	0.25	0.17	0.09	0.02	0.46	0.29	1.16	0.48	0.47	1.53	0.45	0.03	0.94
0.08	0.52	0.42	0.21	0.45	0.25	0.08	0.5	0.83	0.42	0.14	2.2	0.48	1.13	0.81	0.03	0.69	0.35	0.49	0.79	0.2	0.07	0.49	0.09	0.24	0.49	0.2	0.22	0.24	0.22	0.08	0.7	0.19	0.4	0.49	0.4	0.33	0.18	0.09	0.41	0.18	0.08	0.21	0.1	0.1	0.42	0.42	0.22	0.18	0.1	0.19	0	0.17	0.1	0.21	0.08	0.92	0.42	0.22	0.1	0.18	0.15	0.21	0.21	0.05	0.03	0.43	0.08	0.24	0.43	0.21	0.54	0.18	0.14	0.44	0.09	0.05	0.29	0.17	0.44	0.44	0.07	0.44	0.04	0.27	0.45	0.04	0.45	0.08	0.61	0.08	0.15	0.45	1	0.21	0.21	1.21	0.46	0.47
0.12	0.01	0.17	0.26	0.15	1.13	0.11	0.02	0.02	0.63	0.13	4.34	0.03	0.03	0.37	0.6	0.07	0.18	0.26	0.06	0.33	0.15	0.47	0.15	0.31	0.03	0.14	0.04	0.14	0.73	0.38	0.31	0.07	0.14	0.03	0.2	0.01	0.07	0.1	0.2	0.01	0.12	0.02	0.14	0.47	0.12	0.59	0.04	0.34	0.09	0.01	0.17	0	0.15	0.09	0.11	0.02	0	0.16	0.13	0.03	1.44	0.02	0.2	0.14	0.15	0.03	0.4	0.04	0.03	0.4	0.15	0.45	0.26	0.4	0.1	0.2	0.18	0.34	0.22	0.04	0.49	0.4	0.21	0.25	0.5	0.2	0.16	0.86	0.02	0.14	0.29	0.04	0.33	0.04	0.01	0.23	0.01	2.91
0.06	0.16	0.24	0.49	0.41	0.35	0.06	0.17	0.16	0.17	0.05	1.15	0.24	0.29	0.27	0.12	0.18	0.45	0.23	0.17	0.17	0.45	0.28	0.06	0.08	0.39	0.48	0.2	0.23	0.17	0.28	0.08	0.16	0.07	0.17	0.12	0.17	0.44	0.06	0.16	0.16	0.06	0.2	0.09	0.35	0.07	0.19	0.18	0.48	0.04	0.4	0.41	0.43	0	0.17	0.08	0.2	0.17	0.13	0.07	0.51	1.43	0.2	0.31	0.09	0.19	0.21	0.08	0.19	0.18	0.49	0.07	0.13	0.42	0.91	0.41	0.06	0.97	0.24	0.16	0.2	0.13	0.47	0.11	0.19	0.43	0.1	0.09	0.08	0.18	0.13	0.28	0.18	0.28	0.21	0.17	0.48	0.19	0.49
0.13	0.05	0.11	0.34	0.13	0.27	0.12	0.06	0.32	0.11	0.46	11.5	0.01	0.06	0.35	1.11	0.31	0.21	0.34	0.15	0.09	0.3	0.35	0.14	0.15	0.41	0.06	0.08	0.13	0.01	0.41	0.42	0.06	0.13	0.42	0.2	0.42	0.04	0.12	0.16	0.05	0.42	0.27	0.12	0.15	0.62	0.22	0.34	0.49	0.53	0.03	0.21	0.04	0.18	0	0.12	0.42	1.03	0.16	0.12	0.04	0.7	0.06	0.22	0.16	0.9	0.07	0.13	0.08	0.43	0.05	0.14	0.13	0.54	0.4	0.14	0.16	0.43	0.43	0.01	0.03	0.15	0	0.18	0.28	0.29	0.85	0.18	0.12	0.04	0.14	0.43	0.01	0.55	0.08	0.05	0.07	0.05	0.43
0.73	0.11	1	0.14	0.02	0.31	0.01	0.41	0.6	0.12	0.39	5.67	0.11	0.14	0.44	0.1	0.29	0.39	0.55	0.46	0.35	0.13	0.28	0.03	0.03	0.46	0.11	0.76	0.17	0.12	0.01	0.06	0.11	0.42	0.64	0.08	0.08	0.09	0	0.05	0.46	0.04	0.1	0	0.47	0.03	0.15	0.47	0.33	0.76	0.21	0.49	0.1	0.06	0.11	0	0.21	0.47	0.05	0.01	0.12	0.42	0.14	0.47	0.05	0.46	0.22	0.23	0.13	0.97	0.11	0.03	0.02	0.18	0.09	0.03	0.05	0.52	0.2	0.11	0.24	0.04	0.12	0.08	0.21	0.3	0.08	0.07	0.01	0.1	0.03	0.27	0.4	0.23	0.15	0.1	0.2	0.9	0.23
0.13	0.41	0.1	0.11	0.13	0.42	0.51	0	0.02	0	0.42	3.42	0.05	0.03	0.38	0.21	0.45	0.2	0.3	0.03	0.05	0.16	0.2	0.15	0.16	0.03	0.04	0.02	0.41	0.45	0.12	0.17	0.46	0.14	0.05	0.19	0.31	0.26	0.1	0.22	0.03	0.14	0.46	0.46	0.56	0.53	0.96	0.01	0.34	0.11	0.13	0.2	0.02	0.18	0.06	0.11	0	0.03	0.15	0.12	0.03	0.59	0.04	0.46	0.16	0.16	0.04	0.3	0.05	0.01	0.04	0.47	0.29	0.43	0.04	0.13	1.05	0.57	0.34	0.4	0.05	0.47	0.06	0.47	0.28	0.14	0.2	0.17	0.12	0.03	0.14	0.57	0.05	0.48	0.05	0.36	0.05	0.03	0.48
0.44	0.15	0.2	0.44	0.14	0.24	0.11	0.03	0.03	0.04	0.22	10	0.54	0.15	0.38	0.54	0.23	0.19	0.26	0.44	0.06	0.16	0.19	0.14	0.44	0.03	0.03	0.05	0.09	0.05	0.1	0.28	0.03	0.13	0.04	0.44	0.02	0.74	0.09	0.24	0.01	0.21	0.13	0.14	0.25	0.4	0.2	0.29	0.45	0.09	0.02	0.17	0.01	0.45	0.05	0.45	0.06	0	0.18	0.17	0.03	0.38	0.03	0.47	0.42	0.86	0.04	0.11	0.05	0.43	0.02	0.14	0.52	0.29	0.37	0.27	0.47	0.87	0.47	0.21	0.41	0.47	0.07	0.2	0.45	0.12	0.2	0.17	0.11	0.03	0.43	0.33	0.36	0.34	0.04	0.02	0.37	0.01	0.5
0.04	0.16	0.22	0.43	0.47	0.44	0.04	0.16	0.47	0.97	0.03	1.86	0.15	1.92	0.48	0.36	0.19	0.24	0.2	0.48	0.15	0.04	0.05	0.05	0.05	0.87	0.18	0.26	0.49	0.17	0.04	0	0.17	0.09	0.15	0.37	0.32	0.59	0.05	0.04	0.17	0.07	0.17	0.37	0.06	0.44	0.5	0.16	0.57	0.05	0.33	0.05	0.27	0.41	0.16	0.41	0.71	0.41	0	0.41	0.14	0.82	0.17	0.41	0.04	0.03	0.17	0.22	0.18	0.37	0.16	0.05	0.28	0.42	0.92	0.08	0.04	0.03	0.46	0.15	0.42	0.42	0.16	0.03	0.23	0.09	0.42	0.45	0.42	0.16	0.42	0.14	0.18	0.4	0.42	0.19	0.31	0.73	0.43
0.62	0.12	0.48	0.13	0.1	0.58	0.02	0.13	0.34	0.11	0.02	0.4	0.11	0.46	0.24	0.08	0.16	0.26	0.41	0.09	0.13	0.04	0.09	0.42	0.08	0.2	0.12	0.42	0.4	0.43	0	0.43	0.13	0.43	0.12	0.15	0.44	0.42	0	0.05	0.1	0.04	0.45	0.5	0.04	0.21	0.16	0.13	0.96	0.14	0.09	0.09	0.1	0.38	0.12	0.01	0.11	0.1	0.05	0.01	0.1	0.07	0.12	0.45	0.04	0.07	0.13	0.02	0.46	0.12	0.11	0.04	0.27	0.19	0.25	0.04	0.04	0.07	0.23	0.45	0.39	0.3	0.12	0.09	0.22	0.04	0.48	0.08	0.16	0.33	0.58	0.48	0.12	0.48	0.14	0.41	0.14	0.48	0.24
0.1	0.02	0.44	0.07	0.12	0.25	0.12	0.03	0.09	0.03	0.12	10.2	0.04	0.01	0.77	0.21	0.33	0.2	0.34	0.03	0.15	0.33	0.18	0.13	0.14	0.02	0.04	0.05	0.1	0.05	0.11	0.49	0.03	0.12	0.05	0.41	0.02	0.12	0.49	0.2	0.2	0.11	0.03	0.11	0.69	0.55	0.21	0.36	0.52	0.3	0.41	0.18	0.69	0.18	0.09	0.09	0.03	0.03	0.47	0.1	0	0.11	0.04	0.22	0.14	0.16	0.05	0.41	0.06	0.04	0.04	0.15	0.12	0.62	0.38	0.11	0.2	0.18	0.99	0.49	0.03	0.15	0.04	0.2	0.28	0.12	0.55	0.22	0.11	0.19	0.14	0.29	0.19	0.69	0.07	0.03	0.06	0.03	0.2
0.02	0.97	0.47	0.3	0.03	0.46	0.96	0.11	0.46	0.96	0.02	7.09	0.11	0.47	0.49	1.46	0.14	0.96	0.46	0.46	0.45	0.05	0.95	0.04	0.45	0.45	0.95	0.45	0.18	0.95	0.01	0.06	0.45	0.02	0.42	0.44	0.94	0.44	0	0.44	0.12	0.43	0.93	0.43	0.43	0.43	0.42	0.42	0.42	0.01	0.42	0.42	0.42	0.42	0.42	0.01	0.12	0.42	0.42	0.02	0.1	0.91	1.42	0.91	0.41	0.08	0.5	0.08	0.15	1	0.49	0.04	0.03	0.49	0.11	0.04	0.05	0.48	0.98	0.47	0.47	0.04	0.97	0.47	0.47	0.04	0.47	0.97	0.01	0.47	0.46	0.2	0.46	0.46	0.45	0.11	0.45	0.45	0.94
0.41	0.41	0.1	0.02	0.14	0.32	0.13	0.03	0.27	0.03	0.14	2.04	0.43	0.03	0.37	0.22	0.02	0.93	0.43	0.39	0.37	0.17	0.4	0.43	0.18	0.04	0	0.09	1.84	0.07	0.43	0.29	0.43	0.15	0.05	0.2	0.04	0.03	0.6	0.23	0.33	0.12	0.04	0.43	0.31	0.41	0.22	0.04	0.35	0.44	0.44	0.22	0.02	0.17	0.44	0.24	0.15	0.03	0.51	0.14	0.04	0.13	0	0.22	0.54	0.17	0.02	0.14	0.02	0.04	0.04	0.15	0.51	0.44	0.17	0.26	0.22	0.18	0.31	0.06	0.05	0.16	0.46	0.45	0.45	0.56	0.22	0.45	0.13	0.04	0.14	0.46	0.06	0.37	0.41	0.28	0.02	0.85	0.21
0.15	0.52	0.3	0.42	0.51	0.48	0.15	0.48	0.21	0.22	0.42	2.87	0.38	0.23	0.37	0.46	0.23	0.36	0.35	0.5	0.49	0.27	0.21	0.25	0.14	0.61	0.22	0.47	0.47	0.48	0.16	0.17	0.22	0.13	0.24	0.19	0.47	0.51	0.51	0.44	0.21	0.47	0.47	0.17	0.15	0.19	0.01	0.22	0.33	0.47	0.67	0.35	0.2	0.59	0.22	0.15	0.46	0.2	0.52	0.16	0.55	0.16	0.48	0	0.18	0.48	0.48	0.15	0.24	0.23	0.2	0.14	0.48	0.35	0.21	0.47	0.21	0.18	0.67	0.22	0.48	0.21	0.47	0.18	0.06	0.21	0.68	0.18	0.16	0.48	0.33	0.34	0.22	0.61	0.23	0.21	0.38	0.21	0.34
0.03	0.34	0.52	0.42	0.09	0.28	0.03	0.15	0.42	0.23	0.18	3.46	0.15	0.14	0.19	0.04	0.36	0.23	0.54	0.45	0.17	0.03	0.46	0.04	0.45	0.54	0.15	0.17	0.29	0.4	0.11	0.04	0.46	0.06	0.15	0.05	0.29	0.46	0.05	0.01	0.18	0.02	0.54	0.06	0.05	0.32	0.18	0.96	0.24	0.26	0.15	0.05	0.16	0.07	0.47	0.04	0.18	0.15	0.04	0.04	0.47	0.47	0.17	0.18	0	0.24	0.19	0.19	0.18	0.17	0.48	0.04	0.25	0.19	0.14	0.03	0.01	0.05	0.24	0.17	0.14	0	0.16	0.05	0.43	0.04	0.98	0.06	0.08	0.13	0.04	0.48	0.48	0.2	0.17	0.14	0.37	0.16	0.25
0.07	0.16	1.79	0.44	0.1	0.99	0.07	0.16	0.22	0.55	0.06	2.76	0.54	0.24	0.17	0.05	0.44	0.45	0.17	0.44	0.19	0.44	0.33	0.07	0.13	0.16	0.17	0.94	2.75	1.44	0.94	0.33	0.35	0.24	0.18	0.44	0.14	0.32	0.08	0.43	0.95	0.4	0.17	0.07	0.35	0.07	0.45	0.16	0.15	0.55	0.45	0.19	0.45	0.11	0.18	0.07	0.3	0.16	0.45	0.45	0.31	0.15	0.17	0.2	0.94	0	0.45	0.08	0.32	0.56	0.15	0.45	1.02	0.12	0.72	0.12	0.05	0.18	0.16	0.66	0.17	0.1	0.45	0.01	0.55	0.07	0.01	0.05	0.08	0.18	0.07	0.46	0.31	1.36	0.46	0.16	0.19	0.18	0.48
0.15	0.35	0.4	0.04	0.16	0.22	0.15	0.05	0.05	0.4	0.14	5.59	0.11	0.46	0.52	0.56	0.22	0.77	0.59	0.05	0.2	0.18	0.23	0.46	0.17	0.05	0.02	0.06	0.46	0.08	0.15	0.19	0.05	0.15	0.06	0.22	0.05	0.04	0.14	0.24	0.24	0.13	0.25	0.46	0.56	0.61	0.23	0.09	0.46	0.14	0.05	0.21	0.03	0.47	0.07	0.42	0.05	0.04	0.17	0.14	0.05	0.99	0.2	0.57	0.22	0.36	0	0.47	0.01	0.06	0.05	0.17	0.27	0.3	0.05	0.36	0.23	0.41	0.33	0.07	0.06	0.16	0.07	0.2	0.67	0.17	0.21	0.24	0.13	0.37	0.17	0.47	0.07	0.47	0.03	0.04	0.04	0.04	0.21
0	0.12	0.35	0.15	0.02	0.61	0.35	0.15	0.36	0.41	0.01	1.82	0.71	0.41	0.41	0.1	0.16	0.62	0.22	0.11	0.13	0.42	0.08	0.03	0.03	0.1	0.13	0.15	0.43	1.33	0.02	0.43	0.12	0.41	0.11	0.08	0.11	0.43	0.01	0.1	0.64	0.03	0.44	0.39	0.11	0.69	0.15	0.54	0.44	0.02	0.52	0.21	0.11	0.45	0.4	0.02	0.13	0.13	0.04	0.24	0.11	0.16	0.45	0.15	0.04	0.07	0.15	0	0.16	0.15	0.13	0.39	0.05	0.18	0.1	0.04	0.46	0.09	0.2	0.14	0.14	0.03	0.13	0.34	0.21	0.03	0.1	0.4	0.02	0.14	0.02	0.67	0.52	0.23	0.14	0.2	0.47	0.13	0.24
0.31	0.05	0.12	0.56	0.44	0.23	0.17	0.4	0.05	0.05	0.4	1.22	0.42	0.05	0.8	0.24	0.25	0.43	0.3	0.05	0.09	0.44	0.41	0.44	0.17	0.05	0.02	0.45	0.15	0.2	0.13	0.19	0.05	0.46	0.12	0.5	0.3	0.05	0.14	0.47	0.05	0.15	0.47	0.17	0.28	0.51	0.61	0.08	0.68	0.49	0.25	0.22	0.18	0.2	0.08	0.14	0.05	0.05	0.4	0.15	0.06	1.01	0.04	0.41	0.17	0.18	0.01	0.48	0	0.42	0.06	0.17	0.15	0.48	0.42	0.16	0.6	0.2	0.34	0.07	0.07	0.28	0.16	0.22	0.45	0.66	0.24	0.2	0.25	0.44	0.17	0.34	0.07	0.37	0.09	0.05	0.06	0.45	0.41
0.14	0.45	0.11	0.1	0.17	0.25	0.16	0.02	0.03	0.02	0.2	7.44	0.06	0.26	0.37	0.25	0.06	0.26	0.71	0.04	0.1	0.17	0.34	0.15	0.16	0.21	0.04	0.1	0.79	0.07	0.13	0.17	0.01	0.15	0.14	0.2	0.04	0.34	0.4	0.62	0.04	0.13	0.4	0.15	0.43	0.59	0.22	0.18	0.34	0.25	0.4	0.21	0.03	0.18	0.4	0.51	0.02	0.04	0.17	0.12	0.35	0.4	0.4	0.49	0.17	0.16	0.06	0.14	0.06	0	0.45	0.15	0.18	0.28	0.58	0.13	0.22	0.2	0.33	0.06	0.05	0.17	0.28	0.2	0.66	0.13	0.2	0.17	0.12	0.04	0.15	0.42	0.06	0.35	0.06	0.42	0.42	0.06	0.21
0.12	0.03	0.43	0.06	0.17	0.25	1.03	0.04	0.03	0.05	0.13	1.77	0.42	0.05	0.4	0.23	0.05	0.48	0.24	0.01	0.48	0.17	0.6	0.15	0.16	0.05	0.04	0.06	0.1	0.05	0.1	0.48	0.04	0.13	0.27	0.49	0.02	0.28	0.1	0.24	0.03	0.11	0.03	0.19	0.16	0.13	0.49	0.06	0.36	0.09	0.02	0.49	0.02	0.49	0.4	0.39	0.04	0.02	0.17	0.09	0.04	0.44	0.04	0.2	0.17	0.5	0.37	0.11	0.06	0.05	0	0.99	0.25	0.57	0.44	0.13	0.22	0.39	0.33	0.04	0.05	0.5	0.24	0.33	0.26	0.13	0.21	0.16	0.5	0.04	0.14	0.5	0.04	0.57	0.06	0.03	0.05	0.03	0.9
0.17	0.15	0.17	0.18	0.01	0.3	0.03	0.16	0.49	0.14	0.03	4.29	0.97	0.13	0.32	0.09	0.48	0.25	0.48	0.45	0.17	0.05	0.09	0.21	0.18	0.98	0.15	0.19	0.19	0.14	0.04	0.06	0.14	0.01	0.15	0.25	0.13	0.54	0.03	0.1	0.15	0.04	0.49	0.06	0.9	0.69	0.14	0.15	0.69	0.07	0.25	0.09	0.49	0.06	0.14	0.04	0.4	0.15	0.05	0.25	0.13	0.29	0.4	0.15	0.04	0.39	0.18	0.03	0.4	0.4	0.18	0	0.4	0.19	0.13	0.41	0.09	0.16	0.19	0.14	0.27	0.41	0.15	0.46	0.29	0.05	0.09	0.04	0.41	0.41	0.01	0.19	0.36	0.23	0.34	2.28	0.17	0.42	0.77
0.04	0.24	0.23	0.23	0.06	0.47	0.02	0.14	0.12	0.97	0.02	4.26	0.12	1.41	0.27	0.41	0.36	0.26	0.25	0.92	0.15	0.42	0.46	0.01	0.03	0.12	0.42	0.83	0.43	0.93	0.09	0.43	0.13	0	0.14	0.06	0.5	0.93	0.02	0.55	0.47	0.24	0.94	0.09	0.02	0	0.34	0.17	0.21	0.36	1.04	0.13	0.44	0.08	0.13	0.54	0.16	0.21	0.44	0.44	0.36	0.07	0.16	0.15	0.16	0.22	0.44	0.02	0.67	0.22	0.13	0.02	0.01	0.18	0.12	0.46	0.19	0.05	0.26	0.42	0.13	0.09	0.25	0.06	0.15	0.46	0.06	0.47	0.09	0.47	0.67	0.47	0.41	0.48	0.15	0.13	0.98	0.48	1.48
0.18	0.47	0.47	0.37	0.18	0.79	0.18	0.28	0.57	0.39	0.18	4.15	0.27	0.46	0.22	0.28	0.3	0.28	0.05	0.27	0.41	0.2	0.41	0.51	0.19	0.48	0.28	0.59	0.36	0.29	0.42	0.13	0.28	0.18	0.29	0.1	0.27	0.42	0.18	0.2	0.28	0.18	0.29	0.52	0.27	0.18	0.36	0.3	0.25	0.2	0.43	0.14	0.42	0.23	0.28	0.19	0.42	0.43	0.13	0.19	0.27	0.19	0.59	0.33	0.19	0.12	0.3	0.28	0.43	0.29	0.63	0.19	0.43	0	0.63	0.19	0.2	0.12	0.53	0.43	0.63	0.18	0.28	0.17	0.51	0.54	0.1	0.53	0.5	0.42	0.4	0.53	0.28	0.03	0.44	0.28	0.53	0.29	0.09
0.49	0.23	0.07	0.06	0.49	0.25	0.11	0.04	0.02	0.03	0.49	9.43	0.03	0.33	0.57	0.52	0.05	0.4	0.34	0.02	0.41	0.15	0.2	0.15	0.75	0.02	0.4	0.41	0.41	0.04	0.1	0.41	0.04	0.13	0.05	0.35	0.41	0.82	0.37	0.21	0.03	0.11	0.03	0.42	0.15	0.41	0.21	0.04	0.33	0.11	0.02	0.95	0.02	0.52	0.29	0.42	0.04	0.03	0.53	0.1	0.01	0.85	0.04	0.43	0.19	0.16	0.05	0.12	0.43	0.04	0.2	0.43	0.64	0.25	0	0.11	0.23	0.17	0.93	0.03	0.43	0.15	0.04	0.18	0.27	0.94	0.52	0.18	0.09	0.02	0.14	0.44	0.03	0.33	0.44	0.03	0.27	0.24	0.19
0.04	0.23	0.49	0.15	0.1	0.32	0.38	0.14	0.12	0.59	0.03	1.64	0.13	0.25	0.23	0.47	0.16	0.27	0.23	0.12	0.35	0.04	0.1	0.05	0.05	0.29	0.15	0.47	0.24	0.14	0.03	0.08	0.15	0.45	0.18	0.1	0.11	0.38	0.04	0.04	0.35	0	0.49	0.05	0.31	1	0.5	0.14	0.24	0.04	0.11	0.41	0.1	0.3	0.13	0.04	0.15	0.21	0.45	0.03	0.13	0.04	0.13	0.21	0.04	0.48	0.15	0.04	0.36	0.13	0.25	0.05	0.41	0.42	0.12	0	0.04	0.08	0.23	0.13	0.13	0.44	0.37	0.31	0.27	0.15	0.45	0.14	0.1	0.27	0.05	0.2	0.26	0.52	0.33	0.12	0.16	0.11	0.49
0.4	0.5	0.4	0.5	0.09	0.4	0.1	0.21	0.19	0.25	0.03	6.01	0.15	0.19	0.27	0.11	0.26	0.27	0.62	0.21	0.19	0.03	0.42	0.62	0.09	0.21	0.42	0.62	0.3	0.55	0.04	0.04	0.22	0.23	0.17	0.09	0.22	0.22	0.17	0	0.22	0.03	0.24	0.4	1.07	0.09	0.23	0.25	0.24	0.04	0.22	0.05	0.58	0.08	0.15	0.05	0.59	0.22	0.04	0.2	0.2	0.05	0.41	0.39	0.01	0.05	0.54	0.37	0.52	0.44	0.21	0.09	0.09	0.2	0.44	0.04	0	0.44	0.32	0.15	0.23	0.01	0.16	0.46	0.5	0.29	0.26	0.07	0.04	0.41	0.5	0.35	0.15	0.23	0.7	2.21	0.24	0.21	0.5
0.15	0.98	0.22	0.68	0.05	0.31	0.06	0.17	0.47	0.19	0.11	5.04	0.4	0.57	0.47	0.4	0.2	0.49	0.18	0.52	0.49	0.06	0.05	0.06	0.06	0.5	0.98	0.58	0.23	0.19	0.07	0.03	0.18	0.05	0.18	0.07	0.17	0.46	0.08	0.08	0.19	0.95	0.18	0.09	0.1	0.44	0.3	0.18	0.16	0.44	0.46	0.09	0.93	0.16	0.18	0.22	0.42	0.19	0.03	0.42	0.44	0.07	0.21	0.41	0.05	0.41	0.81	0.91	0.19	0.6	0.18	0.9	0.06	0.12	0.4	0.09	0.08	0.01	1.09	0.18	0.49	0.04	0.17	0.03	0.35	0.48	0.01	0.03	0.47	0.17	0.05	0.13	0.46	0.16	0.66	0.18	0.45	0.19	0.45
0.2	0.61	0.67	0.69	0.24	0.21	0.41	0.32	0.41	0.34	0.2	0.79	0.31	0.63	0.03	0.43	0.32	0.53	0.63	0.32	0.32	0.43	0.47	0.19	0.19	0.69	0.49	0.34	0.4	0.64	0.44	0.17	0.32	0.23	0.47	1.34	0.44	0.33	0.2	0.22	0.33	0.21	0.35	0.22	0.2	0.51	0.7	0.4	0.02	0.95	0.67	0.16	0.44	0.55	0.32	0.2	0.47	0.32	0.38	0.45	0.3	0.95	0.46	0.45	0.56	0.46	0.34	0.2	0.39	0.32	0.46	0.19	0.34	0.47	0.3	0.31	0.57	0.14	0.01	0.31	0.32	0.19	0.32	0.47	0.37	0.46	0.13	0.16	0.22	0.47	0.2	0.47	0.44	0.97	0.33	0.45	0.77	0.67	0.24
0.12	0.95	0.1	0.07	0.12	0.44	0.12	0.05	0.03	0.05	0.12	7.6	0	0.14	0.34	0.91	0.41	0.2	0.33	0.4	0.6	0.14	0.4	0.49	0.63	0.37	0.99	0.07	0.69	0.01	0.48	0.16	0.05	0.49	0.46	0.19	0.02	0.03	0.46	0.15	0.04	0.45	0.06	0.11	0.14	0.44	0.22	0.45	0.32	0.43	0.2	0.2	0.43	0.18	0.01	0.11	0.42	0.04	0.16	0.41	0.04	0.82	0.06	0.4	0.15	0.4	0.07	0.4	0.07	0.4	0.4	0.4	0.17	0.5	0.4	0.29	0.15	0.17	0.51	0	0.03	0.49	0.01	0.18	0.28	0.48	0.19	0.18	0.11	0.04	0.27	0.47	0	0.34	0.07	0.04	0.96	0.04	0.55
0.13	0.04	0.24	0.46	0.13	0.26	0.12	0.05	0.02	0.26	0.46	7.26	0.03	0.03	0.35	0.73	0.07	0.25	0.45	0.3	0.06	0.15	0.2	0.64	0.16	0.03	0.05	0.07	0.45	0.04	0.11	0.16	0.05	0.45	0.05	0.2	0.03	0.22	0.1	0.53	0.11	0.14	0.04	0.16	0.32	0.36	0.45	0.05	0.34	0.12	0.18	0.95	0.21	0.16	0.39	0.45	0.05	0.04	0.16	0.44	0.03	0.44	0.05	0.23	0.15	0.44	0.44	0.25	0.07	0.29	0.44	0.14	0.29	0.28	0.04	0.43	0.21	0.33	0.32	0.03	0	0.43	0.03	0.17	0.29	0.31	0.43	0.15	0.12	0.02	0.15	0.51	0.03	0.34	0.07	0.04	0.43	0.04	0.27
0.03	0.47	0.19	0.17	0.09	0.28	0.03	0.46	0.15	0.48	0.04	0.5	0.46	0.14	0.44	0.04	0.16	0.45	0.54	0.56	0.16	0.02	0.24	0.05	0.3	0.16	0.54	0.54	0.26	0.18	0.1	0.05	0.16	0.09	0.15	0.05	0.13	0.15	0.05	0	0.94	0.02	0.18	0.07	0.24	0.09	0.21	0.16	0.19	0.1	0.14	0.05	0.17	0.45	0.16	0.07	0.15	0.17	0.03	0.04	0.15	0.33	0.26	0.45	0	0.05	0.16	0.45	0.45	0.16	0.17	0.04	0.1	0.2	0.34	0.05	0.01	0.73	0.21	0.5	0.45	0	0.15	0.05	0.21	0.03	0.05	0.06	0.03	0.14	0.04	0.16	0.15	0.21	0.57	0.17	0.61	0.16	0.2
0.48	0.35	0.11	0.08	0.48	0.27	0.12	0.06	0.04	0.09	0.48	4	0.01	0.06	0.35	0.21	0.08	0.58	0.34	0.19	0.48	0.15	0.21	0.14	0.54	0.05	0.59	0.08	0.49	0.32	0.59	0.16	0.06	0.13	0.08	0.19	0.03	0.3	0.5	0.17	0.45	0.35	0.06	0.4	0.19	0.25	0.27	0.06	0.4	0.19	0.04	0.4	0.04	0.4	0	0.4	0.06	0.05	0.18	0.5	0.04	0.11	0.06	0.46	0.15	0.18	0.41	0.36	0.41	0.41	0.05	0.14	0.2	0.61	0.04	0.13	0.52	0.17	0.31	0.01	0.42	0.15	0	0.45	0.28	0.52	0.59	0.52	0.12	0.04	0.14	0.3	0.01	0.34	0.08	0.42	0.07	0.43	0.28
0.4	0.4	0.21	0.22	0.06	0.23	0.07	0.21	0.16	0.21	0.41	2.4	0.45	0.18	0.49	0.67	0.21	0.7	0.49	0.2	0.38	0.07	0.4	0.08	0.07	0.17	0.41	0.28	0.24	0.51	0.08	0.41	0.32	0.4	0.19	0	0.42	0.41	0.08	0.09	0.42	0.09	0.32	0.19	0.47	0.23	0.5	0.57	0.15	0.43	0.24	0.04	0.18	0.09	0.51	0.4	0.2	0.18	0.03	0.08	0.17	0.15	0.28	0.18	0.05	0.08	0.22	0.96	0.45	0.5	0.2	0.17	0.45	0.11	0.2	0.45	0.45	0.03	0.16	0.18	0.17	0.05	0.23	0	0.45	0.45	0	0.04	0.45	0.18	0.45	0.12	0.55	0.15	0.21	0.2	0.33	0.96	0.46
0.21	0.27	0.6	0.98	0.16	0.48	0.21	0.62	0.48	0.28	0.48	0.43	0.48	0.29	0.43	0.3	0.29	0.59	0.41	0.26	0.3	0.99	0.29	0.15	0.2	1.01	0.5	0.33	0.53	0.52	0.21	0.23	0.49	0.19	0.52	0.3	0.32	0.25	0.22	0.23	0.27	0.58	0.27	0.41	0.92	0.15	0.07	0.42	0.39	0.14	0.26	0.42	0.5	0.2	0.28	0.21	0.28	0.26	0.93	0.43	0.27	0.55	0.53	0.14	0.18	0.93	0.29	0.21	0.3	0.43	0.26	0.19	0.54	0.35	1.34	0.51	0.23	0.94	0.37	0.63	0.94	0.61	0.28	0.44	0	0.28	0.57	0.17	0.22	0.27	0.64	0.94	0.44	0.74	0.29	2.88	1.35	1.4	0.71
0.03	0.3	0.16	0.46	0.46	0.31	0.04	0.12	0.23	0.12	0.03	7.06	0.46	0.44	0.23	0.08	0.44	0.27	0.24	0.12	0.54	0.44	0.09	0.05	0.05	0.13	0.44	0.44	0.18	0.14	0.03	0.09	0.45	0.1	0.14	0.1	0.12	0.55	0.03	0.21	0.45	0.01	0.12	0.04	0.24	0.14	0.46	0.14	0.24	0.01	0.11	0.47	0.11	0.06	0.13	1.07	0.12	0.11	0.08	0.04	0.12	0.13	0.13	0.48	0.04	0.07	0.14	0.15	0.16	0.48	0.12	0.16	0.1	0.19	0.12	0	0.04	0.09	0.22	0.13	0.49	0.15	0.14	0.1	0.28	0.4	0.4	0.37	0.34	0.12	0.4	0.2	0.51	0.61	0.15	0.13	0.14	0.91	0.64
0.12	0.18	0.21	0.27	0.06	0.23	0.08	0.19	0.17	0.46	0.08	3.59	0.19	0.33	0.18	0.03	0.21	0.18	0.48	0.2	0.55	0.29	0.04	0.09	0.07	0.48	0.21	0.21	0.98	0.48	0.08	0.03	0.19	0.33	0.17	0.01	0.2	0.43	0.38	0.1	0.19	0.09	0.4	0.1	0.4	0.46	0.4	0.37	0.15	0.07	0.43	0.9	0.2	0.11	0.3	0.08	0.5	0.2	0.03	0.91	0.4	0.45	0.21	0.47	0.15	0.91	0.22	0.08	0.21	0.4	0.4	0.09	0.14	0.1	0.24	0.11	0.09	0.01	0.16	0.18	0.41	0.12	0.19	0.41	0.25	0.1	0	0.05	0.41	0.18	0.08	0.41	0.19	0.15	0.22	0.2	0.22	0.2	0.16
0.04	0.15	0.43	0.82	0.73	0.27	0.43	0.2	0.15	0.21	0.06	0.17	0.17	0.4	0.5	0.4	0.21	0.22	0.21	0.5	0.23	0.42	0.15	0.04	0.39	0.16	0.18	0.19	0.4	0.5	0.29	0.09	0.4	0.04	0.15	0.04	0.17	0.9	0.4	0.06	0.16	0.08	0.21	0.24	0.04	0.28	0.17	0.18	0.18	0.22	0.46	0.08	0.9	0.08	0.19	0.5	0.18	0.4	0.09	0.08	0.15	0.44	0.4	0.15	0.41	0.07	0.34	0.05	0.4	0.18	0.4	0.04	0.09	0.15	0.18	0.09	0.07	0.4	0.16	0.18	0.15	0.12	0.18	0.04	0.17	0.47	0.04	0	0.07	0.15	0.04	0.15	0.37	0.22	0.19	2.91	0.18	0.57	0.5
0.02	0.28	0.54	0.47	0.1	0.67	0.03	0.11	0.09	0.47	0.34	5.13	0.51	0.11	0.54	0.07	0.13	0.97	0.23	0.51	0.14	0.41	0.91	0.41	0.32	0.11	0.41	0.15	0.21	0.81	0.38	0.31	0.42	0.09	0.46	0.45	0.08	0.52	0.01	0.04	0.1	0.42	0.11	0.01	0.06	0.09	0.37	0.14	0.23	0.43	0.09	0.08	0.11	0.09	0.12	0.16	0.13	0.92	0.04	0.22	0.11	0.22	0.12	0.16	0.04	0.08	0.13	0.03	0.14	0.12	0.43	0.04	0.62	0.19	0.1	0.03	0.04	0.07	0.22	0.43	0.74	0.03	0.41	0.1	0.62	0.03	0.09	0.07	0	0.1	0.03	0.53	0.12	0.44	0.14	0.16	0.29	0.1	0.63
0.13	0.52	0.09	0.05	0.12	0.25	0.48	0.03	0	0.03	0.11	0.7	0.04	0.01	0.52	0.21	0.05	1.07	0.39	0.03	0.06	0.15	0.49	0.33	0.14	0.49	0.04	0.05	0.09	0.05	0.09	0.16	0.03	0.49	0.06	0.18	0.02	0.04	0.12	0.99	0.14	0.1	0.05	0.4	0.31	0.13	0.5	0.4	0.32	0.18	0.17	0.26	0.02	0.2	0.4	0.09	0.03	0.4	0.16	0.16	0.02	0.18	0.04	0.21	0.15	0.18	0.05	0.41	0.06	0.41	0.04	0.14	0.21	0.27	0.02	0.42	0.2	0.28	0.54	0.24	0.59	0.53	0.04	0.17	0.27	0.22	0.53	0.43	0.1	0	0.15	0.52	0.04	0.73	0.05	0.42	0.05	0.14	0.59
0.02	0.51	0.18	0.41	0.01	0.3	0.28	0.15	0.12	0.14	0.03	5.5	0.14	0.12	0.24	0.09	0.44	0.51	0.23	0.21	0.18	0.04	0.09	0.02	0.02	0.12	0.16	0.15	0.2	0.14	0.03	0.05	0.15	0.02	0.16	0.08	0.14	0.13	0.03	0.37	0.16	0.03	0.42	0.05	0.01	0.27	0.15	0.16	0.21	0.14	0.13	0.08	0.14	0.05	0.14	0.03	0.46	0.14	0.05	0.04	0.13	0.46	0.16	0.15	0.08	0.07	0.25	0.02	0.47	0.46	0.15	0.01	0.43	0.19	0.47	0.05	0.35	0.05	0.19	0.33	0.47	0.05	0.14	0.07	0.14	0.35	0.08	0.04	0.03	0.12	0	0.47	0.24	0.49	0.16	0.48	0.18	0.14	0.88
0.19	0.62	0.51	1.02	0.52	0.41	0.19	0.5	0.31	0.3	0.41	3.97	0.3	0.49	0.99	0.14	0.48	0.48	0.11	0.59	0.32	0.19	0.48	0.18	0.18	0.48	0.31	0.32	0.52	0.68	0.48	0.14	0.53	0.98	0.46	0.12	0.48	0.42	0.58	0.48	0.58	0.27	0.48	0.3	0.48	0.34	0.59	0.78	0.26	0.48	0.98	0.15	0.29	0.23	0.3	0.2	0.48	0.48	0.32	0.48	0.58	0.74	0.32	0.44	0.98	0.12	0.33	0.48	0.32	0.48	0.32	0.48	0.22	0	0.98	0.35	0.21	0.47	0.57	0.3	0.33	0.18	0.47	1.17	0.37	0.19	0.48	0.15	0.48	0.3	0.18	0	0.68	0.03	0.48	0.47	1.01	0.67	0.57
0.22	0.45	0.19	0.08	0.13	0.45	0.12	0.05	0.03	0.05	0.12	7.62	0.46	0.05	0.56	0.21	0.07	0.35	0.34	0.03	0.08	0.46	0.32	0.23	0.47	0.05	0.06	0.07	0.47	0.01	0.11	0.16	0.05	0.12	0.07	0.58	0.02	0.53	0.48	0.15	0.05	0.12	0.58	0.11	0.14	0.47	0.99	0.06	0.32	0.18	0.03	0.21	0.04	0.15	0.01	0.11	0.05	0.04	0.16	0.12	0.04	0.76	0.06	0.22	0.39	0.6	0.07	0.17	0.07	0.06	0.04	0.14	0.59	0.28	0.5	0.4	0.15	1	0.5	0	0.29	0.15	0.23	0.18	0.91	0.41	0.18	0.9	0.37	0.41	0.41	0.41	0	0.41	0.07	0.04	0.07	0.05	0.27
0.52	0.5	0.34	0.4	0.46	0.15	0.22	0.74	0.7	0.4	0.37	3.46	0.58	0.32	1.01	0.17	0.72	0.26	0.41	0.41	0.51	0.41	0.28	0.23	0.23	0.32	0.42	0.72	0.42	1.43	0.23	0.42	0.72	0.21	0.32	0.15	0.33	0.93	0.53	0.22	0.74	0.56	0.36	0.26	0.44	0.22	0.36	0.44	0.52	0.22	0.33	0.18	0.94	0.25	0.34	0.45	0.45	0.34	0.18	0.22	0.45	1.36	0.45	0.35	0.96	0.46	0.61	0.23	0.46	0.36	0.56	0.23	0.96	0.03	0.34	0.57	0.57	0.16	0.67	0.56	0.35	0.2	0.67	0.21	0.58	0.23	0.15	0.48	0.48	0.48	0.23	0.16	0.56	0	1.49	0.32	1	0.34	0.52
0.14	0.05	0.1	0	0.17	0.22	0.47	0.05	0.05	0.05	0.16	0.33	0.07	0.41	0.55	1.05	0.04	0.22	0.29	0.05	0.45	0.17	0.22	0.16	0.45	0.08	0.03	0.07	0.46	0.08	0.14	0.18	0.05	0.27	0.07	0.46	0.05	0.16	0.46	0.23	0.05	0.15	0.47	0.17	0.17	0.17	0.23	0.06	0.37	0.13	0.05	0.23	0.04	0.48	0.08	0.14	0.05	0.04	0.19	0.49	0.1	0.41	0.02	0.49	0.24	0.5	0.03	0.14	0.07	0.06	0.06	0.16	0.18	0.71	0.42	0.17	0.23	0.6	0.33	0.1	0.6	0.57	0.5	0.3	0.61	0.16	0.46	0.18	0.61	0.05	0.19	0.32	0.41	0.55	0	0.05	0.01	0.05	0.22
0.12	0.58	0.09	0.09	0.14	0.24	0.12	0.03	0.02	0.06	0.28	3.44	0.04	0.04	0.38	0.26	0.05	0.19	0.48	0.03	0.06	0.14	0.21	0.15	0.49	0	0.03	0.11	0.1	0.06	0.46	0.18	0.03	0.14	0.04	0.49	0.02	0.03	0.49	0.49	0.02	0.5	0.04	3.78	0.16	0.15	0.21	0.04	0.8	0.09	0.04	0.4	0.01	0.41	0.05	0.41	0.41	0.02	0.41	0.11	0.41	0.27	0.03	0.91	0.41	0.16	0.04	0.51	0.05	0.41	0.04	0.15	0.41	0.62	0.38	0.32	0.22	0.42	0.68	0.19	0.04	0.72	0.05	0.18	0.27	0.11	0.19	0.42	0.2	0.03	0.43	0.43	0.04	0.43	0.05	0	0.07	0.02	0.23
0.94	0.04	0.1	0.44	0.16	0.54	0.64	0.05	0.05	0.44	0.15	11.2	0.08	0.37	0.38	0.46	0.03	0.36	0.29	0.3	0.96	0.19	0.23	0.16	0.26	0.08	0.38	0.07	1.47	0.46	0.14	0.47	0.97	0.16	0.07	0.21	0.05	0.04	0.14	0.23	0.21	0.13	0.04	0.16	0.78	0.49	0.23	0.06	0.36	0.48	0.05	0.44	0.04	0.49	0.07	0.14	0.05	0.15	0.49	0.14	0.06	1.09	0.02	0.23	0.49	0.19	0.04	0.48	0.03	0.06	0.05	0.17	0.48	0.32	0.68	0.16	0.59	0.49	0.71	0.07	0.06	0.18	0.07	0.44	0.29	0.14	0.49	0.18	0.14	0.05	0.18	0.59	0.07	0.49	0.01	0.32	0	0.49	0.49
0.44	0.02	0.1	0.05	0.48	0.24	0.31	0.03	0.03	0.03	0.22	5.84	0.04	0.04	0.5	0.21	0.05	0.19	0.28	0.31	0.06	0.16	0.21	0.17	0.14	0.41	0.41	1.91	0.13	0.2	0.11	0.61	0.03	0.13	0.44	0.41	0.02	0.02	0.1	0.41	0.01	0.11	0.01	0.12	0.38	0.15	0.92	0.41	0.33	0.41	0.11	0.19	0.6	0.41	0.41	0.41	0.03	0.01	0.17	0.11	0.18	0.42	0.37	0.21	0.15	0.18	0.42	0.12	0.16	0.42	0.03	0.32	0.23	0.29	0.03	0.13	0.43	0.5	0.67	0.04	0.04	0.43	0.05	0.19	0.27	0.43	0.19	0.53	0.12	0.43	0.16	0.31	0.07	0.93	0.93	0.27	0.04	0	0.43
0.22	0.46	0.56	0.22	0.23	0.15	0.22	0.6	0.57	0.2	0.23	0.98	0.27	0.21	0.25	0.17	0.3	0.28	0.04	0.18	0.59	0.23	0.5	0.46	0.49	0.37	0.2	1.49	0.42	0.28	0.23	0.49	0.2	0.23	0.52	0.24	0.18	0.49	0.23	0.38	0.19	0.49	0.19	0.26	0.63	0.23	1	0.21	0.3	0.41	0.18	0.19	0.42	0.28	0.28	0.23	0.2	0.43	0.36	0.24	0.2	0.43	0.44	0.64	0.2	0.19	0.21	0.22	0.22	0.45	0.19	0.45	0.45	0.47	0.19	0.46	0.24	0.23	0.77	0.27	0.21	0.22	0.27	0.15	1.09	0.24	0.16	0.19	1.01	0.26	0.5	0.4	0.27	0.12	0.61	0.19	0.21	0.37	0
