0	0.45	0.45	0.15	0.02	0.3	0	0.46	0.1	0.12	0.08	5.63	0.12	0.83	0.25	0.11	0.15	0.48	0.48	0.12	0.48	0.04	0.08	0.03	0.22	0.48	0.13	0.16	0.48	0.28	0.02	0.04	0.17	0.02	0.11	0.07	0.49	0.35	0.03	0.1	0.99	0.1	0.28	0.03	0.44	0.59	0.5	0.24	0.57	0.02	0.28	0.4	0.9	0.05	0.12	0.01	0.13	0.12	0.26	0.03	0.11	0.4	0.31	0.15	0.04	0.07	0.2	0	0.14	0.41	0.49	0.03	0.06	0.18	0.41	0.04	0.1	0.06	0.41	0.12	0.19	0.03	0.12	0.07	0.21	0.03	0.08	0.04	0.02	0.59	0.02	0.51	0.51	0.31	0.62	0.12	0.14	0.42	0.22
0.14	0	0.1	0.04	0.15	0.23	0.46	0.02	0.1	0.02	0.13	1.18	0.04	0.02	0.38	0.2	0.13	0.28	0.47	0.02	0.05	0.47	0.19	0.13	0.15	0	0.03	0.2	0.19	0.05	0.1	0.35	0.02	0.48	0.04	0.19	0.33	0.16	0.1	0.2	0.02	0.51	0.11	0.5	0.49	0.49	0.21	0.02	0.35	0.09	0.16	0.5	0.01	0.16	0.4	0.11	0.02	0.01	0.16	0.4	0.4	0.4	0.03	0.28	1.41	0.29	0.41	0.12	0.41	0.03	0.2	0.15	0.15	0.52	0.41	0.13	0.23	0.92	0.42	0.04	0.04	0.42	0.05	0.52	0.27	0.42	0.19	0.43	0.1	0.02	0.42	0.3	0.04	0.42	0.42	0.1	0.93	0.02	0.19
0.47	0.81	0	0.1	0.4	0.36	0.38	0.5	0.07	0.11	0.15	0.98	0.48	0.88	0.59	0.22	1.18	0.68	0.99	0.49	0.11	0.23	0.19	0.58	0.38	0.06	0.1	0.12	0.52	0.1	0.49	0.23	0.25	0.16	0.09	0.21	0.4	0.81	0.15	0.19	0.09	0.4	0.09	0.4	0.49	0.4	0.31	0.09	0.41	0.14	0.41	0.22	0.09	0.21	0.41	0.48	0.11	0.09	0.22	0.2	0.42	0.28	0.11	0.37	0.19	0.21	0.41	0.15	0.12	0.37	0.09	0.3	0.54	0.3	0.07	0.19	0.57	0.22	0.34	0.1	0.09	0.46	0.11	0.59	0.29	0.56	0.21	0.56	0.21	0.09	0.27	0.46	0.1	0.34	0.1	0.24	0.25	0.46	0.34
0.14	0.05	0.43	0	0.53	0.57	0.53	0.39	0.44	0.44	0.54	2.87	0.07	0.39	0.96	0.24	0.03	0.22	0.46	0.05	0.97	0.55	0.47	0.47	0.16	0.39	0.02	0.07	0.98	0.08	0.14	0.2	0.05	0.5	0.08	0.99	0.05	0.05	0.13	0.25	0.05	0.59	0.31	0.16	0.18	0.4	1.01	0.06	0.37	0.41	0.41	0.51	0.04	0.51	0.47	0.44	0.05	8.65	0.42	0.13	0.07	0.22	0.02	0.43	0.93	0.19	0.43	0.14	0.43	0.2	0.06	0.64	0.74	0.51	0.44	0.16	0.95	0.2	0.45	0.16	0.07	0.56	0.46	0.22	0.57	0.17	0.77	0.18	0.14	0.05	0.16	0.48	0.07	0.37	0	0.1	0.01	0.42	0.4
0.02	0.44	0.16	0.48	0	0.58	0.31	0.13	0.13	0.84	0.02	3.21	0.32	0.12	0.28	0.4	0.42	0.23	0.22	0.16	0.41	0.09	0.52	0.02	0.21	0.12	0.44	0.49	0.19	0.14	0.37	0.1	0.14	0	0.45	0.06	0.14	0.35	1.42	0.43	0.15	0.41	0.13	0.04	0.44	0	0.15	0.14	0.2	0.04	0.45	0.11	0.13	0.09	0.13	0.02	0.41	0.13	0.1	0.1	0.12	0.47	0.16	0.15	0.09	0.07	0.5	0.02	0.17	0.49	0.15	0.02	0.18	0.9	0.4	0.4	0.23	0.05	0.24	0.33	0.13	0.09	0.13	0.33	0.5	0.1	0.07	0.12	0.1	0.44	0.01	0.18	0.13	0.34	0.15	0.45	0.34	0.14	0.26
0.59	0.24	0.36	0.22	0.95	0	0.89	0.24	0.24	0.46	0.51	4.05	0.26	0.24	0.12	0.25	0.41	0.41	0.11	0.41	0.36	0.35	0.31	0.3	0.3	0.32	0.2	0.26	0.56	0.27	0.68	0.93	0.43	0.93	0.43	0.23	0.63	1.09	0.29	0.32	0.23	0.58	0.48	0.36	1.99	0.29	0.55	0.24	0.67	0.58	0.35	0.25	0.23	0.48	0.27	0.31	0.55	0.53	0.5	0.94	0.24	0.61	0.2	0.42	0.54	0.44	0.21	0.38	0.55	0.25	0.39	0.65	1.15	0.11	0.24	0.5	0.32	0.24	0.45	0.26	0.25	0.46	1.5	1	0.58	0.31	0.24	0.65	0.71	0.24	0.45	0.49	0.26	0.23	0.22	0.24	0.96	0.44	0.16
0	0.46	0.15	0.32	0.02	0.47	0	0.12	0.39	0.49	0.25	0.73	0.43	0.1	0.25	0.34	0.14	0.43	0.23	0.12	0.49	0.03	0.08	0.03	0.03	0.1	0.14	0.5	0.18	0.12	0.02	0.31	0.48	0.08	0.11	0.36	0.4	0.33	0.21	0.1	0.13	0.4	0.12	0.03	0.08	0.4	0.43	0.15	0.22	0.41	0.49	0.08	0.41	0.13	0.41	0.04	0.23	0.92	0.04	0.02	0.48	0.2	0.32	0.15	0.42	0.07	0.42	0	0.49	0.45	0.3	0.38	0.02	0.18	0.11	0.03	0.1	0.32	0.2	0.42	0.42	0.03	0.51	0.07	0.21	0.03	0.08	0.04	0.04	0.12	0.02	0.43	0.12	0.43	0.16	0.11	0.43	0.48	0.22
0.4	0.02	0.45	0.05	0.4	0.24	0.17	0.4	0.02	0	0.15	5.73	0.05	0.03	0.5	0.22	0.05	0.52	0.48	0.03	0.91	0.15	0.5	0.7	0.53	0.03	0.04	0.41	0.33	0.14	0.13	0.19	0.07	0.13	0.42	0.19	0.03	0.43	0.11	0.21	0.07	0.11	0.02	0.16	0.55	0.14	0.46	0.01	0.33	0.37	0.12	0.42	0.02	0.23	0.06	0.11	0.32	0.03	0.17	0.13	0.42	0.27	0.03	0.51	0.4	0.16	0.05	0.12	0.11	0.01	0.04	0.3	0.15	0.28	0.03	0.14	0.43	0.44	0.48	0.27	0.05	0.18	0.36	0.19	0.28	0.15	0.19	0.16	0.14	0.03	0.49	0.3	0.05	0.34	0.05	0.42	0.05	0.04	0.26
0.12	0.02	0.4	0.34	0.11	0.24	0.1	0.02	0	0.03	0.12	1.84	0.03	0.01	0.36	0.2	0.42	0.56	1.82	0.48	0.06	0.13	0.18	0.14	0.12	0.01	0.03	0.04	0.09	0.04	0.99	0.15	0.03	0.14	0.49	0.18	0.01	0.42	0.1	0.49	0.03	0.11	0.28	0.13	0.47	0.33	0.21	0.02	0.4	0.18	0.42	0.2	0.42	0.22	0.42	0.42	0.42	0.03	0.46	0.11	0.02	0.09	0.44	0.43	0.14	0.18	0.05	0.12	0.06	0.03	0.03	0.14	0.24	0.27	0.02	0.48	0.19	0.34	0.56	0.03	0.02	0.13	0.04	0.18	0.27	0.12	0.47	0.47	0.09	0	0.12	0.3	0.03	0.77	0.57	0.18	0.35	0.03	0.47
0.12	0.39	0.48	0.05	0.43	0.23	0.27	0.48	0.03	0	0.48	0.69	0.05	0.03	0.47	0.21	0.06	0.2	0.5	0.09	0.15	0.17	0.4	0.4	1.22	0.93	1.32	1.41	1.42	1.98	2.15	2.02	2.41	2.63	2.45	2.45	2.82	2.44	2.36	2.33	1.83	0.13	0.71	1.01	1.27	2.28	2.37	2.36	2.44	2.18	2.15	2.58	2.55	2.73	0.16	2.38	2.34	1.86	1.25	0.78	0.43	0.92	0.63	0.77	0.84	0.84	0.62	0.73	0.52	0.71	0.86	1.25	2.07	2.55	2.3	2.49	2.94	2.58	2.26	1.92	1.44	0.16	0.23	0.53	0.28	0.15	0.24	0.38	0.22	0.94	0.44	0.31	0.1	1.3	1.14	0.69	0.27	0.06	0.25
0.11	0.13	0.51	0.16	0.33	0.31	0.01	0.12	0.1	0.12	0	0.25	0.44	1.14	0.64	0.12	0.16	0.94	0.23	0.15	0.51	0.03	0.4	0.03	0.32	0.45	0.14	0.16	0.17	0.45	0.03	0.03	0.45	0.17	0.11	0.08	0.11	0.45	0.01	0.45	0.14	0.02	0.13	0.38	0.45	0.02	0.15	0.13	0.22	0.05	0.23	0.07	0.14	0.06	0.51	0.01	0.47	0.13	0.04	0.02	0.14	0.28	0.49	0.15	0.03	0.06	0.23	0.01	0.48	0.43	0.13	0.03	0.02	0.48	0.48	0.03	0.2	0.07	0.2	0.45	0.14	0.03	0.12	0.07	0.44	0.03	0.08	0.37	0.01	0.49	0.33	0.19	0.12	0.59	0.49	0.13	0.22	0.15	0.23
1.07	0.32	1.23	3.68	8.55	0.25	0.97	0.43	1.55	6.77	0.55	0	0.63	2.34	5.58	5.3	3.91	0.27	1.67	10.4	0.51	0.22	0.95	7.85	18.2	5.14	0.31	0.66	1.18	4.36	6.72	1.01	0.33	1.22	3.84	6.39	2.57	0.96	1.57	0.44	3.65	10.1	0.33	0.8	1.9	4.79	6.67	0.35	0.01	1.14	1.4	2.09	5.82	0.23	0.32	8.53	1.84	0.34	3.45	4.53	1.4	3.96	0.45	1.69	2.1	1.42	5.57	1.85	0.34	3.04	2.98	8.11	0.57	1.19	3.01	1.07	7.25	0.15	2.85	0.96	7.02	0.83	2.23	1.5	4.42	3.07	1.92	0.17	0.97	2.35	1.2	0.75	1.57	26.5	14.6	0.86	3.25	8.78	1.18
0.36	0.95	0.45	0.55	0.12	0.26	0.26	0.05	0.03	0.3	0.11	3.38	0	0.05	0.67	0.2	0.47	0.2	0.33	0.04	0.08	0.15	0.32	0.14	0.14	0.4	0.06	0.07	0.22	0.01	0.11	0.27	0.05	0.12	0.07	0.19	0.41	0.91	0.4	0.15	0.04	0.12	0.04	0.1	0.51	0.17	0.61	0.06	0.41	0.18	0.03	0.73	0.21	0.15	0.01	0.1	0.05	0.24	0.15	0.45	0.04	0.11	0.06	0.55	0.15	0.22	0.16	0.12	0.46	0.06	0.04	0.14	0.14	0.46	0.03	0.13	0.15	0.17	0.96	0	0.03	0.14	0.01	0.38	0.6	0.12	0.18	0.26	0.4	0.03	0.15	0.6	0	0.34	0.07	0.04	0.07	0.39	0.4
0.12	0.02	0.08	0.08	0.4	0.23	0.17	0.03	0.01	0.03	0.41	6.3	0.05	0	0.38	0.32	0.05	0.68	0.34	0.32	0.07	0.13	0.18	0.99	0.14	0.01	0.35	0.16	0.09	0.06	0.12	0.14	0.03	0.38	0.04	0.18	0.33	0.24	0.11	0.21	0.04	0.12	0.09	0.16	0.5	0.11	0.23	0.03	0.4	0.1	0.04	0.41	0.03	0.16	0.06	0.11	0.03	0.04	0.51	0.28	0.42	0.12	0.03	0.23	0.16	0.15	0.44	0.12	0.05	0.04	0.05	0.13	0.23	0.29	0.02	0.25	0.56	0.16	0.32	0.31	0.2	0.14	0.06	0.57	0.29	0.13	0.2	0.14	0.12	0.01	0.13	0.55	0.69	1.07	0.08	0.39	0.08	0.04	2.47
0.25	0.46	0.37	0.7	0.28	0.12	0.46	0.68	0.35	0.47	0.25	1.49	0.34	0.35	0	0.16	0.39	0.52	0.32	0.65	0.57	3.39	0.46	0.66	0.25	0.96	0.46	0.46	0.4	0.35	0.22	0.18	0.37	0.27	0.34	0.18	0.67	0.48	0.26	0.27	0.37	0.43	0.48	0.28	0.25	0.48	0.37	0.58	0.06	0.23	0.37	0.48	0.36	0.28	0.56	0.29	0.69	0.39	0.48	0.23	0.58	0.46	0.69	0.37	0.19	0.17	0.49	0.25	0.5	0.39	0.37	0.25	0.45	0.4	0.35	0.22	0.6	0.18	0.6	0.34	0.7	0.19	0.75	0.18	0.43	0.43	0.18	0.22	0.22	0.55	0.41	0.41	0.41	0.54	0.4	0.38	0.41	0.74	0.25
0.1	0.21	0.24	0.63	0.24	0.84	0.44	0.5	0.19	0.86	0.1	2.22	0.2	0.2	0.16	0	0.42	0.54	0.36	0.59	0.2	0.07	0.02	0.09	0.44	0.19	0.53	0.54	0.24	0.96	0.07	0.03	0.48	0.13	0.19	0.03	0.45	0.55	0.49	0.45	0.55	0.06	0.22	0.12	0.16	0.46	0.21	0.46	0.52	0.47	0.21	0.03	0.32	0.11	0.21	0.1	0.24	0.67	0.03	0.08	0.22	0.47	0.48	0.21	0.04	0.01	0.23	0.48	0.68	0.61	0.24	0.48	0.13	0.13	0.48	0.07	0.98	0.03	0.25	0.2	0.49	0.11	0.21	0.02	0.27	0.07	0.03	0.06	0.07	0.21	0.09	0.14	0.21	0.17	0.5	0.25	0.23	1	0.17
0.45	0.04	0.12	0.04	0.45	0.5	0.14	0.4	0.55	0.45	0.16	1.01	0.07	0.05	0.4	0.32	0	0.31	0.42	0.42	0.08	2.32	0.45	0.23	0.18	0.29	0.02	0.44	0.43	0.43	0.14	0.19	0.05	0.54	0.06	0.21	0.05	0.07	0.13	0.45	0.05	0.55	0.45	0.16	0.45	0.47	0.23	0.05	0.35	0.12	0.3	0.76	0.04	0.46	0.26	0.15	0.15	0.04	0.47	0.48	0.05	0.42	0.02	0.23	0.56	0.22	0.03	0.48	0.15	0.06	0.06	0.18	0.49	0.49	0.05	0.15	0.25	0.31	0.32	0.07	0.07	0.18	0.08	0.4	0.4	0.14	0.5	0.19	0.4	0.05	0.17	0.35	0.07	0.7	0.4	0.14	0.21	0.04	0.22
0.56	0.78	0.4	0.25	0.23	0.45	0.47	0.55	0.19	0.29	0.25	0.37	0.2	0.21	0.2	0.23	0.33	0.01	0.04	0.18	0.36	3.22	0.28	0.4	0.41	0.21	0.21	0.51	0.44	0.52	0.52	0.42	0.21	0.23	0.37	0.37	0.92	0.18	0.43	0.27	0.19	0.43	0.63	0.43	0.25	0.67	0.63	0.21	0.32	0.44	0.51	0.44	0.18	0.27	0.21	0.25	0.47	0.55	0.45	0.65	0.2	0.85	0.2	0.36	0.45	0.27	0.21	1.46	0.8	0.47	0.55	0.45	0.23	0.09	0.37	0.39	0.27	0.95	0.26	0.41	0.21	0.75	0.85	0.18	0.65	0.55	0.18	0.22	0.26	0.45	0.24	0.09	0.2	0.06	0.46	0.36	0.46	0.53	0
0.22	0.21	0.29	0.43	0.22	0.11	0.23	0.47	0.35	1	0.5	3.75	0.59	0.56	0.33	0.16	0.29	0.04	0	0.22	0.4	0.52	0.32	0.23	0.23	0.33	0.28	0.59	0.65	0.45	0.23	0.55	0.3	0.21	0.67	0.17	0.23	0.25	0.24	0.24	0.26	0.22	0.29	0.26	0.23	0.22	0.61	0.3	0.32	0.53	0.64	0.46	0.51	0.26	0.34	0.24	0.31	0.45	0.29	0.47	0.34	0.24	0.71	0.35	0.2	0.18	0.29	0.27	0.37	0.35	0.5	0.67	0.22	0.05	0.51	0.23	0.43	0.54	0.28	0.34	0.35	0.2	0.99	0.16	0.41	0.48	0.57	0.21	0.51	0.49	0.23	0.05	0.34	0.05	0.29	0.21	0.57	0.22	0.04
0.39	0.27	0.46	0.05	0.13	0.46	0.11	0.03	0.61	0.18	0.46	4.46	0.03	0.04	0.38	0.48	0.05	0.48	0.22	0	0.06	0.16	0.48	0.15	0.15	0.48	0.03	0.05	0.48	0.04	0.12	0.17	0.04	0.15	0.48	0.19	0.01	0.01	0.09	0.22	0.02	0.48	0.15	0.48	0.46	0.78	0.2	0.22	0.33	0.58	0.28	0.19	0.01	0.18	0.04	0.49	0.03	0.11	0.49	0.1	0.26	0.49	0.09	0.26	0.99	0.15	0.05	0.49	0.05	0.49	0.01	0.49	0.26	0.56	0.69	0.12	0.49	0.2	0.33	0.03	0.04	0.49	1	0.49	0.5	0.24	0.26	0.17	0.1	0.03	0.4	0.4	0.03	0.58	0.05	0.02	0.4	0.02	0.18
0.14	0.28	0.11	0.47	0.47	0.3	0.24	0.14	0.07	0.16	0.12	2.94	0.43	0.06	0.54	0.43	0.08	0.36	0.38	0.43	0	0.18	0.32	0.44	0.15	0.05	0.06	0.06	0.13	0.44	0.12	0.15	0.06	0.38	0.01	0.44	0.06	0.06	0.64	0.54	0.08	0.14	0.44	0.12	0.17	0.18	0.51	0.28	0.36	0.19	0.07	0.22	0.45	0.38	0.1	0.14	0.06	0.95	0.15	0.45	0.95	0.14	0.08	0.25	0.18	0.45	0.08	0.14	0.09	0.46	0.07	0.46	0.46	0.46	0.26	0.18	0.18	1.04	0.38	0.58	0.09	0.16	0.96	0.2	0.51	0.16	0.18	0.19	0.46	0.06	0.18	0.32	0.08	0.52	0.1	0.06	0.29	0.46	0.61
0.03	0.55	0.44	0.18	0.09	0.37	0.04	0.42	0.46	0.21	0.03	4.01	0.15	0.28	0.22	0.07	0.18	0.4	0.21	0.16	0.18	0	0.41	0.04	0.04	0.16	0.41	0.17	0.41	0.27	0.41	0.04	0.15	0.09	0.41	0.12	0.13	0.14	0.04	0.03	0.16	0.02	0.16	0.06	0.4	0.09	0.16	0.17	0.22	0.03	0.15	0.07	0.17	0.05	0.15	0.13	0.46	0.41	0.04	0.15	0.41	0.41	0.17	0.16	0.03	0.18	0.47	0.41	0.87	0.16	0.17	0.05	0.49	0.2	0.14	0.03	0.41	0.07	0.21	0.15	0.41	0.02	0.15	0.07	0.22	0.04	0.08	0.08	0.04	0.15	0.43	0.41	0.15	0.22	0.18	0.14	0.17	0.17	0.48
0.08	0.28	0.49	0.45	0.14	0.27	0.08	0.2	0.5	0.25	0.08	3.39	0.2	0.18	0.17	0.14	0.23	0.49	0.19	0.19	0.49	0.11	0	0.09	0.09	0.51	0.22	0.23	0.26	0.22	0.08	0.05	0.5	0.13	0.33	0.4	0.2	0.42	0.4	0.06	0.2	0.4	0.6	0.11	0.09	0.19	0.23	0.71	0.18	0.12	0.19	0.01	0.22	0.11	0.61	0.41	0.21	0.61	0.2	0.1	0.27	0.19	0.31	0.42	0.05	0.03	0.42	0.62	0.42	0.22	0.21	0.15	0.14	0.44	0.2	0.44	0.44	0.05	0.16	0.27	0.22	0.44	0.44	0.04	0.64	0.39	0.04	0.17	0.08	0.45	0.09	0.3	0.65	0.18	0.23	0.95	0.24	0.19	0.37
0.03	0.46	0.24	0.55	0.01	0.54	0.26	0.26	0.47	0.19	0.03	4.34	0.13	0.12	0.48	0.48	0.18	0.24	0.48	0.15	0.15	0.17	0.09	0	0.33	0.13	0.15	0.59	0.21	0.49	0.04	0.05	0.49	0.01	0.14	0.09	0.16	0.18	0.04	0.41	0.16	0.04	0.14	0.13	0.4	0.06	0.15	0.4	0.21	0.19	0.4	0.09	0.16	0.4	0.14	0.03	0.91	0.41	0.05	0.04	0.14	0.41	0.15	0.13	0.05	0.07	0.41	0.41	0.16	0.41	0.16	0.01	0.02	0.19	0.41	0.41	0.09	0.2	0.19	0.14	0.41	0.04	0.81	0.08	0.48	0.41	0.61	0.05	0.04	0.14	0.01	0.19	0.14	0.42	0.18	0.15	0.16	0.7	0.22
0.03	0.87	0.18	0.16	0.01	0.3	0.26	0.94	0.2	0.48	0.25	3.8	0.14	0.59	0.49	0.25	0.49	0.5	0.23	0.17	0.81	0.49	0.19	0.02	0	0.24	0.49	0.16	0.2	0.27	0.03	0.05	0.15	0.01	0.14	0.07	0.13	0.6	0.11	0.4	0.16	0.1	0.17	0.05	0.4	0.03	0.14	0.44	0.21	0.4	0.14	0.09	0.13	0.4	0.14	0.03	0.14	0.15	0.41	0.41	0.17	0.04	0.15	0.28	0.04	0.41	0.17	0.41	0.19	0.51	0.41	0.03	0.01	0.19	0.14	0.05	0.1	0.06	0.19	0.25	0.14	0.04	0.29	0.83	0.43	0.05	0.07	0.43	0.04	0.29	0.02	0.23	0.66	0.23	0.73	0.43	0.2	0.15	0.22
0.1	0	0.06	0.08	0.14	0.24	0.43	0.03	0.01	0.03	0.11	1	0.35	0.6	0.36	0.22	0.05	0.21	0.46	0.04	0.46	0.44	0.19	0.29	0.47	0	0.04	0.05	0.11	0.06	0.11	0.23	0.03	0.39	0.47	0.2	0.03	0.04	0.22	0.22	0.04	0.47	0.3	0.4	0.4	0.47	0.22	0.04	0.33	0.09	0.47	0.47	0.03	0.16	0.05	0.48	0.03	0.03	0.48	0.48	0.02	0.11	0.04	0.22	0.48	0.22	0.05	0.1	0.09	0.04	0.12	0.15	0.13	0.28	0.04	0.15	0.2	0.17	0.46	0.4	0.03	0.49	0.05	0.38	0.67	0.12	1	0.5	0.12	0.02	0.14	0.4	0.39	0.32	0.08	0	0.08	0.4	0.28
0.13	0.03	0.1	0.37	0.15	0.44	0.15	0.04	0.05	0.14	0.3	5.37	0.06	0.86	0.39	0.45	0.01	0.39	0.32	0.04	0.26	0.45	0.22	0.16	0.36	0.04	0	0.06	0.48	0.07	0.31	0.18	0.46	0.19	0.05	0.19	0.04	0.79	0.16	0.22	0.03	0.13	0.03	0.18	0.18	0.5	0.47	0.04	0.34	0.1	1.17	0.2	0.02	0.16	0.57	0.11	0.16	0.03	0.16	0.5	0.04	0.44	0	0.22	0.15	0.17	0.24	0.13	0.41	0.05	0.48	0.18	0.14	0.31	0.04	0.48	0.4	0.26	0.3	0.06	0.48	0.16	0.15	0.19	0.28	0.14	0.21	0.79	0.13	0.04	0.16	0.52	0.49	0.35	0.09	0.04	0.4	0.43	0.2
0.35	0.04	0.12	0.1	0.17	0.52	0.14	0.47	0.43	0.03	0.16	3.09	0.42	0.39	0.4	0.24	0.07	0.87	0.31	0.05	0.62	0.18	0.63	0.17	0.18	0.05	0.05	0	0.12	0.08	0.13	1.11	0.02	0.15	0.43	0.43	0.05	0.05	0.14	0.23	0.05	0.93	0.08	0.42	0.18	0.18	0.24	0.04	0.44	0.13	0.94	0.23	0.04	0.38	0.13	0.14	0.02	0.04	0.19	0.48	0.94	0.14	0.1	0.24	0.17	0.18	0.06	0.45	0.07	0.02	0.45	0.56	0.17	0.32	0.46	0.4	0.23	1.54	0.66	0.1	0.06	0.19	0.08	0.44	0.3	0.53	0.71	0.18	0.14	0.05	0.16	0.61	0.07	0.47	0.32	0.05	0.07	0.15	0.47
0.18	0.38	0.22	0.59	0.2	0.31	0.18	0.1	0.1	0.1	0.39	1.33	0.43	0.4	0.39	0.33	0.14	0.62	0.39	0.09	0.24	0.19	0.43	0.58	0.2	0.43	0.26	0.12	0	0.14	0.43	0.21	0.1	0.2	0.12	0.43	0.23	0.14	0.51	0.53	0.43	0.17	0.1	0.43	0.93	0.43	0.46	0.35	0.38	0.43	0.75	0.44	0.09	0.21	0.43	0.17	0.5	0.42	0.21	0.19	0.11	0.39	0.4	0.51	0.7	0.24	0.13	0.4	0.13	0.44	0.19	0.19	0.29	0.36	0.1	0.42	0.4	0.81	0.4	0.13	0.13	0.4	0.14	0.5	0.6	0.4	0.25	0.22	0.52	0.09	0.2	0.4	0.13	0.65	0.4	0.15	0.32	0.26	1.4
0.12	0.41	0.28	0.08	0.13	0.43	0.43	0.06	0.43	0.06	0.13	1.66	0.01	0.06	0.35	0.89	0.2	0.54	0.35	0.04	0.5	0.4	0.21	0.15	0.15	0.06	0.07	0.08	0.29	0	0.4	0.51	0.06	0.14	0.09	0.41	0.03	0.04	0.61	0.16	0.4	0.13	0.05	0.12	0.93	0.14	0.23	0.23	0.44	0.19	0.04	0.22	0.13	0.29	0	0.44	0.06	0.05	0.17	0.45	0.05	0.28	0.39	0.47	0.45	0.19	0.08	0.13	0.17	0.07	0.05	0.15	0.13	0.29	0.12	0.14	0.16	0.56	0.31	0.46	0.04	0.15	0	0.19	0.47	0.25	0.34	0.28	0.13	0.05	0.53	0.52	0.03	0.47	0.47	0.05	0.08	0.06	0.68
0.02	0.45	0.14	0.34	0.32	0.31	0.02	0.13	0.1	0.12	0.01	4.75	0.42	0.43	0.22	0.07	0.14	0.25	0.43	0.12	0.24	0.14	0.13	0.03	0.04	0.11	0.44	0.13	0.17	0.12	0	0.04	0.21	0.74	0.12	0.08	0.33	1.35	0.01	0.17	0.11	0.03	0.1	0.01	0.7	0.09	0.75	0.11	0.22	0.27	0.1	0.15	0.45	0.08	0.11	0.01	0.96	0.23	0.04	0.01	0.1	0.02	0.13	0.15	0.04	0.07	0.14	0.02	0.46	0.15	0.11	0.04	0.18	0.18	0.12	0.03	0.04	2.96	0.46	0.13	0.11	0.11	0.12	0.08	0.35	0.03	0.45	0.1	0	0.47	0.05	0.19	0.11	0.47	0.14	0.11	0.52	0.1	0.48
0.42	0.42	0.23	0.45	0.1	0.25	0.92	0.18	0.15	0.16	0.62	1.9	0.15	0.48	0.18	0.03	0.36	0.99	0.48	0.45	0.33	0.04	0.06	0.05	0.45	0.49	0.56	0.49	1	0.5	0.04	0	0.4	0.09	0.4	0.03	0.17	0.16	0.71	0.04	0.16	0.07	0.15	0.41	0.42	0.09	0.17	0.49	0.17	0.05	0.42	0.03	0.16	0.06	0.42	0.06	0.25	0.26	0.34	0.43	0.15	0.43	0.16	0.43	0.04	0.03	0.44	0.43	0.21	0.17	0.22	0.05	0.44	0.13	0.16	0.45	0.04	0.03	0.43	0.45	0.17	0.04	1.46	0.03	0.23	0.08	0.03	0.09	0.04	0.16	0.05	0.14	0.16	0.46	0.58	0.17	0.18	0.47	0.51
0.13	0.02	0.12	0.45	0.42	0.85	0.53	0.21	0.02	0.64	0.15	2.27	0.05	0.34	0.37	0.98	0.05	0.53	0.32	0.03	0.98	0.33	0.22	0.48	0.48	0.03	0.04	0.02	0.1	0.06	0.11	0.16	0	0.13	0.05	0.4	0.04	0.03	0.11	0.6	0.04	0.13	0.03	0.15	0.33	0.49	0.5	0.01	0.33	0.11	0.05	0.4	0.02	0.21	0.06	0.4	0.01	0.03	0.17	0.12	0.04	0.32	0.04	0.22	0.42	0.43	0.05	0.14	0.06	0.41	0.04	0.15	0.16	0.4	0.17	0.14	0.52	0.18	0.42	0.42	0.05	0.22	0.06	0.2	0.28	0.15	0.19	0.42	0.42	0.24	0.3	0.7	0.12	0.36	0.05	0.42	0.05	0.42	0.21
0.02	0.19	0.16	0.41	0	0.29	0.41	0.13	0.11	0.13	0.02	2.35	0.55	0.13	0.27	0.45	0.15	0.23	0.45	0.14	0.45	0.43	0.13	0.01	0.14	0.11	0.15	0.16	0.49	0.14	0.09	0.5	0.13	0	0.12	0.45	0.12	0.28	0.02	0.09	0.45	0.08	0.14	0.14	0.45	0	0.13	0.17	0.45	0.29	0.15	0.13	0.45	0.09	0.13	0.05	0.46	0.14	0.46	0.46	0.32	0.02	0.14	0.47	0.67	0.4	0.15	0.02	0.4	0.47	0.13	0.01	0	0.47	0.35	0.09	0.09	0.04	0.24	0.41	0.14	0.16	0.13	0.05	0.19	0.1	0.45	0.16	0.47	0.49	0.01	0.17	0.13	0.57	0.15	0.47	0.47	0.49	0.4
0.11	0.04	0.09	0.07	0.13	0.29	0.1	1.52	0.37	0.43	0.11	5.76	0.43	0.43	0.93	0.58	0.09	0.35	0.43	0.43	0.01	0.17	0.17	0.14	0.14	0.04	0.2	0.05	0.12	0.08	0.69	0.16	0.05	0.12	0	0.17	0.04	0.05	0.11	1.12	0.04	0.13	0.03	0.11	0.75	0.39	0.62	0.06	0.33	0.42	0.28	0.2	0.1	0.42	0.42	0.28	0.05	0.09	0.52	0.12	0.06	0.95	0.42	0.26	0.38	0.36	0.2	0.11	0.07	0.41	0.44	0.42	0.14	0.53	0.3	0.19	0.17	0.18	0.3	0.07	0.05	0.15	0.78	0.18	0.22	0.15	0.51	0.41	0.49	0.06	0.41	0.28	0.07	0.42	0.07	0.05	0.21	0.05	0.46
0.19	0.19	0.21	0.99	0.06	0.62	0.08	0.19	0.54	0.49	0.48	0.14	0.41	0.19	0.5	0.41	0.55	0.36	0.17	0.4	0.52	0.36	0.04	0.09	0.22	0.19	0.93	0.44	1.57	0.19	0.08	0.03	0.38	0.23	0.54	0	0.19	0.47	0.08	0.09	0.45	0.45	0.3	0.32	0.23	0.25	0.19	0.46	0.15	0.36	0.18	0.13	0.19	0.11	0.21	0.08	0.51	0.2	0.03	0.09	0.58	0.49	0.19	0.19	0.05	1.91	0.21	0.49	0.22	0.4	0.19	0.09	0.06	0.41	0.18	0.1	0.41	0.01	0.13	0.42	0.2	0.1	1.3	0.4	0.25	0.11	0.02	0.04	0.35	0.19	0.08	0.12	0.41	0.15	0.42	0.18	0.65	0.22	2.34
0.44	0.02	0.08	0.39	0.13	0.24	0.43	0.04	0.01	0.03	0.12	0.55	0.06	0.04	0.36	0.46	0.05	0.18	0.24	0.01	0.47	0.43	0.39	0.13	0.14	0.03	0.04	0.37	0.36	0.04	0.11	0.5	0.04	0.13	0.04	0.47	0	0.01	0.09	0.2	0.02	0.09	0.02	0.15	0.48	0.47	0.19	0.04	0.32	0.09	0.48	0.17	0.01	0.23	0.28	0.09	0.03	0.02	0.42	0.08	0.02	0.48	0.04	0.24	0.48	0.14	0.05	0.49	0.05	0.89	0.02	0.89	0.36	0.49	0.01	0.11	0.2	0.23	0.31	0.03	0.4	0.19	0.03	0.17	0.26	0.11	0.18	0.14	0.1	0.4	0.14	0.29	0.03	0.34	0.05	0.02	0.4	0.02	0.41
0.43	0.09	0.08	0.25	0.45	0.23	0.11	0.91	0.02	0.03	0.14	5.13	0.03	0.21	0.69	0.53	0.43	0.53	0.44	0.04	0.06	0.44	0.95	0.45	1.44	0.04	0.03	0.44	0.43	0.4	0.44	0.54	0.03	0.14	0.44	0.44	0.01	0.01	0.11	0.22	0.02	0.09	0.05	0.45	0.85	0.75	0.55	0.03	0.45	0.08	0.39	0.95	0.01	0.15	0.04	0.46	0.03	0.01	0.17	0.1	0.02	0.46	0.03	0.19	0.15	0.46	0.04	0.46	0.53	0.64	0.01	0.54	0.22	0.29	0.02	0.49	0.23	0.17	0.31	0.03	0.04	0.16	0.04	0.18	0.47	0.47	0.2	0.16	0.47	0.02	0.48	0.47	0.03	0.34	0.48	0.02	0.04	0.49	0.98
0.01	0.1	0.15	0.28	0.04	0.4	0.01	0.48	0.1	0.53	0.01	6.59	0.46	0.38	0.26	0.12	0.52	0.92	0.6	0.49	0.12	0.04	0.09	0.03	0.03	0.35	0.23	0.13	0.77	0.48	0.22	0.05	0.12	0.02	0.11	0.08	0.47	0.09	0	0.05	0.09	0.03	0.11	0.01	0.04	0.48	0.15	0.11	0.22	0.01	0.08	0.09	0.09	0.05	0.48	0	0.31	0.1	0.05	0.01	0.48	0.87	0.13	0.14	0.38	0.07	0.14	0.01	0.13	0.12	0.49	0.03	0.02	0.18	0.09	0.03	0.05	0.08	0.2	0.1	0.1	0.04	0.11	0.08	0.17	0.03	0.08	0.05	0.31	0.12	0.03	0.18	0.12	1.4	0.14	0.4	0.14	0.1	0.4
0.1	1.49	0.2	0.49	0.09	0.99	0.1	0.24	0.5	0.63	0.26	3.36	0.26	0.55	0.37	0.16	0.45	0.56	0.24	0.21	0.96	0.03	0.43	0.09	0.09	0.32	0.46	0.24	0.24	0.16	0.04	0.04	0.22	0.09	0.16	0.09	0.21	0.48	0.05	0	0.59	0.03	0.21	0.47	0.73	0.09	0.5	1.11	0.23	0.04	0.46	0.05	1.01	0.06	0.16	0.05	0.21	0.22	0.04	0.05	0.23	0.43	0.53	0.23	0.01	0.05	0.23	0.45	0.85	0.22	0.23	0.1	0.09	0.2	0.38	0.04	0	0.46	0.45	0.5	0.23	0.38	0.47	0.09	0.23	0.04	0.09	0.09	0.49	0.2	0.09	0.34	0.17	0.6	0.4	0.22	0.71	0.22	0.92
0.12	0.02	0.11	0.44	0.49	0.34	0.12	0.41	0.03	0.03	0.49	1.84	0.93	0.04	0.38	0.86	0.25	0.43	0.39	0.02	0.06	0.43	0.56	0.54	0.47	0.04	0.43	0.44	0.44	0.05	0.1	0.94	0.44	0.54	0.44	0.44	0.02	0.57	0.1	0.23	0	0.45	0.01	0.14	1.25	0.75	0.45	0.04	0.35	0.45	0.24	0.19	0.01	0.16	0.18	0.1	0.03	0.01	0.17	0.11	0.12	0.17	0.04	0.21	0.45	0.16	0.05	0.13	0.06	0.05	0.03	0.16	0.49	0.5	0.04	0.51	0.21	0.58	0.42	0.06	0.42	0.16	0.15	0.22	0.27	0.14	0.21	0.29	0.4	0.08	0.31	0.32	0.05	0.9	0.4	0.02	0.05	0.61	0.4
0.03	0.12	0.15	0.43	0.08	0.3	0.03	0.12	0.1	0.43	0.02	0.73	0.12	0.12	0.47	0.06	0.16	0.26	0.22	0.1	0.48	0.03	0.39	0.04	0.43	0.46	0.12	0.13	0.16	0.13	0.03	0.49	0.22	0.09	0.15	0.49	0.11	0.09	0.13	0.03	0.49	0.01	0.11	0.05	0.34	0.08	0.99	0.25	0.23	0.36	0.28	0.08	0.11	0.07	0.12	0.04	0.13	0.49	0.07	0.04	0.1	0.05	0.13	0.18	0.74	0.08	0.13	0.33	0.4	0.42	0.13	0.04	0.09	0.4	0.11	0.01	0.03	0.34	0.21	0.4	0.35	0.02	0.12	0.09	0.2	0.01	0.4	0.08	0.03	0.11	0.15	0.5	0.12	0.22	0.14	0.11	0.52	0.38	0.4
0.12	0.01	0.71	0.04	0.13	0.24	0.44	0.71	0.02	0.65	0.12	6.61	0.06	0.13	0.36	0.22	0.5	0.19	0.4	0.35	0.06	0.37	0.19	0.52	0.15	0.03	0.03	0.41	0.4	0.05	1.3	0.56	0.03	0.14	0.03	0.5	0.02	0.02	0.11	0.24	0.01	0.12	0	0.15	0.23	0.14	0.41	0.03	0.34	0.1	0.03	0.42	0	0.19	0.3	0.11	0.02	0.01	0.23	0.11	0.03	0.13	0.03	0.21	0.14	0.46	0.21	0.14	0.04	0.03	0.03	0.14	0.14	0.48	0.4	0.12	0.53	0.2	0.4	0.32	0.04	0.15	0.05	0.48	0.27	0.13	0.42	0.36	0.11	0.03	0.13	0.3	0.04	0.34	0.04	0.13	0.31	0.01	0.42
0.03	0.93	0.32	0.15	0.04	0.51	0.41	0.17	0.29	0.14	0.03	0.49	0.1	0.14	0.67	0.16	0.18	0.28	0.6	0.64	0.44	0.9	0.11	0.4	0.05	0.14	0.18	0.18	0.71	0.41	0.01	0.07	0.54	0.04	0.11	0.1	0.1	0.12	0.01	0.12	0.15	0.07	0.16	0	0.06	0.05	0.43	0.16	0.24	0.08	0.43	0.46	0.11	0.44	0.11	0.46	0.15	0.28	0.07	0.01	0.15	0.36	0.18	0.18	0.07	0.08	0.18	0.03	0.17	0.46	0.12	0.44	0.29	0.25	0.11	0.05	0.12	0.08	0.22	0.12	0.14	0.06	0.45	0.11	0.55	0.05	0.11	0.45	0.01	0.38	0.05	0.49	0.12	0.25	0.16	0.4	0.66	0.52	0.46
0.46	0.13	0.46	0.45	0.02	0.76	0.03	0.47	1.46	0.45	0.95	1.38	0.42	0.42	0.43	0.42	0.19	0.42	0.92	0.46	0.42	0.44	0.92	0.01	0.03	0.16	0.42	0.18	0.92	0.15	0.42	0.1	0.54	0.02	0.42	0.09	0.42	0.42	0.47	0.1	0.16	0.29	0.42	0.42	0.01	0.9	0.14	0.41	0.62	0.04	0.62	0.92	0.42	0.12	0.5	0.42	0.41	0.43	0.42	0.42	0.31	0.92	0.52	0.52	0.42	0.07	0.41	0.42	0.92	0.41	0.42	0	0.41	0.41	1.01	0.05	0.91	0.26	0.94	0.14	0.91	0.08	0.89	0.4	0.19	0.91	0.42	0.04	0.04	0.49	0.03	0.6	0.49	0.49	1	0.49	0.59	0.45	0.5
0.02	0.47	0.46	0.49	0	0.59	0.2	0.16	0.19	0.18	0.02	1.53	0.14	1.04	0.47	0.4	0.15	0.24	0.41	0.13	0.52	0.09	0.13	0.19	0.01	0.28	0.42	0.6	2.23	0.14	0.42	0.46	0.15	0	0.43	0.17	0.13	0.43	0.24	0.09	0.43	0.08	0.14	0.08	0.02	0	0.28	0.44	0.2	0.03	0.44	0.19	0.44	0.44	0.13	0.02	0.44	0.14	0.2	0.15	0.23	0.11	0.15	0.16	0.09	0.06	0.25	0.02	0.15	0.16	0.45	0.14	0	0.55	0.13	0.65	0.09	0.65	1.45	0.19	0.17	0.08	0.14	0.46	0.15	0.45	0.06	0.09	0.46	0.46	0.23	0.46	0.69	0.22	0.46	0.13	0.16	0.46	0.31
0.49	0.21	0.32	0.49	0.15	0.42	0.16	0.49	0.21	0.46	0.15	0.97	0.47	0.23	0.37	0.47	0.67	1.12	0.57	0.19	0.28	0.16	0.47	0.15	0.14	0.22	0.22	0.55	0.34	0.23	0.49	0.17	0.22	0.13	0.66	1.06	0.48	0.49	0.5	0.23	0.29	0.2	0.57	1	1	0.32	0	0.57	0.53	0.18	0.41	0.51	0.2	0.18	0.41	0.15	0.22	0.41	0.17	0.16	0.41	0.19	0.22	0.01	0.18	0.21	0.42	0.15	0.23	0.41	0.2	0.51	0.17	0.72	0.21	0.22	0.92	0.46	1.12	0.22	0.54	0.21	0.22	0.2	0.07	0.22	0.43	0.17	0.21	0.21	0.23	0.43	0.22	0.63	0.24	0.73	0.23	0.21	0.43
0.13	0.04	0.57	0.06	0.16	0.24	0.14	0.01	0.02	0.01	0.14	2.25	0.05	0.21	0.64	0.7	0.38	0.74	0.9	0.4	0.5	0.17	0.2	0.15	0.41	0.41	0.04	0.03	0.42	0.07	0.13	0.18	0.01	0.13	0.43	0.44	0.43	0.43	0.53	0.23	0.04	0.12	0.03	0.15	0.57	0.16	0.22	0	0.74	0.12	0.04	0.21	0.03	0.44	0.06	0.45	0.23	0.03	0.45	0.12	0.04	0.22	0.04	0.22	0.15	0.17	0.05	0.47	0.39	0.04	0.05	0.17	0.35	0.29	0.07	0.48	0.23	0.88	0.48	0.05	0.05	0.15	0.06	0.23	0.29	0.13	0.22	0.4	0.13	0.03	0.16	0.6	0.12	0.37	0.5	0.03	0.17	0.13	0.89
0.22	0.96	0.51	0.35	0.2	0.37	0.46	0.36	0.31	0.67	0.22	2.75	0.33	0.74	0.06	0.17	0.84	0.33	0.44	0.48	0.37	0.54	0.18	0.44	0.21	0.55	0.35	0.76	0.45	0.34	0.4	0.17	0.65	0.2	0.33	0.48	0.32	0.71	0.38	0.24	0.33	0.49	0.58	0.49	0.22	0.48	0.33	0.5	0	0.22	0.47	0.18	0.48	0.24	0.58	0.58	0.68	0.34	0.17	0.45	0.58	0.23	0.35	0.33	0.2	0.49	0.68	0.59	0.49	0.36	0.35	0.21	0.2	0.49	0.98	0.59	0.24	0.16	0.02	0.32	0.35	0.2	0.76	0.26	0.49	0.24	0.15	0.18	0.49	0.34	0.21	0.43	0.33	0.29	0.37	1.43	0.36	1.03	0.3
0.42	0.1	0.14	0.13	0.15	0.29	0.02	0.11	0.53	0.11	0.02	3.77	0.18	0.24	0.24	0.49	0.46	0.37	0.23	0.67	0.13	0.03	0.05	0.07	0.04	0.16	0.1	0.12	0.49	0.47	0.01	0.05	0.5	0.03	0.47	0.07	0.43	0.55	0.01	0.04	0.1	0.01	0.1	0.02	0.04	0.04	0.2	0.12	0.46	0	0.09	0.08	0.09	0.05	0.19	0.01	0.45	0.09	0.05	0.1	0.11	0.4	0.1	0.4	0.43	0.2	0.12	0.46	0.14	0.66	0.09	0.04	0.03	0.2	0.1	0.09	0.04	0.47	0.2	0.18	0.12	0.1	0.19	0.07	0.14	0.19	0.07	0.37	0.01	0.18	0.04	0.17	0.19	0.49	0.36	0.48	1	0.12	0.62
0.47	0.02	0.13	0.06	0.44	0.47	0.42	0.44	0.02	0.69	0.91	2.34	0.04	0.09	0.44	0.43	0.44	0.18	0.42	0.01	0.06	0.41	0.41	0.4	0.4	0.03	0.05	0.06	0.24	0.04	0.48	0.52	0.04	0.12	0.06	0.41	0.03	0.05	0.09	0.97	0.02	0.46	0.02	0.45	0.34	0.43	1.44	0.95	0.63	0.09	0.06	0.48	0.02	0.16	0.03	0.49	0.04	0.02	0.5	0.11	0.02	0.43	0.43	0.2	0.55	0.52	0.05	0.17	0.05	0.05	0.02	0.49	0.49	0.51	0.48	0.46	0.22	0.74	0.43	0.34	0.38	0.48	0.4	0.45	0.46	0.11	0.54	0.5	0.1	0.41	0.14	0.67	0.03	0.46	0.05	0.02	0.44	0.13	0.43
0.08	0.18	0.23	0.22	0.11	0.28	0.08	0.22	0.2	0.55	0.07	7.1	0.2	0.19	0.47	0.1	0.21	0.48	0.17	0.19	0.21	1.47	0.05	0.29	0.09	0.17	0.48	0.22	0.29	0.22	0.08	0.49	0.19	0.38	0.19	0.04	0.19	0.18	0.09	0.05	0.49	0.08	0.2	0.41	0.34	0.47	0.4	0.26	0.18	0.07	0.47	0	0.5	0.11	0.71	0.08	0.2	0.19	0.03	0.31	0.2	0.1	0.51	0.21	0.05	0.25	0.53	0.08	0.24	0.21	0.19	0.1	0.13	0.41	0.18	0.09	0.1	0.05	0.16	0.93	0.46	0.04	0.22	0.43	0.27	0.48	0.43	0.08	0.08	0.54	0.44	0.49	0.21	0.44	0.21	0.44	0.24	0.27	0.19
0.31	0.62	0.09	0.28	0.15	0.23	0.11	0.1	0.02	0.12	0.31	1.37	0.19	0.03	0.6	0.2	0.28	0.2	0.25	0.01	0.45	0.22	0.44	0.13	0.17	0.03	0.02	0.26	0.11	0.05	0.5	0.49	0.02	0.5	0.03	0.19	0.56	0.01	0.1	0.2	0.01	0.11	0	0.53	0.15	0.15	0.19	0.27	0.32	0.18	0.01	0.3	0	0.16	0.04	0.26	0.24	0.6	0.18	0.11	0.03	0.11	0.02	0.2	0.14	1.42	0.4	0.34	0.04	0.04	0.02	0.14	0.4	0.26	0.26	0.12	0.22	0.19	0.33	0.03	0.04	0.14	0.05	0.19	0.26	0.1	0.18	0.15	0.11	0.33	0.14	0.31	0.62	0.33	0.41	0.15	0.41	0.01	0.19
0.38	0.16	0.23	0.19	0.08	0.33	0.05	0.55	0.4	0.18	0.05	2.8	0.17	0.17	0.32	0.44	0.18	0.39	0.26	0.28	0.18	0.32	0.37	0.07	0.1	0.3	0.16	0.42	0.53	0.16	0.42	0.31	0.16	0.08	0.18	0.1	0.16	0.15	0.4	0.06	0.16	0.07	0.17	0.06	0.06	0.21	0.17	0.18	0.28	0.04	0.19	0.44	0.15	0	0.17	0.1	0.16	0.16	0.3	0.06	0.45	0.46	0.17	0.55	0.08	0.1	0.21	0.07	0.19	0.18	0.18	0.06	0.47	0.3	0.26	0.08	0.44	0.1	0.24	0.16	0.18	0.05	0.17	0.1	0.24	0.57	0.12	0.48	0.06	0.16	0.06	0.24	0.18	0.25	0.4	0.15	0.36	0.17	0.51
0.47	0.05	0.1	0.08	0.47	0.31	0.13	0.06	0.04	0.06	0.12	0.71	0.05	0.06	0.41	0.24	0.08	0.21	0.61	0.41	0.1	0.15	0.21	0.41	0.54	0.05	0.06	0.68	0.13	0	0.24	0.16	0.06	0.13	0.08	0.91	0.03	0.04	0.41	0.41	0.05	0.12	0.05	0.41	0.49	0.42	0.42	0.51	0.34	0.51	0.22	0.21	0.04	0.19	0	0.23	0.06	0.05	0.16	0.13	0.05	0.31	0.07	0.43	0.15	0.18	0.17	0.13	0.43	0.37	0.05	0.15	0.43	0.28	0.04	0.14	0.43	0.18	0.31	0.47	0.03	0.43	0	0.19	0.55	0.14	0.2	1.23	0.12	0.04	0.43	0.3	0.01	0.34	0.43	0.05	0.07	0.05	0.93
0.01	0.67	0.14	0.14	0.02	0.57	0.01	0.12	0.27	0.48	0.01	4.4	0.11	0.13	0.26	0.1	0.2	0.58	0.24	0.1	0.48	0.04	0.5	0.03	0.21	0.1	0.53	0.53	0.17	0.12	0.01	0.05	0.11	0.06	0.13	0.08	0.09	0.8	0.08	0.05	1.19	0.04	0.1	0	0.35	0.3	0.51	0.49	0.22	0.25	0.49	0.09	0.44	0.06	0.11	0	0.32	0.1	0.05	0.01	0.11	0.69	0.13	0.41	0.04	0.41	0.41	0.09	0.13	0.13	0.11	0.04	0.02	0.36	0.42	0.04	0.05	0.07	0.42	0.11	0.27	0.04	0.42	0.08	0.21	0.04	0.08	0.42	0.23	0.1	0.42	0.19	0.84	0.23	0.14	0.45	0.42	0.11	0.43
0.13	0.02	0.42	0.42	0.13	0.24	0.13	0	0.02	0	0.12	0.99	0.05	0.03	0.45	0.21	0.05	0.55	0.45	0.03	0.1	0.15	0.21	0.45	0.14	0.13	0.03	0.38	0.1	0.36	0.12	0.17	0.02	0.31	0.05	0.65	0.03	0.32	0.11	0.38	0.03	0.14	0.02	0.17	0.22	1.01	0.41	0.3	0.56	0.46	0.04	0.19	0.02	0.17	0.06	0.12	0	0.03	0.47	0.13	0.03	0.98	0.03	0.22	0.5	0.16	0.27	0.19	0.05	0.02	0.04	0.25	0.17	0.53	0.29	1.17	0.22	0.57	0.72	0.05	0.05	0.16	0.06	0.19	0.28	0.36	0.22	0.48	0.14	0.03	0.22	0.68	0.05	0.58	0.05	0.02	0.05	0.03	0.81
0.48	0.18	0.09	0.44	0.14	0.48	0.11	0.22	0.03	1.37	0.12	1.94	0.04	0.04	0.88	0.21	0.91	0.18	1.89	0.29	0.48	0.16	0.21	0.14	0.14	0.03	0.03	0.05	9.49	8.59	8.09	7.59	7.09	6.19	5.69	5.19	4.69	3.79	3.29	2.79	2.28	1.78	0.88	0.38	0.49	0.49	0.2	0.03	0.7	0.09	0.02	0.18	0.01	0.5	0.05	0.31	0.03	0	0.18	0.41	0.28	1.01	0.08	0.41	0.17	0.15	0.14	0.11	0.05	0.04	0.02	0.14	0.13	0.27	0.03	0.11	0.42	0.19	0.43	0.09	0.04	0.53	0.42	0.2	0.26	0.13	0.19	0.17	0.11	0.03	0.43	0.33	0.04	0.34	0.04	0.02	0.53	0.27	0.43
0.05	0.49	0.23	0.49	0.11	0.49	0.05	0.17	0.15	0.16	0.05	3.08	0.15	0.15	0.18	0.03	0.49	0.49	0.19	0.49	0.72	0.04	0.05	0.07	0.5	0.9	0.18	0.5	0.21	0.28	0.04	0	0.4	0.45	0.24	0.06	0.4	0.6	0.05	0.9	0.17	0.07	0.18	0.07	0.05	0.1	0.24	0.4	0.41	0.05	0.41	0.03	0.15	0.06	0.91	0.05	0.21	0.41	0	0.41	0.15	0.41	0.51	0.17	0.04	0.41	0.19	0.04	0.81	0.17	0.41	0.05	0.14	0.41	0.41	0.09	0.17	0.03	0.42	0.24	0.16	0.21	0.29	0.42	0.59	0.08	0.42	0.09	0.04	0.16	0.42	0.19	0.42	0.42	0.42	0.17	0.19	0.43	0.93
0.21	0.5	0.29	0.16	0.1	0.32	0.44	0.11	0.1	0.11	0.02	0.48	0.46	0.15	0.41	0.08	0.15	0.26	0.23	0.1	0.41	0.04	0.09	0.43	0.04	0.4	0.18	0.41	2.72	0.12	0	0.26	0.41	0.06	0.12	0.09	0.1	0.92	0.01	0.04	0.1	0.41	0.31	0.32	0.04	0.11	0.16	0.12	0.41	0.01	0.09	0.09	0.1	0.52	0.12	0.01	0.11	0.42	0.05	0.01	0.1	0.04	0.43	0.37	0.04	0.07	0.13	0.02	0.54	0.12	0.32	0.44	0.24	0.19	0.11	0.04	0.44	0.07	0.22	3.17	0.44	0.04	0.44	0.08	0.23	0.04	0.09	0.08	0.44	0.1	0.04	0.49	0.54	0.54	0.28	0.11	0.29	0.45	0.56
0.1	0.02	0.14	0.07	0.2	0.24	0.11	0.03	0.49	0.03	0.13	3.07	0.04	0.02	0.46	0.2	0.05	0.46	0.7	0.33	0.07	0.46	0.18	0.15	0.46	0.02	0.04	0.05	0.11	0.05	0.12	0.15	0.04	0.12	0.05	0.18	0.02	0.36	0.44	0.42	0.04	0.48	0.04	0.13	0.54	0.13	0.59	0.18	0.35	0.4	0.04	0.18	0.03	0.16	0.42	0.36	0.04	0.03	0.31	0.09	0	0.12	0.04	0.21	0.27	0.16	0.05	0.35	0.43	0.04	0.42	0.14	0.12	0.27	0.07	0.11	0.21	0.56	0.3	0.28	0.03	0.15	0.04	0.18	0.27	0.11	0.44	0.24	0.37	0.02	0.15	0.5	0.44	0.33	0.31	0.03	0.32	0.03	0.2
0.02	0.47	0.47	0.98	0.03	0.47	0.01	0.43	0.96	0.11	0.02	5.19	0.47	0.47	0.47	0.11	0.47	0.47	0.47	0.97	0.97	0.97	0.1	0.04	0.04	0.11	0.46	0.46	0.56	0.46	0.01	0.46	0.45	0.03	0.46	0.45	0.45	0.45	0	0.44	0.44	0.44	0.44	0.01	0.44	0.54	0.44	0.95	0.23	0.01	0.94	0.43	0.94	0.49	0.94	0	0.43	0.1	0.43	0.02	0.43	0.01	0.43	0.43	0.93	0.43	0.92	0.44	0.42	0.92	0.49	0.92	0.93	0.5	0.11	0.41	0.05	0.91	0.41	0.93	0.91	0.52	0.41	0.08	0.41	0.04	0.47	0.91	0.41	0.41	0.41	1.41	0.4	1.11	0.13	0.5	0.5	0.56	0.23
0.49	0.03	0.43	0.14	0.49	0.2	0.51	0.22	0.03	0.03	0.16	1.35	0.06	0.03	0.67	0.22	0.02	0.69	0.3	0.5	0.5	0.17	0.46	0.15	0.16	0.06	0	0.05	0.11	0.4	0.13	0.18	0.24	0.15	0.23	0.41	0.04	0.26	0.13	0.23	0.41	0.14	0.03	0.16	1.32	0.41	0.22	0.07	0.71	0.1	0.41	0.5	0.02	0.16	0.06	0.41	0.36	0.41	0.16	0.32	0.04	0.42	0	0.22	0.17	0.92	0.01	0.14	0.41	0.04	0.04	0.15	0.15	0.43	0.04	0.35	0.54	0.47	0.49	0.44	0.05	0.18	0.35	0.65	0.45	0.13	0.22	0.16	0.12	0.04	0.16	0.32	0.06	0.37	0.26	0.03	0.09	0.03	0.2
0.15	0.21	0.3	0.82	0.13	0.52	0.5	0.22	0.21	0.51	0.15	2.84	0.22	0.23	0.37	0.21	0.23	0.36	0.35	0.29	0.27	0.3	0.21	0.16	0.14	0.23	0.22	0.52	0.34	0.47	0.29	0.17	0.22	0.48	0.24	0.19	0.2	0.19	0.15	0.21	0.21	0.48	0.21	0.24	0.16	0.13	0.26	0.22	0.33	0.48	0.48	0.21	0.2	0.48	0.22	0.15	0.53	0.2	0.17	0.48	0.21	0.15	0.58	0	0.46	0.2	0.23	0.15	0.23	0.42	0.2	0.18	0.48	0.48	0.23	0.22	0.21	0.18	0.45	0.48	0.23	0.21	0.51	0.51	0.11	0.48	0.58	0.18	0.54	0.21	0.48	0.3	0.22	0.49	0.23	0.21	0.23	0.49	0.34
0.03	0.52	0.28	0.49	0.09	0.29	0.03	0.49	0.15	0.49	0.03	5.56	0.15	0.13	0.19	0.38	0.91	0.36	0.2	0.36	0.17	0.03	0.13	0.04	0.04	0.39	0.17	0.42	0.42	0.16	0.2	0.04	0.18	0.06	0.42	0.22	0.14	0.2	1.27	0.01	0.48	0.02	0.17	0.06	0.05	0.43	0.18	0.19	0.19	0.1	0.38	0.05	0.16	0.2	0.16	0.43	0.56	0.46	0.08	0.04	0.15	0.05	0.16	0.44	0	0.05	0.18	0.15	0.18	0.16	0.24	0.04	0.1	0.19	0.94	0.44	0.01	0.08	0.55	0.15	0.14	0	0.95	0.05	0.18	0.04	0.45	0.3	0.25	0.13	0.04	0.45	0.45	0.2	0.17	0.45	0.17	0.16	0.43
0.41	0.31	0.2	0.19	0.06	0.42	0.07	0.44	0.43	0.93	0.06	2.13	0.17	0.47	0.21	0.03	0.58	0.44	0.16	0.54	0.19	0.05	0.03	0.07	0.07	0.5	0.17	0.18	0.33	0.48	0.09	0.03	0.16	0.07	0.18	0.01	0.14	0.98	0.07	0.05	0.16	0.48	0.17	0.13	0.08	0.07	0.21	0.21	0.15	0.08	0.14	0.37	0.39	0.1	0.89	0.07	0.49	0.16	0.03	0.07	0.49	0.15	0.49	0.17	0.05	0	0.48	0.47	0.19	0.27	0.48	0.07	0.11	0.12	0.16	0.49	0.3	0.39	0.16	0.49	0.21	0.05	0.24	0.01	0.16	0.49	0.03	0.09	0.08	0.53	0.07	0.41	0.4	0.14	0.69	0.41	0.49	0.19	0.42
0.15	0.25	0.13	0.19	0.16	0.21	0.55	0.4	0.4	0.04	0.4	8.12	0.07	0.04	0.45	0.23	0.03	0.21	0.31	0.05	0.19	0.18	0.75	0.19	0.16	0.31	0.09	0.45	0.13	0.08	0.15	0.46	0.05	0.15	0.46	0.21	0.05	0.11	0.15	0.46	0.04	0.14	0.08	0.17	0.18	1.01	0.23	0.05	0.46	0.12	0.3	0.54	0.03	0.19	0.46	0.14	0.39	0.04	0.53	0.13	0.07	0.37	0.47	0.23	0.18	0.18	0	0.14	0	0.1	0.05	0.47	0.38	0.3	0.05	0.24	0.36	0.25	0.47	0.07	0.06	0.53	0.47	0.22	0.45	0.47	0.36	0.19	0.14	0.05	0.47	0.63	0.26	0.36	0.32	0.04	0.03	0.04	0.35
0	0.45	0.15	0.2	0.02	0.45	0	0.32	0.11	0.17	0.01	2.74	0.4	0.49	0.48	0.1	0.15	0.25	0.69	0.49	0.12	0.19	1.2	0.03	0.03	0.12	0.4	0.15	0.2	0.13	0.02	0.41	0.14	0.51	0.46	0.08	0.41	0.51	0.02	0.1	0.15	0.41	0.51	0.03	0.51	0.41	0.18	0.36	0.55	0.03	1.52	1.01	0.11	0.07	0.61	0.07	0.41	0.11	0.04	0.02	0.82	0.02	0.13	0.42	0.03	1.92	0.15	0	0.14	0.33	0.41	0.18	0.03	0.18	0.42	0.27	0.42	0.45	0.55	0.37	0.43	0.03	0.52	0.43	0.21	0.61	0.08	0.44	0.02	0.12	0.02	0.19	0.44	0.23	0.44	0.14	0.15	0.11	0.63
0.17	0.05	0.13	0.05	0.16	0.22	0.16	0.05	0.11	0.91	0.41	1.55	0.47	0.05	0.4	0.88	0.03	0.99	0.3	0.48	0.26	0.17	0.44	0.17	0.49	0.4	0.4	0.07	0.12	0.08	0.42	0.18	0.3	0.15	0.31	0.21	0.05	0.05	0.43	0.23	0.34	0.54	0.44	0.17	0.23	0.16	0.24	0.38	0.76	0.14	0.44	0.23	0.04	0.19	0.08	0.46	0.05	0.05	0.38	0.16	0.06	0.21	0.42	0.61	0.25	0.21	0.01	0.35	0	0.06	0.06	0.17	0.5	0.31	0.4	0.16	0.26	0.5	0.32	0.07	0.07	0.37	0.41	0.23	0.3	0.19	0.41	0.2	0.14	0.91	0.36	0.72	0.42	0.38	0.15	0.05	0.93	0.18	0.22
0.13	0.03	0.11	0.06	0.16	0.25	0.16	0.02	0.03	0.19	0.42	4.81	0.06	0.3	0.37	0.53	0.06	0.21	0.31	0.07	0.07	0.48	0.67	0.15	0.15	0.04	0.47	0.02	0.42	0.07	0.12	0.43	0.4	0.43	0.06	0.2	0.04	0.04	0.35	0.24	0.26	0.12	0.04	0.54	0.17	0.18	0.43	0.03	0.34	0.4	0.04	0.22	0.03	0.53	0.93	0.13	0.16	0.04	0.44	0.12	0.04	0.34	0.37	0.23	0.44	0.16	0.06	0.13	0.44	0	0.05	0.21	0.22	0.44	0.04	0.14	0.22	0.2	0.33	0.44	0.44	0.5	0.07	0.2	0.29	0.16	0.45	0.33	0.12	0.03	0.15	0.45	0.06	0.34	0.06	0.03	0.05	0.25	0.21
0.19	0.03	0.49	0.06	0.27	0.25	0.93	0.27	0.03	0.43	0.14	1.79	0.04	0.28	0.38	0.23	0.06	0.19	0.24	0.01	0.74	0.17	0.2	0.15	0.44	0.05	0.04	0.45	0.19	0.05	0.45	0.19	0.04	0.18	0.3	0.45	0.02	0.01	0.29	0.23	0.03	0.11	0.03	0.13	1.25	0.28	0.39	0.04	0.36	0.45	0.39	0.2	0.25	0.18	0.05	0.11	0.04	0.02	0.17	0.45	0.04	0.39	0.05	0.2	0.21	0.15	0.05	0.46	0.06	0.27	0	0.47	0.97	0.47	0.43	0.13	0.23	2.86	0.33	0.05	0.05	0.21	0.05	0.19	0.26	0.48	0.21	0.68	0.1	0.03	0.48	0.33	0.17	0.34	0.06	0.36	0.23	0.08	0.25
0.03	0.51	0.18	0.63	0.01	0.3	0.11	0.14	0.43	0.43	0.03	2.4	0.36	0.54	0.25	0.17	0.16	0.25	0.23	0.64	0.26	0.44	0.09	0.01	0.03	0.14	0.15	0.19	0.19	0.31	0.37	0.05	0.45	0.01	0.51	0.09	0.13	0.15	0.03	0.1	0.46	0.04	0.46	0.05	0.33	0.01	0.48	0.16	0.21	0.04	0.46	0.46	0.15	0.21	0.26	0.04	0.14	0.47	0.39	0.04	0.14	0.33	0.15	0.47	0.05	0.07	0.47	0.35	0.18	0.57	0.15	0	0.01	0.19	0.13	0.58	0.09	0.1	0.58	0.14	0.48	0.04	0.14	0.48	0.19	0.33	0.48	0.04	0.49	0.14	0.01	0.19	0.14	0.49	0.16	0.14	0.17	0.62	0.59
0.02	0.87	0.54	0.17	0.01	1.06	0.02	0.25	0.46	0.87	0.03	6.09	0.13	0.37	0.42	0.14	0.41	0.64	0.44	0.14	0.51	0.44	0.14	0.01	0.01	0.44	0.64	0.16	0.95	0.14	0.95	0.44	0.13	0	0.45	0.44	0.12	0.9	0.02	0.09	0.45	0.08	0.24	0.04	0.14	0.28	0.46	0.14	0.46	0.46	0.19	0.13	0.46	0.07	0.13	0.02	0.46	0.16	0.09	0.46	0.12	0.05	0.18	0.68	0.48	0.06	0.16	0.02	0.24	0.18	0.49	0.01	0	0.48	0.19	0.48	0.13	0.13	0.27	0.77	0.13	0.49	0.49	0.49	0.36	0.49	0.49	0.09	0.49	0.5	0.01	0.35	0.71	0.4	0.17	0.13	0.4	0.4	0.9
0.18	0.57	0.29	0.65	0.18	0.11	0.18	0.45	0.27	1.34	0.18	0.65	0.27	0.27	0.22	0.13	0.99	0.49	0.09	0.27	0.32	0.23	0.28	0.19	0.34	0.48	0.29	0.7	0.35	0.29	0.18	0.13	0.42	0.4	0.6	0.1	1.11	0.61	0.24	0.2	0.58	0.19	0.28	0.19	0.61	0.41	0.36	0.28	0.25	0.2	0.55	0.14	0.27	0.51	0.41	0.18	0.3	0.27	0.13	0.19	0.28	0.65	0.28	0.53	0.19	0.12	0.3	0.43	0.41	0.57	0.6	0.49	0.43	0	0.26	0.19	0.2	0.12	0.53	0.57	0.43	0.18	0.34	0.42	0.93	0.43	0.1	0.15	0.47	0.42	0.19	0.09	0.43	0.22	0.32	0.28	0.57	0.28	0.09
0.14	0.02	0.07	0.27	0.12	0.4	0.1	0.04	0.02	0.44	0.49	1.4	0.03	0.02	0.67	0.58	0.06	0.19	0.35	0.68	0.06	0.14	0.23	0.18	0.48	0.02	0.04	0.06	0.1	0.89	0.49	0.43	0.09	0.12	0.05	0.49	0.01	0.02	0.1	0.4	0.4	0.4	0.03	0.41	0.41	0.41	0.91	0.91	0.35	0.1	0.12	0.18	0.03	0.2	0.04	0.1	0.43	0.03	0.16	0.43	0.01	0.1	0.04	0.31	0.14	0.16	0.05	0.1	0.44	0.26	0.2	0.44	0.13	0.25	0	0.11	0.45	0.16	0.58	0.34	0.04	0.19	0.04	0.19	0.27	0.1	1.45	0.95	0.34	0.02	0.45	0.31	0.03	0.52	0.06	0.31	0.06	0.03	0.86
0.04	0.12	0.28	0.16	0.43	0.31	0.43	0.13	0.13	0.14	0.03	3.17	0.14	0.42	0.23	0.09	0.55	0.26	0.44	0.32	0.2	0.04	0.32	0.05	0.05	0.12	0.15	0.14	0.46	0.14	0.26	0.09	0.14	0.1	0.21	0.1	0.22	0.11	0.04	0.11	0.12	0.01	0.42	0.04	0.06	0.41	0.44	0.14	0.54	0.09	0.33	0.17	0.32	0.07	0.46	0.04	0.14	0.12	0.09	0.03	0.11	0.04	0.13	0.49	0.42	0.18	0.15	0.2	0.41	0.62	0.12	0.05	0.17	0.2	0.11	0	0.04	0.15	0.63	0.46	0.53	0.04	0.13	0.1	0.28	0	0.13	0.09	0.19	0.11	0.4	0.19	0.14	0.34	0.16	0.4	0.26	0.13	0.24
0.1	0.2	0.21	0.23	0.09	0.46	0.2	0.21	0.23	0.6	0.03	6.91	0.15	0.52	0.27	0.11	0.25	0.28	0.49	0.59	0.3	2.43	0.06	0.09	0.1	0.41	0.22	0.23	0.23	0.42	0.04	0.04	0.21	0.1	0.17	0.09	0.42	0.23	0.07	0	0.23	0.03	0.84	0.12	0.1	0.09	0.24	0.41	0.24	0.04	0.2	0.05	0.2	0.09	0.16	0.05	0.47	0.22	0.04	0.04	0.57	0.33	0.49	0.46	0.01	0.05	0.24	0.1	0.49	0.6	0.22	0.21	0.49	0.2	0.43	0.27	0	0.08	0.43	0.15	0.23	0.15	0.43	0.29	0.29	0.04	0.1	0.07	0.04	0.45	0.09	0.21	0.46	0.22	0.23	0.22	0.24	0.32	0.34
0.06	0.91	0.21	0.41	0.4	0.4	0.37	0.17	0.17	0.49	0.06	2.66	0.17	0.38	0.19	0.04	0.19	0.19	0.18	0.44	0.19	0.32	0.44	0.44	0.06	0.53	0.43	0.2	0.24	0.2	0.92	0.04	0.52	0.42	0.55	0.51	0.42	0.41	1.81	0.08	0.4	0.08	0.17	0.7	0.4	0.4	0.6	0.49	0.16	0.08	0.49	0.05	0.29	0.1	0.18	0.07	0.17	0.57	0.31	0.47	0.19	0.72	0.46	0.18	0.56	0.46	0.46	0.06	0.2	0.2	0.51	0.06	0.05	0.12	0.44	0.09	0.08	0	0.14	0.56	0.18	0.43	0.42	0.03	0.51	0.92	0.24	0.03	0.41	0.31	0.41	0.13	0.47	0.4	0.2	0.4	0.5	0.19	0.16
0.49	0.37	0.67	0.52	0.49	0.21	0.2	0.65	1.09	0.45	0.49	5.72	0.31	0.45	0.04	0.15	0.32	0.46	0.25	0.32	0.33	0.47	0.17	0.19	0.19	0.3	0.43	0.57	0.39	0.48	0.27	0.48	0.32	0.23	0.32	0.49	0.31	0.4	0.2	0.93	0.4	0.21	0.33	0.5	0.22	0.23	0.31	0.32	0.02	0.93	0.84	0.52	0.31	0.42	0.31	0.44	1.34	0.31	0.44	0.23	0.3	0.54	0.3	0.44	0.19	0.16	0.95	0.44	0.55	0.95	0.45	0.19	0.23	0.21	0.31	0.23	0.46	0.48	0	0.46	0.96	0.19	0.52	0.12	0.37	0.22	0.13	0.16	0.22	0.97	0.44	0.35	0.31	0.67	0.47	0.33	0.64	0.33	0.25
0.12	0.04	0.22	0.88	0.48	0.26	0.12	0.05	0.03	0.46	0.12	5.23	0	0.05	0.34	0.2	0.91	0.2	0.33	0.4	0.09	0.15	0.4	0.5	0.5	0.19	0.27	0.49	0.55	0.4	0.44	0.36	0.07	0.15	0.08	0.19	0.05	0.05	0.43	0.15	0.43	0.43	0.04	0.72	0.42	0.42	0.22	0.39	0.91	0.31	0.51	0.34	0.9	0.16	0.01	0.49	0.05	0.04	0.24	0.49	0.04	0.18	0.06	0.22	0.14	0.18	0.47	0.47	0.07	0.46	0.96	0.46	0.75	0.45	0.03	0.23	0.15	0.44	0.3	0	0.43	0.45	0.73	0.44	0.42	0.25	0.19	0.45	0.11	0.04	0.13	0.52	0	0.51	0.41	0.04	0.27	0.15	0.4
0.46	0.04	0.08	0.07	0.14	0.25	0.16	0.76	0.02	0.05	0.15	0.32	0.49	0.03	0.36	0.21	0.19	0.23	0.5	0.4	0.3	0.4	0.28	0.16	0.4	0.03	0.9	0.4	1.07	0.04	0.52	0.16	0.26	0.21	0.05	0.4	0.04	0.33	0.1	0.4	0.05	0.13	0.04	0.17	0.23	0.67	0.62	0.61	0.33	0.25	0.83	0.21	0.04	0.41	0.03	0.11	0.05	0.04	0.45	0.12	0.37	0.37	0.42	0.23	0.42	1.93	0.06	0.51	0.42	0.42	0.05	0.16	0.13	0.28	0.04	0.42	0.23	0.23	0.31	0.03	0	0.14	0.28	0.18	1.08	0.13	0.2	0.15	0.71	0.41	0.43	0.32	0.03	0.91	0.41	0.04	0.06	0.04	0.81
0.04	0.15	0.19	0.18	0.09	0.69	0.07	0.46	0.15	0.14	0.47	2.4	0.14	0.49	0.19	0.04	0.71	0.23	1.98	0.5	0.51	0.04	0.06	0.07	0.13	0.49	0.18	0.18	0.22	0.16	0.03	0.03	0.16	0.4	0.15	0.05	0.13	0.15	0.04	0.5	0.16	0.26	0.15	0.07	0.15	0.12	0.36	0.16	0.19	0.1	0.15	0.04	0.23	0.05	0.41	0.04	0.16	0.16	0.03	0.41	0.15	0.4	0.39	0.21	0	0.41	0.41	0.41	0.2	0.19	0.71	0.06	0.43	0.2	0.2	0.04	0.06	0.09	0.29	0.15	0.16	0	0.19	0.41	0.21	0.03	0.42	0.06	0.13	0.13	0.83	0.49	0.42	0.2	0.19	0.42	0.18	0.14	0.2
0.13	0.44	0.31	0.44	0.13	0.27	0.29	0.46	0.04	0.45	0.95	2.02	0.01	0.06	0.56	0.51	0.08	0.54	0.35	0.04	0.43	0.41	0.46	0.14	0.14	0.05	0.06	0.08	0.12	0	0.12	0.16	0.06	0.13	0.47	0.19	0.03	0.04	0.11	0.16	0.13	0.23	0.39	0.47	0.44	0.13	0.47	0.06	0.57	0.47	0.03	0.21	0.04	0.18	0	0.11	0.06	0.05	0.16	0.12	0.04	0.58	0.32	0.22	0.15	0.18	0.08	0.13	0.48	0.07	0.05	0.14	0.48	0.59	0.12	0.13	0.16	0.18	1.19	0.22	0.03	0.15	0	0.19	0.49	0.14	0.49	0.18	0.12	0.4	0.45	0.3	0.01	0.34	0.15	0.07	0.07	0.4	0.28
0.41	0.18	0.21	0.21	0.06	0.44	0.07	0.21	0.17	0.44	0.07	4.82	0.18	0.45	0.21	0.02	0.21	0.46	0.16	0.25	0.46	0.9	0.04	0.08	0.07	0.49	0.21	0.22	0.24	0.51	0.48	0.03	0.21	0.15	0.31	0	0.19	0.19	0.4	0.28	0.51	0.09	0.18	0.43	0.08	0.53	0.2	0.56	0.15	0.08	0.44	0.04	0.18	0.09	0.19	0.08	0.19	0.2	0.1	0.08	0.46	0.09	0.46	0.18	0.05	0.01	0.46	0.07	0.24	0.56	0.46	0.08	0.06	0.1	0.46	0.09	0.09	0.03	1.15	0.18	0.52	0.05	0.19	0	0.2	0.1	0	0.04	0.08	0.18	0.47	0.12	0.33	0.15	0.47	0.25	0.23	0.2	0.15
0.21	0.45	0.26	0.62	0.55	0.48	0.48	0.75	1.46	0.4	0.46	4.12	0.5	0.5	0.43	0.35	0.29	1.84	0.7	0.26	0.23	0.22	0.27	0.15	0.35	0.29	0.41	0.41	0.3	0.29	0.47	0.23	0.58	0.39	0.22	0.52	0.92	0.43	0.3	0.57	0.35	0.2	0.27	0.23	0.53	0.45	0.13	0.34	0.54	0.14	0.44	0.27	0.25	0.47	0.28	0.55	0.28	0.26	0.45	0.22	0.27	1.46	0.95	0.3	0.18	0.56	0.46	0.21	0.69	0.29	0.26	0.2	1.06	0.67	0.27	0.28	0.46	0.24	0.38	0.28	0.29	0.46	0.28	0.2	0	0.28	0.97	0.47	0.57	0.29	0.14	0.48	0.59	0.41	0.29	0.49	0.29	0.27	0.4
0.4	0.11	0.16	0.16	0.41	0.51	0.04	0.13	0.29	0.12	0.36	3.46	0.12	0.15	0.23	0.49	0.15	0.63	0.24	0.1	0.49	0.03	0.12	0.05	0.34	0.49	0.15	0.49	0.19	0.13	0.49	0.09	0.14	0.09	0.31	0.5	0.11	0.14	0.03	0.04	0.4	0.01	0.11	0.04	0.05	0.09	0.27	0.14	0.25	0.01	0.61	0.26	0.34	0.07	0.24	0.43	0.12	0.13	0.26	0.04	0.13	0.04	0.92	0.22	0.04	0.08	0.15	0.04	0.42	0.26	0.13	0.05	0.09	0.19	0.33	0	0.04	0.86	0.23	0.13	0.12	0.04	0.44	0.48	0.3	0	0.15	0.45	0.14	0.51	0.25	0.45	0.13	0.37	0.15	0.36	0.53	0.46	1.32
0.08	0.48	0.21	0.6	0.06	0.23	0.22	0.48	0.27	0.58	0.1	1.23	0.19	0.17	0.57	0.03	0.23	0.93	0.17	0.19	0.18	0.43	0.42	0.09	0.07	0.94	0.44	0.21	0.26	0.2	0.08	0.03	0.21	0.11	0.17	0.01	0.74	0.44	0.08	0.09	0.44	0.09	0.44	0.28	0.09	0.37	0.33	0.65	0.15	0.07	0.45	0.12	0.2	0.1	0.19	0.72	0.2	0.19	0.03	0.09	0.19	0.49	0.56	0.19	0.19	0.01	0.4	0.08	0.57	0.21	0.47	0.09	0.11	0.27	0.18	0.11	0.09	0.01	0.13	0.43	0.57	0.1	0.47	0.4	0.6	0.1	0	0.04	0.08	0.18	0.47	0.97	0.48	0.15	0.86	0.2	0.31	0.98	0.15
0.04	0.55	0.47	0.71	0.19	0.67	0.04	0.16	0.15	0.23	0.06	7.32	0.18	0.27	0.39	0.06	0.21	0.49	0.21	0.69	0.32	0.32	0.11	0.24	0.1	0.14	0.16	0.18	0.49	0.49	0.07	0.09	0.49	0.03	0.29	0.04	0.16	0.49	0.05	0.06	0.16	0.08	0.49	0.08	0.74	0.09	0.17	0.33	0.49	0.18	0.17	0.08	0.17	0.08	0.19	0.49	0.22	0.5	0.09	0.08	0.16	0.5	0.16	0.15	0.06	0.05	0.19	0.05	0.18	0.17	0.16	0.04	0.09	0.15	0.18	0.4	0.07	0.39	0.46	0.38	0.15	0.06	0.19	0.04	0.41	0.09	0.04	0	0.07	0.41	0.8	0.46	0.41	0.6	0.19	0.15	0.19	0.19	0.24
0.34	0.76	0.16	0.41	0.41	0.31	0.41	0.71	0.29	0.11	0.13	0.66	0.41	0.11	0.46	0.07	0.13	0.49	0.56	0.46	0.2	0.04	0.46	0.04	0.3	0.11	0.13	0.46	0.17	0.12	0	0.1	0.14	0.09	0.12	0.08	0.46	0.12	0.01	0.04	0.1	0.03	0.1	0.27	0.41	1.47	0.57	0.61	0.31	0	0.52	0.08	0.12	0.06	0.12	0.01	0.12	0.1	0.05	0.01	0.11	0.47	0.13	0.16	0.04	0.08	0.57	0.02	0.13	0.12	0.1	0.04	0.73	0.24	0.47	0.03	0.04	0.07	0.23	0.12	0.12	0.03	0.12	0.08	0.22	0.03	0.08	0.07	0	0.37	0.03	0.68	0.74	0.24	0.53	0.28	0.48	0.12	0.23
0.12	0.43	0.63	0.05	0.12	0.24	0.44	0.03	0	0.41	0.11	8.39	0.03	0.01	0.7	0.22	0.05	0.59	0.35	0.04	0.06	0.15	0.45	0.5	0.14	0.3	0.04	0.05	0.09	0.04	0.41	0.5	0.03	0.39	0.09	0.18	0.02	0.4	0.4	0.62	0.03	0.1	0.4	0.54	0.39	0.3	0.48	0.9	0.33	0.19	0.4	0.2	0.02	0.4	0.04	0.09	0.4	0.03	0.4	0.1	0.02	0.12	0.04	0.4	0.28	0.18	0.05	0.12	0.3	0.9	0.04	0.16	0.18	0.49	0.4	0.12	0.2	0.86	0.31	0.04	0.01	0.16	0.4	0.18	0.27	0.12	0.19	0.4	0.1	0	0.14	0.4	0.4	0.7	0.05	0.03	0.26	0.9	0.2
0.1	0.14	0.17	0.18	0.21	0.3	0.02	0.14	0.13	0.14	0.03	5.91	0.13	0.4	0.24	0.09	0.17	1.01	0.51	0.43	0.56	0.04	0.41	0.01	0.02	0.51	0.46	0.16	0.41	0.15	0.26	0.41	0.15	0.01	0.15	0.08	0.15	0.24	0.03	0.42	0.17	0.04	0.52	0.4	0.42	0.01	0.15	0.25	0.21	0.42	0.13	0.42	0.14	0.06	0.42	0.42	0.52	0.35	0.07	0.04	0.13	0.22	0.43	0.41	0.33	0.43	0.15	0.42	0.53	0.16	0.43	0.01	0.04	0.19	0.93	0.04	0.09	0.32	0.44	0.18	0.15	0.04	0.43	0.37	0.14	0.05	0.08	0.04	0.06	0.12	0	0.18	0.13	0.23	0.17	0.46	0.17	0.15	0.23
0.19	0.55	0.32	0.34	0.48	0.12	0.19	0.61	0.49	0.49	0.29	1.56	0.3	0.41	0.71	0.14	0.34	0.42	0.05	0.41	0.31	0.51	0.29	0.18	0.91	0.3	0.41	0.32	0.34	0.41	0.61	0.61	0.41	0.17	0.62	0.12	0.41	0.33	0.41	0.21	0.32	0.41	0.61	0.61	0.19	0.43	0.31	0.51	0.41	0.25	0.29	0.19	0.46	0.61	0.43	0.41	0.71	6.61	0.41	0.2	0.32	0.59	0.61	0.31	0.6	0.4	0.44	0.19	0.9	0.56	0.32	0.9	0.4	0.07	0.99	0.2	0.5	0.13	0.21	0.59	0.56	0.49	0.3	0.12	0.36	0.59	0.12	0.48	0.2	0.48	0.18	0	0.3	0.11	0.48	0.48	0.98	0.48	0.09
0.41	0.41	0.1	0.45	0.41	0.51	0.12	0.41	0.03	0.31	0.12	1.81	0	0.11	0.41	0.2	0.07	0.51	0.42	0.03	0.15	0.15	0.54	0.14	0.14	0.29	0.42	0.38	0.43	0.01	0.11	0.42	0.05	0.13	0.44	0.18	0.03	0.43	0.19	0.15	0.05	0.48	0.43	0.11	0.27	0.17	0.43	0.43	0.32	0.44	0.03	0.2	0.43	0.43	0.01	0.43	0.05	0.12	0.45	0.12	0.44	0.51	0.44	0.22	0.15	0.18	0.07	0.12	0.07	0.44	0.94	0.44	0.45	0.28	0.14	0.85	0.45	0.17	0.45	0.02	0.41	0.19	0.21	0.18	0.45	0.14	0.46	0.18	0.46	0.04	0.46	0.3	0	0.46	0.07	0.04	0.76	0.05	0.67
0.23	0.32	0.95	0.44	0.44	0.15	0.45	0.97	0.37	0.45	0.22	1.49	0.33	0.42	1.01	0.17	0.36	0.41	0.05	0.72	0.33	0.22	0.18	0.23	0.23	0.43	0.35	0.64	0.63	0.43	0.23	0.53	0.44	0.21	0.32	0.54	0.33	0.34	0.22	0.94	0.49	0.22	0.35	0.26	0.23	0.47	0.35	0.45	0.44	0.22	0.45	0.18	0.55	0.55	0.45	0.23	0.34	0.34	0.18	0.56	0.46	0.47	0.46	0.35	0.2	0.97	0.36	0.23	0.78	0.35	0.37	0.23	0.55	0.48	0.58	0.23	0.48	0.16	0.98	0.91	0.35	0.2	0.48	0.15	0.58	0.23	0.48	0.48	0.48	0.34	0.23	0.68	0.49	0	1.19	0.69	0.49	0.34	0.49
0.14	0.04	0.42	0	0.18	0.22	0.15	0.05	0.05	0.57	0.32	1.38	0.71	1.29	0.51	0.62	0.03	0.49	0.49	0.18	0.31	0.18	0.22	0.25	0.33	0.08	0.4	0.07	0.13	0.08	0.13	0.41	0.05	0.15	0.28	0.24	0.05	0.41	0.13	0.23	0.2	0.36	0.25	0.37	0.42	0.15	0.23	0.05	0.44	0.13	0.2	0.31	1.43	0.23	0.08	0.29	0.06	0.44	0.18	0.13	0.45	0.17	0.26	0.36	0.3	0.26	0.03	0.38	0.42	0.75	0.45	0.18	0.15	0.31	0.06	0.16	0.23	0.21	0.32	0.73	0.07	0.34	0.08	0.46	0.3	0.46	0.67	0.19	0.47	0.05	0.18	0.34	0.07	1.04	0	0.43	0.01	0.48	0.32
0.12	0	0.1	0.05	0.14	0.24	0.43	0.02	0.02	0.97	0.12	1.03	0.04	0.04	0.7	0.22	0.15	0.37	0.21	0.02	0.06	0.15	0.19	0.16	0.15	0.41	0.03	0.05	0.11	0.05	0.46	0.41	0.29	0.13	0.05	0.42	0.23	0.24	0.92	0.21	0.03	0.42	0.02	0.12	0.51	0.15	0.2	0.23	0.33	0.17	0.02	0.93	0.01	0.18	0.25	0.1	0.54	0.01	0.15	0.44	0.03	0.44	0.03	0.45	0.16	0.16	0.05	0.12	0.45	0.04	0.03	0.55	0.21	0.27	0.15	0.11	0.46	0.17	0.67	0.47	0.04	0.14	0.05	0.2	0.27	0.49	0.2	0.18	0.12	0.03	0.15	1.48	0.04	0.32	0.05	0	0.05	0.02	0.48
0.5	0.04	0.49	0.01	0.16	0.21	0.2	1	0.05	0.05	0.38	7.24	0.43	0.43	0.53	0.93	0.43	0.36	0.28	0.44	0.44	0.18	0.44	0.17	0.16	0.08	0.13	0.44	0.13	0.08	0.14	0.95	0.05	0.15	0.07	0.21	0.31	0.05	0.14	0.24	0.05	0.13	0.09	0.15	0.33	0.15	0.23	0.33	0.47	0.12	0.47	0.22	0.04	0.21	0.21	0.14	0.05	0.04	0.17	0.14	0.06	0.17	0.02	0.7	0.91	0.4	0.04	0.5	0.21	0.06	0.05	0.41	0.16	0.91	0.06	0.14	0.23	0.43	0.43	0.07	0.06	0.53	0.43	0.23	0.66	0.14	0.24	0.44	0.14	0.05	0.52	0.95	0.07	0.46	0.49	0.05	0	0.04	0.55
0.29	0.02	0.1	0.44	0.25	0.23	0.12	0.03	0.03	0.03	0.45	9.71	0.04	0.08	0.36	0.21	0.2	0.47	0.47	0.15	0.06	0.16	0.22	0.17	0.14	0	0.03	0.05	0.12	0.05	0.13	0.5	0.03	0.14	0.05	0.2	0.02	0.71	0.1	0.21	0.06	0.12	0.01	0.12	0.17	0.31	0.21	0.03	0.33	0.12	0.03	0.19	0.02	0.17	0.05	0.1	0.03	0.01	0.99	0.49	0.03	0.12	0.03	0.49	0.28	0.5	0.25	0.14	0.12	0.04	0.03	0.16	0.5	0.5	0.4	0.13	0.4	0.17	0.31	0.04	0.04	0.4	0.05	0.4	0.27	0.14	1	0.41	0.12	0.03	0.49	0.6	0.05	0.44	0.7	0.37	0.05	0	0.19
0.51	0.42	0.43	0.62	0.23	0.19	0.22	0.95	0.42	0.6	0.23	0.87	0.86	0.45	0.55	0.18	0.55	0	0.04	0.18	0.65	0.62	0.19	0.96	0.96	0.47	0.5	0.22	0.42	0.28	0.48	0.17	0.49	0.52	0.38	0.15	0.18	0.38	0.69	0.24	0.19	0.5	0.19	0.25	0.4	0.23	0.34	0.91	0.41	0.99	0.61	0.42	0.54	0.28	0.51	1.08	0.41	0.52	0.42	0.52	0.2	0.63	0.43	0.34	0.25	0.19	0.21	0.56	0.22	0.21	0.18	0.54	0.41	0.1	0.19	0.64	0.25	1.77	0.25	0.45	0.21	0.2	0.97	0.46	0.4	0.25	0.15	0.19	0.23	0.22	0.21	0.09	0.66	0.39	0.22	0.47	0.44	0.48	0.01
