0	0.11	0.15	0.61	0.13	0.3	0	0.12	0.12	2.35	0.19	6.08	0.44	0.28	0.25	0.09	0.29	0.52	0.45	0.12	0.12	0.03	0.08	0.14	0.55	0.12	0.13	0.37	0.18	0.45	0.02	0.04	0.12	0.02	0.19	0.07	0.12	0.12	0.36	0.1	0.45	0.03	0.38	0.04	0.03	0.02	0.15	0.14	0.46	0.02	0.1	0.46	0.11	0.06	0.56	0.19	0.15	0.11	0.19	0.02	0.1	0.46	0.46	0.52	0.03	0.07	0.18	0	0.46	0.13	0.39	0.19	0.47	0.18	0.1	0.04	0.45	0.12	0.47	0.12	0.23	0.47	0.12	0.07	0.21	0.07	0.47	0.08	0.02	0.11	0.02	0.19	0.12	0.47	0.57	0.13	0.32	0.11	0.41
0.14	0	0.1	0.05	0.53	0.25	0.15	0.02	0.02	0.91	0.11	4.18	0.04	0.02	0.38	0.21	0.04	0.46	0.22	0.02	0.06	0.14	0.57	0.14	0.97	0.47	0.26	0.04	0.47	0.38	0.1	0.16	0.02	0.47	0.04	0.5	0.02	0.13	0.1	0.2	0.02	0.12	0.01	0.16	0.15	0.48	0.48	0.58	0.33	0.09	0.02	0.19	0.01	0.18	0.05	0.32	0.22	0.02	0.48	0.12	0.02	0.98	0.03	0.21	0.15	0.19	0.04	0.49	0.04	0.03	0.03	0.15	0.49	0.47	0.02	0.12	0.23	0.41	0.32	0.04	0.04	0.15	0.05	0.35	0.5	0.9	0.57	0.16	0.41	0.02	0.41	0.41	0.41	0.32	0.04	0	0.41	0.28	0.19
0.52	0.1	0	0.1	0.16	0.36	0.15	0.11	0.07	1.32	0.42	1.77	0.09	0.08	0.38	0.22	0.36	0.41	0.29	0.08	0.61	0.17	0.19	0.41	0.96	0.06	0.1	0.11	0.91	0.41	0.14	0.61	0.11	0.16	0.09	0.21	0.41	0.3	0.15	0.19	0.72	0.15	0.23	0.15	0.41	0.2	0.31	0.09	0.49	0.48	0.52	0.22	0.09	0.21	0.1	0.48	0.49	0.42	0.23	0.14	0.09	0.86	0.09	0.28	0.42	0.21	0.73	0.15	0.43	0.11	0.08	0.17	0.18	0.3	0.07	0.18	0.34	0.54	0.47	0.1	0.08	0.18	0.11	0.21	0.92	0.42	0.21	0.49	0.16	0.09	0.47	0.39	0.13	0.34	0.48	0.09	0.46	0.1	0.34
0.93	0.05	0.1	0	0.18	1.34	0.17	0.05	0.44	2.28	0.47	1.49	0.07	0.98	0.39	0.24	0.04	0.98	0.41	0.26	0.18	0.19	0.49	1.35	0.49	0.08	0.2	0.07	0.5	0.08	0.5	0.4	0.5	0.17	0.11	0.51	0.05	0.41	0.51	0.25	0.41	1.01	0.04	0.19	0.59	0.16	0.23	0.06	0.52	0.13	0.43	1.03	0.42	0.21	0.08	0.64	0.09	0.2	0.21	0.44	0.44	0.13	0.02	0.54	0.46	0.19	0.04	0.15	0.03	0.06	0.45	0.55	0.45	0.46	0.06	0.46	0.46	0.19	0.33	0.07	0.46	0.21	0.47	0.22	0.29	0.17	0.21	0.26	0.13	0.05	0.16	0.99	0.49	0.89	0	0.05	0.01	0.16	0.22
0.02	1	0.5	0.26	0	0.29	0.1	0.42	0.11	0.92	0.02	1.69	0.13	0.14	0.28	0.13	0.15	0.23	0.43	0.14	0.15	0.09	0.14	0.02	0.01	0.33	0.14	0.31	0.18	0.14	0.46	0.1	0.13	0	0.13	0.06	0.49	0.49	0.12	0.09	0.14	0.13	0.22	0.24	0.37	0.05	0.23	0.14	0.2	0.11	0.41	0.12	0.13	0.08	0.14	0.02	0.13	0.39	0.24	0.1	0.13	0.42	0.14	0.13	0.37	0.76	0.15	0.02	0.31	0.48	0.44	0.2	0.46	0.22	0.46	0.46	0.09	0.23	0.24	0.13	0.13	0.47	0.41	0.06	0.15	0.1	0.06	0.4	0.1	0.12	0.09	0.31	0.37	0.5	0.17	0.15	0.15	0.13	0.23
0.63	0.25	0.73	0.58	0.29	0	0.3	0.49	0.26	0.95	0.31	2.49	0.28	0.47	0.99	0.39	0.49	0.39	0.48	0.26	0.33	0.31	0.27	0.41	0.9	0.4	0.22	0.28	0.3	0.43	0.68	0.25	0.26	0.54	0.29	0.44	0.44	0.94	0.44	0.32	0.26	0.44	0.38	0.33	0.58	0.29	0.42	0.53	0.49	0.29	0.26	0.65	0.25	0.5	0.29	0.31	0.26	0.25	0.25	0.4	0.46	0.58	0.26	0.42	0.43	0.4	0.24	0.31	0.24	0.27	0.4	0.4	0.29	0.4	0.49	0.31	0.64	0.24	0.51	0.5	0.27	0.41	0.29	0.23	0.48	0.31	0.56	0.9	0.4	0.26	0.3	0.34	0.82	0.15	0.24	0.26	0.24	0.25	1.2
0.01	0.29	0.15	0.59	0.02	0.31	0	0.46	0.13	1.28	0.28	11.1	0.12	0.1	0.74	0.09	0.44	0.25	0.53	0.74	0.12	0.03	0.14	0.1	0.03	0.16	0.13	0.17	0.24	0.44	0.02	0.04	0.33	0.13	0.11	0.08	0.11	0.84	0.01	0.44	0.19	0.11	0.11	0.03	0.03	0.91	0.94	0.14	0.22	0.02	0.33	0.08	0.11	0.05	0.45	0.02	0.12	0.12	0.75	0.02	0.45	0.8	0.14	0.15	0.03	0.46	0.15	0	0.66	0.15	0.11	0.03	0.08	0.46	0.26	0.04	0.1	0.27	0.57	0.47	0.47	0.03	0.13	0.07	0.47	0.41	0.08	0.04	0.07	0.11	0.68	0.19	0.8	0.34	0.14	0.12	0.14	0.12	0.22
0.12	0.44	0.11	0.07	0.15	0.26	0.39	0	0.02	0.25	0.17	2.21	0.05	0.15	0.79	0.57	0.05	0.32	0.48	0.03	0.05	0.15	0.21	0.32	0.16	0.03	0.04	0.02	1.19	0.06	0.44	0.48	0.01	0.14	0.05	0.42	0.03	0.29	0.49	0.21	0.03	0.12	0.03	0.49	0.36	0.52	0.22	0.29	0.43	0.11	0.04	0.41	0.02	0.16	0.06	0.41	0	0.03	0.17	0.27	0.3	0.49	0.28	0.22	0.16	2.19	0.05	0.13	0.05	0.02	0.04	0.16	0.72	0.28	0.06	0.12	0.42	0.25	0.58	0.05	0.05	0.2	0.06	0.19	0.28	0.42	0.4	0.49	0.12	0.03	0.14	0.3	0.05	0.34	0.4	0.4	0.05	0.03	2.26
0.5	0.13	0.07	0.19	0.12	0.29	0.5	0.02	0	0.25	0.11	0.53	0.03	0.01	0.4	0.19	0.05	0.39	0.41	0.28	0.06	0.49	0.91	0.41	0.13	0.14	0.03	0.21	0.09	0.42	0.09	0.17	0.03	0.13	0.06	0.43	0.02	0.02	0.39	0.25	0.07	0.94	0.03	0.15	0.26	0.12	0.21	0.44	0.34	0.68	0.43	0.44	0.44	0.17	0.04	0.41	0.02	0.03	0.17	0.76	0.02	0.38	0.03	0.46	0.28	0.18	0.04	0.29	0.05	0.03	0.03	0.45	0.11	0.27	0.46	0.12	0.21	0.17	0.32	0.27	0.02	0.14	0.04	0.46	0.63	0.2	0.19	0.14	0.56	0.46	0.45	0.29	0.46	0.34	0.05	0.38	0.05	0.03	0.2
2.16	2.08	1.58	1.08	0.56	0.75	0.81	1.85	2.03	0	2.07	12	1.89	1.39	0.5	0.4	0.05	1.59	0.35	0.17	0.49	1.73	2.17	1.82	1.97	2	2.59	2.34	2.75	2.25	2.64	2.31	1.81	1.8	0.87	0.48	0.78	2.41	2.09	2.31	2.2	2.29	2.1	2.31	1.82	1.31	0.82	1.56	0.64	1.89	1.6	1.25	0.85	0.75	0.41	2.16	1.64	1.16	1.52	2.32	1.93	0.67	1.32	2.33	1.59	1.19	2.38	2.25	1.58	1.43	0.94	0.94	0.6	0.93	0.78	0.51	0.93	1.54	1.58	1.54	1.61	2.22	2.16	2.44	2.44	2.26	2.64	2.64	2.26	1.79	0.94	0.52	0.78	1.95	1.62	1.81	1.93	2.55	2.56
0.39	0.11	0.45	0.22	0.02	0.31	0.17	0.12	0.14	1.48	0	13.1	0.11	0.35	0.48	0.1	0.37	0.48	0.22	0.13	0.12	0.59	0.08	0.03	0.03	0.48	0.16	0.14	0.18	0.13	0.01	0.03	0.48	0.02	0.11	0.08	0.11	0.13	0.01	0.03	0.14	0.02	0.12	0.04	0.04	0.2	0.15	0.49	0.22	0.02	0.12	0.07	0.49	0.06	0.62	0.02	0.49	0.13	0.03	0.02	0.12	0.02	0.15	0.6	0.03	0.4	0.14	0.06	0.14	0.14	0.13	0.03	0.21	0.18	0.4	0.03	0.03	0.06	1.1	0.11	0.12	0.02	0.12	0.07	0.5	0.03	0.08	0.41	0.41	0.12	0.03	0.19	0.12	0.92	0.51	0.21	0.19	0.29	0.37
2.53	0.51	4.09	0.79	1.15	5.34	0.21	1.69	3.55	2.92	5.85	6	1.92	0.45	0.78	1.4	9.58	0.45	0.97	1.51	4.26	0.22	13.5	0.2	1.54	1.54	0.49	1.5	7.51	4.25	0.23	1.33	1.84	1.48	0.84	0.53	0.35	0.41	0.22	0.23	0.91	0.41	9.15	3.86	0.2	2.16	3.48	8.22	0.01	3.36	9.98	0.47	3.69	3.32	6.22	0.21	1.49	0.35	0.31	0.4	0.83	2.87	2.88	0.32	0.41	1	3.04	3.35	0.35	0.47	1.17	0.85	6.56	2.13	0.31	0.63	2.36	10.2	0.41	0.47	0.47	1.24	6.23	1.91	0.38	2.49	11.4	0.17	0.23	1.3	1.44	1.44	7.83	1.26	0.76	1.37	7.88	2.88	0.61
0.12	0.04	0.09	0.07	0.4	0.28	0.11	0.05	0.08	2.01	0.4	9.9	0	0.05	0.66	0.53	0.12	2	0.33	0.03	0.09	0.15	0.55	0.14	0.5	0.05	0.07	0.07	0.44	0.01	0.4	0.15	0.17	0.13	0.44	0.4	0.02	0.05	0.11	0.15	0.04	0.11	0.04	0.34	0.51	0.51	0.92	0.42	0.41	0.41	0.03	0.38	0.03	0.15	0.01	0.1	0.93	0.41	0.16	0.11	0.04	0.12	0.41	0.22	0.49	0.57	0.07	0.11	0.42	0.06	0.04	0.14	0.14	0.27	0.35	0.13	0.15	0.16	0.31	0.09	0.03	0.18	0.01	0.18	0.28	0.13	0.18	0.18	0.11	0.04	0.56	0.43	0	0.34	0.07	0.04	0.46	0.04	0.46
0.1	0.02	0.45	0.43	0.13	0.56	0.36	0.03	0.33	2.86	0.12	4.04	0.05	0	0.36	0.45	0.05	0.44	0.47	0.04	0.45	0.13	0.28	0.14	0.43	0.01	0.03	0.05	0.11	0.14	0.46	0.14	0.03	0.11	0.38	0.17	0.03	0.18	0.51	0.19	0.04	0.12	0.47	0.14	0.51	0.47	0.23	0.32	0.33	0.1	0.04	0.48	0.03	0.16	0.06	0.48	0.03	0.04	0.14	0.15	0.01	0.12	0.03	0.49	0.49	0.19	0.49	0.1	0.05	0.04	0.05	0.49	0.72	0.49	0.02	0.5	0.4	0.17	0.6	0.13	0.12	0.17	0.06	0.55	1.41	0.9	0.2	0.61	0.41	0.01	0.26	0.3	0.05	0.91	0.41	0.41	0.08	0.04	2.31
0.4	0.37	0.37	0.4	0.63	0.12	0.25	0.46	0.35	2.07	0.6	0.63	0.34	0.52	0	0.16	0.39	0.44	1.85	0.36	0.37	0.44	0.37	0.55	0.25	0.36	0.4	0.45	0.84	1.65	0.35	0.18	0.57	0.54	0.59	0.18	0.36	0.46	1.08	0.27	0.38	0.27	0.37	0.28	0.63	0.28	0.45	0.65	0.33	0.52	0.95	0.45	0.45	0.26	0.45	0.4	0.45	0.38	0.18	0.23	0.38	0.31	0.45	0.49	0.19	0.45	0.4	0.25	0.39	0.39	0.65	0.25	0.34	0.55	0.37	0.22	0.27	0.22	0.04	0.56	0.37	0.19	0.35	0.18	0.43	0.45	0.18	0.22	0.23	0.46	0.45	0.54	0.46	0.48	0.56	0.86	0.96	0.47	0.25
0.1	0.44	0.22	0.27	0.13	0.25	0.45	0.23	0.19	1.84	0.1	11.8	0.4	0.5	0.16	0	0.24	0.68	0.51	0.2	0.2	0.08	0.35	0.81	0.09	0.19	0.21	0.42	0.82	0.62	0.46	0.03	0.82	0.42	0.48	0.02	0.21	0.52	0.83	0.64	0.23	0.43	0.22	0.14	0.09	0.13	0.44	0.57	0.17	0.31	0.44	0.03	0.22	0.12	0.56	0.1	0.49	0.46	0.03	0.46	0.2	0.19	0.23	0.21	0.52	0.01	0.34	0.1	0.47	0.31	0.47	0.09	0.16	0.13	0.58	0.07	0.11	0.04	0.48	0.2	0.48	0.11	0.21	0.14	0.48	0.08	0.03	0.29	0.07	0.21	0.09	0.59	0.2	0.5	0.26	0.22	0.5	0.57	0.18
0.14	0.18	0.11	0.04	0.15	0.24	0.14	0.05	0.05	0.99	0.49	5.15	0.07	0.05	0.39	0.58	0	0.43	0.32	0.05	0.08	0.36	0.22	0.19	0.18	0.05	0.01	0.38	0.14	0.08	0.14	0.46	0.05	0.15	0.06	0.21	0.29	0.05	0.13	0.23	0.35	0.15	0.3	0.47	0.18	0.43	0.23	0.05	0.37	0.12	0.05	0.22	0.04	0.2	0.08	0.14	0.05	0.04	0.48	0.2	0.05	0.15	0.02	0.49	0.42	1.91	0.03	0.14	0.49	0.06	0.06	0.49	0.99	0.49	0.06	0.14	0.3	0.4	0.7	0.07	0.07	0.26	0.4	0.38	0.29	0.14	0.4	0.18	0.53	0.05	0.17	0.35	0.07	0.42	0.4	0.05	0.04	0.42	1.73
0.25	1.07	0.68	0.58	0.48	0.11	0.42	0.2	0.19	2.07	0.25	0.69	0.23	0.47	0.44	0.74	0.22	0	0.04	0.55	0.73	0.25	0.21	0.46	0.24	0.45	0.2	0.56	0.39	0.32	0.64	0.2	0.46	0.45	1.55	0.18	0.18	0.96	0.25	0.27	0.19	0.25	0.46	0.27	0.25	0.44	0.77	0.41	0.57	0.47	0.45	0.22	0.18	0.27	0.21	0.45	0.2	0.57	0.57	0.26	0.2	0.53	0.21	0.36	0.23	0.58	0.21	0.62	0.22	0.21	0.48	0.67	0.3	0.97	0.19	0.26	0.27	0.57	0.47	0.2	0.21	0.29	0.21	0.18	0.48	0.48	0.18	0.22	0.26	0.34	0.48	0.09	0.2	0.06	0.22	0.19	0.78	0.36	0
0.22	0.59	0.29	0.51	0.22	0.11	0.23	0.32	0.47	2.21	0.22	0.61	0.71	0.36	0.41	0.16	0.31	0.04	0	0.24	0.37	0.21	0.19	0.29	0.51	0.34	0.29	0.33	0.76	0.34	0.23	0.19	0.31	0.21	0.34	0.17	0.24	1	0.23	0.26	0.27	0.22	0.23	0.47	0.44	0.22	0.35	0.58	0.32	0.23	0.38	0.3	1.26	0.5	0.72	0.24	0.32	0.58	0.49	0.54	0.34	0.4	0.29	0.35	1.53	0.43	0.3	0.38	0.32	0.31	0.25	0.23	0.53	0.05	0.39	0.22	0.23	0.18	0.44	0.34	0.34	0.42	0.45	0.26	0.41	0.23	0.18	0.61	0.22	0.35	0.23	0.05	0.34	0.06	0.68	0.23	0.47	0.23	0.04
0.18	0.13	0.08	0.05	0.44	0.64	0.11	0.43	0.44	0.99	0.13	6.51	0.03	0.04	0.36	0.5	0.05	0.89	0.24	0	0.06	0.49	0.5	0.49	0.2	0.04	0.03	0.05	0.59	0.04	0.12	0.17	0.03	0.49	0.04	0.19	0.01	0.01	0.09	0.5	0.6	0.11	0.02	0.14	0.14	0.4	0.19	0.48	0.4	0.4	0.4	0.19	0.01	0.17	0.4	0.98	0.31	0.4	0.18	0.1	0.03	0.5	0.41	0.2	0.16	0.15	0.05	0.41	0.11	0.04	0.01	0.14	0.51	0.27	0.02	0.92	0.21	2.1	0.42	0.42	0.04	0.14	0.42	0.18	0.25	0.12	0.42	0.42	0.42	0.42	0.13	0.31	0.42	0.42	0.42	0.42	0.04	0.04	0.52
0.49	0.36	0.11	0.49	0.15	0.3	0.12	0.06	0.06	1.83	0.12	3.69	0.08	0.06	0.93	0.43	0.24	0.93	0.43	0.07	0	0.38	0.4	0.15	0.17	0.13	0.06	0.43	0.15	0.09	0.13	0.43	0.06	0.15	0.01	0.43	0.43	0.06	0.12	0.18	0.43	0.14	0.23	0.13	0.16	0.44	0.83	0.44	0.38	0.14	0.12	0.29	0.05	0.18	0.09	0.13	0.05	0.27	0.15	0.13	0.44	0.24	0.06	0.44	0.17	0.19	0.07	0.45	0.18	0.07	0.45	0.16	1.16	0.33	0.46	0.15	0.18	0.19	0.47	0.41	0.06	0.42	0.12	0.47	0.23	0.15	0.57	0.18	0.48	0.06	0.18	0.48	0.09	0.49	0.48	0.06	0.09	0.06	0.48
0.03	0.16	0.17	0.21	0.09	0.55	0.03	0.15	0.13	1.51	0.03	12.3	0.15	0.14	0.48	0.4	0.2	1.31	0.4	0.16	0.28	0	0.4	0.04	0.05	0.5	0.17	0.17	0.41	0.33	0.04	0.04	0.39	0.33	0.61	0.51	0.51	0.91	0.41	0.03	0.24	0.42	0.16	0.38	0.41	0.16	0.31	0.41	0.22	0.03	0.39	0.07	0.15	0.4	0.16	0.05	0.18	0.55	0.04	0.04	0.15	1.05	0.15	0.41	0.03	0.09	0.17	0.06	0.23	0.16	0.15	0.05	0.09	0.2	0.5	0.04	0.03	0.06	0.61	0.48	0.15	0.65	0.16	0.07	0.46	0.04	0.08	0.08	0.04	0.15	0.04	0.19	0.15	0.22	0.22	0.14	0.18	0.39	0.44
0.08	0.46	0.19	0.46	0.14	0.46	0.45	0.2	0.19	0.97	0.57	2.25	0.4	0.19	0.4	0.2	0.23	0.4	0.19	0.41	0.41	0.08	0	0.41	0.09	0.19	0.61	0.41	0.25	0.51	0.08	0.05	0.2	0.41	0.17	0.41	0.41	0.19	0.42	0.06	0.52	0.42	0.42	0.11	0.5	0.92	0.25	0.45	0.18	0.05	0.9	0.01	0.2	0.11	0.21	0.33	0.43	0.27	0.05	0.09	0.2	0.46	0.22	0.21	0.05	0.03	0.21	0.08	0.23	0.2	0.21	0.09	0.44	0.14	0.44	0.08	0.45	0.22	0.45	0.55	0.2	0.09	0.21	0.04	0.45	0.45	0.04	0.11	0.17	0.18	0.46	0.15	0.86	0.46	0.23	0.21	0.48	0.46	0.31
0.03	0.6	0.53	0.16	0.01	0.3	0.18	0.17	0.12	2.19	0.03	3.19	0.14	0.42	0.56	0.09	0.19	0.54	0.53	0.17	0.17	0.43	0.09	0	0.36	1.03	0.15	0.43	0.22	0.43	0.04	0.05	0.14	0.01	0.14	0.09	0.14	0.13	0.03	0.1	0.18	0.04	0.43	0.05	0.01	0.09	0.16	0.16	0.58	0.94	0.23	0.42	0.15	0.06	0.14	0.03	0.44	0.15	0.59	0.32	0.14	0.75	0.45	0.13	0.32	0.56	0.16	0.33	0.16	0.76	0.34	0.01	0.03	0.19	0.45	0.05	0.09	0.16	0.19	0.14	0.46	0.43	0.76	0.08	0.14	0.47	0.2	0.2	0.04	0.14	0.01	0.21	0.14	0.23	0.57	0.32	0.16	0.14	0.22
0.03	0.13	0.47	0.18	0.01	0.3	0.03	0.48	0.15	1.77	0.03	0.45	0.14	0.12	0.25	0.09	0.16	0.25	0.48	0.17	0.15	0.05	0.09	0.02	0	0.48	0.16	0.16	0.23	0.49	0.04	0.05	0.49	0.01	0.14	0.08	0.49	0.99	0.03	0.09	0.17	0.04	0.17	0.07	0.06	0.8	0.84	0.2	0.21	0.4	0.13	0.09	0.15	0.08	0.14	0.03	0.15	0.41	0.15	0.04	0.15	0.32	0.16	0.41	0.05	0.07	0.17	0.03	0.19	0.43	0.51	0.03	0.51	0.19	0.61	0.05	0.09	0.33	0.2	0.42	0.14	0.05	0.15	0.07	0.42	0.05	0.26	0.15	0.42	0.52	0.02	0.44	0.43	0.23	0.19	0.43	0.48	0.15	0.23
0.1	0.45	0.06	0.08	0.14	0.75	0.12	0.03	0.01	0.45	0.12	12.6	0.05	0.04	0.36	0.43	0.05	0.21	0.54	0.4	0.05	0.44	0.53	0.5	0.94	0	0.04	0.05	0.44	0.44	0.11	0.51	0.03	0.11	0.18	0.44	0.93	0.04	0.64	0.21	0.04	0.14	0.03	0.44	0.28	0.11	0.22	0.09	0.44	0.09	0.44	0.16	0.03	0.19	0.05	0.1	0.03	0.03	0.16	0.1	0.02	1.01	0.04	0.22	0.37	0.15	0.05	0.1	0.05	0.04	0.05	0.14	0.13	0.28	0.02	0.31	0.24	0.54	0.44	0.44	0.03	0.44	0.45	0.2	0.28	0.45	0.2	0.17	0.13	0.01	0.15	0.56	0.05	0.45	0.08	0	0.08	0	0.21
0.45	0.75	0.45	0.12	0.14	0.45	0.14	0.04	0.03	0.97	0.16	6.89	0.06	0.03	0.47	0.23	0.47	0.2	0.29	0.47	0.18	0.17	0.22	0.24	0.15	0.04	0	0.06	0.48	0.07	0.43	0.18	0.04	0.58	0.05	0.27	0.03	0.09	0.13	0.22	0.04	0.14	0.03	0.18	0.4	0.5	0.68	0.25	0.48	0.17	0.04	0.2	0.02	0.48	0.06	0.12	0.03	0.03	0.16	0.13	0.04	0.15	0	0.22	0.15	0.17	0.02	0.49	0.04	0.05	0.04	0.18	0.14	1	0.35	0.14	0.23	0.4	0.32	0.4	0.05	0.46	0.8	0.19	0.91	0.4	0.21	0.18	0.12	0.04	0.16	0.32	0.06	0.91	0.41	0.03	0.41	0.03	0.2
0.15	0.49	0.12	0.49	0.49	0.27	0.14	0.02	0.04	1.66	0.14	5.34	0.07	0.05	0.78	0.24	0.07	0.49	0.87	0.05	0.22	0.48	0.24	0.47	0.16	0.48	0.05	0	1.64	0.08	0.14	0.58	0.02	0.15	0.92	0.98	0.05	0.23	0.14	0.24	0.05	0.15	0.05	0.18	0.18	0.47	1.48	0.98	0.37	0.13	0.05	0.21	0.04	0.6	0.48	0.68	0.02	0.05	0.44	0.13	0.05	0.15	0.05	0.88	0.17	0.18	0.22	0.48	0.07	0.02	0.06	0.16	0.17	0.31	0.99	0.17	0.23	0.21	0.35	0.07	0.07	0.48	0.08	0.2	0.7	0.14	0.54	0.49	0.13	0.05	0.49	0.33	0.07	0.71	0.07	0.04	0.52	0.05	0.26
0.17	0.49	0.15	0.13	0.18	0.3	0.17	0.1	0.09	1.91	0.48	8.36	0.12	0.12	0.7	0.33	0.43	0.46	0.73	0.13	0.43	0.51	0.39	0.2	0.43	0.08	0.11	0.43	0	0.43	0.43	0.21	0.1	0.28	0.39	0.54	0.09	0.74	0.18	0.23	0.14	0.16	0.1	0.16	0.24	0.44	1.23	0.1	0.38	0.53	0.83	0.83	0.09	0.25	0.47	0.53	0.43	0.28	0.2	0.16	0.43	0.19	0.11	0.44	0.28	0.28	0.43	0.53	0.44	0.66	0.42	0.93	0.56	0.55	0.33	0.83	0.43	0.23	0.93	0.43	0.13	0.23	0.13	0.25	0.43	0.39	0.25	0.23	0.43	0.09	0.56	0.34	0.13	0.39	0.13	0.34	0.13	0.53	0.42
0.42	0.05	0.11	0.72	0.49	0.63	0.22	0.06	0.04	2.27	0.13	2.42	0.01	0.06	0.49	0.49	0.08	0.21	0.4	0.88	0.09	0.16	0.22	0.6	0.15	0.4	0.43	0.08	0.14	0	0.41	0.35	0.06	0.14	0.09	0.26	0.03	0.04	0.12	0.16	0.16	0.13	0.05	0.12	0.41	0.81	0.23	0.41	0.34	0.42	0.06	0.23	0.05	0.18	0	0.12	0.06	0.05	0.44	0.21	0.05	0.87	0.45	0.45	0.15	0.19	0.45	0.35	0.5	0.2	0.05	0.46	0.31	0.96	0.04	0.14	0.45	0.19	0.32	0.13	0.04	0.3	0.47	0.19	0.29	0.14	0.2	0.19	0.12	0.05	0.14	0.45	0.48	0.43	0.08	0.05	0.08	0.05	1.49
0.02	0.5	0.14	0.45	0.35	0.44	0.02	0.4	0.1	1.15	0.01	3.56	0.43	0.11	0.25	0.4	0.14	0.26	0.23	0.12	0.5	0.07	0.08	0.03	0.04	0.15	0.13	0.14	0.17	0.13	0	0.37	0.46	0.09	0.38	0.08	0.11	0.11	0.01	0.04	0.25	0.03	0.11	0.01	0.33	0.66	0.15	0.15	0.92	0.01	0.09	0.14	0.1	0.08	0.42	0.01	0.11	0.1	0.04	0.01	0.1	0.56	0.48	0.15	0.04	0.07	0.42	0.02	0.44	0.13	0.1	0.04	2	0.18	0.09	0.03	0.04	0.07	0.22	0.11	0.12	0.03	0.12	0.08	0.5	0.03	0.09	0.07	0	0.09	0.5	0.19	0.11	0.4	0.14	0.4	0.13	0.1	0.23
0.43	0.16	0.22	0.19	0.1	0.62	0.12	0.18	0.14	1.93	0.03	0.34	0.15	0.14	0.44	0.03	0.18	0.23	0.19	0.15	0.69	0.04	0.23	0.05	0.09	0.16	0.16	0.19	0.22	0.16	0.05	0	0.43	0.09	0.15	0.03	0.16	0.21	0.05	0.45	0.55	0.07	0.15	0.45	0.23	1.45	0.17	0.45	0.18	0.05	0.18	0.03	0.45	0.66	0.17	0.05	0.46	0.15	0.29	0.25	0.46	0.11	0.18	0.17	0.04	0.03	0.17	0.04	0.19	0.16	0.47	0.44	0.67	0.13	0.48	0.41	0.48	0.04	0.17	0.38	0.48	0.07	0.17	0.03	0.23	0.48	0.03	0.15	0.04	0.48	0.05	0.48	0.16	0.18	0.18	0.15	0.68	0.49	0.2
0.15	0.19	0.5	0.05	0.16	0.26	0.61	0.01	0.02	0.65	0.14	7.14	0.05	0.35	0.94	0.46	0.05	0.2	0.31	0.41	0.36	0.15	0.2	0.16	0.44	0.03	0.06	0.03	0.28	0.26	0.26	0.17	0	0.16	0.05	0.54	0.03	0.03	0.4	0.23	0.44	0.12	0.03	0.16	0.44	0.15	0.44	0.01	0.95	0.44	0.22	0.21	0.02	0.54	0.45	0.12	0.01	0.03	0.17	0.12	0.04	0.12	0.04	0.44	0.18	0.16	0.08	0.15	0.22	0.01	0.44	0.14	0.15	0.3	0.04	0.44	0.23	0.19	0.68	0.05	0.05	0.4	0.19	0.22	0.28	0.44	0.19	0.55	0.11	0.03	0.15	0.38	0.45	0.34	0.22	0.03	0.05	0.1	0.45
0.02	0.91	0.26	0.19	0	0.36	1.22	0.13	0.13	1.46	0.02	0.45	0.21	0.14	0.27	0.27	0.16	0.23	0.21	0.45	0.54	0.15	0.13	0.01	0.01	0.11	0.16	0.45	0.45	0.14	0.09	0.44	0.13	0	0.12	0.06	0.12	0.14	0.22	0.09	0.66	0.08	0.45	0.04	0.16	0.13	0.14	0.48	0.2	0.02	0.2	0.13	0.14	0.95	0.13	0.02	0.14	0.25	0.17	0.06	0.12	0.03	0.14	0.13	0.06	0.06	0.16	0.66	0.16	0.15	0.13	0.01	0	0.18	0.32	0.09	0.46	0.05	0.23	0.12	0.13	0.46	0.46	0.32	0.19	0.46	0.06	0.03	0.46	0.38	0.01	0.17	0.12	0.35	0.15	0.13	0.18	0.13	0.34
0.14	0.39	0.26	0.08	0.13	0.47	0.1	0.45	0.09	0.98	0.47	4.77	0.07	0.04	0.35	0.19	0.06	0.46	0.34	0.19	0.01	0.56	0.17	0.14	0.42	0.04	0.86	0.05	0.12	0.13	0.11	0.16	0.05	0.12	0	0.17	0.04	0.04	0.46	0.16	0.04	0.13	0.03	0.13	0.45	0.14	0.26	0.45	0.33	0.45	0.04	0.45	0.03	0.52	0.08	0.13	0.05	0.11	0.14	0.26	0.05	0.53	0.45	0.26	0.54	0.19	0.45	0.11	0.06	0.06	0.04	0.46	0.21	0.29	0.05	0.55	0.17	0.18	0.95	0.13	0.45	0.15	0.08	0.18	0.33	0.22	0.17	0.15	0.44	0.06	0.15	0.61	0.07	0.32	0.44	0.44	0.07	0.05	1.04
0.46	0.19	0.21	0.21	0.06	0.23	0.07	0.42	0.18	0.55	0.08	9.48	0.5	0.42	0.52	0.78	0.21	0.18	0.17	0.42	0.25	0.45	0.93	0.42	0.18	0.54	0.2	0.23	0.42	0.42	0.42	0.42	0.52	0.06	0.57	0	0.18	0.55	0.08	0.09	0.21	0.42	0.18	0.1	0.15	0.42	0.19	0.28	0.15	0.71	0.22	0.43	0.21	0.42	0.19	0.08	0.2	0.2	0.04	0.42	0.18	0.67	0.21	0.42	0.05	0.01	0.2	0.08	0.22	0.58	0.19	0.09	0.74	0.34	0.42	0.36	0.26	0.52	0.13	0.42	0.24	0.06	0.49	0.01	0.25	0.11	0.01	0.14	0.08	0.19	0.08	0.12	0.46	1.13	0.62	0.2	0.22	0.19	0.83
0.1	0.02	0.08	0.05	0.12	0.4	0.48	0.28	0.01	2.09	0.47	3.65	0.02	0.49	0.98	0.49	0.39	0.18	0.63	0.01	0.06	0.48	0.18	0.13	0.46	0.03	0.04	0.05	0.09	0.03	0.34	0.36	0.48	0.19	0.04	0.19	0	0.01	0.48	0.2	0.02	0.09	0.02	0.12	0.13	0.22	0.2	0.04	0.7	0.36	0	0.18	0.01	0.14	0.03	0.1	0.03	0.01	0.39	0.38	0.02	0.49	0.03	0.19	0.16	0.15	0.99	0.1	0.05	0.04	0.02	0.13	0.5	0.42	0.03	0.1	0.2	0.49	0.48	0.02	0.03	0.15	0.03	0.17	0.48	0.11	0.18	0.16	0.1	0.02	0.29	0.48	0.03	0.34	0.05	0.02	0.04	0.02	0.73
0.4	0.02	0.08	0.05	0.51	0.4	0.12	0.03	0.02	3.15	0.28	0.43	0.03	0.21	0.43	0.43	0.43	0.43	0.53	0.01	0.43	0.43	0.19	0.94	0.49	0.44	0.03	0.28	0.44	0.04	0.1	0.45	0.03	0.15	0.04	0.54	0.01	0.01	0.45	0.22	0.04	0.45	0.02	0.45	0.48	0.95	0.37	0.96	0.45	0.39	0.56	0.48	0.01	0.14	0.46	0.1	0.95	0.01	0.19	0.1	0.03	0.09	0.05	0.56	0.56	0.17	0.44	0.45	0.05	0.04	0.01	0.45	0.55	0.29	0.45	0.1	0.45	0.99	0.47	0.03	0.04	0.55	0.04	0.45	0.45	0.45	0.95	0.44	0.09	0.03	0.45	0.65	0.45	0.34	0.94	0.02	0.23	0.02	0.45
0.01	0.24	0.16	0.25	0.04	0.29	0.03	0.12	0.1	1.86	0.01	2.5	0.11	0.23	0.63	0.09	0.43	0.25	0.54	0.53	0.24	0.42	0.39	0.44	0.03	0.1	0.14	0.13	0.44	0.11	0.38	0.44	0.5	0.02	0.51	0.08	0.09	0.45	0	0.05	0.1	0.45	0.1	0.02	0.04	0.02	0.66	0.69	0.23	0.33	0.28	0.09	0.46	0.04	0.12	0	0.12	0.1	0.05	0	0.09	0.47	0.24	0.14	0.47	0.98	0.13	0.01	0.14	0.13	0.48	0.03	0.48	0.18	0.09	0.03	0.05	0.59	0.2	0.16	0.12	0.04	0.12	0.08	0.17	0.03	0.08	0.07	0.1	0.11	0.4	0.18	0.11	0.41	0.13	0.41	0.33	0.41	0.63
0.18	0.24	0.19	0.28	0.09	0.48	0.1	0.49	0.21	2.31	0.11	2.46	0.15	0.21	0.27	0.11	0.24	0.27	0.71	0.55	0.18	0.17	0.41	0.09	0.41	0.21	0.23	0.75	0.24	1.35	0.04	0.04	0.49	0.09	0.16	0.09	0.21	0.37	0.05	0	0.23	0.03	0.21	0.99	0.46	0.49	0.36	0.23	0.24	0.49	0.48	0.31	0.22	0.08	0.5	0.05	0.22	0.61	0.04	0.41	0.23	0.31	0.22	0.23	0.01	0.42	0.24	0.1	0.23	0.22	0.24	0.09	0.43	0.2	0.23	0.04	0	0.44	0.22	0.25	0.23	0.46	1.23	0.19	0.23	0.04	0.09	0.06	0.04	0.38	0.09	0.48	0.15	0.22	0.49	0.21	0.79	0.21	0.24
0.12	0.02	0.09	0.44	0.15	0.26	0.13	0.42	0.03	1.45	0.44	8.25	0.04	0.04	0.38	0.21	0.13	0.2	0.46	0.08	0.13	0.15	0.2	0.46	0.17	0.04	0.03	0.05	0.1	0.06	0.1	0.17	0.03	0.33	0.04	0.47	0.02	0.13	0.1	0.21	0	0.11	0.01	0.12	0.57	0.14	0.6	0.1	0.33	0.11	0.35	0.58	0.06	0.15	0.05	0.1	0.03	0.21	0.44	0.47	0.04	0.49	0.28	0.48	0.46	0.47	0.05	0.48	0.05	0.4	0.03	0.16	0.23	0.27	0.28	0.11	0.21	0.48	0.44	0.04	0.05	0.26	0.45	0.48	0.27	0.25	0.49	0.49	0.17	0.21	0.44	0.32	0.21	0.45	0.05	0.02	0.05	0.05	0.19
0.17	0.12	0.15	0.17	0.46	0.3	0.03	0.12	0.45	2.65	0.02	2.9	0.41	0.12	0.56	0.06	0.15	0.25	0.47	0.1	0.47	0.03	0.08	0.04	0.04	0.26	0.12	0.14	0.16	0.29	0.04	0.07	0.47	0.17	0.13	0.09	0.12	0.1	0.03	0.47	0.49	0	0.11	0.05	0.04	0.78	0.36	0.18	0.23	0.02	0.12	0.08	0.1	0.06	0.13	0.08	0.13	0.1	0.22	0.04	0.1	0.41	0.12	0.51	0.02	0.08	0.35	0.03	0.4	0.12	0.12	0.24	0.18	0.4	0.29	0.09	0.43	1.44	0.21	0.12	0.14	0.02	0.13	0.09	0.2	0.01	0.09	0.08	0.03	0.11	0.42	0.42	0.3	0.22	0.14	0.42	0.16	0.12	0.94
0.49	0.02	0.09	0.04	0.13	0.25	0.12	0.02	0.34	1.03	0.36	2.13	0.04	0.42	0.36	0.22	0.04	0.19	0.23	0.02	0.06	0.45	0.24	0.14	0.4	0.03	0.03	0.04	0.1	0.05	0.1	0.17	0.16	0.43	0.03	0.45	0.02	0.72	0.11	0.22	0.02	0.12	0	0.13	1.07	0.46	0.31	0.03	0.63	0.1	0.02	0.21	0	0.16	0.05	0.1	0.02	0.01	0.15	0.12	0.03	0.11	0.03	0.46	0.14	0.17	0.04	0.12	0.05	0.03	0.03	0.15	0.14	0.28	0.03	0.11	0.51	0.46	0.32	0.04	0.15	0.16	0.37	0.43	0.27	0.41	0.19	0.17	0.11	0.03	0.15	0.96	0.04	0.33	0.04	0.36	0.05	0.01	0.19
0.17	0.25	0.14	0.28	0.04	0.33	0.03	0.32	0.32	1.41	0.03	0.99	0.41	0.13	0.28	0.34	0.24	0.27	0.62	0.13	0.51	0.06	0.11	0.41	0.41	0.47	0.19	0.43	0.17	0.11	0.01	0.2	0.15	0.41	0.12	0.1	0.12	0.42	0.52	0.12	0.14	0.05	0.13	0	0.18	0.04	0.34	0.35	0.43	0.43	0.2	0.39	0.43	0.08	0.11	0	0.43	0.14	0.34	0.01	0.13	0.43	0.29	0.17	0.07	0.07	0.16	0.43	0.18	0.19	0.12	0.07	0.43	0.19	0.16	0.04	0.12	0.44	0.34	0.1	0.14	0.36	0.11	0.43	0.23	0.31	0.43	0.07	0.01	0.19	0.05	0.21	0.38	0.43	0.15	0.12	0.14	0.84	0.94
0.03	0.54	0.18	0.44	0.02	1.42	0.42	0.9	0.41	1.78	0.41	4.1	0.48	0.13	0.98	0.49	0.48	1.48	0.58	0.14	0.41	0.41	0.48	0.01	0.03	0.47	0.49	0.48	0.47	0.15	0.04	0.05	0.16	0.01	0.14	0.48	0.13	0.48	0.59	0.48	0.18	0.04	0.15	0.06	0.01	0.09	0.15	0.17	0.3	0.04	0.49	0.1	0.49	0.49	0.14	0.04	0.49	0.17	0.05	0.5	0.13	0.04	0.49	0.15	0.32	0.07	0.49	0.23	0.49	0.49	0.49	0	0.11	1.8	0.33	0.05	0.49	0.1	0.49	0.48	0.48	0.04	0.49	0.49	0.19	0.05	0.99	0.48	0.04	0.49	0.01	0.48	0.42	1.39	0.48	0.48	0.57	0.56	1.17
0.02	0.22	0.18	1.01	0.04	0.32	0.02	0.19	0.67	0.76	0.32	0.78	0.14	0.13	0.47	0.17	1.08	0.23	0.37	0.48	0.22	0.09	0.5	0.07	0.15	0.22	0.14	0.67	0.87	0.47	0.19	0.1	0.98	0.08	0.14	0.88	0.5	0.68	0.06	0.48	0.98	0.59	0.6	0.05	0.02	0	0.48	0.38	0.49	0.17	0.19	0.22	0.3	0.11	0.48	0.23	0.48	0.15	0.09	0.47	0.88	0.52	0.61	0.13	0.15	1.71	0.16	0.4	0.15	0.15	0.6	0.03	0	0.66	0.41	0.09	0.41	0.4	0.71	0.13	0.14	0.1	0.4	0.4	0.15	0.24	0.06	0.42	0.1	0.41	0.41	0.26	0.61	0.22	0.51	0.48	0.51	0.41	0.26
0.15	0.46	0.57	0.35	0.15	0.42	0.15	0.22	0.21	1.82	0.47	2.16	0.22	0.48	0.58	0.21	0.23	0.36	0.35	0.49	1.09	0.16	0.49	0.15	0.49	0.22	0.22	0.49	1	0.49	0.15	0.36	0.22	0.14	0.5	0.19	0.9	0.19	0.47	0.23	0.5	0.41	0.4	0.17	0.15	0.32	0	0.22	0.33	0.54	0.51	0.41	0.19	0.19	0.22	0.51	0.22	0.2	0.17	0.41	0.21	0.15	0.22	0.01	0.18	0.41	0.41	0.15	0.61	0.22	0.41	0.14	0.41	0.5	0.41	0.21	0.41	0.18	0.31	0.31	0.42	0.24	0.52	0.2	0.92	0.22	0.19	0.42	0.52	0.21	0.24	0.3	0.4	0.72	0.42	0.51	0.63	0.21	0.34
0.13	0.03	0.1	0.06	0.32	0.26	0.46	0.01	0.07	0.97	0.48	5.4	0.51	0.25	0.72	0.82	0.92	0.25	0.63	0.15	0.39	0.57	0.82	0.15	0.21	0.52	0.05	0.18	0.43	0.42	0.24	0.18	0.01	0.14	0.05	0.21	0.04	0.03	0.13	0.24	0.29	0.44	0.03	1.34	0.44	0.22	0.22	0	0.35	0.45	0.06	0.22	0.12	0.18	0.06	0.95	0.01	0.03	0.56	0.14	0.04	0.3	0.04	0.22	0.15	0.81	0.05	0.47	0.2	0.47	0.05	0.5	1.37	0.39	0.22	0.57	0.55	1.78	0.54	0.72	1.1	0.58	0.48	0.49	0.49	0.6	0.59	0.49	0.12	0.03	0.14	0.7	0.13	1.07	0.05	0.03	0.21	0.07	0.49
0.33	0.33	0.36	0.35	0.2	0.37	0.48	0.36	0.31	0.6	0.4	0.96	0.46	0.34	0.06	0.17	0.35	0.46	0.32	0.38	0.37	0.46	0.18	0.53	0.21	0.33	0.35	0.38	0.37	0.46	0.22	0.17	0.63	0.2	0.95	0.46	0.32	0.57	0.22	0.24	0.35	0.23	0.47	0.24	0.4	0.2	0.47	0.57	0	0.22	0.63	0.18	0.32	0.25	0.33	0.22	0.34	0.34	0.47	0.23	0.33	0.36	0.66	0.47	0.2	0.17	0.36	0.22	0.35	0.68	0.35	0.59	0.48	0.25	0.34	0.25	0.48	0.16	0.02	0.33	0.33	0.19	0.34	0.49	0.39	0.24	0.15	0.57	0.23	0.69	0.21	0.26	0.5	0.29	0.6	0.71	0.41	0.4	0.3
0.02	0.09	0.14	0.13	0.16	1.44	0.94	0.11	0.57	1.46	0.2	3.19	0.18	0.09	0.46	0.1	0.12	0.55	0.23	0.42	0.13	0.03	0.05	0.04	0.07	0.09	0.1	0.47	0.17	0.19	0.01	0.26	0.37	0.4	0.67	0.07	0.13	0.08	0.01	0.04	0.43	0.01	0.1	0.03	0.04	0.48	0.47	0.68	0.22	0	0.12	0.07	0.22	0.48	0.55	0.17	0.12	0.48	0.28	0.02	0.48	0.15	0.1	0.48	0.04	0.08	0.11	0.03	0.14	0.12	0.09	0.1	0.12	0.2	0.49	0.02	0.04	0.08	0.2	0.18	0.42	0.1	0.49	0.14	0.14	0.01	0.5	0.17	0.08	0.5	0.1	0.72	0.18	0.4	0.13	1.42	0.4	0.11	0.9
0.1	0.02	0.41	0.33	0.34	0.29	0.48	0.41	0.45	1.86	0.44	1.08	0.03	0.44	0.38	0.94	0.19	0.18	0.43	0.02	0.96	0.14	0.47	0.45	0.14	0.93	0.04	0.05	0.45	0.04	1	0.5	0.05	0.14	0.12	0.44	0.02	0.08	0.41	0.23	0.03	0.5	0.02	0.48	0.54	0.61	0.41	0.46	0.34	0.4	0.06	0.18	0.02	0.46	0.04	0.42	0.42	0.38	0.43	0.44	0.43	0.63	0.04	1.03	0.43	0.14	0.09	0.67	0.24	0.05	0.02	0.15	0.51	0.48	0.23	0.1	0.56	0.46	0.46	0.03	0.42	0.42	0.46	0.46	0.7	0.84	0.43	0.42	0.13	0.03	0.16	0.48	0.48	0.34	0.79	0.15	0.24	0.03	0.95
0.49	0.18	0.7	0.5	0.11	0.25	0.12	0.2	0.4	0.22	0.07	9.51	0.2	0.48	0.18	0.09	0.48	0.22	0.18	0.19	0.24	0.49	0.66	0.29	0.19	0.69	0.49	0.24	0.54	0.22	0.08	0.41	0.33	0.41	0.49	0.05	0.18	0.55	0.11	0.05	0.2	0.41	0.21	0.45	0.27	0.91	0.2	0.23	0.18	0.41	0.25	0	0.17	0.1	0.6	0.08	0.19	0.17	0.04	0.09	0.52	1.33	0.58	0.2	0.05	0.03	0.52	0.44	0.23	0.21	0.23	0.44	0.64	0.14	0.18	0.44	0.05	0.05	0.17	0.19	0.44	0.05	0.53	0.04	0.27	0.44	0.04	0.1	0.08	0.21	0.08	0.44	0.49	0.18	0.21	0.45	0.45	0.33	0.19
0.11	0.01	0.09	0.04	0.41	0.61	0.11	0.02	0.02	2.19	0.14	6.4	0.03	0.03	0.37	0.22	0.04	0.18	0.49	0.01	0.05	0.25	0.19	0.13	0.15	0.03	0.02	0.04	0.09	0.04	0.1	0.15	0.02	0.12	0.03	0.19	0.01	0.01	0.26	0.37	0.01	0.27	0	0.14	0.5	0.12	0.2	0.14	0.32	0.36	0.51	0.17	0	0.36	0.04	0.31	0.02	0	0.18	0.11	0.03	0.11	0.02	0.2	0.15	0.15	0.03	0.11	0.04	0.03	0.02	0.41	0.15	0.39	0.02	0.11	0.2	0.2	0.6	0.03	0.04	0.14	0.41	0.21	0.25	0.11	0.2	0.17	0.24	0.02	0.16	0.31	0.04	0.35	0.16	0.01	0.04	0.82	3.42
0.45	0.18	0.21	0.19	0.07	0.33	0.07	0.51	0.17	1.31	0.07	0.77	0.4	0.49	0.26	0.5	0.43	0.28	0.25	0.44	0.18	0.08	0.13	0.07	0.5	0.16	0.16	0.19	0.21	0.17	0.08	0.35	0.16	0.43	0.17	0.09	0.14	0.45	0.05	0.06	0.38	0.07	0.18	0.06	0.49	0.31	0.59	0.45	0.25	0.05	0.47	0.12	0.15	0	0.17	0.42	0.16	0.15	0.06	0.06	0.17	0.26	0.16	0.18	0.4	0.1	0.18	0.4	0.41	0.18	0.4	0.06	0.08	0.5	0.22	0.44	0.45	0.16	0.47	0.16	0.18	0.05	0.17	0.09	0.36	0.06	0.09	0.09	0.06	0.17	0.07	0.22	0.17	0.56	0.21	0.44	0.21	0.2	0.36
0.13	0.05	0.12	0.18	0.14	0.29	0.12	0.06	0.04	2.53	0.12	5.51	0	0.06	0.35	0.59	0.09	0.6	0.34	0.04	0.09	0.15	0.9	0.5	0.14	0.28	0.06	0.07	0.4	0	0.4	0.6	0.06	0.23	0.42	0.19	0.27	0.4	0.12	0.16	0.05	0.17	0.05	0.13	0.4	0.41	0.22	0.06	0.4	0.18	0.07	0.21	0.04	0.17	0	0.12	0.4	0.05	0.7	0.12	0.4	0.51	0.06	0.48	0.15	0.18	0.07	0.12	0.08	0.41	0.38	0.45	0.13	0.41	0.04	0.41	0.42	0.42	0.31	0.01	0.03	0.15	0	0.42	0.31	0.13	0.19	0.56	0.52	0.27	0.54	0.3	0.01	0.42	0.08	0.05	0.07	0.26	0.42
0.02	0.43	0.43	0.14	0.03	0.31	0.02	0.11	0.09	3.3	0.1	1.04	0.45	0.45	0.59	0.1	0.15	0.45	0.24	0.29	0.65	0.04	0.45	0.03	0.03	0.1	0.34	0.42	0.27	0.12	0.01	0.46	0.27	0.02	0.64	0.28	0.46	0.1	0	0.05	0.46	0.04	0.11	0	0.04	0.02	0.83	0.47	0.52	0.01	0.67	0.47	0.1	0.07	0.11	0	0.13	0.1	0.23	0.02	0.15	0.48	0.11	0.15	0.04	0.48	0.13	0.27	0.43	0.13	0.11	0.03	0.49	0.18	0.17	0.35	0.42	0.3	0.24	0.11	0.12	0.05	0.12	0.43	0.21	0.04	0.08	0.07	0.01	0.25	0.03	0.35	0.44	0.23	0.14	0.12	0.31	0.13	0.93
0.25	0.02	0.11	0.4	0.15	0.26	0.15	0	0.02	1.99	0.29	4.32	0.05	0.03	0.44	0.21	0.62	0.2	2.15	0.16	0.17	0.15	0.21	0.14	0.42	0.03	0.03	0.43	0.43	0.06	0.52	0.24	0.01	0.14	0.05	0.43	0.93	0.78	0.1	0.43	0.03	0.43	0.02	0.14	0.4	0.7	0.22	0.01	0.33	0.11	0.25	0.54	0.64	0.44	0.06	0.11	0	0.03	0.44	0.13	0.03	1.05	0.03	0.23	0.16	0.16	0.05	0.12	0.05	0.02	0.04	0.14	0.66	0.65	0.03	0.15	0.22	0.24	0.33	0.05	0.08	0.27	0.06	0.19	0.28	0.12	0.2	0.45	0.12	0.03	0.15	0.62	0.05	0.4	0.12	0.02	0.05	0.03	0.2
0.11	0.02	0.09	0.05	0.13	0.25	0.11	0.15	0.03	1.99	0.12	1.14	0.04	0.1	0.38	0.21	0.04	0.38	1.35	0.02	0.06	0.16	0.23	0.14	0.14	0.03	0.4	0.91	0.15	0.05	0.11	0.27	0.03	0.13	0.04	0.19	0.03	0.01	1.1	0.6	0.01	0.8	0.34	0.13	0.33	0.5	0.2	0.5	0.73	0.1	0.04	0.18	0.4	0.15	0.05	0.47	0.03	0	0.53	0.1	0.03	0.32	0.03	0.2	0.55	0.15	0.04	0.51	0.04	0.04	0.02	0.41	0.91	0.41	0.03	0.11	0.49	0.19	0.53	0.04	0.04	0.41	1.41	0.23	0.41	0.12	0.19	0.17	0.49	0.41	0.14	0.47	0.3	0.41	0.15	0.13	0.04	0.01	0.51
0.12	0.49	0.5	0.4	0.1	0.5	0.4	0.5	0.14	1.47	0.4	4.07	0.15	0.14	0.34	0.03	0.19	0.2	0.46	0.47	0.4	0.04	0.05	0.05	0.05	0.15	0.47	0.18	0.37	0.16	0.04	0.29	0.17	0.09	0.15	0.04	0.16	0.15	0.24	0.04	0.16	0.07	0.78	0.14	0.09	0.51	0.58	0.18	0.17	0.05	0.48	0.03	0.15	0.07	0.53	0.05	0.2	0.15	0	0.05	0.14	0.06	0.16	0.48	0.04	0.02	0.19	0.04	0.18	0.17	0.99	0.13	0.11	0.48	0.48	0.08	0.04	0.03	0.17	0.15	0.17	0.07	0.44	0.03	0.23	0.49	0.03	0.45	0.04	0.16	0.05	0.14	0.49	0.49	0.45	0.17	0.17	0.15	0.57
0.02	0.11	0.14	0.52	0.1	0.32	0.02	0.13	0.1	0.98	0.02	7.43	0.12	0.1	0.41	0.09	0.15	0.27	0.6	0.1	0.51	0.22	0.1	0.04	0.07	0.44	0.12	0.41	0.42	0.13	0.01	0.05	0.14	0.43	0.12	0.63	0.08	0.67	0.01	0.44	0.1	0.04	0.12	0.01	0.04	0.1	0.46	0.12	0.38	0.01	0.38	0.09	0.1	0.06	0.12	0.34	0.11	0.41	0.05	0	0.37	0.07	0.48	0.16	0.04	0.07	0.42	0.05	0.14	0.49	0.09	0.04	0.15	0.19	0.5	0.22	0.05	0.07	0.39	0.4	0.11	0.04	0.12	0.08	0.22	0.04	0.3	0.08	0.4	0.11	0.04	0.2	0.4	0.59	0.42	0.11	0.4	0.12	0.24
0.12	0.22	0.34	0.28	0.12	0.26	0.11	0.03	0.02	0.68	0.14	8.72	0.06	0.01	0.42	0.83	0.05	0.86	0.34	0.03	0.14	0.17	0.57	0.13	0.13	0.02	0.04	0.05	0.12	0.05	0.11	0.14	0.04	0.21	0.05	0.48	0.02	0.03	0.1	0.2	0.04	0.1	0.03	0.11	0.15	0.15	0.89	0.04	0.4	0.1	0.26	0.18	0.03	0.15	0.04	0.4	0.27	0.03	0.14	0.33	0	0.4	0.04	0.21	0.14	0.46	0.41	0.11	0.06	0.04	0.43	0.13	0.43	0.27	0.01	0.24	0.22	0.37	0.73	0.25	0.03	0.13	0.23	0.21	0.93	0.43	0.19	0.15	0.1	0.02	0.14	0.3	0.04	0.42	0.28	0.03	0.06	0.04	0.35
0.02	0.49	0.79	1.01	0.49	0.49	0.02	0.11	0.48	0.99	0.02	4.25	0.96	0.97	0.26	0.45	0.46	0.45	0.95	0.95	0.14	0.45	0.45	0.04	0.04	1.44	0.14	0.94	0.44	0.46	0.01	0.45	0.14	0.03	0.42	0.43	0.93	0.84	0	0.43	0.94	0.43	0.43	0.01	0.42	0.42	1.12	1.02	0.42	0.01	0.42	0.41	0.5	0.41	0.42	0.4	0.5	1	0.06	0.02	0.11	0.01	0.13	0.49	0.05	0.08	0.49	0.02	0.5	0.48	0.98	0.04	0.08	0.19	0.1	0.04	0.05	0.07	0.48	1.38	0.48	0.05	0.12	0.47	0.57	0.04	0.46	0.95	0.45	0.95	0.03	1.45	0.94	0.94	0.94	0.44	0.44	0.94	0.5
0.31	0.03	0.46	0.3	0.14	0.3	0.29	0.03	0.03	2.21	0.38	2.93	0.35	0.03	0.39	0.46	0.05	0.49	0.29	0.03	0.06	0.17	0.2	0.15	0.49	0.04	0.26	0.05	0.49	0.07	0.12	0.16	0.08	0.17	0.05	0.21	0.03	0.69	0.13	0.22	0.04	0.12	0.28	0.39	0.41	1	1.6	0.7	0.36	0.1	0.08	0.4	0.02	0.16	0.4	0.51	0.03	0.03	0.16	0.12	0.04	0.46	0	0.51	0.51	0.17	0.02	0.34	0.41	0.05	0.1	0.41	1.01	0.51	0.04	0.41	0.52	1.49	0.33	0.06	0.05	0.62	0.06	0.28	0.66	0.14	0.21	0.18	0.13	0.04	0.16	0.67	0.16	0.69	0.02	0.03	0.02	0.03	1.32
0.16	0.21	0.67	0.97	0.47	0.47	0.15	0.48	0.21	1.97	0.15	9.05	0.39	0.24	0.67	0.55	0.23	0.68	0.54	0.19	0.64	0.16	0.65	0.16	0.14	0.46	0.22	0.23	0.34	0.49	0.15	0.17	0.22	0.14	0.24	0.21	0.19	0.34	0.14	0.21	0.21	0.2	0.21	0.28	0.69	0.12	0.01	0.22	0.33	0.15	0.2	0.43	0.43	0.16	0.22	0.15	0.22	0.2	0.43	0.39	0.53	0.72	0.22	0	0.47	0.2	0.23	0.51	0.59	0.23	0.43	0.14	0.15	0.43	0.21	0.22	0.21	0.19	0.43	0.22	0.23	0.21	0.22	0.18	0.22	0.93	0.43	0.18	0.16	0.21	0.12	0.75	0.22	0.43	0.23	0.44	0.55	0.21	0.94
0.03	0.14	0.19	0.17	0.09	0.28	0.03	0.15	0.51	0.95	0.41	0.2	0.15	0.13	0.44	0.04	0.49	0.49	0.21	0.16	0.49	0.15	0.2	0.04	0.04	0.49	0.25	0.17	0.18	0.49	0.04	0.14	0.25	0.06	0.15	0.05	0.13	0.15	0.04	0.01	0.18	0.02	0.16	0.06	0.4	0.09	0.4	0.27	0.2	0.04	0.36	0.05	0.17	0.41	0.41	0.05	0.18	0.51	0.03	0.41	0.41	0.39	0.15	0.18	0	0.43	0.18	0.15	0.33	0.41	0.15	0.04	0.38	0.19	0.36	0.04	0.01	0.05	0.5	0.52	0.14	0	0.16	0.42	0.18	0.03	0.42	0.06	0.04	0.42	0.31	0.16	0.15	0.19	0.53	0.14	0.43	0.16	0.4
0.45	0.52	0.2	0.19	0.34	0.46	0.41	0.66	0.18	1.55	0.06	3.7	0.17	0.5	0.17	0.01	0.18	0.4	0.16	0.15	0.19	0.05	0.04	0.07	0.07	0.16	0.17	0.4	0.24	0.19	0.07	0.23	0.16	0.32	0.18	0.4	0.14	0.59	0.07	0.6	0.16	0.08	0.17	0.07	0.4	0.51	0.2	0.16	0.15	0.4	0.33	0.03	0.15	0.43	0.17	0.07	0.18	0.16	0.02	0.07	0.16	0.91	0.38	0.18	0.41	0	0.25	0.07	0.19	0.17	0.24	0.4	0.74	0.12	0.16	0.09	0.05	0.04	0.17	0.18	0.17	0.34	0.5	0.4	0.16	0.7	0.01	0.1	0.08	1	0.07	0.11	0.18	1.45	0.4	0.16	0.52	0.7	2.4
0.15	0.04	0.12	0.05	0.18	0.23	0.32	0.05	0.04	0.35	0.14	2.71	0.07	0.04	0.41	0.44	0.03	0.4	0.63	0.05	0.09	0.18	0.23	0.17	0.49	0.05	0.02	0.06	0.14	0.08	0.14	0.99	0.41	0.24	0.06	0.21	0.04	0.15	0.15	0.24	0.37	0.15	0.04	0.25	0.17	0.49	0.23	0.05	0.36	0.12	0.05	0.22	0.49	0.26	0.08	0.14	0.59	0.04	0.49	0.14	0.05	0.14	0.27	0.23	0.18	0.18	0	0.4	0.4	0.06	0.05	0.16	0.4	0.7	0.29	0.15	0.24	0.28	0.55	0.07	0.4	0.24	0.46	0.44	0.29	0.16	0.22	0.44	0.14	0.05	0.15	0.68	0.07	0.8	0.04	0.08	0.36	0.4	0.69
0	0.92	0.15	0.14	0.02	0.31	0	0.28	0.12	2.06	0.23	3.69	0.11	0.1	0.41	0.38	0.41	0.25	0.22	0.11	0.41	0.03	0.08	0.03	0.41	0.12	0.13	0.15	0.46	0.13	0.02	0.42	0.12	0.02	0.11	0.08	0.1	0.49	0.35	0.1	0.13	0.43	0.11	0.53	0.53	0.02	0.17	0.56	0.22	0.41	0.11	0.43	0.11	0.07	0.13	0.02	0.14	0.33	0.43	0.02	0.11	0.3	0.13	0.15	0.03	0.44	0.15	0	0.14	0.15	0.13	0.03	0.1	0.18	0.27	0.03	0.95	0.06	0.2	0.11	0.13	0.45	0.13	0.07	0.21	0.09	0.08	0.05	0.04	0.11	0.02	0.19	0.12	0.32	0.57	0.47	0.43	0.25	0.67
0.17	0.05	0.12	0.45	0.16	0.24	0.16	0.1	0.05	1.26	0.16	3.8	0.07	0.05	0.5	0.64	0.04	0.22	0.31	0.31	0.25	0.49	0.57	0.49	0.18	0.05	0.5	0.07	0.4	0.31	0.14	0.23	0.05	0.15	0.12	0.32	0.41	0.46	0.19	0.25	0.3	0.41	0.05	0.36	0.47	0.19	0.92	0.06	0.37	0.13	0.75	0.21	0.04	0.19	0.08	0.13	0.43	0.04	0.43	0.15	0.06	0.94	0.44	0.23	0.54	0.19	0.01	0.15	0	0.06	0.06	0.45	0.67	0.66	0.3	0.17	0.25	0.46	0.33	0.34	0.32	0.18	0.47	1.04	0.3	0.41	0.26	0.18	0.13	0.3	0.48	0.74	0.08	0.37	0.03	0.05	0.05	0.05	0.99
0.18	0.03	0.46	0.06	0.15	0.27	0.42	0.02	0.03	1.21	0.42	0.35	0.93	0.28	0.39	0.46	0.06	0.21	0.31	0.04	0.06	0.64	0.44	0.15	0.17	0.04	0.44	0.02	0.13	0.07	0.12	0.53	0.01	0.14	0.14	0.45	0.04	0.28	0.45	0.23	0.04	0.14	0.03	0.16	0.9	0.17	0.68	0.13	0.34	0.11	0.04	0.23	0.03	0.2	0.4	0.46	0.03	0.04	0.5	0.22	0.32	0.17	0.17	0.23	0.18	0.17	0.44	0.34	0.06	0	0.05	0.15	0.16	0.47	0.04	0.14	0.45	0.2	0.97	0.06	0.05	0.56	0.07	0.2	0.97	0.15	0.2	0.17	0.28	0.03	0.16	0.31	0.06	0.73	0.44	0.03	0.06	0.03	0.21
0.11	0.03	0.08	0.49	0.15	0.48	0.48	0.4	0.03	1.07	0.13	12.2	0.04	0.05	0.67	0.24	0.06	0.19	0.29	0.01	0.07	0.18	0.49	0.47	0.16	0.05	0.04	0.06	0.4	0.05	0.1	0.17	0.47	0.39	0.27	0.21	0.02	0.47	0.22	0.23	0.03	0.47	0.19	0.13	0.16	0.15	0.2	0.05	0.35	0.09	0.48	0.48	0.02	0.16	0.05	0.35	0.04	0.02	0.17	0.09	0.04	0.92	0.04	0.5	0.15	0.59	0.05	0.11	0.06	0.45	0	0.4	0.48	0.28	0.03	0.48	0.21	0.51	0.33	0.04	0.36	0.43	0.05	0.48	0.88	0.12	0.21	0.18	0.48	0.04	0.14	0.32	0.04	0.36	0.06	0.03	0.05	0.03	0.19
0.03	0.13	0.49	0.32	0.02	0.69	0.03	0.44	0.14	1.2	0.4	1.06	0.13	0.12	0.25	0.41	0.18	0.25	0.23	0.51	0.16	0.05	0.15	0.01	0.03	0.13	0.42	0.17	0.2	0.15	0.04	0.42	0.27	0.01	0.15	0.53	0.45	0.18	0.43	0.1	0.15	0.04	0.27	0.43	0	0.09	0.15	0.17	0.43	0.04	0.53	0.09	0.14	0.07	0.43	0.09	0.16	0.15	0.36	0.93	0.13	0.04	0.23	0.14	0.04	0.44	0.16	0.03	0.18	0.53	0.44	0	0.37	0.19	0.51	0.33	0.1	0.06	0.26	0.14	0.44	0.44	0.74	0.08	0.19	0.05	0.44	0.05	0.04	0.41	0.65	0.45	0.14	0.23	0.42	0.15	0.17	0.14	0.96
0.02	0.48	0.6	0.94	0.01	0.32	0.4	0.14	0.36	0.43	0.02	1.7	0.48	0.11	0.97	0.12	0.48	0.36	0.48	0.16	0.5	0.48	0.68	0.01	0.01	0.12	0.59	0.49	0.19	0.48	0.99	0.49	0.15	0	0.14	0.16	0.48	0.49	0.49	0.25	0.15	0.34	0.15	0.5	0.69	0	0.15	0.15	0.41	0.03	0.48	1.21	0.71	0.41	0.14	0.04	1.05	0.41	0.14	0.15	0.13	1.42	0.91	0.16	0.1	0.41	1.06	0.18	0.18	0.14	0.23	0.63	0	0.83	0.47	0.43	0.09	0.4	0.57	0.12	0.84	0.51	0.14	0.44	0.54	0.12	0.44	0.2	0.84	0.12	0.03	0.17	0.36	0.51	0.45	0.13	0.76	0.45	0.24
0.18	0.53	0.3	0.31	0.18	0.11	0.18	0.28	0.43	0.61	0.18	12.5	0.27	0.27	0.45	0.27	0.32	0.09	0.45	0.47	0.44	0.2	0.14	0.19	0.19	1.14	0.28	0.29	0.35	0.39	0.18	0.13	0.28	0.46	0.29	0.1	0.31	0.67	0.18	0.22	0.28	0.18	0.47	0.47	0.38	1.08	0.36	0.48	0.25	0.47	0.27	0.14	0.27	0.25	0.28	0.19	0.28	0.26	0.3	0.58	0.67	0.23	0.68	0.33	0.19	0.33	0.31	0.47	0.3	0.3	0.28	0.24	0.42	0	0.98	0.19	0.2	0.25	0.21	0.36	0.58	0.33	0.48	0.46	0.48	0.41	0.28	0.15	0.19	0.58	0.19	0	0.49	0.03	0.31	1.07	0.49	0.66	0.71
0.1	0.31	0.07	0.49	0.12	0.26	0.49	0.03	0.19	0.37	0.4	6.25	0.03	1	0.5	0.4	0.06	0.19	0.4	0.02	0.06	0.14	0.6	0.13	0.14	0.02	0.9	0.06	1.41	0.91	0.41	0.35	0.04	0.13	0.05	0.18	0.01	0.4	0.1	0.51	0.03	0.41	0.41	0.4	0.63	0.4	0.37	0.04	0.35	0.62	0.02	0.18	0.02	0.18	0.04	0.42	0.03	0.03	0.16	0.52	0.01	0.43	0.16	0.21	0.43	0.45	0.05	0.43	0.06	0.05	0.03	0.13	0.12	0.64	0	0.12	0.44	0.46	1.21	0.03	0.04	0.44	0.04	0.44	0.39	0.94	0.18	0.51	0.44	0.02	0.91	0.55	0.38	0.44	0.06	0.03	0.44	0.53	0.45
0.43	0.13	0.2	0.16	0.09	0.66	0.03	0.14	0.13	0.82	0.03	10.9	0.13	0.13	0.48	0.08	0.48	0.27	0.22	0.11	0.2	0.99	0.18	0.14	0.14	0.14	0.16	0.14	0.28	0.14	0.03	0.08	0.43	0.3	0.18	0.11	0.12	0.58	0.04	0.04	0.6	0.01	0.13	0.36	0.2	0.48	0.22	0.15	0.26	0.06	0.11	0.99	0.5	0.07	0.49	0.04	0.15	0.44	0.09	0.03	0.11	0.42	0.14	0.44	0.03	0.21	0.15	0.04	0.45	0.14	0.12	0.05	0.26	0.2	0.11	0	0.04	0.32	0.47	0.13	0.13	0.03	0.14	0.1	0.27	0	0.37	0.1	0.03	0.42	0.35	0.2	0.13	0.23	0.43	0.38	0.16	0.36	0.56
0.11	0.2	0.19	0.51	0.48	0.69	0.1	0.21	0.56	0.79	0.03	11.1	0.15	0.19	0.31	0.11	0.43	0.41	0.42	0.21	0.43	0.03	0.06	0.64	0.25	0.33	0.22	0.45	0.53	0.16	0.04	0.04	0.22	0.09	0.17	0.09	0.52	0.23	0.32	0	0.23	0.11	0.49	0.12	0.1	1.47	0.23	0.56	0.5	0.04	0.21	0.05	0.2	0.06	0.16	0.05	0.43	0.22	0.04	0.04	0.64	0.44	0.44	0.21	0.25	0.05	0.24	0.54	0.44	0.35	0.44	0.09	0.09	0.45	0.21	0.04	0	0.47	0.35	0.15	0.21	0.01	0.16	0.09	0.23	0.19	0.1	0.07	0.04	0.5	0.09	0.36	0.16	0.22	0.25	0.21	0.91	0.51	0.24
0.06	1.42	0.21	0.6	0.05	0.4	0.06	0.17	0.44	1.7	0.06	2.1	0.4	0.17	0.18	0.49	3.09	0.19	0.18	0.49	0.19	0.06	0.36	0.06	0.42	0.23	0.4	0.47	0.23	0.19	0.46	0.03	0.46	0.04	0.18	0.07	0.91	0.33	0.44	0.08	0.19	0.44	0.44	0.44	0.19	0.93	0.54	0.92	0.16	0.42	0.27	0.13	0.42	0.09	0.18	0.07	0.41	0.19	0.32	0.4	0.4	0.6	0.21	0.5	0.36	0.02	0.69	0.06	0.2	0.19	0.97	0.06	0.28	0.12	0.96	0.46	0.08	0	2.96	0.17	0.18	0.04	0.17	0.03	0.24	0.44	0.01	0.07	0.44	0.44	0.05	0.93	0.43	0.16	0.21	0.31	0.42	0.2	0.38
0.47	0.33	0.53	0.33	0.77	0.58	0.2	0.33	0.31	1.16	0.2	8.69	0.31	0.64	0.24	0.44	0.33	0.42	0.43	0.33	0.55	0.22	0.44	0.2	0.54	0.44	0.44	1.45	0.95	0.32	0.22	0.44	0.33	0.23	0.47	0.37	0.96	0.95	0.21	0.22	0.34	0.55	0.66	0.6	0.56	0.63	0.46	0.34	0.02	0.46	0.36	0.47	0.57	0.24	0.31	0.36	0.34	0.32	0.17	0.99	0.3	0.2	0.79	1	0.5	0.16	0.7	0.23	0.8	0.4	0.35	0.51	0.24	0.21	0.71	0.23	0.42	0.42	0	0.42	0.31	0.19	0.32	0.22	0.42	0.42	0.13	0.16	0.43	0.3	0.93	0.53	0.53	0.3	0.33	0.93	0.43	0.34	0.93
0.11	0.04	0.13	0.07	0.12	0.45	0.12	0.87	0.44	2.86	0.12	3.86	0.04	0.05	0.34	0.2	0.44	0.2	0.33	0.43	0.09	0.15	0.2	0.42	0.52	0.05	0.41	0.41	0.13	0.01	0.41	0.5	0.05	0.5	0.46	0.18	0.02	0.49	0.11	0.15	0.04	0.98	0.05	0.47	0.14	0.47	0.24	0.67	0.46	0.52	0.05	0.49	0.03	0.16	0.01	0.44	0.05	0.44	0.15	0.43	0.04	0.14	0.06	0.42	0.14	0.42	0.42	0.12	0.07	0.41	0.41	0.14	0.13	0.4	0.22	0.13	0.15	1.53	0.45	0	0.03	0.48	0.01	0.18	0.97	0.12	0.18	0.38	0.46	0.04	0.13	0.95	0.45	0.55	0.07	0.44	0.07	0.06	0.27
0.45	0.55	0.08	0.07	0.13	0.28	0.13	0.47	0.02	1.13	0.45	8.18	0.41	0.18	0.41	0.22	0.07	0.21	0.34	0.04	0.06	0.16	0.2	0.15	0.16	0.03	0.05	0.07	0.82	0.42	0.45	0.24	0.08	0.13	0.05	0.19	0.08	0.42	0.42	0.23	0.05	0.45	0.07	0.16	0.32	0.45	0.27	0.14	0.33	0.52	0.11	0.21	0.04	0.55	0.03	0.62	0.05	0.04	0.16	0.12	0.03	0.26	0.05	0.61	0.14	0.17	0.06	0.15	0.07	0.06	0.42	0.16	0.12	0.28	0.04	0.14	0.23	0.42	1	0.42	0	0.16	0.1	0.17	0.42	0.13	0.2	0.15	0.42	0.01	0.15	0.63	0.03	0.35	0.07	0.44	0.52	0.14	0.25
0.03	0.15	0.18	0.17	0.09	0.28	0.13	0.46	0.14	1.8	0.02	6.01	0.21	0.31	0.19	0.07	0.2	0.32	0.2	0.29	0.28	0.05	0.05	0.04	0.27	0.14	0.17	0.4	0.56	0.16	0.04	0.03	0.15	0.08	0.15	0.49	0.42	0.17	0.17	0.07	0.4	0.06	0.19	0.1	0.14	0.82	0.37	0.15	0.19	0.26	0.16	0.14	0.17	0.4	0.5	0.06	0.4	0.42	0.05	0.04	0.18	0.05	0.19	0.3	0.22	0.09	0.18	0.03	0.17	0.19	0.16	0.04	0.46	0.51	0.15	0.19	0	0.04	0.41	0.19	0.18	0	0.41	0.39	0.22	0.06	0.31	0.08	0.05	0.16	0.06	0.4	0.5	0.2	0.41	0.34	0.18	0.25	0.2
0.45	0.05	0.45	0.08	0.13	0.55	0.51	0.06	0.04	1.36	0.46	7.6	0.01	0.06	0.35	0.58	0.48	0.21	0.34	0.04	0.48	0.15	0.22	0.14	0.14	0.05	0.13	0.07	0.13	0	0.12	0.32	0.06	0.13	0.08	0.19	0.6	0.2	0.33	0.54	0.05	0.13	0.05	0.5	0.21	0.32	0.59	0.06	0.33	0.18	0.43	0.22	0.04	0.4	0	0.12	0.06	0.04	0.4	0.13	0.04	1.01	0.06	0.41	0.15	0.18	0.07	0.12	0.08	0.07	0.06	0.41	0.13	0.28	0.04	0.14	0.41	0.18	0.72	0.01	0.41	0.41	0	0.18	0.91	0.47	0.19	0.41	0.41	0.04	0.14	0.31	0.01	0.42	0.45	0.41	0.08	0.05	0.28
0.07	0.18	0.21	0.21	0.06	0.44	0.07	0.21	0.16	0.54	0.47	9.43	0.46	0.3	0.18	0.03	0.22	0.18	0.47	0.2	0.22	0.43	0.04	0.47	0.13	0.49	0.21	0.47	0.48	0.19	0.08	0.2	0.2	0.05	0.19	0	0.47	0.5	0.46	0.09	0.21	0.09	0.21	0.48	0.1	0.21	0.2	0.48	0.14	0.66	1.48	0.98	0.18	0.09	0.54	0.18	0.44	0.45	0.04	0.31	0.17	0.49	0.21	0.18	0.29	0.27	0.59	0.07	0.22	0.19	0.19	0.08	0.24	0.49	0.19	0.1	0.09	0.28	0.49	0.48	0.4	0.11	0.19	0	0.2	0.4	0	0.5	0.08	0.4	0.07	0.12	0.18	0.6	0.9	0.4	0.41	0.21	1.4
0.21	0.41	0.26	0.47	0.47	0.48	0.21	0.47	0.27	1.47	0.21	1.67	0.28	0.29	0.46	0.27	0.65	0.57	0.47	0.48	0.35	0.22	0.27	0.24	0.47	0.35	0.28	0.48	0.31	0.48	0.21	0.23	0.28	0.19	0.52	0.58	0.25	0.78	0.17	0.23	0.27	0.2	0.27	0.49	0.2	0.15	0.07	0.95	0.39	0.37	0.26	0.27	0.25	0.27	0.5	0.38	0.48	0.26	0.42	0.22	0.4	0.3	0.28	0.07	0.41	0.61	0.29	0.35	0.5	0.29	0.41	0.32	0.15	0.71	0.27	0.41	0.52	0.51	0.37	0.42	0.29	0.52	0.92	0.6	0	0.42	0.25	0.44	0.42	0.62	0.14	0.36	0.38	0.42	0.29	0.27	0.29	0.52	0.73
0.03	0.11	0.16	0.16	0.1	0.31	0.49	0.12	0.1	1.88	0.03	11.5	0.48	0.58	0.62	0.07	0.14	0.98	0.48	0.44	0.47	0.03	0.39	0.05	0.25	0.2	0.15	0.37	0.61	0.14	0.43	0.34	0.14	0.09	0.14	0.49	0.13	0.27	0.33	0.03	0.14	0.01	0.12	0.04	0.05	0.09	0.42	0.4	0.24	0.01	0.22	0.09	0.12	0.06	0.37	0.03	0.87	0.11	0.91	0.04	0.12	0.25	0.15	0.57	0.41	0.32	0.16	0.03	0.16	0.16	0.12	0.42	0.82	0.19	0.24	0	0.42	0.09	0.6	0.59	0.12	0.43	0.14	0.1	0.43	0	0.1	0.08	0.03	0.43	0.1	0.41	0.13	1.44	0.14	0.44	0.14	0.13	0.64
0.08	0.2	0.38	0.53	0.06	0.23	0.08	0.19	0.47	1.27	0.08	8.52	0.55	0.17	0.24	0.39	0.46	0.18	0.17	0.19	0.54	0.46	0.04	0.32	0.07	0.19	0.97	0.22	0.77	0.2	0.08	0.03	0.47	0.06	0.17	0.01	0.21	0.48	0.48	0.09	0.19	0.1	0.58	0.48	0.48	0.06	0.19	0.53	0.15	0.07	0.19	0.04	0.18	0.11	0.19	0.08	0.53	0.19	0.03	0.09	0.19	0.09	0.54	0.4	0.05	0.01	0.21	0.4	0.21	0.21	0.19	0.09	0.5	0.4	0.18	0.18	0.4	0.01	0.52	0.18	0.2	0.37	0.41	0	0.25	0.1	0	0.04	0.08	0.18	0.08	0.31	0.42	0.71	0.42	0.21	0.53	0.2	0.53
0.44	0.44	0.18	0.44	0.48	0.27	0.22	0.16	0.44	0.53	0.44	1.92	0.41	0.16	0.41	0.06	0.19	0.25	0.21	0.32	0.27	0.41	0.11	0.04	0.04	0.14	0.16	0.18	0.58	0.41	1.25	0.09	0.48	0.41	0.15	0.26	0.47	0.24	0.05	0.06	0.81	0.08	0.51	0.76	0.43	0.37	0.17	0.19	0.41	0.16	0.17	0.08	0.45	0.08	0.19	0.08	0.51	0.19	0.34	0.08	0.15	0.35	0.41	0.18	0.41	0.05	0.2	0.41	0.19	0.18	0.18	0.05	0.09	0.15	0.41	0.08	0.07	0.03	0.4	0.17	0.41	0.06	0.19	0.18	0.17	0.09	0.21	0	0.08	0.15	0.41	0.22	0.18	0.4	0.41	0.15	0.41	0.17	0.19
0.32	0.37	0.16	0.24	0.46	0.45	0.1	0.11	0.09	2	0.02	1.29	0.11	0.42	0.22	0.08	0.13	0.26	0.23	0.11	0.14	0.04	0.42	0.07	0.52	0.42	0.14	0.42	0.17	0.36	0.17	0.07	0.2	0.43	0.46	0.08	0.1	0.1	0.01	0.04	0.12	0.43	0.1	0.01	0.04	0.2	0.16	0.43	0.23	0.39	0.43	0.53	0.11	0.08	0.12	0.01	0.53	0.49	0.43	0.01	0.42	0.01	0.12	0.34	0.04	0.08	0.13	0.02	0.13	0.44	0.1	0.04	0.16	0.54	0.44	0.23	0.04	0.07	0.23	0.44	0.12	0.03	0.41	0.44	1.04	0.4	0.44	0.2	0	0.11	0.43	0.2	0.12	0.23	0.13	0.36	0.44	0.45	0.24
0.12	0.02	0.09	0.05	0.12	0.26	0.12	0.03	0	1.98	0.4	4.95	0.03	0.01	0.35	0.48	0.05	0.2	0.42	0.03	0.39	0.48	0.49	0.48	0.14	0.01	0.04	0.08	1.49	0.05	0.48	0.16	0.03	0.12	0.06	0.48	0.02	0.03	0.11	0.22	0.49	0.11	0.09	0.16	0.49	0.13	0.59	0.03	0.38	0.18	0.18	0.21	0.49	0.47	0.04	0.11	0.03	0.37	0.16	0.1	0.02	0.14	0.44	0.4	0.15	0.17	0.3	0.11	0.06	0.04	0.04	0.2	0.12	0.27	0.42	0.12	0.52	0.18	0.92	0.94	0.01	0.18	0.04	0.93	0.36	0.12	0.18	0.14	0.31	0	0.44	0.3	0.04	0.49	0.13	0.03	0.3	0.03	0.52
0.18	0.13	0.26	0.21	0.01	0.66	0.02	0.19	0.12	2.09	0.03	6.04	0.13	0.23	0.24	0.49	0.18	0.46	0.23	0.49	0.18	0.04	0.09	0.01	0.02	0.15	0.17	0.55	0.2	0.2	0.03	0.3	0.14	0.4	0.16	0.08	0.15	0.36	0.03	0.09	0.61	0.3	0.41	0.07	0.01	0.14	0.15	0.5	0.41	0.14	0.14	0.3	0.14	0.41	0.14	0.03	0.15	0.14	0.05	0.42	0.14	1.12	0.16	0.52	0.04	0.4	0.15	0.03	0.53	0.52	0.15	0.01	0.59	0.19	0.13	0.04	0.4	0.31	0.19	0.5	0.43	0.06	0.26	0.07	0.14	0.04	0.08	0.04	0.1	0.33	0	0.43	0.14	0.55	0.16	0.15	0.44	0.28	0.36
0.42	0.56	0.34	0.33	0.67	0.47	0.19	0.35	0.97	1.98	0.47	3.38	0.29	0.28	0.87	0.14	0.47	0.47	1.09	0.67	0.48	0.19	0.97	0.19	0.19	0.48	0.31	0.32	0.68	0.47	0.48	0.14	0.48	0.17	0.46	0.48	0.3	0.69	0.19	0.21	0.68	0.19	0.31	0.48	0.48	0.33	0.37	0.65	0.26	1.08	0.29	0.15	0.29	0.49	0.3	0.5	0.32	0.5	0.4	0.5	0.3	0.6	0.5	0.3	0.5	0.12	0.32	0.4	0.32	0.33	0.49	0.5	0.49	0	0.31	0.49	0.21	0.52	0.21	0.3	0.33	0.3	0.3	0.12	1	0.52	0.12	0.15	0.51	0.29	0.18	0	0.3	0.46	0.71	0.46	0.35	0.66	1.06
0.12	0.27	0.19	0.45	0.13	0.28	0.12	0.05	0.46	0.76	0.12	8.78	0	0.05	0.59	0.36	0.07	0.2	0.34	0.47	0.08	0.47	0.21	0.22	0.14	0.05	0.06	0.07	0.31	0.01	0.17	0.48	0.05	0.13	0.07	0.48	0.03	0.27	0.48	0.15	0.93	0.12	0.04	0.12	0.14	0.13	0.22	0.06	0.56	0.52	0.03	0.23	0.04	0.5	0.32	0.13	0.05	0.4	0.16	0.4	0.7	0.11	0.22	0.22	0.15	0.4	0.4	0.12	0.08	0.06	0.4	0.14	0.9	0.27	0.04	0.13	0.51	0.17	0.41	0	0.31	0.41	0.01	0.35	0.28	0.41	0.19	0.18	0.12	0.04	1.02	0.3	0	0.92	0.07	0.04	0.42	0.05	1.42
0.23	0.42	0.37	0.42	0.52	0.15	0.6	0.44	0.42	1.61	0.22	1.42	0.41	0.32	0.41	0.51	0.92	0.74	0.05	0.42	0.34	0.22	0.18	0.92	0.43	0.32	0.35	0.42	0.73	0.43	0.54	0.54	0.34	0.44	0.32	0.15	0.54	0.75	0.22	0.22	0.95	0.22	0.34	0.25	0.55	0.45	0.35	0.36	0.45	0.45	0.51	0.45	0.35	0.31	0.34	1.46	0.34	0.35	0.45	0.46	0.33	0.24	0.56	0.74	0.5	0.46	0.36	0.23	0.46	0.66	0.46	0.23	0.23	0.03	0.96	0.46	0.22	0.56	0.3	0.34	0.77	0.59	0.47	0.15	0.49	0.47	0.97	0.77	0.25	0.47	0.6	0.21	0.48	0	0.98	0.32	1.48	0.48	0.34
0.24	0.04	0.1	0.09	0.55	0.64	0.2	0.05	0.05	1.62	0.42	1.02	0.07	0.92	0.41	0.27	0.03	0.22	0.3	0.05	0.1	0.17	0.42	0.18	0.45	0.43	0.02	0.07	0.13	0.43	0.13	0.18	0.41	0.2	0.07	0.24	0.05	0.05	0.13	0.25	0.05	0.14	0.44	0.44	0.64	0.22	0.23	0.06	0.38	0.13	0.05	0.23	0.37	0.19	0.29	0.44	0.66	0.04	0.19	0.66	0.07	0.96	0.02	0.23	0.34	0.19	0.03	0.15	0.29	0.27	0.06	0.16	0.49	0.31	0.06	0.16	0.57	0.55	0.57	0.07	0.07	0.26	0.08	0.58	0.58	0.16	0.23	0.31	0.25	0.05	0.17	0.99	0.07	0.5	0	0.49	0.01	0.05	0.54
0.26	0	0.09	0.08	0.13	0.26	0.13	0.03	0.5	1.95	0.12	9.32	0.48	0.04	0.39	0.48	0.05	0.22	0.23	0.02	0.25	0.16	0.34	0.5	0.14	0.14	0.03	0.4	0.1	0.05	0.5	0.2	0.22	0.13	0.04	0.5	0.02	0.02	0.11	0.22	0.4	0.51	0.02	0.12	0.41	0.15	0.21	0.41	0.41	0.41	0.26	0.19	0.01	0.51	0.41	0.11	0.03	0.01	0.15	0.41	0.03	0.42	0.03	0.42	0.16	0.16	0.42	0.12	0.05	0.42	0.03	0.42	0.22	0.28	0.03	0.12	0.21	0.74	0.34	0.94	0.04	0.22	0.44	0.18	0.27	0.13	0.19	0.54	0.44	0.03	0.15	0.31	0.44	0.32	0.08	0	0.05	0.02	0.65
0.14	0.04	0.46	0.01	0.47	0.47	0.16	0.05	0.05	1.51	0.15	11.4	0.41	0.91	0.38	0.23	0.42	1.82	0.3	0.42	0.4	0.42	0.52	0.16	0.42	0.07	0.41	0.06	0.42	0.08	0.42	0.25	0.05	0.42	0.07	0.21	0.43	0.05	0.13	0.23	0.15	0.15	0.04	0.43	0.16	0.51	0.35	0.43	0.43	0.12	0.42	0.32	1.74	0.26	0.52	0.14	0.05	0.42	0.19	0.14	0.43	0.65	0.02	0.43	0.18	0.19	0.43	0.53	1.03	0.06	0.05	0.16	0.93	0.43	0.06	0.42	0.42	0.62	1.17	0.45	0.42	0.19	0.68	0.22	0.92	0.16	0.42	0.18	0.15	0.05	0.37	0.65	0.07	0.36	0.01	0.16	0	0.04	0.29
0.26	0.02	0.1	0.05	0.45	0.57	0.14	0.03	0.03	2.41	0.41	2.22	0.04	0.3	0.38	0.21	0.05	0.19	0.24	0.02	0.47	0.37	0.43	0.47	0.97	0	0.03	0.05	0.47	0.15	0.11	0.25	0.03	0.13	0.44	0.2	0.02	0.02	0.48	0.48	0.01	0.11	0.48	0.48	0.32	0.13	0.49	0.03	0.33	0.49	0.06	0.2	0.01	0.16	0.05	0.1	0.03	0.11	0.17	0.5	0.03	0.5	0.18	0.5	0.55	0.5	0.04	0.12	0.05	0.04	0.4	0.16	0.4	0.5	0.03	0.11	0.22	0.4	0.41	0.04	0.04	0.71	0.05	0.2	0.91	0.13	0.2	0.16	0.12	0.35	0.16	0.44	0.41	0.43	0.41	0.22	0.04	0	0.62
0.48	0.49	0.34	0.34	0.23	0.15	0.49	0.6	0.19	2.22	0.23	7.96	0.27	0.21	0.42	0.42	0.22	0.44	0.43	0.94	0.63	0.93	0.43	0.43	0.22	0.31	0.2	0.46	0.44	0.28	0.43	0.44	0.2	0.25	0.52	0.16	0.18	0.18	0.23	0.46	0.19	0.23	0.19	0.25	0.47	0.48	0.49	0.89	0.5	0.54	0.27	0.4	0.41	0.27	0.28	0.23	0.2	0.18	0.91	0.24	0.2	0.81	0.41	0.34	0.2	0.2	0.41	0.62	0.22	0.56	0.4	0.94	0.78	0.09	0.19	0.64	0.42	0.51	0.59	0.27	0.93	0.43	0.63	0.15	0.4	0.83	0.16	0.19	0.23	0.2	0.64	0.44	0.33	0.12	0.45	0.19	0.3	0.19	0.02
