0	0.2	0.15	0.45	0.39	0.58	0.14	0.12	0.1	0.12	0.41	7.1	0.12	0.12	0.56	0.48	0.27	0.43	0.23	0.11	0.48	0.04	0.08	0.18	0.03	0.48	0.13	0.45	0.18	0.14	0.17	0.41	0.69	0.02	0.19	0.42	0.11	0.11	0.01	0.12	0.49	0.03	0.12	0.03	0.5	0.02	0.5	0.13	0.4	0.02	0.5	0.08	0.32	0.5	0.4	0.02	0.4	0.5	0.4	0.02	0.11	0.35	0.4	0.15	0.03	0.4	0.16	0.39	0.16	0.13	0.14	0.03	0.4	0.18	0.11	0.03	0.41	0.06	0.2	0.12	0.41	0.15	0.41	0.07	0.21	0.04	0.08	0.04	0.41	0.11	0.02	0.41	0.12	0.23	0.36	0.14	0.41	0.23	0.56
0.44	0	0.44	0.04	0.35	0.25	0.44	0.02	0.02	0.02	0.44	9.11	0.04	0.02	0.38	1.17	0.04	0.19	0.47	0.28	0.05	0.92	0.47	0.13	0.13	0.47	0.03	0.04	0.44	0.42	0.1	0.57	0.02	0.15	0.04	0.53	0.02	0.02	0.4	0.21	0.35	0.22	0.34	0.15	11	0.48	0.21	0.02	0.35	0.09	0.02	0.98	0.01	0.3	0.05	0.48	0.02	0.02	0.15	0.11	0.02	0.82	0.03	0.21	0.49	0.15	0.04	0.49	0.38	0.03	0.03	0.49	0.49	0.26	0.03	0.13	0.23	0.52	1	0.04	0.04	0.5	0.49	0.19	0.59	0.12	0.99	0.16	0.1	0.02	0.13	0.47	0.04	0.56	0.04	0.19	0.04	0.02	0.44
0.15	0.44	0	0.56	0.16	0.75	0.48	0.21	0.2	0.15	0.15	2.69	0.2	0.08	0.37	0.22	0.11	0.4	0.49	0.08	0.11	0.24	0.19	0.2	0.49	0.06	0.1	0.11	0.23	0.11	0.49	0.99	0.49	0.15	0.09	0.21	0.08	0.42	0.15	0.19	0.09	0.49	0.09	0.15	1.4	0.16	0.31	0.47	0.36	0.4	0.4	0.22	0.09	0.21	0.1	0.4	0.1	0.09	0.35	0.14	0.4	0.42	0.1	0.3	0.19	0.21	0.11	0.15	0.4	0.11	0.28	0.18	0.91	0.41	0.07	0.22	0.2	0.41	0.34	0.11	0.41	0.51	0.11	0.42	0.26	0.16	0.21	0.52	0.61	0.19	0.41	0.4	0.1	0.34	0.1	0.41	0.1	0.37	0.35
0.15	0.04	0.42	0.92	0.18	0.4	0.5	0.05	0.05	0.41	0.16	0.88	0.23	0.08	0.39	0.48	0.04	0.22	0.46	0.05	0.1	0.19	0.97	0.46	0.56	0.08	0.02	0.07	0.13	0.08	0.13	0.21	0.05	0.36	0.11	0.21	0.22	0.44	0.13	0.53	0.18	0.17	0.04	0.59	3.01	0.17	0.49	0.06	0.37	0.13	0.05	0.4	0.04	0.7	0.41	0.14	0.05	0.41	0.41	0.13	0.07	0.41	0.02	0.23	0.92	0.42	0.04	0.52	0.43	0.06	0.43	0.17	0.94	0.53	0.43	0.17	0.34	0.94	0.64	0.07	0.07	0.2	0.08	1.45	0.29	0.16	0.23	0.45	0.13	0.45	0.45	0.64	0.13	0.64	0	0.96	0.01	0.05	0.22
0.02	0.49	0.16	0.52	0	0.29	0.02	0.48	0.49	0.13	0.02	0.24	0.5	0.11	0.28	0.36	0.55	0.26	0.22	0.45	0.48	0.47	0.46	0.3	0.38	0.12	0.92	0.42	0.5	0.47	0.1	0.1	0.14	0	0.13	0.97	0.15	0.36	0.04	0.09	0.41	0.45	0.14	0.04	0.04	0	0.15	0.14	0.54	0.04	0.12	0.11	0.49	0.18	0.14	0.02	0.13	0.13	0.34	0.11	0.4	0.03	0.14	0.15	0.4	0.06	0.16	0.32	0.23	0.14	0.14	0.02	0	0.18	0.42	0.09	0.09	0.05	1.08	0.44	0.12	0.51	0.41	0.06	0.15	0.1	0.06	0.09	0.1	0.12	0.01	0.47	0.2	0.32	0.15	0.14	0.26	0.58	0.23
0.3	0.25	0.36	0.63	0.29	0	0.3	0.26	0.26	0.26	1.23	3.14	0.28	0.26	0.12	0.73	0.43	0.47	0.15	0.48	0.56	0.46	0.6	0.53	0.3	0.43	0.22	0.28	0.3	0.29	0.67	0.43	0.51	0.44	0.29	0.23	0.44	0.44	0.29	0.51	0.44	0.3	0.65	0.65	0.93	0.64	0.42	0.26	0.37	0.54	0.55	0.25	0.45	0.48	0.29	0.31	0.26	0.26	0.48	0.32	0.66	0.41	0.22	0.45	0.28	0.22	0.56	0.46	0.62	0.27	0.27	0.3	0.46	0.44	0.49	0.31	0.53	0.24	0.46	0.63	0.28	0.49	0.37	0.23	0.48	0.48	0.58	0.27	0.48	0.26	0.48	0.46	0.45	0.45	0.24	0.48	0.24	0.28	0.38
0	0.41	0.15	0.15	0.08	0.3	0	0.15	0.43	0.18	0.36	6.94	0.12	0.1	0.25	0.1	0.65	0.54	0.45	0.11	0.12	0.04	0.39	0.03	0.03	0.49	0.14	0.15	0.68	0.12	0.02	0.66	0.12	0.27	0.11	0.47	0.12	0.1	1.26	0.1	0.13	0.18	0.12	0.03	1.09	0.02	0.5	0.17	0.46	0.56	0.44	0.17	0.11	0.33	0.13	0.46	0.12	0.11	0.04	0.02	0.18	0.05	0.46	0.15	0.03	0.46	0.46	0	0.46	0.13	0.13	0.03	0.08	0.18	0.46	0.18	0.1	0.46	0.23	0.12	0.26	0.19	0.13	0.07	0.21	0.03	0.47	0.28	0.02	0.11	0.47	0.4	0.12	0.23	0.68	0.12	0.45	0.4	0.41
0.42	0.02	0.11	0.05	0.13	0.26	0.13	0	0.02	0.06	0.13	0.34	0.05	0.03	0.39	0.42	0.46	0.2	0.43	0.03	0.05	0.4	0.37	0.14	0.43	0.03	0.38	0.02	0.1	0.44	0.12	0.44	0.03	0.44	0.05	0.19	0.09	0.84	0.44	0.21	0.06	0.53	0.03	0.2	3.12	0.14	0.4	0.01	0.72	0.12	0.04	0.45	0.31	0.2	0.06	0.11	0	0.3	0.17	0.11	0.03	0.51	0.03	0.22	0.55	0.46	0.05	0.12	0.4	0.42	0.04	0.17	0.46	0.28	0.04	0.82	0.21	0.17	0.33	0.05	0.05	0.18	0.14	0.43	0.64	0.43	0.21	0.47	0.12	0.03	0.41	0.41	0.46	0.34	0.06	0.03	0.05	0.03	0.21
0.1	0.02	0.07	0.05	0.11	0.55	0.12	0.02	0	0.03	0.1	0.77	0.03	0.01	0.65	0.39	0.16	0.45	0.35	0.39	0.06	0.13	0.19	0.25	0.4	0.01	0.03	0.04	0.28	0.04	0.41	0.41	0.02	0.13	0.06	0.51	0.09	0.41	0.33	0.21	0.25	0.46	0.02	0.36	1.39	0.37	0.21	0.03	0.33	0.18	0.02	0.21	0.02	1.06	0.04	0.1	0.41	0.03	0.47	0.11	0.36	0.1	0.03	0.21	0.41	0.41	0.04	0.12	0.05	0.03	0.03	0.41	0.11	0.26	0.41	0.12	0.41	0.51	0.34	0.03	0.02	0.17	0.04	0.18	0.49	0.1	0.17	0.14	0.11	0	0.12	0.82	0.27	0.32	0.23	0.03	0.22	0.03	0.19
0.49	0.02	0.14	0.3	0.13	0.26	0.13	0	0.99	0	0.12	0.34	0.07	0.03	0.36	0.21	0.05	0.2	0.3	0.03	0.06	1.22	0.23	0.14	0.14	0.19	0.03	0.02	0.32	0.14	0.15	0.17	0.02	0.35	0.87	0.19	0.03	0.41	0.11	0.49	0.03	0.14	0.02	0.14	1.91	0.14	0.22	0.4	0.33	0.11	0.15	0.4	0.47	0.91	0.41	0.13	0	0.18	0.17	0.41	0.07	0.51	0.03	0.22	0.52	0.16	0.04	0.39	0.42	0.42	0.44	0.16	0.42	0.3	0.07	0.12	0.43	0.34	1.15	0.1	0.11	0.14	0.43	0.27	0.33	0.13	0.19	0.51	0.15	0.03	0.43	0.62	0.38	0.35	0.27	0.25	0.44	0.61	0.98
0.01	0.43	0.42	0.14	0.21	0.47	0.01	0.44	0.42	0.43	0	1.34	0.35	0.1	0.25	0.1	0.44	0.58	2.26	0.44	0.44	0.41	0.3	0.03	0.03	0.12	0.14	0.55	0.21	0.13	0.01	0.37	0.45	0.02	0.11	0.08	0.11	0.13	0.01	0.03	0.45	0.03	0.13	0.03	13.4	0.02	0.15	0.46	0.22	0.02	0.5	0.46	0.46	0.44	0.12	0.01	0.46	0.13	0.22	0.02	0.12	0.9	0.46	0.22	0.03	0.46	0.15	0.01	0.16	0.47	0.13	0.03	0.06	0.21	0.45	0.03	0.03	0.97	0.47	0.11	0.47	0.02	0.12	0.13	0.6	0.03	0.08	0.06	0.06	0.12	0.03	0.59	0.12	0.47	0.16	0.15	0.58	0.53	0.23
1.59	0.38	0.36	1.85	8.22	2.69	0.21	1.63	1.42	3.93	1.94	11.6	1.78	8.16	1.29	0.16	1.88	2.31	3.67	0.42	1.51	9.93	1.65	0.2	2.12	1.14	5.83	0.36	1.07	1.01	7.17	2.08	0.46	1.47	0.84	0.14	1.09	0.6	0.21	1.49	1.84	8.24	0.35	0.25	4.89	0.94	5.23	14.9	0.43	0.77	2.76	1.03	0.43	0.84	5.16	2.84	0.64	7.71	6.22	0.23	0.32	5.09	0.32	0.62	0.92	2.84	9.41	0.52	1.63	5.32	1.69	3.33	0.36	1.36	4.75	4.13	1.47	0.46	0.58	3.56	3.96	0.22	0.76	1.27	11.6	0.84	9.84	1.82	0.23	0.44	0.75	3.53	8.62	0.45	1.31	2.37	9.81	1.2	0.54
0.11	0.04	0.1	0.25	0.13	0.66	0.12	0.97	0.03	0.08	0.46	0.73	0	0.41	0.34	0.78	0.07	0.41	0.66	0.37	0.1	0.17	0.2	0.14	0.52	0.06	0.06	0.1	0.36	0.01	0.47	0.15	0.05	0.12	0.44	0.18	0.02	0.04	0.11	0.15	0.04	0.12	0.04	0.11	5.49	0.12	0.58	0.05	0.32	0.18	0.04	0.58	0.03	0.68	0.01	0.1	0.05	0.15	0.16	0.48	0.04	0.21	0.06	0.22	0.15	0.43	0.07	0.12	0.31	0.06	0.43	0.14	0.12	0.27	0.38	0.43	0.15	0.17	0.3	0	0.03	0.43	0.01	0.18	0.28	0.12	0.18	0.44	0.11	0.26	0.13	0.74	0.18	1.24	0.2	0.04	0.41	0.04	0.27
0.46	0.02	0.09	0.08	0.13	0.46	0.11	0.03	0.01	0.03	0.31	0.92	0.05	0	0.36	0.2	0.05	0.21	0.34	0.14	0.06	0.48	0.18	0.12	0.13	0.01	0.03	0.05	0.33	0.06	0.24	0.48	0.03	0.58	0.38	0.48	0.03	0.61	0.11	0.21	0.04	0.12	0.04	0.17	0.55	0.49	0.23	0.03	0.49	0.42	0.04	0.2	0.34	0.99	0.06	0.12	0.2	0.04	0.51	0.1	0.01	0.5	0.4	0.23	0.14	0.15	0.04	0.5	0.05	0.11	0.05	0.13	0.13	0.5	0.55	0.53	0.21	0.16	0.31	0.21	0.03	0.57	0.06	0.2	0.61	0.13	0.47	0.54	0.12	0.01	0.61	0.81	0.41	0.63	0.08	0.04	0.08	0.23	0.21
0.25	0.48	0.37	0.4	0.48	0.37	0.25	0.78	0.48	0.99	0.25	0.11	0.35	0.35	0	0.16	0.61	0.26	0.32	0.98	0.37	0.22	0.17	0.25	0.53	0.36	0.39	0.4	1.02	0.35	0.44	0.18	0.37	0.65	0.59	0.18	0.62	1.03	0.26	0.27	0.38	0.42	0.62	0.42	4.33	0.27	0.37	0.39	0.06	1.08	0.42	0.18	0.72	0.24	0.35	1.12	0.42	0.38	0.18	0.23	0.42	0.26	0.39	0.37	0.42	0.43	0.4	0.25	0.4	0.43	0.67	0.25	0.27	0.22	0.43	0.23	0.43	0.3	0.25	0.43	0.35	0.45	0.35	0.5	0.43	0.23	0.18	0.43	0.59	0.36	0.24	0.23	0.44	0.41	0.39	0.44	0.4	0.36	0.44
0.49	0.47	0.4	0.26	0.5	0.4	0.12	0.24	0.19	1.41	0.9	2.51	0.2	0.52	0.16	0	0.23	0.44	0.4	0.22	0.19	0.07	0.02	1.71	0.44	0.21	0.4	0.4	0.44	0.41	0.71	0.41	0.41	0.26	0.48	0.03	0.23	0.61	0.09	0.11	0.24	0.41	0.2	0.12	9.03	0.13	0.21	0.23	0.17	0.47	0.33	0.03	0.62	0.23	0.21	0.1	0.42	0.22	0.03	0.08	0.21	0.54	0.23	0.21	0.04	0.01	0.57	0.1	0.43	0.93	0.43	0.09	0.13	0.13	0.43	0.07	0.11	0.29	0.15	0.94	0.22	0.04	0.53	0.44	0.31	0.08	0.03	0.06	0.07	0.22	0.44	0.14	0.21	0.17	0.44	0.74	0.24	0.21	0.17
0.14	0.37	0.11	0.04	0.49	0.24	0.15	0.05	0.05	0.05	0.16	5.77	0.07	0.34	0.38	0.45	0	0.34	0.32	0.45	0.2	0.17	0.56	0.18	0.45	0.05	0.02	0.07	0.12	0.08	0.45	0.18	0.05	0.15	0.06	0.22	0.05	0.17	0.46	0.23	0.05	0.15	0.13	0.24	8.44	0.16	0.23	0.1	0.37	0.98	0.05	0.22	0.04	0.45	0.08	0.48	0.05	0.04	0.18	0.25	0.05	0.25	0.49	0.59	0.2	0.17	0.17	0.49	0.03	0.06	0.12	0.16	0.31	0.6	0.05	0.53	0.24	0.2	0.33	0.07	0.95	0.41	0.08	0.51	0.29	0.16	0.24	0.41	0.16	0.05	0.42	0.72	0.07	0.37	0.42	0.05	0.04	0.16	1.07
0.48	0.19	0.89	0.22	0.24	0.11	0.25	0.46	0.19	0.2	0.59	10.4	0.2	0.44	0.16	0.6	0.22	0.01	0.44	0.18	0.44	0.78	0.44	0.44	0.24	0.21	0.54	0.44	0.37	0.21	0.32	0.52	0.4	0.23	1.55	0.18	0.18	0.55	0.25	0.27	0.45	0.55	0.19	0.45	2.36	0.43	0.45	0.45	0.32	0.24	0.29	0.22	0.18	1.45	0.21	0.94	0.44	0.18	0.2	0.94	0.2	1.15	0.2	0.46	0.43	0.18	0.21	0.45	0.22	0.24	0.65	0.25	0.23	0.09	0.19	1.15	0.27	0.19	0.64	0.2	0.43	0.65	0.21	0.18	0.47	0.27	0.18	0.23	0.47	0.57	0.47	0.09	0.48	0.06	0.22	0.19	0.48	0.19	0
0.55	0.49	0.67	0.3	0.22	0.11	0.23	0.32	0.34	0.31	0.22	0.3	0.33	0.43	0.33	0.51	0.7	0.31	0	0.24	0.37	0.21	0.19	0.55	0.62	0.34	0.3	0.61	0.71	0.72	0.23	0.19	0.31	0.22	0.34	0.25	0.24	0.24	0.53	0.43	0.27	0.22	0.23	0.57	0.31	0.22	0.56	0.31	0.44	0.43	0.25	0.19	0.57	0.51	0.64	0.37	0.57	0.34	0.2	0.47	0.46	0.54	0.29	0.6	0.2	0.18	0.3	0.23	0.77	0.31	0.25	0.23	0.55	0.05	0.6	0.22	0.4	0.18	0.26	0.45	0.34	0.24	0.59	0.17	0.41	0.24	0.17	0.21	0.22	0.44	0.23	0.32	0.34	0.06	0.3	0.27	0.37	0.23	3.95
0.12	0.41	0.51	0.05	0.41	0.26	0.11	0.42	0.02	0.42	0.12	2.63	0.03	0.04	0.42	0.21	0.1	0.42	0.24	0	0.42	0.16	0.19	0.14	0.28	0.04	0.42	0.05	2.27	0.07	0.42	0.16	0.04	0.49	0.04	0.43	0.01	0.01	0.43	0.94	0.02	0.12	0.02	0.52	0.18	0.44	0.19	0.14	0.64	0.08	0.02	0.19	0.01	0.34	0.04	0.45	0.03	0.02	0.45	0.1	0.03	0.55	0.03	0.19	0.16	0.15	0.45	0.11	0.05	0.04	0.01	0.15	0.13	0.46	0.02	0.22	0.22	0.46	0.46	0.46	0.04	0.46	0.04	0.19	0.76	0.12	0.5	0.46	0.46	0.03	0.13	0.31	0.03	0.57	0.05	0.02	0.04	0.02	0.57
0.14	0.05	0.11	0.95	0.49	0.3	0.12	0.05	0.06	0.05	0.12	2.15	0.08	0.06	0.47	0.57	0.12	0.36	0.37	0.06	0	0.39	0.26	0.48	0.48	0.05	0.06	0.06	0.13	0.27	0.48	0.17	0.06	0.13	0.01	0.18	0.38	0.44	0.48	0.18	0.06	0.14	0.05	0.48	15.4	0.16	0.49	0.07	0.36	0.13	0.69	0.2	0.05	0.32	0.09	0.13	0.05	0.2	0.16	0.11	0.07	0.29	0.06	0.27	0.16	0.4	0.08	0.13	0.08	0.5	0.06	0.16	0.24	0.5	0.5	0.14	0.49	0.49	0.35	0.89	0.06	0.34	0.5	0.2	0.23	0.4	0.5	0.3	0.14	0.06	0.4	0.35	0.08	0.62	0.09	0.06	0.46	0.45	0.36
0.04	0.81	0.18	0.36	0.1	0.3	0.03	0.15	0.15	0.2	0.03	12.7	0.15	0.5	0.22	0.07	0.48	1.68	0.21	0.16	0.18	0	0.4	0.41	0.05	0.15	0.17	0.18	0.79	0.16	0.14	0.09	0.15	0.09	0.61	0.07	0.52	0.45	1	0.08	0.37	0.03	0.52	0.06	0.4	0.62	0.16	0.41	0.58	0.03	0.17	0.41	0.15	0.12	0.16	0.41	0.16	0.15	0.04	0.06	0.16	0.25	0.51	0.51	0.52	0.38	0.18	0.04	0.4	0.23	0.49	0.08	0.3	0.42	0.18	0.29	0.03	0.07	0.21	0.82	0.15	0.51	0.56	0.07	0.42	0.42	0.08	0.44	0.19	0.34	0.04	0.63	0.16	0.43	0.17	0.25	0.18	0.28	0.23
0.08	0.49	0.19	0.22	0.49	0.27	0.09	0.2	0.18	0.19	0.7	1.71	0.21	0.18	0.4	0.02	0.46	0.21	0.4	0.21	0.39	0.08	0	0.09	0.4	0.19	0.2	0.5	0.26	0.23	0.08	0.06	0.41	0.51	0.17	0.04	0.21	0.9	0.09	0.41	0.21	0.41	0.38	0.14	2.59	0.5	0.57	0.23	0.18	0.42	0.19	0.01	0.2	0.23	0.92	0.38	1.42	0.92	0.05	0.1	0.42	0.1	0.52	0.52	0.42	0.03	0.43	0.43	0.43	0.22	0.23	0.34	0.4	0.14	0.43	0.08	0.06	0.43	0.43	0.35	0.22	0.41	0.94	0.04	0.27	0.44	0.04	0.11	0.44	0.44	0.09	0.94	0.21	0.18	0.45	0.45	0.45	0.21	0.19
0.03	0.14	0.2	0.25	0.02	0.47	0.03	0.15	0.14	0.17	0.03	6.77	0.13	0.13	0.26	0.36	0.36	0.71	0.23	0.15	0.15	0.41	0.09	0	0.02	0.82	0.15	0.18	0.27	0.14	0.04	0.05	0.42	0.01	0.14	0.09	0.13	0.19	0.03	0.09	0.14	0.04	0.26	0.06	2.33	0.63	0.93	0.43	0.21	0.38	0.3	0.43	0.15	0.34	0.32	0.04	0.43	0.14	0.24	0.04	0.46	0.04	0.15	0.16	0.43	0.07	0.16	0.35	0.44	0.16	0.32	0.28	0.01	0.54	0.13	0.44	0.09	0.06	0.74	0.22	0.16	0.08	0.35	0.08	0.23	0.05	0.44	0.04	0.04	0.14	0.28	0.44	0.74	0.23	0.5	0.18	0.44	0.42	1.94
0.03	0.13	0.19	0.37	0.02	0.8	0.03	0.15	0.14	0.48	0.69	5.26	0.14	0.41	0.25	0.14	0.16	0.57	0.47	0.17	0.48	0.04	0.44	0.21	0	0.46	0.16	0.48	0.48	0.15	0.07	0.05	0.15	0.01	0.14	0.07	0.34	0.49	0.19	0.1	0.16	0.05	0.15	0.06	0.19	0.01	0.49	0.15	0.21	0.04	0.49	0.09	0.15	0.48	0.42	0.9	0.14	0.14	0.05	0.12	0.41	0.19	0.51	0.14	0.05	0.51	0.17	0.03	0.47	0.35	0.92	0.03	0.01	0.19	0.53	0.05	0.42	0.06	0.19	0.14	0.43	0.04	0.15	0.07	0.21	0.43	0.07	0.04	0.04	0.19	0.02	0.18	0.23	0.23	0.19	0.43	0.17	0.22	0.22
0.46	0	0.06	0.08	0.13	0.41	0.47	0.29	0.38	0.48	0.12	7.69	0.44	0.01	0.36	0.44	0.05	0.33	0.34	0.04	0.44	0.13	0.18	0.14	0.44	0	0.04	0.05	0.7	0.06	0.18	0.44	0.03	0.44	0.18	0.49	0.03	0.04	0.38	0.21	0.34	0.13	0.03	0.14	0.5	0.12	0.45	0.04	0.31	0.09	0.03	0.42	0.03	0.28	0.05	0.45	0.03	0.03	0.17	0.1	0.02	0.85	0.45	0.22	0.37	0.15	0.05	0.12	0.05	0.04	0.05	0.14	0.36	0.3	0.02	0.14	0.56	0.17	0.31	0.05	0.46	0.14	0.45	0.2	0.28	0.14	0.2	0.16	0.12	0.02	0.15	0.3	0.05	0.32	0.47	0	0.47	0	0.24
0.22	0.03	0.1	0.09	0.15	0.22	0.4	0.03	0.04	0.21	0.4	1.26	0.42	0.03	0.39	0.3	0.02	0.54	0.31	0.09	0.06	0.47	0.26	0.17	0.43	0.04	0	0.06	0.11	0.13	0.13	0.18	0.04	0.15	0.05	0.19	0.03	0.66	0.32	0.22	0.03	0.44	0.24	0.17	1.09	0.47	0.57	0.06	0.94	0.1	0.15	0.2	0.26	0.23	0.06	0.11	0.03	0.07	0.18	0.64	0.04	0.13	0	0.22	0.17	0.16	0.03	0.51	0.04	0.44	0.04	0.75	0.51	0.29	0.04	0.14	0.53	0.59	0.32	0.29	0.05	0.45	0.06	0.19	0.28	0.45	0.35	0.16	0.12	0.04	0.45	0.62	0.28	0.35	0.02	0.05	0.36	0.03	0.2
0.49	0.2	0.51	0.49	0.15	0.53	0.14	0.02	0.04	0.05	0.15	12.8	0.07	0.05	0.4	0.53	0.07	0.22	0.43	0.05	0.26	0.4	0.43	0.16	0.39	0.05	0.43	0	0.12	0.08	0.13	0.43	0.02	0.16	0.92	0.22	0.05	0.05	0.14	0.56	0.05	0.17	0.05	0.18	2.69	0.54	0.24	0.03	0.38	0.13	0.05	0.44	0.04	0.24	0.08	0.14	0.02	0.05	0.19	0.13	0.05	0.38	0.05	0.24	0.17	0.18	0.07	0.33	0.47	0.03	0.06	0.17	0.15	0.32	0.06	0.47	0.23	0.4	0.49	0.07	0.06	0.3	0.08	0.2	0.44	0.14	0.23	0.45	0.44	0.05	0.16	0.53	0.07	0.64	0.24	0.05	0.44	0.05	0.39
1.92	1.42	0.15	0.44	0.17	0.3	0.17	1.72	0.1	0.1	2.29	4.76	1.28	0.4	0.38	0.61	0.51	0.37	0.9	0.4	0.13	0.2	0.28	0.2	0.2	0.08	0.38	0.13	0	0.5	0.4	0.21	0.12	0.4	0.39	0.41	0.09	1.61	0.41	0.22	0.1	2.24	1.72	1.6	11.6	0.18	0.72	0.41	0.39	0.17	1.93	1.73	1.23	0.58	0.13	0.53	0.1	0.09	1.53	1.92	1.02	1.56	0.19	0.51	0.24	0.24	2.35	2.33	1.37	0.88	0.82	0.19	0.82	0.42	0.42	1.88	1.41	1.33	0.82	0.49	0.41	0.42	2.19	1.57	1.11	0.57	0.26	0.2	0.42	0.09	0.19	0.42	0.13	0.39	0.13	0.09	0.33	0.11	0.63
0.42	0.05	0.33	0.24	0.42	0.29	0.13	0.06	0.04	0.53	0.13	7.42	0.01	0.07	0.61	0.41	0.71	0.21	0.34	0.41	0.1	0.49	0.42	0.62	0.15	0.13	0.07	0.42	0.42	0	0.42	0.17	0.06	0.14	0.09	0.42	0.43	0.22	0.43	0.16	0.39	0.13	0.05	0.53	0.52	0.43	0.53	0.33	0.34	0.47	0.04	0.59	0.04	0.44	0	0.12	0.44	0.05	0.4	0.13	0.44	0.37	0.07	0.23	0.52	0.19	0.44	0.13	0.08	0.07	0.45	0.15	0.13	0.59	0.55	0.14	0.16	0.53	0.58	0.01	0.3	0.56	0.28	0.19	0.46	0.14	1.17	0.19	0.12	0.05	0.14	0.3	0.01	0.42	0.19	0.05	0.08	0.05	0.6
0.33	0.11	0.14	0.48	0.21	0.43	0.02	0.13	0.1	0.42	0.02	0.96	0.45	0.11	0.34	0.08	0.45	0.56	0.54	0.22	0.12	0.04	0.08	0.08	0.04	0.11	0.13	0.56	0.17	0.12	0	0.04	0.11	0.82	0.38	0.08	0.47	0.71	0.05	0.04	0.4	0.03	0.11	0.05	13.1	0.4	0.22	0.13	0.41	0.9	0.1	0.39	0.09	0.61	0.51	0.01	0.12	0.41	0.04	0.17	0.1	0.27	0.37	0.41	0.23	0.07	0.19	0.03	0.14	0.13	0.42	0.07	0.1	0.41	0.09	0.03	0.04	0.07	0.51	0.11	0.11	0.04	0.12	0.91	0.56	0.05	0.15	0.07	0	0.42	0.03	0.2	0.11	0.23	0.13	0.12	0.13	0.51	0.45
0.04	0.16	0.23	0.59	0.1	0.72	0.04	0.17	0.46	0.41	0.03	9.03	0.59	0.21	0.27	0.4	0.49	0.2	0.19	0.4	0.15	0.04	0.23	0.4	0.05	0.14	0.16	0.61	0.54	0.2	0.04	0	0.17	0.09	0.15	0.03	0.43	1.13	0.05	0.43	0.16	0.07	0.17	0.07	4.42	0.1	0.17	0.16	0.43	0.05	0.4	0.38	0.47	0.53	0.43	0.05	0.17	0.53	0	0.23	0.14	0.06	0.47	0.47	0.04	0.02	0.17	0.04	0.44	0.43	0.16	0.05	0.09	0.13	0.46	0.21	0.04	0.03	0.56	0.39	0.17	0.12	0.45	0.03	0.23	0.09	0.03	0.09	0.05	0.16	0.05	0.46	0.22	0.66	0.56	0.26	0.46	0.49	0.44
0.15	0.35	0.11	0.06	0.15	0.26	0.13	0.01	0.02	0.01	0.49	9.43	0.18	0.03	0.37	0.21	0.15	0.51	0.32	0.03	0.44	0.84	0.44	0.34	0.41	0.03	0.04	0.02	1.01	0.06	0.11	0.27	0	0.42	0.05	0.44	0.03	0.04	0.1	0.23	0.44	0.13	0.03	0.17	1.9	0.15	0.53	0.26	0.55	0.11	0.12	0.19	0.02	0.52	0.06	0.25	0.01	0.03	0.16	0.13	0.75	0.41	0.04	0.55	0.16	0.45	0.05	0.15	0.05	0	0.04	0.14	0.15	0.29	0.04	0.13	0.45	0.51	0.33	0.45	0.05	0.15	0.06	0.22	0.49	0.69	0.42	0.16	0.45	0.03	0.15	0.32	0.05	0.35	0.43	0.03	0.05	0.03	0.21
0.02	0.34	0.29	0.16	0	0.29	0.02	0.14	0.11	0.48	0.33	4.11	0.12	0.22	0.9	0.4	0.15	0.23	0.61	0.61	0.41	0.1	0.13	0.01	0.01	0.44	0.15	0.16	0.54	0.13	0.41	0.09	0.15	0	0.12	0.06	0.12	0.24	0.02	0.27	0.61	0.43	0.14	0.47	11.5	0.03	0.13	0.5	0.2	0.02	0.41	0.15	0.12	0.22	0.3	0.17	0.14	0.13	0.09	0.42	0.12	0.34	0.15	0.13	0.06	0.08	0.16	0.02	0.17	0.16	0.42	0.01	0	0.18	0.12	0.42	0.42	0.62	0.52	0.12	0.52	0.16	0.13	0.42	0.19	0.09	0.06	0.03	0.26	0.12	0.17	0.17	0.12	0.21	0.41	0.43	0.16	0.32	0.23
0.14	0.39	0.26	0.08	0.13	0.47	0.1	0.45	0.09	0.98	0.47	4.77	0.07	0.04	0.35	0.19	0.06	0.46	0.34	0.19	0.01	0.56	0.17	0.14	0.42	0.04	0.86	0.05	0.12	0.13	0.11	0.16	0.05	0.12	0	0.17	0.04	0.04	0.46	0.16	0.04	0.13	0.03	0.13	0.45	0.14	0.26	0.45	0.33	0.45	0.04	0.45	0.03	0.52	0.08	0.13	0.05	0.11	0.14	0.26	0.05	0.53	0.45	0.26	0.54	0.19	0.45	0.11	0.06	0.06	0.04	0.46	0.21	0.29	0.05	0.55	0.17	0.18	0.95	0.13	0.45	0.15	0.08	0.18	0.33	0.22	0.17	0.15	0.44	0.06	0.15	0.61	0.07	0.32	0.44	0.44	0.07	0.05	1.04
0.07	0.19	0.21	0.26	0.06	0.23	0.41	0.19	0.2	0.28	0.08	1.92	0.44	0.42	0.18	0.02	0.22	0.18	0.17	0.25	0.42	0.08	0.04	0.4	0.07	0.44	0.19	0.43	0.25	0.46	0.43	0.03	0.19	0.39	0.57	0.01	0.19	0.45	0.25	0.42	0.22	0.27	0.18	0.1	8.63	0.07	0.19	0.47	0.15	0.47	0.29	0.33	0.19	0.15	0.25	0.08	0.19	0.19	0.03	0.09	0.19	0.08	0.59	0.69	0.06	0.01	1	0.12	0.24	0.2	0.21	0.4	0.41	0.1	0.18	0.4	0.09	0.01	0.13	0.45	0.54	0.52	0.55	0	0.62	0.1	0	0.04	0.08	0.2	0.08	0.12	0.19	0.15	0.34	0.2	0.46	0.19	0.15
0.35	0.02	0.08	0.05	0.12	0.26	0.1	0.28	0.01	0.03	0.11	8.96	0.02	0.03	0.37	0.4	0.05	0.18	0.24	0.03	0.06	0.15	0.18	0.13	0.38	0.03	0.2	0.7	0.31	0.03	0.24	0.26	0.04	0.38	0.04	0.59	0.01	0.27	0.34	0.2	0.02	0.1	0.02	0.35	0.73	0.13	0.19	0.04	0.5	0.09	0	0.5	0.01	0.51	0.03	0.4	0.09	0.02	0.51	0.08	0.02	0.08	0.04	0.19	0.16	0.14	0.04	0.1	0.05	0.4	0.02	0.14	0.12	0.28	0.01	0.09	0.2	0.16	0.46	0.02	0.09	0.14	0.03	0.19	0.25	0.22	0.37	0.16	0.1	0.02	0.15	0.54	0.03	1.13	0.05	0.02	0.04	0.02	0.28
0.48	0.02	0.49	0.05	0.78	0.65	0.97	0.03	0.02	0.03	0.45	0.89	0.42	0.04	0.72	0.41	1.42	0.18	0.58	0.02	0.06	0.4	1.48	0.48	0.47	0.48	0.03	0.05	0.13	0.04	0.46	0.56	0.03	0.47	0.04	0.48	0.03	0.01	0.09	0.22	0.06	0.11	0.49	0.49	6.06	0.12	0.57	0.03	0.98	0.48	0.05	0.48	0.01	0.52	0.04	0.09	0.04	0.49	0.49	0.1	0.04	0.65	0.03	0.41	0.17	0.42	0.41	0.11	0.05	0.04	0.02	0.57	0.44	0.63	0.02	0.11	0.53	0.5	1.01	0.03	0.26	0.5	0.04	0.47	0.64	0.1	0.49	0.99	0.09	0.03	0.15	0.98	0.03	0.72	0.05	0.47	0.04	0.41	0.91
0.01	0.11	0.93	0.22	0.04	0.29	0.01	0.1	0.11	0.1	0.01	3.74	0.11	0.98	0.52	0.09	0.32	0.48	1.98	0.48	0.14	0.04	0.09	0.03	0.4	0.12	0.52	0.48	0.33	0.12	0.01	0.14	0.11	0.02	0.51	0.08	0.09	0.46	0	0.05	0.1	0.03	0.57	0	1.48	0.02	0.47	0.11	0.22	0.01	0.26	0.48	0.09	0.57	0.18	0	0.12	0.44	0.42	0.01	0.11	0.17	0.27	0.14	0.05	0.1	0.12	0.01	0.28	0.12	0.1	0.03	0.02	0.18	0.09	0.04	0.05	0.46	0.2	0.4	0.31	0.48	0.42	0.08	0.17	0.43	0.08	0.15	0.01	0.49	0.03	0.49	0.11	0.42	0.49	0.1	0.44	0.47	0.23
0.1	0.2	0.2	0.61	0.61	0.52	0.1	0.49	0.44	0.23	0.03	5.85	0.15	0.75	0.27	0.11	0.24	0.52	0.24	0.34	0.32	0.03	0.06	0.19	0.09	0.22	0.25	0.49	0.5	0.33	0.04	0.04	0.22	0.4	0.16	0.84	0.5	0.5	2.32	0	0.4	0.42	0.42	0.25	0.12	0.09	0.23	0.92	0.42	0.42	0.49	0.05	0.23	0.43	0.53	0.08	0.21	0.61	0.25	0.44	0.21	0.54	0.42	0.24	0.01	0.05	0.23	0.45	0.23	0.4	0.23	0.14	0.48	0.54	0.48	0.03	0.09	0.08	0.22	0.15	0.23	0.04	0.16	0.09	0.39	0.04	0.41	0.06	0.04	0.53	0.09	0.52	0.15	0.22	0.25	0.22	0.23	0.21	0.24
0.12	0.45	0.45	0.05	0.15	0.26	0.48	0.03	0.05	0.03	0.48	4.72	0.04	0.23	0.37	0.81	0.41	0.19	0.35	0.02	0.06	0.15	0.41	0.16	0.41	0.04	0.03	0.05	0.1	0.05	0.1	0.17	0.37	0.13	0.04	0.42	0.02	0.22	0.1	0.23	0	0.11	0.01	0.52	0.3	0.42	0.21	0.04	0.37	0.39	0.02	0.18	0.01	0.29	0.05	0.11	0.46	0.01	0.19	0.1	0.04	0.15	0.03	0.21	0.42	0.16	0.05	0.46	0.32	0.04	0.53	0.47	0.53	0.27	0.04	0.43	0.33	0.52	0.35	0.05	0.05	0.15	0.05	0.21	0.27	0.13	0.21	0.17	0.1	0.04	0.15	0.32	0.05	1.08	0.16	0.25	0.05	0.36	0.19
0.03	0.11	0.15	0.2	0.47	0.3	0.03	0.12	0.11	0.12	0.02	0.36	0.12	0.12	0.22	0.07	0.45	0.39	0.87	0.11	0.14	0.4	0.08	0.04	0.04	0.23	0.12	0.49	0.17	0.13	0.04	0.09	0.12	0.47	0.13	0.47	0.48	0.35	0.18	0.03	0.2	0	0.11	0.06	11.7	0.08	0.49	0.12	0.23	0.01	0.39	0.08	0.49	0.71	0.41	0.04	0.13	0.11	0.08	0.04	0.42	0.1	0.13	0.82	0.03	0.09	0.14	0.15	0.16	0.39	0.15	0.44	0.37	0.18	0.12	0.01	0.03	0.07	0.36	0.97	0.28	0.04	0.13	0.09	0.53	0.01	0.45	0.08	0.04	0.1	0.04	0.19	0.66	0.23	0.28	0.11	0.15	0.12	0.46
0.24	0.01	0.09	0.05	0.14	0.39	0.41	0.02	0.08	0.4	0.4	1.39	0.04	0.04	1.16	0.2	0.04	0.19	0.23	0.02	0.06	0.16	0.19	0.14	0.46	0.09	0.03	0.32	0.1	0.05	0.1	0.48	0.03	0.46	0.03	0.18	0.02	0.44	0.11	0.23	0.35	0.13	0	0.12	1.09	0.28	0.35	0.46	0.5	0.1	0.32	0.21	0.21	0.25	0.05	0.46	0.02	0.01	0.17	0.11	0.03	0.46	0.22	0.21	0.14	0.46	0.04	0.47	0.05	0.46	0.03	0.15	0.36	0.28	0.03	0.11	0.22	0.2	0.77	0.04	0.04	0.52	0.05	0.47	0.27	0.13	0.19	0.18	0.11	0.03	0.15	0.3	0.47	0.35	0.04	0.21	0.04	0.01	0.19
0.03	0.5	0.15	0.16	0.04	0.33	0.5	0.4	0.15	0.21	0.04	4.34	0.42	0.14	0.29	0.13	0.18	0.27	3.09	0.13	0.3	0.14	0.11	0.42	0.05	0.16	0.16	0.19	0.53	0.2	0.01	0.07	0.16	0.43	0.12	0.29	0.13	1.03	0.43	0.17	0.26	0.07	0.16	0	0.38	0.36	0.56	0.15	0.54	0.02	0.39	0.1	0.11	0.08	0.12	0.01	0.16	0.14	0.09	0.01	0.18	0.02	0.44	0.24	0.29	0.1	0.16	0.44	0.17	0.17	0.12	0.11	0.04	0.19	0.44	0.04	0.12	0.1	0.53	0.34	0.45	0.21	0.11	0.13	0.25	0.07	0.1	0.07	0.01	0.13	0.05	0.95	0.45	0.57	0.15	0.12	0.98	0.14	0.28
0.45	0.45	0.42	0.47	0.04	0.6	1.96	0.42	1.61	0.49	0.05	1.04	1.53	3.99	3.47	0.13	0.6	1.02	4.35	3.52	4.03	0.05	0.96	0.51	0.47	0.48	0.45	0.53	0.59	0.61	0.09	1.46	0.91	0.03	0.14	2.44	0.46	0.5	0.98	2	1.05	0.43	12.9	7.02	3.44	1.58	0.98	2.47	0.52	1.41	0.25	1	0.45	0.5	2.62	0.42	0.41	0.42	1.9	8.58	2.5	1.52	2.6	0.48	0.72	0.41	0.41	5.03	0.96	0.42	0.41	2.25	0.99	0.52	0.91	0.07	0.54	0.46	0.46	0.96	2.17	0.49	3.94	2.02	1.23	0.45	0.11	0.06	0.06	0.58	0.03	0.5	0.96	0.25	2.04	0.16	0.53	1.52	0.43
0.02	0.55	0.45	0.45	0	0.48	0.02	0.56	0.48	0.56	0.31	7.18	0.12	0.45	0.65	0.45	0.15	0.23	0.22	0.45	0.16	0.47	0.13	0.01	0.01	0.11	0.14	0.16	0.18	0.14	0.1	0.22	0.44	0	0.14	0.06	0.15	0.9	0.02	0.45	0.45	0.08	0.14	0.04	1.62	0	0.15	0.15	0.23	0.4	0.37	0.14	0.5	0.88	0.13	0.18	0.8	0.14	0.1	0.41	0.12	0.26	0.4	0.15	0.42	0.06	0.17	0.29	0.15	0.44	0.54	0.01	0	0.18	0.14	0.96	0.09	0.05	0.46	0.14	0.84	0.09	0.13	0.46	0.15	0.46	0.06	0.09	0.46	0.46	0.01	1.01	0.13	0.31	0.46	0.44	0.16	0.14	0.51
0.79	0.21	0.31	0.35	0.15	0.42	0.15	0.22	0.99	0.22	0.15	4.34	0.22	0.43	0.66	0.21	0.63	0.53	0.35	0.93	0.28	0.16	0.21	0.27	0.35	0.22	0.22	0.23	0.7	0.23	0.15	0.17	0.22	0.13	0.5	0.95	0.19	0.21	0.45	0.23	0.2	0.45	0.56	0.17	0.65	0.15	0	0.22	0.33	0.42	0.45	0.38	0.45	0.34	0.22	0.79	0.46	0.2	0.17	0.16	0.21	0.46	0.46	0.01	0.18	0.46	0.23	0.15	0.23	0.37	0.47	0.47	0.38	0.36	0.5	0.49	0.47	0.48	0.68	0.22	0.23	0.48	0.37	0.2	0.07	0.51	0.48	0.17	0.16	0.58	0.15	0.48	0.22	0.35	0.79	0.49	0.23	0.54	0.59
0.49	0.02	0.69	0.06	0.14	0.26	0.14	0.4	0.03	0.01	0.14	13.7	0.05	0.03	0.37	0.21	0.05	0.49	0.59	0.04	0.06	0.51	0.53	0.15	0.17	0.03	0.04	0.4	0.12	0.07	0.11	0.4	0.01	0.14	0.05	0.22	0.04	0.17	0.12	0.23	0.04	0.12	0.03	0.16	0.42	0.42	0.22	0	0.35	0.42	0.07	0.42	0.03	0.44	0.06	0.43	0.32	0.03	0.32	0.12	0.04	0.37	0.44	0.44	0.27	0.18	0.44	0.14	0.06	0.02	0.32	0.95	0.45	0.28	0.04	0.21	0.46	0.19	0.43	0.15	0.05	0.56	0.06	0.2	0.28	0.13	0.21	0.47	0.12	0.29	0.47	0.67	0.06	0.58	0.1	0.09	0.06	0.08	0.69
0.28	0.71	0.36	0.37	0.46	0.56	0.22	0.34	0.59	0.33	0.46	5.4	0.32	1.55	0.06	0.33	0.35	0.32	0.32	0.58	0.37	0.22	0.18	0.48	0.21	0.33	0.37	0.53	0.75	0.34	0.23	0.48	0.34	0.58	0.95	0.15	0.32	0.7	0.22	0.23	0.99	0.49	0.33	0.28	0.48	0.2	0.47	0.34	0	0.22	0.32	0.18	0.34	0.41	0.49	0.28	0.34	0.34	0.17	0.23	0.49	0.55	0.35	0.7	0.5	0.15	0.6	0.29	0.61	0.34	0.41	0.43	0.2	0.25	0.71	0.25	0.42	0.51	0.02	0.63	0.61	0.51	0.34	0.21	0.39	0.41	0.15	0.18	0.23	0.71	0.21	0.26	0.91	0.41	0.61	0.33	0.41	0.47	0.3
0.02	0.09	0.14	0.13	0.05	0.29	0.02	0.11	0.18	0.12	0.02	7.15	0.18	0.09	0.49	0.49	0.12	0.24	0.23	0.08	0.52	0.03	0.05	0.04	0.04	0.09	0.17	0.12	0.56	0.34	0.01	0.05	0.5	0.02	0.67	0.57	0.09	0.27	1.06	0.04	0.5	0.01	0.1	0.02	1.51	0.21	0.5	0.4	0.22	0	0.12	0.51	0.09	0.16	0.91	0.41	0.51	0.1	0.05	0.09	0.1	0.17	0.1	0.51	0.04	0.08	0.11	0.02	0.41	0.12	0.09	0.38	0.41	0.2	0.1	0.09	0.04	0.52	0.2	0.21	0.37	0.34	0.38	0.07	0.22	0.01	0.07	0.42	0.01	0.18	0.04	0.42	0.18	0.33	0.13	0.43	0.12	0.12	0.43
0.97	0.02	0.16	0.47	0.12	0.46	0.46	0.04	0.02	0.04	0.45	0.42	0.42	0.49	1.52	1.02	0.05	0.23	0.41	0.45	0.45	0.14	0.24	0.45	0.15	0.04	0.48	0.43	0.1	0.44	0.1	0.32	0.41	0.12	0.12	0.42	0.01	0.34	0.45	0.42	0.02	0.51	0.02	0.49	0.15	0.14	0.51	0.48	0.35	0.95	0.03	0.24	0.03	0.6	0.03	0.5	0.49	0.02	0.16	0.47	0.03	0.81	0.04	0.26	0.15	0.45	0.05	0.11	0.94	0.63	0.29	0.56	0.25	0.42	0.02	0.12	0.43	0.9	0.33	0.04	0.04	0.98	0.58	0.2	0.48	0.1	0.2	0.47	0.1	0.02	0.47	0.47	0.48	0.34	0.05	0.13	0.05	0.13	1.96
0.08	0.9	0.23	0.23	0.11	0.25	0.45	0.2	0.41	0.2	0.07	0.9	0.2	0.18	0.98	0.03	0.22	0.22	0.17	0.19	0.5	0.07	0.4	0.09	0.09	0.16	0.2	0.4	0.23	0.4	0.08	0.03	0.19	0.41	0.49	0.17	0.18	0.51	0.09	0.11	0.41	0.08	0.2	0.1	13.6	0.53	0.2	0.21	0.41	0.07	0.91	0	0.42	0.66	0.21	0.08	0.41	0.17	0.04	0.09	0.52	0.77	0.21	0.21	0.05	0.03	0.21	0.08	0.52	0.28	0.19	0.09	0.42	0.14	0.32	0.29	0.11	0.42	0.52	0.87	0.19	0.04	0.48	0.43	0.27	0.09	0.04	0.43	0.08	0.22	0.08	0.15	0.21	0.66	0.26	0.21	0.22	0.22	0.81
0.12	0.01	0.42	0.04	0.15	0.25	0.12	0.02	0.31	0.02	0.13	0.34	0.12	0.03	0.39	0.2	0.04	0.18	3.08	0.01	0.05	0.16	0.4	0.58	0.15	0.03	0.02	0.04	0.09	0.04	0.1	0.15	0.03	0.14	0.03	0.23	0.01	0.16	0.1	0.48	0.01	0.18	0.36	0.13	7.63	0.12	0.19	0.03	0.58	0.09	0.01	0.19	0	0.44	0.04	0.1	0.02	0.4	0.49	0.11	0.41	0.28	0.02	0.2	0.37	0.15	0.03	0.11	0.04	0.03	0.02	0.14	0.12	0.89	0.02	0.1	0.49	0.62	0.33	0.41	0.8	0.2	0.41	0.54	0.26	0.11	0.2	0.15	0.11	0.18	0.14	0.47	0.04	0.4	0.04	0.01	0.04	0.01	0.18
0.05	0.14	0.32	0.25	0.41	0.8	0.4	1.36	0.46	0.66	0.08	2.14	0.53	0.61	0.37	0.71	0.5	0.7	0.25	0.33	0.43	0.25	0.11	0.77	0.1	0.18	0.16	0.24	0.24	0.61	0.19	0.14	0.41	0.16	0.17	0.22	0.26	0.47	0.41	0.17	0.34	0.12	0.19	0.39	0.75	0.24	0.25	0.35	0.31	0.25	0.84	0.44	0.35	0	0.21	0.47	0.2	0.47	0.75	1.16	0.85	0.35	0.21	0.18	0.46	0.19	0.21	0.06	0.51	0.6	0.19	0.07	0.11	0.3	1.44	0.51	0.43	0.43	0.37	0.36	0.53	0.93	0.43	0.28	0.46	0.07	0.26	0.21	0.19	0.84	0.29	0.78	0.32	0.96	0.45	0.45	0.53	1.02	0.62
0.46	0.76	0.11	0.66	0.13	0.29	0.12	0.06	0.04	0.38	0.12	0.5	0.01	0.06	0.35	0.21	0.08	0.21	0.34	0.04	0.09	0.48	0.21	0.14	0.15	0.06	0.4	0.42	0.49	0	0.12	0.4	0.06	0.93	0.42	0.4	0.03	0.22	0.41	0.16	0.4	0.12	0.05	0.12	0.5	0.13	0.4	0.06	0.34	0.19	0.4	0.21	0.04	0.61	0	0.4	0.06	0.05	0.76	0.12	0.05	0.81	0.06	0.22	0.48	0.18	0.51	0.12	0.41	0.41	0.05	0.41	0.13	0.51	0.41	0.41	0.16	0.49	0.62	0.01	0.03	0.15	0	0.18	0.28	0.14	0.33	0.18	0.43	0.04	0.51	0.43	0.53	0.34	0.22	0.05	0.07	0.05	0.65
0.89	0.12	0.41	0.35	0.41	0.31	0.41	0.11	0.1	0.15	0.03	4.27	0.16	0.12	0.5	0.4	0.14	0.4	0.24	0.12	0.4	0.05	0.09	0.03	0.03	0.23	0.5	0.4	1.83	0.12	0.01	0.05	0.11	0.41	0.64	0.43	0.22	0.42	0.01	0.05	0.1	0.05	0.1	0.43	1.68	0.43	0.25	0.46	0.22	0.43	0.5	0.08	0.1	0.37	0.11	0	0.54	0.11	0.33	0.01	0.32	0.29	0.13	0.45	0.16	0.07	0.13	0.15	0.45	0.13	0.11	0.03	0.05	0.18	0.45	0.03	0.32	0.07	0.21	0.12	0.45	0.2	0.12	0.43	0.21	0.04	0.2	0.46	0.31	0.46	0.03	0.57	0.11	0.35	0.15	0.47	0.47	0.33	0.5
0.13	0.25	0.1	0.05	0.43	0.31	0.59	0	0.02	0	0.12	3.08	0.05	0.08	0.56	0.55	0.05	0.2	0.53	0.04	0.05	0.41	0.21	0.15	0.31	0.03	0.09	0.02	0.11	0.06	0.46	0.46	0.01	0.14	0.05	0.46	0.03	0.27	0.1	0.21	0.03	0.46	0.03	0.14	10	0.14	0.22	0.01	0.33	0.11	0.04	0.47	0.02	0.48	0.06	0.13	0	0.03	0.49	0.13	0.03	0.5	0.04	0.22	0.16	0.44	0.05	0.12	0.41	0.02	0.04	0.16	0.42	0.42	0.14	0.13	0.21	0.18	0.33	0.39	0.05	0.22	0.06	0.19	0.55	0.12	0.22	0.41	0.12	0.41	0.14	0.56	0.51	1.41	0.05	0.41	0.05	0.03	0.51
0.42	0.02	0.4	0.28	0.13	0.61	0.11	0.11	0.03	0.03	0.13	6.78	0.04	0.04	0.53	0.28	0.13	0.19	0.63	0.02	0.07	0.15	0.21	0.14	0.14	0.03	0.04	0.44	0.09	0.21	0.33	0.18	0.03	0.22	0.04	0.44	0.02	0.16	0.09	0.95	0.02	0.12	0.04	0.17	0.17	0.13	0.2	0.03	0.33	0.09	0.29	0.18	0.01	0.31	0.33	0.11	0.03	0	0.17	0.12	0.36	0.46	0.03	0.2	0.29	0.16	0.04	0.26	0.05	0.04	0.02	0.14	0.16	0.27	0.03	0.19	0.22	0.4	0.34	0.46	0.04	0.14	0.27	0.2	0.26	0.57	0.19	0.17	0.11	0.03	0.33	0.31	0.04	0.87	0.05	0.19	0.04	0.01	0.46
0.32	0.17	0.22	0.19	0.1	0.25	0.04	0.48	0.14	0.48	0.03	9.34	0.15	0.51	0.48	0.03	0.19	0.48	0.48	0.29	0.28	0.04	0.05	0.44	0.69	0.14	0.35	0.18	0.21	0.51	0.05	0	0.17	0.09	0.15	0.03	0.49	0.37	0.11	0.04	0.5	0.09	0.17	0.11	4.11	0.4	0.17	0.18	0.17	0.5	0.23	0.03	0.9	0.45	0.16	0.05	0.51	0.4	0	0.05	0.4	0.81	0.16	0.29	0.04	0.02	0.19	0.04	0.41	0.17	0.17	0.05	0.41	0.13	0.2	0.08	0.41	0.03	0.39	0.52	0.16	0.62	0.55	0.03	0.23	0.42	0.03	0.42	0.42	0.14	0.42	0.14	0.15	0.43	0.18	0.49	0.19	0.89	0.17
0.16	0.17	0.14	0.41	0.1	0.32	0.02	0.13	0.1	0.13	0.09	2.96	0.28	0.11	0.23	0.08	0.15	0.26	0.24	0.32	0.44	0.12	0.47	0.04	0.04	0.1	0.12	0.15	1.46	0.13	0	0.24	0.26	0.23	0.12	0.47	0.08	0.09	0.27	0.04	0.1	0.04	0.13	0.02	1.51	0.48	0.16	0.12	0.62	0.01	0.47	0.09	0.1	0.12	0.12	0.01	0.12	0.1	0.4	0	0.1	0.56	0.33	0.16	0.42	0.17	0.13	0.02	0.15	0.47	0.24	0.04	0.47	0.19	0.41	0.04	0.46	0.46	0.57	0.11	0.12	0.04	0.56	0.49	0.22	0.04	0.09	0.08	0.47	0.1	0.04	0.2	0.36	0.6	0.13	0.47	0.13	0.11	0.57
0.1	0.11	0.09	0.34	0.41	0.53	0.12	0.03	0.02	0.04	0.42	2.52	0.44	0.02	1.17	0.61	0.07	0.54	0.54	0.2	0.07	0.16	0.18	0.13	0.13	0.02	0.04	0.33	0.11	0.05	0.32	0.16	0.24	0.13	0.05	0.19	0.02	0.43	0.1	0.2	0.04	0.46	0.03	0.17	0.72	0.15	0.21	0.04	0.33	0.1	0.47	0.48	0.03	0.69	0.37	0.09	0.03	0.03	0.31	0.1	0	0.18	0.4	0.42	0.15	0.47	0.05	0.52	0.06	0.04	0.04	0.9	0.4	0.28	0.33	0.15	0.21	0.32	0.3	0.04	0.1	0.4	0.62	0.31	0.27	0.11	0.69	0.16	0.1	0.02	0.16	0.3	0.04	0.42	0.07	0.03	0.63	0.03	0.2
0.02	0.19	0.5	1	0.03	0.5	0.03	0.95	0.09	0.11	0.42	4.98	0.78	0.47	0.47	0.47	0.48	0.47	0.97	0.47	0.5	0.47	0.46	0.04	0.04	0.46	0.46	0.46	0.45	0.46	0.45	0.45	0.46	0.03	0.42	0.95	0.44	0.44	0.01	0.94	0.44	0.93	0.44	0.07	0.06	0.93	0.93	0.42	0.92	0.01	0.42	0.42	0.12	0.51	0.42	0.01	0.92	0.92	0.06	0.92	0.41	0.41	0.91	0.16	0.41	0.08	0.4	0.42	1.4	1.41	0.5	0.5	0.7	0.5	0.49	0.04	0.05	0.07	0.6	0.99	0.49	0.49	0.12	0.08	0.49	0.04	0.49	0.08	0.01	0.48	0.03	1	0.11	0.62	0.48	0.98	0.97	0.41	0.97
0.13	0.18	0.1	0.19	0.14	0.22	0.45	0.24	0.29	0.04	0.16	3.09	0.43	0.03	0.39	0.4	0.04	0.2	1.5	0.03	0.06	0.17	0.2	0.15	0.18	0.04	0	0.06	0.11	0.07	0.13	0.16	0.04	0.16	0.05	0.21	0.04	0.1	0.14	0.22	0.03	0.12	0.03	0.16	0.27	0.4	0.22	0.4	0.6	0.18	0.3	0.22	0.02	0.4	0.06	0.5	0.03	0.03	0.16	0.4	0.04	0.74	0	0.41	0.4	0.46	0.01	0.14	0.03	0.05	0.04	0.84	0.16	0.4	0.04	0.14	0.22	0.34	0.36	0.1	0.05	0.21	0.06	0.22	0.28	0.14	0.55	0.18	0.42	0.04	0.16	0.51	0.06	0.91	0.02	0.04	0.02	0.03	0.21
0.15	0.54	0.3	0.23	0.13	0.51	0.53	0.48	0.47	0.22	0.15	8.84	0.22	0.23	0.37	0.46	0.23	0.78	0.35	0.19	0.27	1.41	0.43	0.42	0.51	0.61	0.41	0.24	0.32	0.38	0.33	0.39	0.22	0.13	0.24	0.19	0.2	0.42	0.15	0.21	0.21	0.2	0.42	0.42	6.98	0.12	0.01	0.37	0.33	0.15	0.2	0.21	0.2	0.56	0.22	0.42	0.41	0.2	0.17	0.16	0.22	1.03	0.53	0	0.49	0.2	0.23	0.29	0.24	0.33	0.2	0.14	0.48	0.35	1.07	0.55	0.21	0.18	0.31	0.23	0.93	0.21	0.22	0.18	0.06	0.21	0.19	0.43	0.16	0.21	0.12	0.49	0.24	0.77	0.42	0.21	0.43	0.21	0.64
0.03	0.44	0.19	0.18	0.45	0.28	0.34	0.45	0.14	0.15	0.03	3.48	0.15	0.13	0.46	0.04	0.18	0.46	0.21	0.16	0.17	0.03	0.56	0.04	0.04	0.15	0.46	0.46	0.46	0.35	0.04	0.04	0.16	0.06	0.15	0.05	0.31	0.15	0.05	0.04	0.47	0.02	0.16	0.15	0.47	0.12	0.18	0.17	0.2	0.04	0.14	0.05	0.15	0.13	0.16	0.04	0.16	0.4	0.17	0.04	0.57	0.08	0.17	0.16	0	0.05	0.19	0.4	0.19	0.49	0.15	0.24	0.09	0.19	0.15	0.04	0.01	0.05	0.19	0.26	0.14	0.02	0.49	0.05	0.18	0.04	0.05	0.06	0.04	0.13	0.04	0.16	0.15	0.6	0.17	0.4	0.54	0.17	0.22
0.07	0.5	0.2	0.19	0.06	0.22	0.46	0.46	0.18	0.16	0.96	4.29	0.17	0.29	0.45	0.01	0.18	0.45	0.16	0.45	0.19	0.05	0.03	0.07	0.44	0.16	0.21	0.36	0.94	0.44	0.07	0.03	0.54	0.06	0.18	0.01	0.44	0.15	0.07	0.05	0.44	0.08	0.17	0.19	1.54	0.44	0.2	0.94	0.44	0.08	1.24	0.16	0.26	0.32	0.44	0.41	0.44	0.33	0.02	0.44	0.16	0.09	0.16	0.2	0.05	0	0.17	0.07	0.44	0.17	0.15	0.07	0.06	0.44	0.16	0.44	0.44	0.02	0.24	0.44	0.17	0.07	0.18	0.01	0.16	0.07	0.01	0.44	0.08	0.18	0.46	0.36	0.18	0.43	0.19	0.24	0.19	0.92	3.44
0.16	0.04	0.12	0.04	0.18	0.59	0.16	0.05	0.05	0.08	0.21	2.02	0.42	0.14	0.72	0.23	0.42	0.35	0.61	0.05	0.09	0.17	0.21	0.17	0.17	0.29	0.01	0.06	0.12	0.34	0.15	0.42	0.05	0.15	0.06	0.22	0.05	1.21	0.14	0.25	0.36	0.15	0.37	0.24	2.05	0.16	0.23	0.2	0.42	0.11	0.34	0.21	0.03	0.93	0.42	0.14	0.42	0.04	0.29	0.14	0.4	0.55	0.02	0.62	0.31	0.42	0	0.39	0.01	0.06	0.05	0.17	0.16	0.42	0.33	0.16	0.23	0.31	0.92	0.46	0.19	0.72	0.42	0.2	0.62	0.29	0.42	0.42	0.14	0.34	0.15	0.61	0.29	0.9	0.03	0.43	0.73	0.04	0.22
0.06	0.4	0.15	0.14	0.02	0.47	0	0.17	0.12	0.15	0.01	9.22	0.45	0.45	0.25	0.1	0.45	0.25	0.22	0.11	0.12	0.04	0.08	0.03	0.03	0.11	0.46	0.35	0.46	0.13	0.02	0.1	0.17	0.02	0.11	0.32	0.11	0.13	0.01	0.47	0.14	0.03	0.11	0.47	3.29	0.02	0.5	0.52	0.63	0.03	0.1	0.08	0.98	0.14	0.12	0.07	0.48	0.79	0.04	0.02	0.12	0.15	0.49	0.15	0.04	0.07	0.15	0	0.16	0.15	0.12	0.03	0.28	0.49	0.43	0.03	0.1	0.36	0.37	0.4	0.15	0.06	0.13	0.4	0.4	0.31	0.37	0.05	0.13	0.41	0.05	0.41	0.41	0.41	0.14	0.43	0.14	0.11	0.22
0.17	0.5	0.5	0.03	0.17	0.4	0.51	0.29	0.35	0.05	0.14	4.73	0.07	0.05	0.48	0.24	0.03	0.44	0.49	0.05	0.8	0.19	0.24	0.17	0.18	0.05	0.41	0.07	0.52	0.82	0.42	0.18	0.05	0.15	0.12	0.22	0.62	1.57	0.13	0.23	0.05	0.53	0.05	0.28	7.7	0.15	0.24	0.44	0.37	0.13	0.45	0.21	0.04	0.2	0.13	0.13	0.05	0.05	0.19	0.15	0.46	1.15	0.03	0.23	0.18	0.47	0.14	0.49	0	0.06	0.06	0.78	0.19	0.3	0.28	0.31	0.49	0.54	0.33	0.07	0.92	0.33	0.08	0.49	0.3	0.5	0.23	0.25	0.13	0.05	0.17	0.34	0.4	0.57	0.1	0.22	0.03	0.05	0.45
0.13	0.03	0.11	0.42	0.17	0.43	0.16	0.01	0.03	0.06	0.13	0.99	0.06	0.04	0.39	0.23	0.06	0.55	0.32	0.04	0.09	0.52	0.45	0.15	0.15	0.04	0.04	0.02	0.55	0.07	0.12	0.45	0.01	0.15	0.14	0.45	0.04	0.04	0.13	0.23	0.45	0.27	0.28	0.15	1.17	0.15	0.22	0.02	0.34	0.12	0.44	0.21	0.03	0.77	0.06	0.45	0.02	0.04	0.18	0.14	0.46	0.64	0.04	0.22	0.17	0.47	0.27	0.13	0.06	0	0.05	0.47	0.15	0.29	0.04	0.14	0.22	0.48	0.34	0.4	0.05	0.23	0.07	0.23	0.29	0.58	0.47	0.68	0.22	0.14	0.15	0.42	0.1	0.99	0.06	0.03	0.05	0.04	1.89
0.11	0.03	0.45	0.06	1.15	0.26	0.11	0.09	0.03	0.04	0.45	2.37	0.4	0.14	0.38	0.4	0.06	0.19	0.25	0.01	0.4	0.17	0.7	0.15	0.34	0.05	0.4	0.2	0.37	0.05	0.1	0.41	0.4	0.15	0.27	0.21	0.02	0.78	0.1	0.23	0.34	0.41	0.04	0.31	1.65	0.14	0.41	0.29	0.35	0.09	0.32	0.41	0.41	0.27	0.71	0.1	0.06	0.02	0.41	0.43	0.04	0.32	0.04	0.37	0.41	0.41	0.05	0.11	0.06	0.07	0	0.53	0.13	0.35	0.41	0.14	0.41	0.58	1.51	0.04	0.06	0.19	0.05	0.27	0.91	0.47	0.21	0.41	0.1	0.41	0.43	0.33	0.26	0.49	0.06	0.41	0.05	0.42	0.45
0.03	1.01	0.51	0.26	0.02	0.54	0.03	0.14	0.14	0.17	0.03	2.6	0.49	0.12	0.25	0.22	0.7	0.25	0.4	0.44	0.15	0.05	0.41	0.01	0.27	0.14	0.48	0.17	0.4	0.15	0.04	0.05	0.41	0.27	0.15	0.09	0.13	0.92	0.26	0.09	0.72	0.43	0.15	0.43	14.3	0.3	0.94	0.15	0.6	0.04	0.13	0.44	0.14	0.3	0.15	0.03	0.14	0.5	0.4	0.04	0.13	0.4	0.15	0.14	0.45	0.07	0.42	0.03	0.18	0.39	0.46	0	0.33	0.19	0.54	0.05	0.37	0.08	0.35	0.15	0.66	0.04	0.46	0.08	0.46	0.06	0.47	0.2	0.04	0.47	0.01	0.19	0.14	0.52	0.16	0.51	0.18	0.16	1.07
0.02	0.12	0.57	0.64	0.01	0.55	0.02	0.46	0.44	0.13	0.29	1.47	0.51	0.46	0.27	0.12	0.15	0.23	0.22	0.46	0.67	0.14	0.47	0.01	0.01	0.47	0.25	0.17	0.18	0.14	0.26	0.47	0.3	0	0.14	0.06	0.47	0.35	0.02	0.47	0.47	0.09	0.47	0.05	2.26	0	0.48	0.15	0.43	0.03	0.12	0.47	0.12	0.49	0.47	0.02	0.14	0.47	0.09	0.47	0.12	0.02	0.35	0.13	0.48	0.06	0.15	0.02	0.58	0.52	0.13	0.01	0	0.88	0.12	0.78	0.09	0.11	0.23	0.13	0.12	0.12	0.49	0.06	0.49	0.23	0.06	0.31	0.09	0.49	0.13	0.49	0.38	0.79	0.15	0.13	0.49	1	0.49
0.19	0.71	0.61	0.56	0.18	0.11	0.2	0.28	0.52	0.3	0.18	2.11	0.43	0.27	0.22	0.13	0.3	0.09	0.05	0.28	0.43	0.2	0.48	0.44	0.49	0.27	0.51	0.48	0.44	0.68	0.57	0.32	0.44	0.5	0.29	0.1	0.43	0.73	0.39	0.2	0.44	0.34	0.28	0.53	0.22	0.33	0.36	1.04	0.25	0.2	0.26	0.44	0.36	0.29	0.4	0.18	0.28	0.26	0.13	0.23	0.53	0.32	0.65	0.35	0.19	0.24	0.31	0.18	0.3	0.45	0.5	0.49	0.66	0	0.35	0.19	0.2	0.12	0.21	0.45	0.53	0.61	0.54	0.1	0.35	0.19	0.1	0.15	0.36	0.46	0.19	0	0.27	0.03	0.32	0.29	0.3	0.28	0.47
0.1	0.21	0.07	0.06	0.12	0.26	0.11	0.03	0.02	0.03	0.32	3.7	0.03	0.02	0.69	0.49	0.05	0.19	0.34	0.02	0.44	0.41	0.8	0.4	0.4	0.31	0.19	0.05	0.4	0.4	0.23	0.4	0.04	0.12	0.05	0.35	0.41	0.02	0.41	0.21	0.41	0.12	0.03	0.11	0.28	0.51	0.41	0.23	0.33	0.1	0.41	0.18	0.02	0.47	0.17	0.48	0.03	0.32	0.16	0.42	0.01	0.75	0.04	0.42	0.15	0.17	0.42	0.1	0.06	0.42	0.42	0.13	0.42	0.26	0	0.63	0.21	0.18	0.57	0.03	0.1	0.15	0.4	0.49	1.03	0.12	0.37	0.16	0.09	0.02	0.13	0.63	0.43	0.94	0.43	0.03	0.78	0.03	0.43
0.04	0.12	0.23	0.17	0.09	0.32	0.03	0.14	0.12	0.13	0.42	3.56	0.14	0.13	0.49	0.08	0.43	0.27	0.22	0.49	0.15	0.04	0.09	0.05	0.18	0.14	0.15	0.35	1.81	0.37	0.42	0.08	0.13	0.42	0.18	0.1	0.41	0.12	0.04	0.04	0.22	0.01	0.45	0.04	2.59	0.1	0.22	0.14	0.58	0.05	0.11	0.09	0.1	0.4	0.14	0.04	0.49	0.41	0.42	0.04	0.11	0.42	0.14	0.22	0.12	0.42	0.15	0.3	0.19	0.13	0.12	0.05	0.43	0.19	0.11	0	0.03	0.95	0.44	0.53	0.15	0.08	0.13	0.1	0.27	0.36	0.1	0.09	0.39	0.11	0.05	0.19	0.47	0.24	0.15	0.11	0.22	0.13	0.24
0.1	0.2	0.55	0.48	0.09	0.32	0.1	0.21	0.2	0.22	0.35	0.47	0.38	0.59	0.27	0.11	0.24	1.03	0.48	0.22	0.44	0.09	0.06	0.28	0.36	0.4	0.22	0.46	0.45	0.33	0.04	0.04	0.22	0.09	0.17	0.09	0.23	0.64	0.05	0.42	0.21	0.04	0.22	0.12	1.36	0.09	0.24	0.43	0.24	0.04	0.38	0.05	0.21	0.78	0.16	0.38	0.46	0.41	0.05	0.05	0.2	0.54	0.23	0.24	0.47	0.05	0.23	0.1	0.25	0.23	0.23	0.48	0.09	0.34	0.22	0.03	0	0.23	0.49	0.15	0.23	0	0.16	0.13	0.9	0.4	0.09	0.07	0.04	0.21	0.09	0.48	0.15	0.22	0.41	0.22	0.24	0.22	0.43
0.06	0.99	0.21	0.58	0.05	0.23	0.06	0.18	0.97	0.2	0.1	6.67	0.45	0.45	0.19	0.03	0.46	0.19	0.45	0.45	0.2	0.07	0.08	0.44	0.06	0.53	0.53	0.44	0.63	0.37	0.07	0.42	0.42	0.17	0.18	0.01	0.17	0.45	0.4	0.08	0.4	0.5	0.17	0.09	0.08	0.49	0.3	0.54	0.78	0.08	0.17	0.55	0.18	0.47	0.47	0.57	0.47	0.19	0.04	0.07	0.46	0.96	0.19	0.56	0.45	0.03	0.21	0.95	0.44	0.19	0.48	0.44	0.05	0.12	0.16	0.93	0.08	0	0.43	0.23	0.5	0.42	0.42	0.14	0.24	0.41	0.23	0.3	0.07	0.4	0.35	0.13	0.5	0.16	0.2	0.2	0.49	0.48	0.59
0.2	0.48	0.34	1.08	0.24	0.21	0.2	0.33	0.31	0.73	0.4	8.21	0.3	0.5	0.04	0.4	0.36	0.4	0.26	0.33	0.91	0.21	0.16	0.19	0.41	0.37	0.32	0.51	0.59	0.32	0.22	0.42	0.53	0.62	0.47	0.42	0.32	0.42	0.2	0.21	0.52	0.21	0.43	0.22	0.22	0.23	0.38	0.93	0.02	0.2	0.68	0.16	0.73	0.43	0.32	0.29	0.47	0.94	0.17	0.48	0.58	0.53	0.32	0.44	0.19	0.39	0.61	0.54	0.34	0.34	0.94	0.44	0.23	0.21	0.84	0.23	0.22	0.54	0.01	0.32	0.53	0.22	0.53	0.12	0.94	0.43	0.13	0.16	0.22	0.64	0.19	0.22	0.67	0.3	0.35	0.44	0.57	0.91	0.44
0.11	0.96	0.44	0.07	0.45	0.28	0.39	0.05	0.45	0.05	0.12	2.28	0.31	0.33	0.47	0.47	0.07	0.2	0.46	0.03	0.09	0.15	0.2	0.64	0.14	0.44	0.15	0.09	1.54	0.03	0.27	0.46	0.29	0.12	0.46	0.92	0.42	0.03	0.37	0.52	0.11	0.4	0.4	0.11	0.16	0.49	0.3	0.35	0.48	0.48	0.45	0.19	0.03	0.56	0.57	0.11	0.05	0.46	0.16	0.12	0.04	0.85	0.14	0.22	0.14	0.44	0.44	0.12	0.43	0.06	0.04	0.42	0.13	0.28	0.71	0.41	0.53	0.17	0.7	0	0.03	0.17	0.01	0.59	0.28	0.13	0.48	0.48	0.12	0.04	0.77	0.29	0	0.49	0.07	0.04	0.45	0.43	0.55
0.14	0.04	0.08	0.49	0.12	0.27	0.12	0.47	0.02	0.14	0.4	0.32	0.03	0.03	0.36	0.46	0.07	0.49	0.34	0.04	0.17	0.16	0.44	0.16	0.17	0.15	0.05	0.07	0.36	0.04	0.11	0.17	0.05	0.33	0.05	0.19	0.03	1.1	0.1	0.23	0.05	0.4	0.04	0.17	4.22	0.66	0.23	0.06	0.37	0.17	0.43	0.24	0.04	0.29	0.03	0.12	0.05	0.04	1.06	0.12	0.03	0.41	0.05	0.56	0.3	0.17	0.1	0.13	0.07	0.06	0.05	0.74	0.12	0.55	0.7	0.14	0.21	0.3	0.93	0.43	0	0.25	0.03	0.28	0.51	0.43	0.53	0.15	0.13	0.32	0.43	0.43	0.27	0.7	0.07	0.16	0.06	0.09	0.27
0.06	0.46	0.22	0.21	0.64	0.93	0.43	0.46	0.19	0.34	0.1	5.5	0.22	0.52	0.24	0.09	0.26	0.58	0.35	0.48	0.38	0.06	0.1	0.13	0.06	0.18	0.16	0.18	0.22	0.16	0.05	0.18	0.18	0.48	0.15	0.08	0.21	0.38	0.04	0	0.48	0.02	0.14	0.09	5.9	0.08	0.21	0.15	0.19	0.09	0.14	0.05	0.17	0.29	0.15	0.19	0.24	0.16	0.33	0.05	0.19	0.06	0.35	0.36	0.09	0.49	0.2	0.12	0.22	0.65	0.3	0.69	0.31	0.18	0.25	0.04	0.24	0.05	0.49	0.36	0.23	0	0.16	0.05	0.25	0.29	0.49	0.09	0.03	0.13	0.04	0.27	0.46	0.33	0.21	0.16	0.49	0.28	1
0.13	0.43	0.1	0.26	0.43	0.43	0.12	0.2	0.73	0.06	0.12	2.81	0.01	0.06	0.35	0.41	0.39	0.94	0.35	0.94	0.44	0.19	0.29	0.44	0.14	0.05	0.08	0.08	1.48	0.22	0.12	0.32	0.23	0.46	0.08	0.54	0.03	0.45	0.12	0.15	0.19	0.45	0.18	0.11	0.96	0.46	0.22	0.07	0.46	0.18	0.03	0.21	0.04	0.21	0	0.12	0.06	0.05	0.16	0.47	0.04	0.11	0.06	0.22	0.24	0.57	0.07	0.47	0.08	0.06	0.05	0.48	0.53	0.28	0.05	0.14	0.16	0.36	0.98	0.01	0.03	0.21	0	0.48	0.58	0.14	0.19	0.48	0.12	0.04	0.14	0.69	0.49	0.64	0.08	0.05	0.07	0.13	0.79
0.46	1.27	0.21	0.91	0.06	0.23	0.07	0.3	0.16	0.19	0.07	2.38	0.18	0.98	0.51	0.02	0.21	0.2	0.16	0.48	0.55	0.07	0.07	0.08	0.36	0.48	0.19	0.21	1.03	0.48	0.08	0.03	0.48	0.07	0.19	0	0.99	0.52	0.08	0.11	0.22	0.16	0.5	0.1	0.32	0.06	0.5	0.19	0.26	0.07	0.45	0.44	0.4	0.2	0.57	0.08	0.27	0.33	0.26	0.4	0.17	0.08	0.22	0.2	0.41	0.01	0.23	0.4	0.22	1.01	0.19	0.08	0.06	0.17	0.43	0.37	0.15	0.41	0.17	0.48	0.91	0.05	0.19	0	0.2	0.2	0	0.04	0.11	0.42	0.07	0.12	0.18	0.42	0.62	0.2	0.22	0.43	0.15
0.58	0.48	0.26	0.29	0.15	0.48	0.21	0.6	0.27	0.28	0.6	4.61	0.28	0.54	0.67	0.27	0.65	0.81	0.55	0.25	0.48	0.49	0.27	0.48	0.2	0.28	0.28	0.3	0.31	0.52	0.21	0.23	0.28	0.45	0.52	0.92	0.25	0.49	0.17	0.5	0.27	0.2	0.5	0.23	0.51	0.5	0.4	0.28	0.39	0.14	0.61	0.6	0.41	0.26	0.51	0.21	0.28	0.26	0.23	0.41	0.27	0.91	0.41	0.16	0.18	0.16	0.92	0.42	0.3	0.42	0.26	0.32	0.15	0.35	0.42	0.42	0.56	0.73	0.63	0.62	0.29	0.21	0.43	0.2	0	0.33	1.13	0.17	0.22	0.83	0.51	0.44	0.28	0.79	0.95	0.44	0.29	0.27	0.53
0.03	0.11	0.16	0.16	0.1	0.31	0.04	0.12	0.1	0.16	0.4	1.11	0.13	0.15	0.47	0.07	0.14	0.46	0.24	0.1	0.47	0.42	0.09	0.05	0.4	0.13	0.47	0.15	0.18	0.47	0.03	0.09	0.14	0.09	0.14	0.12	0.12	0.51	0.03	0.11	0.11	0.01	0.11	0.43	8.69	0.69	0.5	0.7	0.24	0.01	0.28	0.41	0.11	0.08	0.14	0.04	0.12	0.13	0.11	0.04	0.3	0.39	0.13	0.35	0.04	0.07	0.16	0.03	0.42	0.16	0.15	0.73	0.09	0.52	0.43	0	0.04	0.09	0.53	0.54	0.12	0.17	0.14	0.09	0.28	0	0.38	0.08	0.54	0.44	0.04	0.2	0.14	0.24	0.39	0.13	0.45	0.33	0.28
0.08	0.18	0.86	0.21	0.28	0.32	0.39	0.19	0.19	0.26	0.43	2.22	0.19	0.48	0.18	0.03	0.54	0.5	0.17	0.58	0.53	0.14	0.04	0.1	0.07	0.19	0.2	0.36	1.55	0.49	0.08	0.49	0.19	0.06	0.17	0.01	0.19	0.2	0.08	0.09	0.21	0.09	0.19	0.49	2.18	0.06	0.19	0.23	0.15	0.43	0.4	0.07	0.18	0.98	0.5	0.5	0.4	0.2	0.88	0.09	0.19	0.51	0.21	0.51	0.05	0.01	0.21	0.08	0.41	0.21	0.21	0.09	0.41	0.1	0.26	0.1	0.09	0.01	0.52	0.2	0.2	0.13	0.19	0	0.42	0.1	0	0.04	0.09	0.42	0.27	0.2	0.19	0.42	0.22	0.2	0.92	0.22	0.22
0.11	0.15	0.33	0.41	0.46	0.27	0.46	0.16	0.54	0.29	0.06	10.8	0.17	0.23	0.41	0.06	0.71	0.22	0.21	0.15	0.19	0.1	0.11	0.23	0.04	0.51	0.91	0.18	0.99	0.19	0.51	0.09	0.27	0.33	0.15	0.04	0.16	0.71	0.05	0.92	0.45	0.08	0.17	0.1	11.7	0.41	0.17	0.3	0.34	0.41	0.15	0.08	0.17	0.95	0.19	0.32	0.18	0.17	0.09	0.08	0.91	0.08	0.35	0.15	0.06	0.05	0.41	0.4	0.18	0.24	0.3	0.04	0.41	0.15	0.16	0.09	0.1	0.03	0.16	0.42	0.15	0.06	0.41	0.51	0.17	0.13	0.41	0	0.16	0.15	0.04	0.47	0.51	0.41	0.19	0.15	0.18	0.98	0.71
0.02	0.11	0.16	0.43	0.86	0.31	0.26	0.12	0.09	0.12	0.01	8.79	0.15	0.47	0.47	0.08	0.13	0.63	0.23	0.28	0.14	0.04	0.08	0.04	0.25	0.49	0.14	0.43	1.35	0.12	0	0.04	0.12	0.1	0.46	0.08	0.1	0.41	0.01	0.04	0.27	0.04	0.1	0.27	0.15	0.58	0.16	0.13	0.23	0.01	0.09	0.08	0.51	0.22	0.12	0.01	0.18	0.1	0.29	0.01	0.99	0.05	0.13	0.16	0.04	0.08	0.14	0.02	0.15	0.49	0.1	0.04	0.49	0.38	0.11	0.03	0.04	0.07	0.49	0.73	0.12	0.03	0.12	0.08	0.22	0.03	0.17	0.07	0	0.34	0.03	0.2	0.12	0.6	0.14	0.33	0.14	0.1	0.24
0.12	0.02	0.19	0.11	0.13	0.26	0.12	0.03	0	0.47	0.12	1.86	0.47	0.01	0.37	0.58	0.05	0.57	0.48	0.03	0.07	0.44	0.48	0.13	0.35	0.02	0.17	0.05	0.67	0.05	0.11	0.52	0.03	0.12	0.06	0.69	0.02	0.03	0.12	0.22	0.04	0.5	0.03	0.16	0.4	0.13	0.21	0.03	0.4	0.27	0.4	0.4	0.4	0.62	0.04	0.1	0.03	0.4	0.17	0.4	0.02	0.12	0.04	0.21	0.31	0.18	0.4	0.11	0.06	0.04	0.51	0.41	0.52	0.67	0.02	0.22	0.2	0.52	0.65	0.27	0.01	0.15	0.42	0.16	0.27	0.12	0.18	0.92	0.1	0	0.15	0.41	0.18	0.49	0.05	0.15	0.08	0.38	0.42
0.43	0.13	0.46	0.17	0.07	0.3	0.24	0.4	0.12	0.15	0.03	5.32	0.13	0.56	0.61	0.09	0.18	0.24	0.23	0.2	0.21	0.81	0.46	0.01	0.02	0.12	0.46	0.46	0.21	0.15	0.03	0.05	0.15	0.33	0.16	0.33	0.46	0.47	0.83	0.09	0.14	0.04	0.15	0.05	1.51	0.05	0.15	0.16	0.67	0.04	0.15	0.08	0.14	0.48	0.14	0.03	0.15	0.15	1.16	0.04	0.13	0.14	0.16	0.48	0.04	0.07	0.31	0.02	0.17	0.15	0.15	0.01	0.01	0.46	0.71	0.19	0.49	0.05	0.19	0.14	0.25	0.19	0.14	0.36	0.14	0.4	0.08	0.04	0.03	0.12	0	0.7	0.47	0.48	0.16	0.16	0.16	0.44	0.91
0.19	0.29	0.42	0.52	0.18	0.42	0.42	0.7	0.3	0.48	0.92	2.12	0.61	0.28	0.22	0.14	0.32	0.91	0.05	0.41	0.59	0.19	0.15	0.51	0.41	0.6	0.31	0.32	0.33	0.69	0.4	0.14	0.3	0.3	0.46	0.4	0.3	1	0.5	0.21	0.43	0.19	0.31	0.21	0.4	0.38	0.6	0.35	0.26	0.5	0.29	0.15	0.59	0.46	0.3	0.49	0.31	0.32	0.49	0.39	0.49	0.47	0.99	0.3	0.49	0.11	0.33	0.49	0.34	0.48	0.32	0.33	0.17	0	0.48	0.2	0.21	0.43	0.98	0.3	0.33	0.48	0.5	0.12	0.59	0.19	0.12	0.48	0.2	0.29	0.48	0	0.47	0.03	0.34	0.3	0.98	0.68	0.09
0.12	0.44	0.1	0.45	0.13	0.28	0.12	0.05	0.03	0.06	0.12	4.86	0	0.05	0.45	0.21	0.07	0.2	0.75	0.03	0.17	0.15	0.54	0.14	0.45	0.35	0.06	0.56	0.46	0.01	0.35	0.46	0.27	0.12	0.07	0.19	0.03	0.03	0.11	0.15	0.11	0.12	0.04	0.11	1.37	0.47	0.22	0.06	0.33	0.47	0.03	0.57	0.04	0.47	0.01	0.11	0.05	0.04	0.22	0.47	0.04	0.37	0.48	0.33	0.15	1.99	0.07	0.48	0.08	0.06	0.04	0.14	0.13	0.48	0.03	0.13	0.15	0.49	0.49	0	0.03	0.15	0.01	0.49	0.46	0.24	0.29	0.18	0.21	0.04	0.13	0.44	0	0.34	0.07	0.04	0.41	0.05	0.5
0.49	0.33	0.69	0.58	0.22	0.99	0.52	0.53	0.32	0.5	0.5	5.75	0.34	0.61	0.32	0.45	0.37	0.06	0.45	0.46	0.96	0.22	0.46	0.66	0.46	0.66	0.36	0.36	0.39	0.46	0.47	0.18	0.47	0.21	0.32	0.47	0.33	1.28	0.98	0.22	0.68	0.48	0.34	0.48	1.09	0.22	0.35	0.49	0.3	0.48	0.52	0.18	0.69	0.5	0.5	0.23	0.9	0.41	0.18	0.22	0.33	0.4	0.71	0.53	0.51	0.41	0.7	0.47	0.41	0.36	0.58	0.23	0.51	0.03	0.71	0.23	0.42	0.34	0.42	0.42	0.35	0.2	0.73	0.16	0.73	0.43	0.15	0.22	0.43	0.59	0.23	0.43	0.34	0	0.84	0.44	0.44	0.34	0.95
0.14	0.04	0.1	0.04	0.43	1.24	0.22	0.05	0.05	0.05	0.14	7.2	0.07	0.08	0.42	0.23	0.59	0.62	0.59	0.05	0.09	0.18	0.9	0.4	0.52	0.08	0.02	0.4	0.99	0.41	0.13	0.18	0.06	0.41	0.07	0.41	0.05	0.37	0.3	0.42	0.24	0.14	0.42	0.17	1.95	0.15	0.23	0.07	0.37	0.43	0.41	0.24	0.04	0.44	0.44	0.14	0.05	0.44	0.18	0.13	0.07	0.43	0.02	0.55	0.17	0.19	0.03	0.14	0.05	0.56	0.06	0.51	0.16	0.31	0.06	0.17	0.47	0.47	0.72	0.18	0.07	0.18	0.36	0.36	0.29	0.47	0.21	0.19	0.14	0.48	0.17	0.32	0.07	0.77	0	0.1	0.01	0.05	0.49
0.46	0.26	0.09	0.05	0.46	0.26	0.12	0.06	0.02	0.19	0.13	5.45	0.04	0.04	0.43	0.5	0.05	0.25	0.23	0.02	0.06	0.15	0.44	0.15	0.15	0	0.03	0.05	1.55	0.05	0.1	0.45	0.03	0.14	0.04	0.2	0.08	0.09	0.45	0.22	0.02	0.13	0.02	0.45	1.12	0.15	0.2	0.1	0.46	0.09	0.02	0.46	0.01	0.47	0.05	0.1	0.02	0.02	0.26	0.1	0.03	0.82	0.03	0.57	0.51	0.16	0.61	0.11	0.19	0.03	0.03	0.15	0.15	0.28	0.48	0.48	0.22	0.18	0.34	0.49	0.04	0.14	0.05	0.18	0.26	0.13	0.19	0.17	0.12	0.03	0.43	0.7	0.04	0.32	0.13	0.4	0.5	0.02	0.19
0.14	0.04	0.1	0.01	0.48	0.24	0.48	0.05	0.05	0.14	0.47	0.36	0.07	0.41	0.38	0.23	0.03	0.21	0.3	0.71	0.09	0.18	0.45	0.34	0.52	0.07	0.42	0.29	0.13	0.42	0.42	0.19	1.22	0.15	0.07	0.21	0.43	0.15	0.14	0.43	0.04	0.53	0.44	0.55	10.1	0.94	0.23	0.38	0.43	0.12	0.95	0.45	0.04	0.46	0.07	0.14	0.05	0.04	0.17	0.14	0.06	1.36	0.02	0.23	0.18	0.46	0.04	0.16	0.03	0.05	0.05	0.32	0.16	0.32	0.47	0.14	0.24	0.19	0.47	0.91	0.06	0.48	0.07	0.22	0.29	0.48	0.39	0.18	0.4	0.05	0.4	0.33	0.12	0.4	0.01	0.05	0.01	0.04	1.42
0.15	0.02	0.1	0.42	0.14	0.25	0.62	0.03	0.22	0.93	0.15	5.58	0.46	0.21	0.36	0.22	0.4	0.46	0.23	0.4	0.06	0.22	0.21	0.17	0.16	0.13	0.03	0.05	1.4	0.05	0.47	0.47	0.03	0.38	0.44	0.2	0.02	0.02	0.1	0.56	0.22	0.47	0.01	0.13	1.57	0.16	0.47	0.03	0.33	0.12	0.03	0.47	0.01	0.47	0.05	0.1	0.03	0.12	0.47	0.47	0.04	0.14	0.03	0.47	0.16	0.18	0.04	0.13	0.05	0.04	0.03	0.16	0.14	0.62	0.03	0.13	0.24	0.4	0.58	0.04	0.04	0.16	0.05	0.48	0.58	0.53	0.48	0.16	0.13	0.03	0.25	0.98	0.04	0.34	0.05	0.02	0.04	0	0.48
0.22	0.19	0.98	0.26	0.23	0.15	0.37	0.2	0.2	0.2	0.23	0.48	0.76	0.22	0.46	0.46	0.22	0.3	0.97	0.18	1.28	0.61	0.19	0.57	0.48	0.49	0.92	0.22	0.42	0.91	0.23	0.17	0.2	0.23	0.52	0.42	0.42	0.43	0.42	0.24	0.43	0.24	0.19	0.6	0.6	0.52	0.49	0.47	0.94	0.22	0.19	0.44	0.18	0.54	0.28	0.23	0.2	0.18	0.57	0.24	0.45	0.5	0.2	0.34	0.55	0.45	0.38	0.24	1.46	0.21	0.19	0.22	0.56	0.09	0.31	0.25	0.66	0.96	0.25	0.27	0.46	0.44	0.28	0.46	0.45	0.25	0.97	0.19	0.23	0.2	0.47	0.09	0.47	0.13	0.97	0.47	0.21	0.49	0.01
