0	0.28	0.4	0.15	0.02	0.4	0	0.12	0.4	0.12	0.6	14.1	0.12	0.12	0.43	0.1	0.28	0.44	0.22	0.43	0.12	0.04	0.43	0.03	0.03	0.1	0.13	0.17	0.17	0.14	0.43	0.19	0.14	0.02	0.19	0.54	0.11	0.11	0.01	0.1	0.44	0.03	0.12	0.24	0.86	0.95	0.44	0.13	0.45	0.03	0.11	0.08	0.11	0.45	0.24	0.02	0.13	0.45	0.25	0.11	0.1	0.02	0.16	0.15	0.03	0.08	0.15	0	0.14	0.14	0.14	0.03	0.02	0.18	0.1	0.04	0.1	0.06	0.2	0.13	0.13	0.09	0.46	0.08	0.52	0.04	0.46	0.04	0.02	0.11	0.03	0.19	0.12	0.4	0.15	0.46	0.33	0.23	0.22
0.14	0	0.43	0.05	0.14	0.25	0.11	0.02	0.02	0.02	0.2	1.56	0.04	0.02	0.37	0.95	0.17	0.39	0.22	0.23	0.06	0.92	0.2	0.45	0.15	0	0.03	0.04	0.1	0.05	0.1	0.17	0.02	0.53	0.04	0.21	0.03	0.02	0.46	0.58	0.02	0.13	0.01	0.15	0.41	0.46	0.21	0.24	0.46	0.09	0.33	0.52	0.01	0.21	0.05	0.47	0.02	0.02	0.15	0.46	0.02	0.47	0.03	0.21	0.48	0.16	0.04	0.11	0.12	0.03	0.23	0.48	0.58	0.27	0.02	0.48	0.23	0.49	0.33	0.04	0.04	0.46	0.41	0.18	0.27	0.13	0.19	0.16	0.49	0.02	0.13	0.52	0.04	0.46	0.04	0.01	0.5	0.02	0.58
0.15	0.1	0	0.1	0.16	0.36	0.15	0.21	0.07	0.17	0.92	3.84	0.09	0.27	0.37	0.39	0.11	0.67	0.45	0.55	0.4	0.24	0.47	0.2	0.51	0.46	0.36	0.11	0.16	0.46	0.17	0.5	0.1	0.16	0.09	0.21	0.08	0.29	0.46	0.19	0.09	0.46	0.09	0.44	1.66	0.57	0.32	0.09	0.36	0.83	0.09	0.22	0.09	0.48	0.87	0.16	0.89	0.1	0.23	0.14	0.16	0.51	0.47	0.47	0.19	0.2	0.11	0.15	0.47	0.11	0.08	0.17	0.44	0.47	0.19	0.17	0.48	0.22	0.33	0.09	0.08	0.23	0.11	0.21	0.65	0.16	0.48	0.58	0.16	0.42	0.17	0.39	0.1	0.48	0.1	0.09	0.47	0.37	0.35
0.14	0.04	0.45	0	0.17	1.15	0.15	0.05	0.44	0.05	0.65	0.6	0.35	0.08	0.41	0.26	0.04	0.49	0.3	0.05	0.41	0.19	0.22	0.18	0.54	0.08	0.42	0.07	0.13	0.08	0.13	0.19	0.43	0.15	0.11	0.53	0.05	0.38	0.44	0.44	0.44	0.16	0.64	0.16	2.3	0.55	0.45	0.09	0.41	0.55	0.45	0.23	0.04	0.56	0.46	0.14	0.46	0.04	0.19	0.13	0.12	0.46	0.02	0.23	0.17	0.47	0.04	0.14	0.03	0.24	0.06	0.47	0.47	0.58	0.34	0.16	0.26	0.99	0.48	0.07	0.07	0.18	0.48	0.55	0.29	0.25	0.21	0.58	0.13	0.05	0.16	0.49	0.17	0.73	0.49	0.05	0.01	0.05	0.8
0.48	0.13	0.47	0.15	0	0.48	0.02	0.13	0.12	0.15	0.02	0.93	0.13	0.2	0.49	0.13	0.29	0.42	0.22	0.14	0.16	0.47	0.44	0.01	0.01	0.13	0.19	0.15	0.44	0.14	0.13	0.1	0.14	0	0.13	0.06	0.45	0.14	0.04	0.09	0.14	0.45	0.13	0.07	6.75	0.04	0.15	0.14	0.23	0.05	0.12	0.47	0.14	0.22	0.14	0.03	0.25	0.49	0.1	0.1	0.12	0.31	0.4	0.15	0.09	0.29	0.15	0.02	0.33	0.41	0.14	0.02	0	0.18	0.12	0.09	0.09	0.05	0.24	0.73	0.41	0.31	0.13	0.44	0.15	0.1	0.06	0.09	0.1	0.12	0.01	0.45	0.4	0.22	0.45	0.44	0.29	0.58	0.23
0.37	0.27	0.36	0.64	0.69	0	0.3	0.29	0.26	0.49	0.31	4.79	0.28	0.26	0.49	0.25	0.28	0.4	0.15	0.26	0.4	0.46	0.28	0.46	0.3	0.44	0.23	0.64	0.3	0.29	0.31	0.25	0.45	0.29	0.29	0.94	0.26	0.43	0.29	0.95	0.43	0.3	0.25	0.43	0.93	0.53	0.42	0.37	0.43	0.29	0.69	0.27	0.25	0.39	0.29	0.43	0.26	0.34	0.48	0.93	0.26	0.62	0.45	0.42	0.43	0.22	0.6	0.42	0.24	0.27	0.63	0.3	0.43	0.11	0.26	0.31	0.43	0.24	0.21	0.38	0.47	0.35	0.43	0.23	0.96	0.46	0.46	0.27	0.96	0.46	0.3	0.46	0.28	0.15	0.24	0.46	0.24	0.28	0.16
0	0.53	0.15	0.45	0.03	0.3	0	0.15	0.45	0.17	0.01	1.29	0.12	1.37	0.25	0.1	0.15	0.46	0.22	0.31	0.12	0.04	0.61	0.03	0.03	0.1	0.13	0.17	0.18	0.13	0.02	0.48	0.12	0.02	0.11	0.08	0.12	0.49	0.01	0.1	0.14	0.03	0.11	0.08	1.99	0.05	0.59	0.37	0.22	0.02	0.48	0.08	0.12	0.29	0.37	0.01	0.49	0.11	0.2	0.02	0.12	0.7	0.14	0.15	0.49	0.49	0.16	0.3	0.35	0.4	0.13	0.4	0.02	0.18	0.1	0.16	0.21	0.4	0.38	0.12	0.13	0.13	0.17	0.38	0.58	0.03	0.08	0.04	0.02	0.11	0.02	0.19	0.5	0.22	0.21	0.34	0.41	0.4	0.4
0.42	0.02	0.11	0.05	0.13	0.26	0.13	0	0.02	0.06	0.13	0.34	0.05	0.03	0.39	0.42	0.46	0.2	0.43	0.03	0.05	0.4	0.37	0.14	0.43	0.03	0.38	0.02	0.1	0.44	0.12	0.44	0.03	0.44	0.05	0.19	0.09	0.84	0.44	0.21	0.06	0.53	0.03	0.2	3.12	0.14	0.4	0.01	0.72	0.12	0.04	0.45	0.31	0.2	0.06	0.11	0	0.3	0.17	0.11	0.03	0.51	0.03	0.22	0.55	0.46	0.05	0.12	0.4	0.42	0.04	0.17	0.46	0.28	0.04	0.82	0.21	0.17	0.33	0.05	0.05	0.18	0.14	0.43	0.64	0.43	0.21	0.47	0.12	0.03	0.41	0.41	0.46	0.34	0.06	0.03	0.05	0.03	0.21
0.1	0.02	0.21	0.28	0.11	0.26	0.43	0.02	0	0.02	0.1	0.45	0.03	0.01	0.36	0.19	0.05	0.46	0.38	0.17	0.06	0.13	0.49	0.28	0.47	0.34	0.03	0.04	0.09	0.25	0.4	0.17	0.41	0.13	0.06	0.18	0.35	1.01	0.1	0.81	0.03	0.41	0.02	0.13	1.92	0.11	0.21	0.42	0.44	0.18	0.42	0.2	0.42	0.63	0.04	0.1	0.03	0.03	0.17	0.12	0.11	0.09	0.03	0.36	0.14	0.18	0.05	0.12	0.45	0.04	0.03	0.14	0.11	0.27	0.12	0.13	0.56	0.55	0.31	0.03	0.02	0.22	0.46	0.18	0.27	0.12	0.33	0.14	0.46	0	0.46	0.55	0.07	0.56	0.05	0.02	0.35	0.03	0.19
0.12	0.09	0.1	0.18	0.46	0.26	0.12	0	0.02	0	0.15	1.43	0.05	0.03	0.49	0.22	0.05	0.49	0.3	0.16	0.08	1.22	0.45	0.49	0.47	0.03	0.03	0.17	0.12	0.06	0.11	0.53	0.06	0.14	0.87	0.2	0.03	0.29	0.1	0.4	0.03	0.13	0.05	0.14	0.52	0.2	0.64	0.38	0.8	0.4	0.26	0.19	0.07	0.4	0.07	0.12	0	0.34	0.9	0.13	0.04	0.14	0.16	0.41	0.15	0.34	0.04	0.12	0.08	0.02	0.12	0.51	0.14	0.41	0.03	0.31	0.48	1.41	0.91	0.06	0.81	0.14	0.06	0.34	0.28	0.41	0.19	0.17	0.12	0.91	0.35	0.33	0.05	0.64	0.05	0.41	0.92	0.61	0.23
0.01	0.34	0.15	0.53	0.02	0.31	0.01	0.44	0.47	0.45	0	3.3	0.12	0.12	0.25	0.1	0.14	0.25	0.23	0.21	0.18	0.41	0.5	0.03	0.71	0.12	0.16	0.28	0.4	0.13	0.7	0.27	0.15	0.02	0.11	0.08	0.23	0.3	0.41	0.03	0.27	0.28	0.33	0.07	0.17	0.02	0.15	0.45	0.41	0.02	0.14	0.45	0.13	0.41	0.12	0.01	0.12	0.13	0.03	0.02	0.12	0.72	0.13	0.15	0.03	0.06	0.14	0.01	0.14	0.42	0.14	0.42	0.02	0.18	0.52	0.42	0.03	0.06	0.49	0.11	0.42	0.02	0.12	0.42	0.21	0.03	0.08	0.06	0.02	0.12	0.43	0.19	0.32	0.53	0.16	0.48	0.93	0.53	0.23
2.31	0.33	1.09	1.98	6.12	1.89	1.03	1.3	1.09	3.83	0.44	7.98	0.96	12.9	0.05	0.44	0.88	2.18	5.68	0.34	1.33	9.93	7.56	0.49	2.73	10.1	0.32	1.28	5.14	4.97	4.33	0.18	0.34	1.27	0.84	2.05	0.61	1.1	3.66	1.73	0.93	0.44	13.2	0.24	2.28	12.9	0.71	5.26	1.51	0.21	0.94	0.44	1.37	1.71	1.82	1.17	12.4	0.35	2.07	2.87	0.31	0.25	7.92	5.47	0.48	1.29	11.8	0.21	0.35	0.35	7.51	7.25	0.35	1.59	0.5	0.23	1.98	2.88	2.15	0.49	3.08	3.92	7.27	0.17	0.38	0.97	0.42	1.02	6.64	0.32	2.3	4.86	5.82	0.49	2.19	1.17	7.98	1.2	1.09
0.77	0.42	0.1	0.32	0.12	0.28	0.35	0.97	0.03	0.32	0.12	8.54	0	0.15	0.34	0.21	0.07	0.2	0.33	0.03	0.09	0.17	0.46	0.68	0.14	0.48	0.06	0.14	0.15	0.01	0.11	0.44	0.05	0.12	0.44	0.49	0.02	0.25	0.11	0.15	0.49	0.23	0.04	0.23	3.01	0.12	0.4	0.05	0.32	0.6	0.4	0.2	0.03	0.4	0.22	0.41	0.41	0.04	0.16	0.4	0.04	0.47	0.41	0.22	0.14	0.46	0.07	0.11	0.42	0.06	0.06	0.37	0.12	0.43	0.03	0.13	0.15	0.16	0.43	0	0.03	0.41	0.84	0.18	0.46	0.43	0.18	0.18	0.11	0.03	0.13	0.94	0	0.66	0.07	0.04	0.25	0.04	0.51
0.12	0.24	0.08	0.45	0.12	0.26	0.38	0.03	0.02	0.46	0.46	1.4	0.16	0	0.47	0.19	0.05	0.22	0.67	0.04	0.06	0.48	0.41	0.48	0.12	0.12	0.03	0.05	0.48	0.06	0.12	0.14	0.23	2.38	0.38	0.17	0.03	0.04	0.48	0.19	0.04	0.12	0.07	0.55	0.48	0.11	0.23	0.05	0.55	0.59	0.49	0.19	0.04	0.32	0.06	0.11	0.03	0.04	0.15	0.1	0.02	0.12	0.03	0.23	0.14	0.7	0.6	0.31	0.05	0.04	0.31	0.49	0.43	0.27	0.61	0.14	0.21	0.51	0.61	0.05	0.03	0.91	0.41	0.28	0.58	0.12	0.89	0.16	0.12	0.41	0.13	0.81	0.06	0.66	0.15	0.07	0.91	0.23	0.33
0.25	0.36	0.37	0.91	0.41	0.37	0.51	0.78	0.35	0.61	0.25	2.19	0.64	0.35	0	0.44	0.4	0.16	0.64	0.75	0.44	0.22	0.45	0.25	0.25	0.45	0.39	0.53	0.79	0.43	0.95	0.45	0.43	0.35	0.59	0.18	0.35	0.44	0.45	0.27	0.38	0.45	0.67	0.95	0.48	0.27	0.74	0.46	0.06	0.23	0.96	0.23	0.37	0.46	0.4	0.26	0.76	0.55	0.76	0.23	0.72	0.66	0.39	0.37	0.19	0.17	0.38	0.46	0.47	0.39	0.37	0.25	0.28	0.22	0.47	0.23	0.27	0.2	0.23	0.53	0.36	0.21	0.47	0.19	0.74	0.23	0.18	0.47	0.22	0.37	0.31	0.23	0.48	0.66	0.58	0.37	0.41	0.36	0.47
0.1	0.23	0.97	0.99	0.13	0.47	0.09	0.24	0.2	0.22	0.1	4.44	0.2	0.22	0.41	0	0.23	0.48	0.42	0.42	0.2	0.07	0.42	0.09	0.41	0.42	0.62	0.52	0.26	0.43	0.07	0.03	0.22	0.12	0.48	0.03	0.22	0.48	0.43	0.15	0.43	0.43	0.21	0.12	2.52	0.12	0.3	0.21	0.17	0.1	0.81	0.03	0.23	0.36	0.44	0.1	0.27	0.21	0.16	0.44	0.44	0.1	0.23	0.21	0.44	0.01	0.24	0.1	0.24	0.6	0.24	0.09	0.13	0.2	0.45	0.07	0.11	0.22	0.15	0.2	0.21	0.45	0.21	0.33	0.95	0.45	0.03	0.45	0.08	0.21	0.09	0.14	0.46	0.17	0.56	0.27	0.24	0.21	0.22
0.14	0.04	0.11	0.04	0.17	0.24	0.15	0.05	0.05	0.41	0.41	6.22	0.07	0.4	0.4	0.4	0	0.4	0.31	0.05	0.08	0.17	0.22	0.19	0.19	0.38	0.02	0.07	0.12	0.08	0.14	0.42	0.62	0.42	0.06	0.42	0.05	0.05	0.13	0.23	0.55	0.16	0.42	0.18	0.72	0.27	0.42	0.42	0.37	0.12	0.45	0.64	0.04	0.63	0.26	0.14	0.05	0.43	0.48	0.15	0.13	0.13	0.35	0.4	0.18	0.18	0.03	0.5	0.03	0.06	0.06	0.16	0.51	0.32	0.45	0.15	0.45	0.23	0.39	0.1	0.45	0.31	0.08	0.47	0.29	0.46	0.22	0.9	0.15	0.05	0.46	0.48	0.29	0.46	0.09	0.34	0.03	0.16	0.91
0.45	0.55	0.4	0.22	0.95	0.11	0.46	0.46	0.19	0.3	0.47	1.18	0.49	0.21	0.69	0.49	0.22	0	0.05	0.49	0.53	0.78	0.53	1.3	0.25	0.21	0.51	0.25	0.91	0.22	0.26	0.47	0.43	0.23	1.55	0.43	0.18	0.94	0.44	0.27	0.2	0.26	0.56	0.87	6.28	1.02	0.36	0.43	0.69	0.24	1.65	0.22	0.55	0.45	0.56	0.46	0.2	0.19	0.2	0.48	0.48	0.66	0.58	0.58	0.48	0.48	0.21	0.25	0.49	0.22	0.19	0.25	1.11	0.09	0.49	0.27	0.27	0.19	0.59	0.57	0.69	0.22	0.21	0.49	0.62	0.59	0.18	0.49	0.26	0.49	0.59	0.09	0.27	0.06	0.41	0.2	0.21	0.19	0.23
0.44	0.37	0.29	0.5	0.22	0.44	0.23	0.32	0.68	0.31	0.22	3.76	0.34	0.34	0.61	0.84	0.43	0.44	0	0.24	0.37	0.21	0.19	0.23	0.23	0.66	0.3	0.32	0.38	0.46	0.23	0.19	0.31	0.42	0.34	0.17	0.24	0.33	0.23	0.24	0.27	0.22	0.23	0.98	0.24	0.22	0.53	0.34	0.55	0.23	0.25	0.17	0.26	0.61	0.35	0.24	0.33	0.27	0.2	0.23	0.35	0.43	0.29	0.35	0.94	0.43	0.3	0.23	0.32	0.32	0.25	0.23	0.22	0.05	0.53	0.46	0.24	0.28	0.26	0.45	0.54	0.34	0.52	0.19	0.66	0.24	0.17	0.21	0.22	0.63	0.23	0.45	0.34	0.05	0.3	0.54	0.58	0.23	0.41
0.41	0.02	0.08	0.05	0.14	0.26	0.42	0.03	0.02	0.03	0.13	1.61	0.03	0.43	0.43	0.21	0.05	0.53	0.43	0	0.43	0.16	0.38	0.14	0.45	0.04	0.44	0.25	0.09	0.44	0.12	0.65	0.04	0.64	0.04	0.2	0.01	0.45	0.18	0.22	0.02	0.35	0.05	0.45	2.36	0.23	0.45	0.39	0.33	0.08	0.01	0.45	0.01	0.16	0.16	0.11	0.03	0.05	0.18	0.1	0.03	0.96	0.18	0.19	0.16	0.46	0.04	0.12	0.05	0.04	0.01	0.15	0.46	0.26	0.04	0.11	0.21	0.18	0.47	0.03	0.04	0.14	0.04	0.3	0.25	0.22	0.47	0.47	0.1	0.03	0.47	0.31	0.04	0.36	0.05	0.02	0.04	0.02	0.19
0.11	0.44	0.11	0.1	0.44	0.3	0.12	0.05	0.06	0.26	0.18	1.2	0.11	0.06	0.45	0.2	0.08	0.36	0.38	0.12	0	0.39	0.19	0.33	0.96	0.42	0.06	0.46	0.13	0.46	0.13	0.46	0.06	0.13	0.01	0.18	0.06	0.48	0.12	0.57	0.06	0.14	0.06	0.47	1.08	0.16	0.28	0.35	0.37	0.44	0.27	0.55	0.05	0.59	0.48	0.13	0.05	0.06	0.16	0.13	0.07	0.51	0.06	0.25	0.79	0.49	0.08	0.12	0.08	0.06	0.06	0.49	0.59	0.69	0.06	0.15	0.49	0.25	0.32	0.14	0.06	0.34	0.1	0.5	0.26	0.15	0.18	0.94	0.4	0.42	0.18	0.4	0.24	0.49	0.16	0.4	0.4	0.45	1.3
0.04	0.81	0.18	0.36	0.1	0.3	0.03	0.15	0.15	0.2	0.03	12.7	0.15	0.5	0.22	0.07	0.48	1.68	0.21	0.16	0.18	0	0.4	0.41	0.05	0.15	0.17	0.18	0.79	0.16	0.14	0.09	0.15	0.09	0.61	0.07	0.52	0.45	1	0.08	0.37	0.03	0.52	0.06	0.4	0.62	0.16	0.41	0.58	0.03	0.17	0.41	0.15	0.12	0.16	0.41	0.16	0.15	0.04	0.06	0.16	0.25	0.51	0.51	0.52	0.38	0.18	0.04	0.4	0.23	0.49	0.08	0.3	0.42	0.18	0.29	0.03	0.07	0.21	0.82	0.15	0.51	0.56	0.07	0.42	0.42	0.08	0.44	0.19	0.34	0.04	0.63	0.16	0.43	0.17	0.25	0.18	0.28	0.23
0.08	0.49	0.48	0.28	0.14	0.27	0.49	0.2	0.5	0.27	0.5	4.48	0.2	0.18	0.35	0.02	0.23	0.22	0.48	0.19	0.49	0.08	0	0.09	0.09	0.18	0.22	0.23	0.24	0.22	0.08	0.6	0.5	0.31	0.17	0.04	0.5	0.19	0.09	0.06	0.4	0.08	0.5	0.11	1.97	0.4	0.21	0.35	0.18	0.41	0.41	0.01	0.59	0.51	0.21	0.09	0.91	0.21	0.06	0.09	0.2	0.29	0.71	0.42	0.05	0.03	0.42	0.42	0.22	0.21	0.21	0.42	0.13	0.14	0.43	0.08	0.06	0.05	0.83	0.2	0.43	0.13	0.93	0.43	0.43	0.19	0.04	0.43	0.08	0.18	0.09	0.16	0.34	0.18	0.22	0.31	1.02	0.21	0.47
0.43	0.16	0.2	0.47	0.36	0.54	0.03	0.17	0.12	0.14	0.14	11.9	0.14	0.13	0.25	0.09	0.18	0.25	0.23	0.55	0.15	0.41	0.09	0	0.02	0.13	0.15	0.18	0.53	0.14	0.03	0.21	0.21	0.01	0.14	0.09	0.82	0.88	1.48	0.09	0.16	0.09	0.15	0.05	0.15	0.01	0.55	0.16	0.21	0.04	0.34	0.09	0.16	0.08	0.14	0.11	0.33	0.17	0.05	0.32	0.14	0.27	0.16	0.48	0.04	0.07	0.49	0.49	0.16	0.15	0.16	0.01	0.14	0.19	0.13	0.05	0.49	0.06	0.2	0.14	0.16	0.04	0.49	0.08	0.49	0.25	0.09	0.04	0.04	0.16	0.01	0.18	0.14	0.4	0.5	0.15	0.17	0.42	0.5
0.03	0.13	0.47	0.16	0.02	0.57	0.03	0.15	0.47	0.15	0.03	6.21	0.49	0.49	0.55	0.09	0.16	0.44	3.3	0.15	0.2	0.04	0.09	0.03	0	0.14	0.5	0.6	0.47	0.15	0.03	0.06	0.16	0.09	0.14	0.18	0.5	0.5	0.03	0.09	0.28	0.05	0.15	0.4	2.52	0.33	0.41	0.47	0.21	0.51	0.14	0.13	0.41	0.16	0.15	0.27	0.16	0.31	0.05	0.04	0.42	0.42	0.16	0.52	0.04	0.07	0.39	0.32	0.23	0.42	0.16	0.42	0.01	0.19	0.32	0.05	0.09	0.06	0.2	0.14	0.93	0.07	0.39	0.08	0.93	0.43	0.43	0.04	0.43	0.4	0.02	0.53	0.14	0.26	0.73	1.94	0.19	0.22	0.44
0.12	0	0.06	0.48	0.53	0.29	0.12	0.29	0.01	0.03	0.1	5.23	0.05	0.01	0.61	0.22	0.28	0.22	2.14	0.04	0.05	0.13	0.19	0.37	0.13	0	0.42	0.05	0.1	0.43	0.43	0.17	0.03	0.23	0.18	0.44	0.03	0.04	0.1	0.21	0.44	0.13	0.42	0.53	4.29	0.13	0.65	0.45	0.47	0.36	0.37	0.17	0.03	0.22	0.13	0.39	0.03	0.03	0.15	0.1	0.45	0.32	0.04	0.22	0.45	0.16	0.4	0.43	0.45	0.04	0.05	0.14	0.75	0.65	0.32	0.14	0.21	0.16	0.32	0.05	0.45	0.46	0.12	0.18	0.45	0.12	0.2	0.45	0.12	0.01	0.14	0.95	0.05	0.32	0.08	0	0.24	0	0.45
0.14	0.38	0.44	0.85	0.15	0.44	0.41	0.03	0.03	0.03	0.52	6.91	0.06	0.03	0.37	0.56	0.02	0.2	0.29	0.03	0.06	0.47	0.57	0.38	0.15	0.04	0	0.06	0.11	0.44	0.14	0.47	0.04	0.15	0.05	0.21	0.03	0.13	0.11	0.47	0.44	0.47	0.03	0.2	2.1	0.15	0.22	0.09	0.34	0.48	0.1	0.4	0.02	0.98	0.06	0.13	0.03	0.03	0.48	0.48	0.04	0.35	0	0.48	0.15	0.17	0.02	0.13	0.04	0.33	0.04	0.49	0.14	0.31	0.23	0.3	0.49	0.21	0.53	0.06	0.05	0.49	0.43	0.19	0.28	0.15	0.52	0.49	0.35	0.25	0.16	0.6	0.17	0.5	0.02	0.03	0.18	0.03	0.89
0.43	0.34	0.12	0.07	0.35	0.28	0.43	0.02	0.43	0.02	0.16	1.56	0.83	0.05	0.73	0.24	0.29	0.22	0.73	0.23	0.64	0.4	0.94	0.44	0.18	0.05	0.05	0	0.12	0.94	0.13	0.19	0.02	0.51	0.92	0.22	0.05	0.05	0.14	0.23	0.06	0.16	0.13	0.46	0.3	0.3	0.29	0.46	0.38	0.13	0.05	0.47	0.3	0.66	0.48	0.15	0.02	0.19	0.18	0.15	0.05	0.48	0.05	0.43	0.18	0.48	0.23	0.14	0.07	0.03	0.06	0.48	0.17	0.31	0.05	0.31	0.48	0.43	0.35	0.07	0.1	0.24	0.39	0.22	0.3	0.16	0.49	0.49	0.13	0.05	0.17	0.54	0.79	0.59	0.07	0.08	1	0.05	0.5
0.17	0.1	0.41	0.41	0.18	0.3	0.17	1.72	0.09	0.51	0.17	9.73	0.42	0.42	0.42	0.52	0.12	0.37	0.7	0.45	0.12	0.7	0.73	0.37	0.2	0.08	0.11	0.12	0	0.14	0.53	0.21	0.1	0.43	0.39	0.94	0.43	0.24	0.43	0.44	0.1	0.2	0.1	0.18	2.64	0.44	0.33	0.1	0.74	0.18	0.44	0.23	0.09	1.65	0.13	0.17	0.1	0.45	0.25	0.17	0.11	1.54	0.11	0.45	0.18	0.24	0.12	0.17	0.52	0.14	0.14	0.19	0.48	0.35	0.1	0.19	0.23	0.56	0.39	0.28	0.14	0.23	0.35	0.31	0.62	0.86	0.25	0.46	0.28	0.09	0.56	0.35	0.46	0.64	0.13	0.23	0.32	0.11	0.67
0.49	0.39	0.17	0.08	0.14	0.29	0.7	0.06	0.2	0.9	0.13	6.49	0.01	0.06	0.35	0.3	0.29	0.22	0.34	0.4	0.11	0.49	0.21	0.4	0.27	0.06	0.07	0.41	0.13	0	0.41	0.17	0.06	0.14	0.09	0.19	0.04	0.04	0.42	0.47	0.06	0.13	0.42	0.12	3.63	0.32	0.23	0.06	0.42	0.18	0.5	0.75	0.04	0.43	0	0.39	0.12	0.06	0.16	0.13	0.05	0.74	0.1	0.23	0.16	0.43	0.08	0.53	0.15	0.07	0.17	0.15	0.14	0.29	0.04	0.33	0.54	0.19	0.32	0.01	0.44	0.2	0	0.2	0.44	0.45	0.21	0.31	0.13	0.05	0.15	0.96	0.01	0.7	0.38	0.06	0.08	0.05	0.56
0.13	0.11	0.57	0.52	0.27	0.31	0.02	0.13	0.25	0.17	0.27	1.26	0.22	0.13	0.23	0.46	0.47	0.47	0.47	0.1	0.49	0.04	0.47	0.03	0.03	0.11	0.34	0.13	0.17	0.47	0	0.05	0.48	0.09	0.38	0.48	0.1	0.49	0.01	0.04	0.26	0.78	0.1	0.01	0.13	0.09	0.49	0.26	0.22	0.01	0.49	0.08	0.49	0.09	0.59	0.01	0.12	0.1	0.05	0.49	0.1	0.31	0.14	0.15	0.04	0.18	0.53	0.49	0.49	0.12	0.11	0.04	0.59	0.18	0.28	0.03	0.04	0.31	0.49	0.11	0.11	0.2	0.12	0.08	0.4	0.26	0.4	0.07	0	0.09	0.03	0.2	0.11	0.23	0.14	0.11	0.41	0.51	0.71
0.04	0.29	0.25	0.47	0.1	0.47	0.04	0.17	0.15	0.98	0.03	0.18	0.15	0.14	1.05	0.46	0.18	0.2	0.96	0.17	0.47	0.04	0.05	0.05	0.05	0.14	0.47	0.47	0.22	0.16	0.04	0	0.97	0.47	0.15	0.03	0.47	0.16	0.1	0.04	0.16	0.1	0.15	0.07	1.83	0.48	0.55	0.48	0.17	0.48	0.37	0.04	0.23	0.09	0.17	0.05	0.49	0.17	0.12	0.05	0.16	0.66	0.16	0.45	0.09	0.4	0.17	0.41	0.19	0.17	0.17	0.41	0.1	0.13	0.51	0.09	0.41	0.36	0.44	0.16	0.42	0.07	0.17	0.42	0.23	0.09	0.3	0.09	0.93	0.43	0.05	0.5	0.37	0.43	0.18	0.15	1.03	0.49	0.17
0.14	0.02	0.1	0.42	0.15	0.4	0.4	0.01	0.07	0.14	0.15	1.4	0.05	0.03	0.45	0.21	0.05	0.2	0.63	0.03	0.18	0.84	0.2	0.17	0.49	0.03	0.04	0.02	0.45	0.46	0.13	0.16	0	0.13	0.05	0.19	0.04	0.74	0.11	0.21	0.19	0.12	0.23	0.18	3.88	0.76	0.22	0.41	0.33	0.51	0.34	0.19	0.02	0.46	0.06	0.14	0.13	0.03	0.19	0.13	0.04	0.3	0.19	0.22	0.16	0.56	0.05	0.3	0.24	0.46	0.04	0.49	0.15	0.29	0.04	0.14	0.24	0.18	0.33	0.25	0.47	0.53	0.06	0.22	0.47	0.15	0.47	0.16	0.11	0.03	0.15	0.47	0.06	0.35	0.05	0.57	0.05	0.03	0.97
0.02	0.13	0.23	0.5	0.62	0.29	0.02	0.14	0.13	0.3	0.02	5.17	0.13	0.13	0.46	0.12	0.46	0.56	0.21	0.99	0.13	0.1	0.13	0.01	0.38	0.11	0.34	0.16	0.2	0.14	0.09	0.46	0.14	0	0.12	0.06	0.12	0.37	0.25	0.46	0.15	0.09	0.14	0.33	1.52	0	0.16	1.07	0.57	0.02	0.48	0.13	0.47	0.33	0.84	0.02	0.16	0.14	0.47	0.06	0.13	0.02	0.37	0.47	0.06	0.14	0.16	0.02	0.45	0.48	0.15	0.05	0	0.18	0.12	0.09	0.09	0.29	0.23	0.12	0.48	0.1	0.25	0.05	0.19	0.1	0.06	0.03	0.09	0.17	0.01	0.17	0.12	0.43	0.2	0.36	0.16	0.32	1.05
0.14	0.39	0.26	0.08	0.13	0.47	0.1	0.45	0.09	0.98	0.47	4.77	0.07	0.04	0.35	0.19	0.06	0.46	0.34	0.19	0.01	0.56	0.17	0.14	0.42	0.04	0.86	0.05	0.12	0.13	0.11	0.16	0.05	0.12	0	0.17	0.04	0.04	0.46	0.16	0.04	0.13	0.03	0.13	0.45	0.14	0.26	0.45	0.33	0.45	0.04	0.45	0.03	0.52	0.08	0.13	0.05	0.11	0.14	0.26	0.05	0.53	0.45	0.26	0.54	0.19	0.45	0.11	0.06	0.06	0.04	0.46	0.21	0.29	0.05	0.55	0.17	0.18	0.95	0.13	0.45	0.15	0.08	0.18	0.33	0.22	0.17	0.15	0.44	0.06	0.15	0.61	0.07	0.32	0.44	0.44	0.07	0.05	1.04
0.07	0.19	0.21	0.8	0.06	0.23	0.24	0.19	0.17	0.41	0.08	4.77	0.18	0.2	0.18	0.03	0.42	0.18	0.17	0.2	0.43	0.08	0.04	0.09	0.44	0.2	0.27	0.23	0.25	0.44	0.08	0.03	0.3	0.06	0.57	0.01	0.18	1.06	0.08	0.97	0.47	0.09	0.2	0.1	0.66	0.06	0.49	0.33	0.15	0.43	0.2	0.3	0.48	0.78	0.36	0.29	0.19	0.19	0.03	0.09	0.18	0.22	0.49	0.19	0.05	0.01	0.21	0.5	0.24	0.38	0.19	0.41	0.13	0.1	0.39	0.41	0.41	0.02	0.13	0.18	0.49	0.73	0.57	0	0.25	0.1	0.91	0.04	0.08	0.2	0.08	0.45	0.19	0.51	0.45	0.18	0.23	0.19	0.46
0.46	0.35	0.08	0.47	0.13	0.26	0.1	0.28	0.02	0.04	0.12	7.08	0.42	0.03	0.35	0.2	0.05	0.42	0.24	0.01	0.06	0.15	0.23	0.13	0.16	0.43	0.03	0.19	0.49	0.03	0.42	0.16	0.42	0.42	0.04	0.21	0	0.01	0.09	0.2	0.02	0.09	0.03	0.13	0.46	0.29	0.19	0.04	0.48	0.14	0.42	0.43	0.01	0.6	0.09	0.47	0.03	0.4	0.14	0.08	0.02	0.5	0.03	0.2	0.28	0.14	0.43	0.12	0.05	0.43	0.02	0.2	0.12	0.29	0.39	0.1	0.21	0.93	0.62	0.02	0.03	0.44	0.03	0.52	0.25	0.11	0.19	0.14	0.44	0.11	0.14	0.63	0.03	0.63	0.05	0.47	0.04	0.02	0.43
0.12	0.48	0.45	0.05	0.44	0.42	0.12	0.03	0.41	0.44	0.41	1.55	0.03	0.04	0.86	0.99	0.48	0.18	0.58	0.06	0.47	0.4	1.25	0.67	0.44	0.04	0.44	0.45	0.5	0.41	0.52	0.43	0.03	0.98	0.04	0.2	0.01	0.42	0.41	0.51	0.57	0.45	0.91	0.41	6.06	0.16	0.94	0.43	0.72	0.43	0.52	0.42	0.43	0.64	0.92	0.09	0.03	0.01	0.91	0.91	0.41	0.41	0.41	0.19	0.91	0.41	0.42	0.41	0.41	0.04	0.41	0.16	0.42	0.53	0.02	0.12	0.43	0.53	0.44	0.43	0.04	0.68	0.43	0.44	0.94	0.5	0.43	0.43	0.43	0.08	0.42	0.91	0.04	0.41	0.05	0.06	0.04	0.41	0.47
0.01	0.47	0.15	0.14	0.04	0.29	0.01	0.25	0.1	0.12	0.28	4.92	0.11	0.49	0.28	0.24	0.14	0.25	0.23	0.08	0.12	0.04	0.4	0.03	0.03	0.11	0.4	0.13	0.18	0.5	0.4	0.05	0.11	0.4	0.51	0.08	0.1	0.24	0	0.05	0.11	0.04	0.11	0.24	0.04	0.02	0.15	0.42	0.92	0.01	0.09	0.42	0.42	0.56	0.11	0	0.11	0.09	0.05	0.01	0.09	0.01	0.13	0.14	0.05	0.09	0.13	0.01	0.31	0.12	0.47	0.11	0.02	0.18	0.1	0.04	0.05	0.08	0.93	0.46	0.1	0.04	0.11	0.08	0.17	0.43	0.08	0.23	0.01	0.1	0.03	0.43	0.11	0.43	0.56	0.39	0.61	0.47	0.51
0.41	0.2	0.19	0.25	0.09	0.72	0.1	0.49	0.21	0.58	0.03	6.11	0.44	0.19	0.41	0.11	0.38	0.27	0.46	0.21	0.27	0.03	0.43	0.09	0.46	0.21	0.23	0.23	0.23	0.47	0.04	0.04	0.21	0.09	0.16	0.09	0.21	0.58	0.05	0	0.24	0.3	0.22	0.5	5.55	0.09	0.49	0.54	0.23	0.39	0.48	0.05	0.22	0.13	0.33	0.21	0.49	0.22	0.44	0.04	0.23	0.45	0.22	1	0.01	0.05	0.24	0.1	0.4	0.22	0.7	0.09	0.09	0.4	0.57	0.03	0	0.08	0.22	1.77	0.24	0.04	0.16	0.93	0.5	0.04	0.09	0.06	0.04	0.2	0.31	0.52	0.15	0.44	0.25	0.52	0.73	0.21	0.45
0.12	0.09	0.34	0.42	0.15	0.26	0.13	0.03	0.43	0.03	0.64	0.98	0.04	0.97	0.93	0.43	0.05	0.47	0.43	0.3	0.06	0.15	0.2	0.46	0.46	0.04	0.03	0.05	0.17	0.05	0.11	1.37	0.03	0.19	0.04	0.54	0.42	0.15	0.5	0.23	0	0.49	0.02	0.18	2.32	0.13	0.37	0.75	0.33	0.1	0.74	0.18	0.01	1.1	0.4	0.1	0.21	0.02	0.19	0.19	0.04	0.77	0.03	0.41	0.16	0.33	0.41	0.42	0.41	0.04	0.03	0.42	0.49	0.61	0.03	0.52	0.21	0.42	1.52	0.04	0.05	0.22	0.05	0.22	0.62	0.36	0.23	0.5	0.43	0.03	0.15	0.46	0.44	0.37	0.05	0.02	0.09	0.36	0.75
0.03	0.11	0.52	0.5	0.08	0.6	0.4	0.12	0.1	0.39	0.34	6.43	0.28	0.33	0.47	0.06	0.16	0.51	0.49	0.25	0.16	0.4	0.08	0.04	0.05	0.13	0.13	0.9	0.4	0.41	0.04	0.08	0.12	0.42	0.13	0.09	0.1	0.15	0.22	0.43	0.12	0	0.12	0.27	1.26	0.44	0.2	0.13	0.23	0.03	0.13	0.08	0.1	0.06	0.13	0.05	0.13	0.11	0.08	0.04	0.1	0.05	0.12	0.21	0.27	0.48	0.13	0.03	0.17	0.14	0.5	0.05	0.09	0.19	0.12	0.01	0.42	0.25	0.21	0.12	0.12	0.03	0.49	0.93	0.65	0.39	0.31	0.08	0.03	0.44	0.04	0.19	0.12	0.22	0.27	0.12	0.51	0.12	0.24
0.13	0.01	0.09	0.04	0.46	0.25	0.12	0.02	0.02	0.17	0.46	2.96	0.04	0.21	0.36	0.2	0.11	0.54	0.53	0.03	0.33	0.16	0.52	0.26	0.15	0.03	0.03	0.12	0.1	0.43	0.1	0.18	0.43	0.34	0.03	0.18	0.02	0.38	0.43	0.24	0.12	0.13	0	0.12	1.09	0.5	0.53	0.03	0.53	0.1	0.02	0.29	0	0.64	0.63	0.13	0.03	0.01	0.15	0.11	0.03	0.11	0.03	0.43	0.14	0.17	0.04	0.12	0.04	0.43	0.31	0.14	0.72	0.49	0.43	0.12	0.22	0.2	0.93	0.43	0.04	0.26	0.33	0.2	0.27	0.43	0.54	0.18	0.1	0.49	0.53	0.46	0.43	0.33	0.04	0.02	0.04	0.01	0.43
0.11	0.2	0.15	0.62	0.04	0.33	0.42	0.41	0.14	0.42	0.05	4.35	0.12	0.45	0.45	0.14	0.54	0.39	0.38	0.95	0.14	0.14	0.13	0.05	0.95	0.14	0.18	0.18	0.17	0.12	0.24	0.07	0.15	0.27	0.12	0.31	0.11	0.95	0.25	0.46	0.2	0.07	0.14	0	5.22	0.04	0.17	0.16	0.24	0.02	0.12	0.1	0.12	0.46	0.11	0.02	0.15	0.13	0.07	0.01	0.46	0.07	0.19	0.23	0.08	0.13	0.97	0.47	0.36	0.17	0.52	0.15	0.04	0.47	0.12	0.43	0.12	0.09	0.22	0.11	0.17	0.07	0.12	0.1	0.57	0.04	0.1	0.68	0.01	0.49	0.47	0.47	0.11	0.25	0.15	0.48	0.64	0.14	0.25
0.45	0.45	0.42	0.47	0.04	0.6	1.96	0.42	1.61	0.49	0.05	1.04	1.53	3.99	3.47	0.13	0.6	1.02	4.35	3.52	4.03	0.05	0.96	0.51	0.47	0.48	0.45	0.53	0.59	0.61	0.09	1.46	0.91	0.03	0.14	2.44	0.46	0.5	0.98	2	1.05	0.43	12.9	7.02	3.44	1.58	0.98	2.47	0.52	1.41	0.25	1	0.45	0.5	2.62	0.42	0.41	0.42	1.9	8.58	2.5	1.52	2.6	0.48	0.72	0.41	0.41	5.03	0.96	0.42	0.41	2.25	0.99	0.52	0.91	0.07	0.54	0.46	0.46	0.96	2.17	0.49	3.94	2.02	1.23	0.45	0.11	0.06	0.06	0.58	0.03	0.5	0.96	0.25	2.04	0.16	0.53	1.52	0.43
0.02	0.13	0.28	0.25	0	0.29	0.02	0.14	0.14	0.45	0.02	5.9	0.12	0.45	0.45	0.45	0.45	0.23	0.22	0.13	0.16	0.47	0.13	0.34	0.01	0.97	0.14	0.55	0.18	0.14	0.45	0.09	0.15	0	0.14	0.06	0.45	0.19	0.02	0.45	0.16	0.08	0.52	0.97	0.04	0	0.46	0.14	0.46	0.03	0.15	0.25	0.12	0.46	0.44	0.02	0.4	0.17	0.4	0.1	0.13	0.37	0.14	0.4	0.09	0.5	0.4	0.02	0.17	0.19	0.13	0.01	0	0.18	0.12	0.1	0.09	0.05	0.23	0.13	0.84	0.08	0.91	0.4	0.15	0.09	0.41	0.09	0.27	0.4	0.01	0.4	0.13	0.6	0.4	0.13	0.16	0.14	0.23
0.72	0.21	0.31	0.98	0.15	0.92	0.15	0.47	0.31	0.42	0.42	2.91	0.41	0.23	0.37	0.41	0.23	0.37	0.41	0.41	0.28	0.16	0.42	0.23	0.72	0.42	0.52	0.46	0.33	0.42	0.15	0.43	0.22	0.43	0.5	0.19	0.54	0.19	0.93	0.62	0.2	0.93	0.33	0.18	9.72	0.15	0	0.43	0.33	0.18	0.6	0.27	0.43	0.74	0.58	0.23	0.53	0.54	0.18	0.16	0.21	0.44	0.22	0.01	0.18	0.44	0.95	0.29	0.95	0.45	0.38	0.45	0.66	0.65	0.47	0.21	0.95	0.17	0.45	0.22	0.45	0.65	0.56	0.24	0.07	0.22	0.19	0.43	0.16	0.21	0.47	0.3	0.22	0.34	0.23	0.21	0.44	0.54	0.97
0.46	0.4	0.47	0.2	0.15	0.53	0.15	0.01	0.02	0.1	0.14	11.2	0.41	0.03	0.92	0.42	0.05	0.21	0.52	0.24	0.53	0.51	0.2	0.43	0.18	0.06	0.04	0.03	0.1	0.94	0.11	0.54	0.01	0.44	0.05	0.45	0.04	0.32	0.45	0.25	0.04	0.12	0.03	0.46	1.97	0.52	0.52	0	0.56	0.97	0.47	0.21	0.07	0.42	0.21	0.15	0.01	0.09	0.16	0.13	0.04	0.2	0.24	0.27	0.58	0.17	0.13	0.19	0.06	0.02	0.04	0.16	0.15	1	0.04	0.13	0.23	0.19	0.46	0.1	0.05	0.21	0.51	0.19	0.28	0.14	0.21	0.18	0.12	0.41	0.51	0.49	0.52	0.55	0.06	0.42	0.15	0.08	0.42
0.41	0.53	0.46	0.37	0.42	0.48	0.22	0.34	1.13	0.36	0.36	0.31	0.49	0.49	0.44	0.7	0.64	0.57	0.51	0.6	0.37	0.22	0.18	0.21	0.21	0.33	0.81	0.37	0.39	0.91	0.41	0.21	0.35	0.27	0.95	0.15	0.61	0.33	0.22	0.41	0.53	0.24	0.66	0.24	0.42	0.51	0.71	0.81	0	0.41	0.47	0.18	0.34	0.24	0.33	0.22	0.41	0.34	0.25	0.23	0.32	0.23	0.36	0.41	0.19	0.15	0.36	0.42	0.37	0.34	0.64	0.44	0.2	0.25	0.45	0.25	0.24	0.45	0.02	0.45	0.55	0.19	0.56	0.14	0.45	0.24	0.29	0.45	0.23	0.34	0.21	0.26	0.59	0.29	0.38	0.33	0.95	0.47	0.36
0.03	0.09	0.14	0.13	0.48	0.63	0.35	0.11	0.35	0.12	0.02	0.82	0.3	0.14	0.9	0.4	0.12	0.8	0.23	0.26	0.7	0.03	0.27	0.12	0.4	0.4	0.1	0.12	0.3	0.19	0.04	0.4	0.11	0.02	0.67	0.07	0.09	0.4	0.01	0.04	0.1	0.02	0.4	0.02	1.41	0.03	0.41	0.12	0.51	0	0.62	0.12	0.09	0.39	0.45	0.01	0.11	0.09	0.05	0.01	0.1	0.27	0.1	0.18	0.04	0.08	0.43	0.42	0.14	0.12	0.09	0.73	0.43	0.36	0.1	0.02	0.93	0.39	0.2	0.63	0.43	0.63	0.19	0.07	0.23	0.01	0.43	0.13	0.01	0.18	0.06	0.44	0.18	0.23	0.13	0.44	0.12	0.12	0.22
0.44	0.09	0.52	0.05	0.13	0.43	0.1	0.04	0.43	0.92	0.53	6.31	0.04	0.49	0.71	0.22	0.06	0.49	0.96	0.96	0.45	0.14	0.2	0.46	0.15	0.07	0.44	0.44	0.13	0.42	0.5	0.18	0.04	0.13	0.12	0.48	0.47	0.02	0.37	0.23	0.46	0.46	0.46	0.66	2.19	0.44	1.58	1.08	0.45	0.13	0.43	0.42	0.09	0.92	0.03	0.41	0.1	0.41	0.18	0.16	0.1	0.87	0.06	0.49	0.15	0.5	0.08	0.56	0.09	0.16	0.04	0.47	0.97	0.25	0.46	0.46	0.26	0.46	0.45	0.23	0.04	0.46	0.3	0.87	0.43	0.43	0.45	0.6	0.19	0.03	0.2	0.55	0.47	0.46	0.46	0.05	0.44	0.13	0.2
0.08	0.56	0.23	0.26	0.48	0.25	0.4	0.2	0.2	0.2	0.09	3.37	0.41	0.19	0.81	0.03	0.21	0.51	0.17	0.19	0.46	0.07	0.01	0.09	0.27	0.61	0.2	0.43	0.24	0.62	0.15	0.04	0.19	0.42	0.49	0.04	0.38	0.47	0.42	0.43	0.73	0.44	0.49	0.43	0.34	0.13	0.2	0.43	0.18	0.07	0.21	0	0.42	0.42	0.21	0.08	0.42	0.17	0.03	0.09	0.42	0.15	0.24	0.42	0.05	0.03	0.42	0.08	0.24	0.53	0.21	0.09	0.13	0.43	0.18	0.43	0.05	0.73	0.93	0.43	0.19	0.04	0.32	0.18	0.27	0.38	0.04	0.43	0.08	0.23	0.08	0.15	0.45	0.46	0.44	0.23	0.32	0.22	0.19
0.14	0.01	0.09	0.04	0.14	0.68	0.11	0.02	0.02	0.02	0.2	12.5	0.03	0.37	0.64	0.4	0.04	0.18	0.26	0.31	0.05	0.16	0.46	0.42	0.21	0.03	0.02	0.38	0.46	0.1	0.1	0.15	0.02	0.14	0.03	0.56	0.01	0.01	0.1	0.2	0.01	0.13	0.57	0.14	1.19	0.12	0.49	0.03	0.34	0.09	0.01	0.17	0	0.28	0.17	0.11	0.2	0	0.16	0.11	0.08	0.33	0.02	0.2	0.14	0.15	0.03	0.12	0.04	0.29	0.02	0.14	0.98	0.48	0.02	0.11	0.21	0.2	0.68	0.08	0.04	0.15	0.04	0.21	0.26	0.1	0.18	0.36	0.11	0.07	0.14	0.54	0.04	0.54	0.04	0.31	0.04	0.01	0.18
0.4	0.36	1.11	0.93	0.43	0.53	0.49	1.36	0.34	0.64	0.17	5.24	0.43	0.53	0.33	0.25	0.52	0.38	0.93	0.43	0.45	0.25	0.25	0.18	0.21	0.46	0.35	0.47	0.57	0.35	0.28	0.31	0.27	0.56	0.17	0.62	0.28	0.44	0.04	0.15	0.9	0.61	0.32	0.37	1.8	0.38	0.4	0.28	0.6	0.56	0.39	1.45	1.17	0	0.36	0.31	0.35	0.22	0.16	0.24	0.47	0.85	0.54	0.4	0.09	0.51	0.26	0.3	0.45	0.39	0.32	0.14	0.12	0.33	0.21	0.67	0.08	0.3	0.24	0.44	0.33	0.34	0.91	0.18	0.9	0.79	0.18	0.4	0.22	0.25	0.08	0.78	0.23	0.6	0.76	0.35	0.29	1.02	0.92
0.44	0.05	0.11	0.08	0.13	0.29	0.12	0.18	0.04	0.54	0.12	2.47	0.01	0.06	0.74	0.21	0.08	0.46	0.47	0.31	0.09	0.48	1.02	0.15	0.15	0.05	0.18	0.07	0.13	0	0.49	0.16	0.06	0.13	0.42	0.24	0.03	0.25	0.12	0.16	0.05	0.23	0.09	0.11	2.12	0.4	0.22	0.26	0.37	0.19	0.03	0.4	0.04	0.27	0	0.12	0.4	0.13	0.32	0.13	0.4	0.21	0.06	0.22	0.9	0.18	0.07	0.22	0.08	0.07	0.05	0.15	0.13	0.28	0.04	0.14	0.16	0.18	0.5	0.26	0.4	0.16	0.4	0.19	0.29	0.13	0.19	0.19	0.14	0.04	0.4	0.31	0.01	0.35	0.4	0.05	0.4	0.05	0.27
0.01	0.12	0.14	0.35	0.02	0.31	0.02	0.11	0.09	0.49	0.37	3.48	0.48	0.47	0.26	0.47	0.14	0.51	0.24	0.37	0.14	0.05	0.09	0.03	0.03	0.49	0.12	0.14	0.49	0.49	0.03	0.14	0.41	0.16	0.64	0.4	0.26	0.31	0	0.4	0.26	0.29	0.12	0.06	1.68	0.02	0.5	0.12	0.32	0.2	0.12	0.09	0.1	0.08	0.11	0	0.29	0.4	0.05	0.01	0.11	0.36	0.11	0.5	0.04	0.44	0.14	0.02	0.4	0.13	0.11	0.41	0.02	0.18	0.09	0.41	0.05	0.07	0.2	0.11	0.41	0.07	0.12	0.08	0.33	0.04	0.09	0.07	0.01	0.09	0.03	0.19	0.11	1.14	0.26	0.1	0.44	0.33	0.23
0.15	0.02	0.93	0.43	0.13	0.47	0.43	0	0.02	0	0.12	1.33	0.44	0.03	0.66	0.21	0.49	0.2	0.5	0.41	0.05	0.41	0.61	0.14	0.42	0.21	0.41	0.02	0.1	0.06	0.43	0.17	0.29	0.32	0.05	0.2	0.03	0.3	0.11	0.21	0.03	0.13	0.02	0.56	2.08	0.16	0.22	0.14	0.44	0.34	0.04	0.19	0.02	1.43	0.06	0.66	0	0.46	0.21	0.46	0.03	0.5	0.04	0.22	0.16	0.47	0.05	0.52	0.05	0.02	0.04	0.5	0.45	0.28	0.03	0.14	0.48	0.33	0.68	0.05	0.05	0.43	0.06	0.2	0.28	0.7	0.22	0.9	0.4	0.03	0.14	0.4	0.05	1.11	0.14	0.6	0.05	0.03	0.2
0.11	0.02	0.09	0.23	0.13	0.25	0.12	0.03	0.03	0.13	0.12	3.93	0.11	0.26	0.38	0.21	0.04	0.47	0.67	0.02	0.3	0.15	0.19	0.14	0.14	0.03	0.03	0.1	0.11	0.05	0.1	0.17	0.03	0.13	0.04	0.48	0.02	0.01	0.09	0.48	0.02	0.11	0.01	0.38	0.53	0.23	0.57	0.12	0.34	0.09	0.31	0.18	0.01	0.56	0.05	0.11	0.03	0	0.53	0.11	0.04	0.12	0.03	0.2	0.16	0.16	0.04	0.9	0.4	0.4	0.02	0.16	0.13	0.51	0.03	0.26	0.28	0.19	0.4	0.04	0.04	0.26	0.05	0.48	0.6	0.14	0.2	0.37	0.13	0.19	0.14	0.33	0.41	0.51	0.13	0.22	0.04	0.01	0.41
0.04	0.38	0.22	0.18	0.1	0.25	0.04	0.17	0.46	0.36	0.03	0.18	0.15	0.45	0.18	0.03	0.49	0.2	0.2	0.15	0.55	0.04	0.13	0.05	0.05	0.46	0.49	0.19	0.46	0.46	0.26	0.23	0.17	0.1	0.15	0.03	0.48	0.48	0.05	0.04	0.48	0.07	0.52	0.07	0.77	0.63	0.17	0.18	0.17	0.05	0.19	0.08	0.15	0.49	0.17	0.49	0.17	0.55	0	0.05	0.14	0.64	0.18	0.17	0.4	0.4	0.19	0.04	0.18	0.27	0.16	0.05	0.4	0.13	0.15	0.41	0.04	0.13	0.17	0.51	0.16	0.06	0.33	0.03	0.23	0.08	0.03	0.42	0.04	0.42	0.05	0.42	0.16	0.92	0.42	0.17	0.17	0.89	0.52
0.02	0.11	0.49	0.14	0.1	0.43	0.39	0.13	0.1	0.45	0.02	0.41	0.11	0.95	0.45	0.34	0.19	0.26	0.47	0.09	0.13	0.12	0.09	0.05	0.26	0.42	0.13	0.15	0.18	0.13	0	0.06	0.12	0.45	0.12	0.09	0.46	0.09	0.01	0.15	0.48	0.04	0.12	0.01	0.55	0.2	0.41	0.56	0.23	0.01	0.1	0.09	0.1	0.43	0.12	0.01	0.13	0.11	0.05	0.01	0.11	0.32	0.12	0.19	0.04	0.07	0.77	0.02	0.47	0.12	0.09	0.04	0.38	0.89	0.09	0.16	0.04	0.47	0.23	0.12	0.12	0.08	0.12	0.4	0.22	0.04	0.09	0.08	0.01	0.11	0.04	0.45	0.12	0.22	0.45	0.11	0.52	0.11	0.49
0.12	0.02	0.09	0.38	0.56	0.3	0.46	0.03	0.02	0.03	0.12	0.74	0.04	0.02	0.37	0.53	0.05	0.43	0.34	0.03	0.07	0.16	0.18	0.14	0.43	0.04	0.04	0.43	0.54	0.33	0.12	0.3	0.25	0.13	0.05	0.74	0.02	0.36	0.1	0.2	0.04	0.1	0.03	0.12	8.59	0.13	0.46	0.05	0.33	0.1	0.05	0.18	0.03	0.24	0.04	0.41	0.03	0.04	0.14	0.45	0	0.67	0.04	0.58	0.15	0.16	0.05	0.11	0.05	0.04	0.04	0.14	0.12	0.47	0.01	0.12	0.2	0.47	0.3	0.25	0.04	0.15	0.05	0.17	0.27	0.11	0.84	0.15	0.41	0.02	0.13	0.3	0.04	0.81	0.57	1.6	0.46	0.03	0.32
0.11	0.49	0.48	0.14	0.48	0.48	0.98	0.95	0.48	0.48	0.13	10.1	1	0.11	0.5	0.5	0.49	0.49	0.49	0.49	0.49	0.47	0.99	0.04	0.49	0.49	0.49	0.49	0.57	0.48	0.01	0.06	0.48	0.43	0.42	0.98	0.08	0.99	0	0.05	0.97	0.05	0.47	0.47	0.06	0.1	0.97	0.29	0.46	0.01	0.46	0.46	0.46	0.97	0.45	0.45	0.12	0.95	0.33	0.02	0.1	0.01	0.94	0.45	0.05	0.95	0.45	0.02	0.45	0.95	0.45	0.04	0.03	0.44	0.95	0.04	0.44	0.45	0.94	0.44	0.94	0.04	1.43	0.93	0.22	0.43	0.48	0.43	0.01	0.11	0.93	1.43	0.42	0.83	0.92	0.41	0.91	0.41	0.91
0.14	0.38	0.13	0.46	0.14	0.22	0.52	0.04	0.04	0.07	0.14	1.17	0.06	0.36	0.63	0.22	0.02	0.43	0.29	0.03	0.06	0.17	0.2	0.15	0.16	0.08	0.11	0.06	0.35	0.44	0.12	0.18	0.04	0.44	0.05	0.33	0.03	0.04	0.49	0.22	0.06	0.12	0.03	0.16	0.31	0.45	0.22	0.43	0.65	0.41	0.3	0.34	0.02	0.47	0.07	0.11	0.03	0.03	0.18	0.12	0.04	0.46	0	0.46	0.17	0.46	0.01	0.14	0.02	0.04	0.15	0.47	0.14	0.29	0.08	0.13	0.45	0.9	0.88	0.06	0.05	0.25	0.06	0.21	0.28	0.13	0.21	0.16	0.12	0.04	0.14	0.31	0.32	0.37	0.02	0.28	0.02	0.03	0.42
0.15	0.21	0.68	0.53	0.32	0.42	0.19	0.48	0.57	0.22	0.15	1.15	0.22	0.23	0.54	0.39	0.23	0.4	0.5	0.19	0.39	1.41	0.39	0.16	0.21	0.4	0.22	0.4	0.34	0.29	0.29	0.18	0.4	0.13	0.24	0.19	0.19	0.2	0.81	0.41	0.21	0.21	0.21	0.18	0.44	0.41	0.02	0.22	0.33	0.15	0.51	0.21	0.2	0.6	0.22	0.29	0.22	0.2	0.42	0.16	0.21	0.52	0.59	0	0.92	0.48	0.23	0.43	0.23	0.23	0.42	0.42	0.52	0.35	0.21	0.22	0.21	0.18	0.31	0.6	0.23	0.25	0.22	0.18	0.07	0.25	0.42	0.18	0.16	0.42	0.12	0.31	0.22	0.35	0.33	0.21	0.53	0.21	0.34
0.03	0.15	0.38	0.78	0.09	0.28	0.03	0.15	0.16	0.17	0.03	8.32	0.15	0.49	0.49	0.04	0.18	0.23	0.49	0.16	0.49	0.03	0.18	0.04	0.04	0.4	0.15	0.18	0.18	0.16	0.4	0.04	0.45	0.06	0.15	0.05	0.14	0.6	0.05	0.01	0.16	0.43	0.16	0.08	0.13	0.09	0.18	0.53	0.2	0.41	0.2	0.05	0.51	0.09	0.16	0.25	0.16	0.41	0.04	0.04	0.15	0.7	0.17	0.42	0	0.05	0.42	0.3	0.42	0.17	0.15	0.05	0.42	0.3	0.14	0.13	0.01	0.05	0.19	0.42	0.53	0.04	0.16	0.05	0.18	0.03	0.43	0.06	0.12	0.27	0.04	0.25	0.43	0.42	0.18	0.41	0.44	0.17	0.44
0.42	0.52	0.42	0.19	0.06	0.82	0.07	0.16	0.93	0.42	0.06	10	0.18	0.15	0.17	0.01	0.3	0.47	0.16	0.15	0.56	0.05	0.91	0.07	0.07	0.16	0.17	0.47	0.3	0.19	0.47	0.03	0.16	0.48	0.18	0.01	0.14	0.4	0.07	0.05	0.16	0.08	0.36	0.09	0.17	0.06	0.2	0.68	0.16	0.08	1.07	0.03	0.15	0.14	0.49	0.49	0.32	0.16	0.02	0.07	0.16	0.16	0.49	0.18	0.05	0	0.18	0.07	0.49	0.25	0.15	0.07	0.06	0.12	0.16	0.15	0.49	0.02	0.16	0.18	0.36	0.06	0.99	0.07	0.16	0.33	0.36	0.05	0.38	0.18	0.21	0.12	0.49	0.14	0.36	0.16	0.19	0.92	0.2
0.15	0.99	0.49	0.03	0.18	0.24	0.15	0.05	0.05	0.22	0.42	3.06	0.13	0.17	0.4	0.46	0.03	0.39	0.32	0.04	0.1	0.17	0.21	0.19	0.53	0.05	0.02	0.07	0.13	0.46	0.14	0.19	0.05	0.46	0.06	0.21	0.11	0.05	0.15	0.46	0.28	0.14	0.18	0.18	0.48	0.46	0.39	0.36	0.36	0.35	0.35	0.21	0.15	0.19	0.07	0.96	0.04	0.04	0.19	0.13	0.05	0.46	0.03	0.47	0.48	0.18	0	0.46	0.01	0.06	0.05	0.16	0.15	0.46	0.05	0.46	0.23	0.57	0.44	0.15	0.06	0.18	0.12	0.96	0.39	0.15	0.21	0.58	0.15	0.05	0.51	0.72	0.66	0.36	0.04	0.05	0.41	0.04	0.46
0	0.45	0.15	0.14	0.02	0.51	0	0.21	0.12	0.13	0.01	13	0.12	0.1	0.54	0.44	0.16	0.44	0.22	0.12	0.65	0.04	0.15	0.03	0.18	0.12	0.14	0.15	0.52	0.13	0.02	0.44	0.14	0.02	0.11	0.07	0.11	0.46	0.01	0.1	0.13	0.46	0.12	0.29	0.05	0.02	0.47	0.33	0.22	0.02	0.12	0.22	0.11	0.28	0.93	0.02	0.13	0.34	0.04	0.02	0.11	0.47	0.47	0.15	0.03	0.24	0.15	0	0.14	0.14	0.48	0.03	0.22	0.19	0.34	0.48	0.1	0.06	0.2	0.44	0.13	0.03	0.15	0.07	0.48	0.04	0.46	0.05	0.02	0.11	0.02	0.19	0.4	0.46	0.14	0.4	0.4	0.11	0.47
0.46	0.05	0.11	0.15	0.15	0.57	0.14	0.29	0.05	0.05	0.16	4.63	0.07	0.43	0.42	0.3	0.03	0.85	0.31	0.95	0.44	0.19	0.49	0.16	0.5	0.45	0.03	0.07	0.12	0.46	0.13	0.18	0.06	0.18	0.12	0.21	0.4	0.05	0.46	0.23	0.05	0.14	0.06	0.48	3.25	0.48	0.37	0.06	0.56	0.13	0.46	0.49	0.5	0.3	0.5	0.5	0.05	0.05	0.19	0.4	0.06	0.29	0.04	0.24	0.19	0.41	0.01	0.14	0	0.06	0.61	0.19	0.15	0.41	0.06	0.16	0.35	0.5	0.46	0.41	0.07	0.22	0.67	0.24	0.29	0.52	0.42	0.42	0.15	0.05	0.17	0.42	0.29	0.57	0.29	0.05	0.43	0.05	1.34
0.13	0.03	0.11	0.44	0.44	0.27	0.14	0.02	0.31	0.01	0.13	3.66	0.06	0.04	0.77	0.23	0.41	0.84	0.32	0.06	0.06	0.52	0.22	0.26	0.44	0.97	0.04	0.3	0.12	0.07	0.47	0.47	0.28	0.54	0.14	0.2	0.04	0.11	0.11	0.25	0.23	0.13	0.03	0.48	1.2	0.14	0.22	0.08	0.63	0.12	0.21	0.39	0.03	0.73	0.07	0.11	0.02	0.04	0.27	0.12	0.31	0.48	0.04	0.36	0.69	0.16	0.06	0.17	0.06	0	0.41	0.15	0.41	0.49	0.04	0.13	0.23	0.35	0.45	0.06	0.06	0.99	0.07	0.21	0.29	0.24	0.9	0.4	0.13	0.09	0.15	0.46	0.06	0.4	0.06	0.03	0.06	0.04	0.48
0.13	0.03	0.11	0.24	1.05	0.26	0.11	0.04	0.03	0.45	0.13	7.06	0.23	0.29	0.7	0.42	0.06	0.46	0.41	0.1	0.06	0.17	0.4	0.36	0.15	0.05	0.6	0.43	0.23	0.05	0.1	0.17	0.04	0.13	0.27	0.21	0.41	0.41	0.1	0.31	0.03	0.12	0.03	0.24	0.32	0.13	0.58	1.01	0.35	0.09	0.08	0.21	0.41	0.28	0.05	0.1	0.04	0.02	0.17	0.41	0.04	0.11	0.04	0.47	0.41	0.15	0.05	0.44	0.44	0.41	0	0.42	0.13	0.41	0.03	0.14	0.23	0.19	0.45	0.41	0.15	0.16	0.05	0.5	0.26	0.11	0.21	0.42	0.45	0.04	0.16	0.63	0.13	0.42	0.05	0.24	0.05	0.42	0.19
0.03	0.15	0.17	0.49	0.02	0.69	0.03	0.14	0.47	0.14	0.03	4.4	0.14	0.14	0.48	0.09	0.48	0.5	0.53	0.48	0.55	0.28	0.14	0.01	0.02	0.14	0.15	0.19	0.19	0.49	0.04	0.05	0.16	0.01	0.15	0.09	0.13	0.49	0.03	0.5	0.53	0.04	0.15	0.6	0.77	0.13	0.41	0.21	0.22	0.04	0.27	0.09	0.15	0.71	0.41	0.33	0.14	0.15	0.41	0.04	0.13	0.04	0.15	0.14	0.21	0.12	0.17	0.41	0.19	0.15	0.15	0	0.09	0.42	0.15	0.05	0.09	0.06	0.19	0.52	0.25	0.13	0.14	0.08	0.42	0.42	0.09	0.04	0.43	0.14	0.53	0.19	0.14	0.43	0.18	0.15	0.43	0.16	0.44
0.02	0.96	0.51	0.28	0	0.29	0.41	0.46	0.13	0.13	0.02	0.44	0.13	0.74	0.27	0.13	0.44	1.44	0.94	0.44	0.44	0.14	0.44	0.44	0.01	0.13	0.15	0.54	0.18	0.15	0.09	0.09	0.13	0	0.14	0.26	0.47	0.14	0.02	0.09	0.55	0.08	0.13	0.04	2.26	0	0.45	0.14	0.55	0.03	0.55	0.13	0.46	0.96	0.46	0.02	0.22	0.46	0.48	0.1	0.12	0.03	0.46	0.36	0.11	0.06	0.15	0.02	0.47	0.52	0.13	0.01	0.01	0.18	0.45	0.1	0.09	0.05	0.95	0.45	0.12	0.95	0.13	0.28	0.45	0.45	0.06	0.8	0.09	0.23	0.01	0.17	0.46	0.22	0.73	0.96	0.15	1	0.37
0.77	0.28	0.29	0.65	0.18	0.11	0.45	0.46	0.27	0.28	0.56	2.59	0.31	0.29	0.22	0.43	0.54	0.09	0.97	0.49	0.61	0.2	0.24	0.19	0.52	0.27	0.28	0.47	0.35	0.69	0.19	0.13	0.27	0.18	0.29	0.1	0.27	0.39	0.18	0.2	0.37	0.18	0.31	0.19	1.26	0.33	0.41	0.29	0.25	0.2	0.28	0.14	0.42	0.3	0.49	0.18	0.41	0.26	0.13	0.19	0.29	0.51	0.28	0.33	0.19	0.12	0.3	0.19	0.53	0.31	0.3	0.29	0.18	0	0.25	0.19	0.2	0.12	0.55	0.51	0.5	0.4	0.28	0.18	0.64	0.2	0.41	0.15	0.91	0.27	0.57	0.33	0.27	0.03	0.53	0.51	0.3	0.28	0.59
0.1	0.03	0.07	0.38	0.14	0.49	0.1	0.03	0.29	0.28	0.11	2.33	0.03	0.38	0.53	0.27	0.25	0.19	0.34	0.3	0.07	0.41	0.21	0.13	0.14	0.3	0.04	0.05	0.97	0.04	0.32	0.17	0.26	0.12	0.05	0.19	0.01	0.02	0.1	0.27	0.05	0.4	0.4	0.12	0.82	0.13	0.9	0.4	0.61	0.4	0.03	0.61	0.08	0.2	0.04	0.91	0.03	0.03	0.41	0.1	0.01	0.09	0.41	0.21	0.15	0.42	0.05	0.34	0.92	0.41	0.03	0.15	0.12	0.42	0	0.42	0.21	0.42	0.31	0.03	0.42	0.24	0.23	0.19	0.42	0.11	0.18	0.42	0.42	0.02	0.31	0.41	0.43	0.73	0.43	0.03	0.22	0.03	1.33
0.04	0.12	0.48	0.42	0.1	0.49	0.03	0.14	0.12	0.2	0.61	0.71	0.13	0.4	0.23	0.08	0.15	0.46	0.22	0.44	0.73	0.04	0.09	0.05	0.06	0.12	0.16	0.15	0.23	0.48	0.4	0.5	0.15	0.09	0.18	0.75	0.12	0.41	0.89	0.04	0.41	0.01	0.52	0.33	0.53	0.2	0.22	0.26	0.46	0.06	0.13	0.17	0.23	0.12	0.13	0.04	0.45	0.12	0.09	0.04	0.46	0.04	0.13	0.51	0.03	0.09	0.16	0.04	0.49	0.14	0.12	0.05	0.16	0.4	0.11	0	0.03	0.13	0.23	0.28	0.15	0.42	0.28	0.48	0.31	0	0.1	0.44	0.03	0.45	0.05	0.2	0.13	0.47	0.16	0.46	0.16	0.13	0.45
0.61	0.41	0.29	0.37	0.09	0.32	0.41	0.21	0.91	0.37	0.03	0.96	0.17	0.19	0.48	0.34	0.25	0.27	0.24	0.5	0.19	0.09	0.06	0.09	0.4	0.22	0.23	0.23	0.24	0.4	0.04	0.04	0.22	0.09	0.17	0.09	0.23	0.24	0.41	0	0.23	0.16	0.22	0.15	2.64	0.09	0.43	0.32	0.6	0.94	0.45	0.05	0.2	0.36	0.64	0.54	0.22	0.24	0.04	0.19	0.46	0.05	0.46	0.24	0.01	0.05	0.23	0.1	0.23	0.48	0.25	0.09	0.58	0.2	0.2	0.04	0	0.3	0.22	0.15	0.48	0.03	0.16	0.09	0.23	0.04	0.09	0.07	0.04	0.42	0.1	0.21	0.15	0.22	0.23	0.21	0.24	0.22	0.63
0.44	0.93	0.22	0.19	0.05	0.42	0.06	0.18	0.42	0.18	0.61	5.95	0.17	0.34	0.45	0.03	0.45	0.19	0.18	0.45	0.95	0.08	0.45	0.06	0.44	0.17	0.43	0.2	0.23	0.46	0.42	0.04	0.18	0.05	0.18	0.8	0.51	0.36	0.41	0.08	1.41	0.9	0.18	0.4	1.25	0.04	0.17	0.8	0.44	0.08	0.49	0.05	0.18	0.49	0.2	0.7	0.5	0.19	0.03	0.79	0.99	1.19	0.2	0.17	0.05	0.02	0.6	0.57	0.47	0.2	0.19	0.06	0.04	1.96	0.16	0.46	0.08	0	0.14	0.48	0.18	0.09	0.46	0.14	0.54	0.09	0.01	0.03	0.13	0.16	0.45	0.13	0.18	0.17	0.61	0.2	0.44	0.48	0.17
0.2	0.34	0.35	0.72	0.24	0.52	0.2	0.33	0.54	0.4	0.82	1.67	0.31	0.68	0.03	0.31	0.43	0.52	0.26	0.33	0.32	0.21	0.16	0.48	0.19	0.4	0.58	0.58	0.39	0.31	0.22	0.17	0.33	0.23	0.47	0.48	0.33	0.74	0.2	0.22	0.58	0.22	0.34	0.28	0.48	0.23	0.48	0.34	0.02	0.21	0.49	0.17	0.53	0.51	0.46	0.2	0.34	0.58	0.17	0.47	0.3	0.38	0.49	0.49	0.58	0.34	0.64	0.2	0.79	0.49	0.48	0.2	0.23	0.21	0.49	0.23	0.21	0.14	0	0.98	0.59	0.33	1.19	0.19	0.37	0.22	0.13	0.16	0.22	0.3	0.19	0.21	1.09	0.3	0.33	0.34	0.99	0.91	0.45
0.12	0.97	0.1	0.07	0.13	0.47	0.12	0.87	0.03	0.05	0.41	7.9	0.26	0.05	1.37	0.47	0.29	0.2	0.46	0.03	0.1	0.15	0.58	0.14	0.13	0.44	0.11	0.34	0.64	0.43	0.13	0.16	0.05	0.42	0.46	0.32	0.42	0.03	0.12	0.15	0.05	0.18	0.49	0.49	0.16	0.12	0.98	0.07	1.04	0.53	0.97	0.41	0.03	0.19	0.01	0.45	0.45	0.04	0.45	0.11	0.04	0.94	0.44	0.22	0.66	0.17	0.42	0.12	0.92	0.41	0.04	0.29	0.13	0.7	0.4	0.4	0.15	0.17	0.52	0	0.24	0.15	0.01	0.18	0.35	0.48	0.59	0.57	0.12	0.96	0.14	0.64	0	0.45	0.07	0.04	0.27	0.43	0.27
0.13	0.04	0.08	0.49	0.13	0.28	0.49	0.47	0.02	0.22	0.49	5.51	0.03	0.41	0.35	0.21	0.07	0.21	0.34	0.04	0.06	0.16	0.2	0.14	0.16	0.03	0.41	0.07	0.42	0.14	0.11	0.53	0.05	0.25	0.05	0.42	0.03	0.52	0.1	0.21	0.05	0.43	0.04	0.19	1.91	0.13	0.23	0.05	0.33	0.43	0.93	0.21	0.04	0.43	0.42	0.12	0.05	0.04	0.53	0.12	0.03	0.12	0.17	0.23	0.14	0.24	0.06	0.84	0.07	0.46	0.05	0.14	0.31	0.28	0.04	0.52	0.23	0.5	0.31	0.03	0	0.17	0.25	0.18	0.35	0.12	0.19	0.42	0.45	0.38	0.14	0.3	0.03	0.48	0.12	0.26	0.46	0.09	1.46
0.44	0.16	0.2	0.18	0.42	0.43	0.69	0.46	0.16	0.15	0.04	4.98	0.15	0.14	0.3	0.04	1.16	0.55	0.46	0.16	0.17	0.06	0.07	0.06	0.21	0.21	0.35	0.87	0.31	0.46	0.38	0.16	0.47	0.11	0.15	0.08	0.19	0.22	0.04	0	0.16	0.02	0.14	0.12	0.54	0.09	0.57	0.16	0.46	0.47	0.25	0.22	0.2	0.36	0.16	0.09	0.23	0.49	0.58	0.2	0.28	0.51	0.2	0.23	0.14	0.12	0.25	0.13	0.48	0.17	0.28	0.05	0.27	0.48	0.16	0.06	0.04	0.24	0.27	0.59	0.5	0	0.29	0.18	0.34	0.49	0.47	0.12	0.03	0.14	0.04	0.16	0.49	0.37	0.49	0.17	0.49	0.28	0.24
0.12	0.05	0.11	0.64	0.13	0.44	0.12	0.2	0.44	0.06	0.13	8.28	0.01	1.15	0.65	0.21	0.08	0.21	0.6	0.04	0.09	0.19	0.46	0.24	0.53	0.46	0.28	0.08	0.46	0	0.12	0.16	0.06	0.13	0.08	0.19	0.04	0.04	0.47	0.15	0.05	0.13	0.05	0.47	2.38	0.25	0.58	0.57	0.47	0.47	0.03	0.57	0.04	0.97	0	0.11	0.48	0.22	0.47	0.68	0.04	0.52	0.06	0.22	0.16	0.18	0.07	0.48	0.08	0.07	0.05	0.41	0.79	0.28	0.04	0.14	0.16	0.29	0.64	0.59	0.03	0.49	0	0.19	0.28	0.49	0.2	0.49	0.12	0.04	0.14	0.3	0.01	0.34	0.08	0.05	0.07	0.13	0.6
0.49	0.19	0.27	0.45	0.06	0.49	0.07	0.3	0.19	0.86	0.08	7.04	0.4	0.19	0.3	0.24	0.41	0.18	0.29	0.2	0.21	0.07	0.17	0.24	0.35	0.42	0.72	0.42	0.25	0.62	0.08	0.03	0.42	0.05	0.19	0.01	0.17	0.39	0.08	0.09	0.36	0.09	0.94	0.14	0.44	0.33	0.2	0.24	0.15	0.44	0.24	0.04	0.44	0.18	0.94	0.08	0.2	0.18	0.03	0.44	0.55	0.08	0.21	0.18	0.24	0.4	0.93	0.07	0.24	0.21	0.42	0.08	0.42	0.27	0.82	0.1	0.09	0.42	0.13	0.19	0.26	0.05	0.74	0	0.2	0.1	0	0.94	0.08	0.54	0.08	0.16	0.18	0.43	0.57	0.55	0.23	0.43	0.5
0.49	0.99	0.26	1.3	0.35	0.48	0.6	0.6	0.27	0.28	0.4	2.67	0.28	0.59	0.79	0.27	0.79	0.6	0.41	0.49	0.9	0.49	0.9	0.18	0.2	1	0.5	0.3	0.49	0.29	0.4	0.42	0.28	0.41	0.52	0.33	0.33	0.73	0.17	0.23	0.61	0.2	0.41	0.23	1.07	0.19	0.07	0.91	0.6	0.41	0.26	0.27	0.26	0.41	0.62	0.21	0.62	0.26	0.42	0.22	0.27	0.26	0.43	0.06	0.18	0.16	0.52	0.21	0.43	0.29	0.26	0.43	0.37	0.53	0.63	0.27	0.23	0.24	0.43	0.28	0.54	0.21	0.28	0.44	0	0.28	0.54	0.94	0.22	0.54	0.14	0.55	0.28	0.51	0.45	0.27	0.54	0.27	0.4
0.03	0.11	0.53	0.18	0.48	0.31	0.04	0.12	0.12	0.98	0.15	0.4	0.3	0.4	0.23	0.07	0.15	0.62	0.24	0.16	0.15	0.42	0.08	0.1	0.29	0.14	0.41	0.15	0.17	0.16	0.04	0.09	0.41	0.09	0.14	0.41	0.11	0.64	0.14	0.03	0.11	0.41	0.11	0.27	0.62	0.37	0.22	0.13	0.24	0.01	0.43	0.09	0.12	0.33	0.44	0.03	0.13	0.43	0.09	0.04	0.12	0.18	0.43	0.22	0.04	0.07	0.14	0.03	0.44	0.15	0.12	0.05	0.34	0.19	0.13	0	0.04	0.24	0.22	0.3	0.45	0.21	0.14	0.45	0.28	0	0.1	0.09	0.03	0.45	0.04	0.97	0.14	0.45	0.14	0.15	0.56	0.33	0.25
0.08	1.16	0.21	0.56	0.26	0.29	0.38	0.19	0.7	0.24	0.08	2.49	0.19	0.42	0.51	0.03	0.21	0.18	0.17	0.2	0.41	0.14	0.41	0.09	0.07	0.91	0.41	0.21	0.25	0.52	0.31	0.42	0.25	0.23	0.17	0.01	0.19	0.41	0.08	0.42	0.2	0.09	0.58	0.1	3.63	0.06	0.43	0.21	0.15	0.43	0.48	0.23	0.55	0.37	0.19	0.93	0.19	0.2	0.03	0.22	0.19	0.24	0.43	0.19	0.05	0.01	0.94	0.08	0.4	0.22	0.21	0.44	0.06	0.1	0.44	0.11	0.44	0.02	0.16	0.37	0.19	0.15	0.19	0.02	0.44	0.1	0	0.04	0.09	0.18	0.08	0.45	0.45	0.15	0.21	0.2	0.39	0.22	0.66
0.28	0.47	0.18	0.18	0.09	0.36	0.04	0.16	0.15	0.22	0.06	2.42	0.17	0.16	0.26	0.42	0.21	0.22	0.21	0.41	0.41	0.1	0.11	0.41	0.54	0.14	0.16	0.22	0.52	0.51	0.35	0.09	0.17	0.03	0.15	0.43	0.17	0.42	0.05	0.06	0.19	0.08	0.56	0.07	0.82	0.41	0.17	0.2	0.18	0.42	0.15	0.08	0.18	0.82	0.72	0.07	0.17	0.19	0.09	0.07	0.16	0.26	0.16	0.15	0.09	0.09	1.02	0.05	0.51	0.17	0.82	0.04	0.34	0.15	0.18	0.09	0.07	0.03	0.41	0.18	0.41	0.16	0.54	0.04	0.17	0.41	0.04	0	0.08	0.15	0.04	0.15	0.18	0.22	0.19	0.15	0.53	0.98	1.42
1.09	0.59	0.34	0.19	0.1	0.49	0.02	0.12	0.3	0.49	0.01	6.35	0.11	0.12	0.47	0.43	0.13	0.26	0.23	0.1	0.14	0.04	0.43	0.04	0.26	0.37	0.13	0.58	0.34	0.12	0	0.04	0.13	0.38	0.46	0.08	0.15	0.09	0.01	0.04	0.11	0.44	0.11	0.01	0.15	0.1	0.54	0.13	0.23	0.18	0.24	0.08	0.12	0.44	0.12	0.01	0.13	0.11	0.04	0.01	0.11	0.01	0.12	0.16	0.1	0.74	0.14	0.02	0.15	0.12	0.11	0.04	0.1	0.19	0.1	0.03	0.04	0.26	0.96	0.46	0.12	0.56	0.12	0.08	0.56	0.03	0.25	0.07	0	0.11	0.03	0.26	0.12	0.23	0.13	0.2	0.17	0.1	0.63
0.12	0.02	0.1	0.05	0.13	0.44	0.12	0.03	0.01	0.03	0.45	2.23	0.04	0.01	0.37	0.21	0.05	0.99	0.53	0.03	0.06	0.44	0.18	0.33	0.43	0.02	0.04	0.05	0.09	0.54	0.46	0.16	0.03	0.13	0.06	0.74	0.02	0.57	0.12	0.21	0.44	0.1	0.03	0.16	2.55	0.86	0.46	0.03	0.33	0.18	0.06	0.46	0.46	0.42	0.04	0.46	0.03	0.09	0.56	0.1	0.06	0.46	0.04	0.21	0.17	0.29	0.06	0.47	0.05	0.04	0.19	0.16	0.12	0.57	0.47	0.13	0.21	1.06	0.4	0.04	0.01	0.22	0.28	0.47	0.27	0.12	0.19	0.14	0.3	0	0.48	0.29	0.04	0.48	0.12	0.03	0.05	0.38	0.2
0.44	0.49	0.44	0.17	0.01	0.95	0.02	0.4	0.64	0.14	0.03	0.43	0.14	0.13	0.46	0.09	0.19	0.24	0.23	0.17	0.17	0.81	0.09	0.01	0.02	0.14	0.16	0.16	0.46	0.24	0.03	0.05	0.14	0.01	0.16	0.08	0.14	0.13	0.42	0.11	0.14	0.04	0.47	0.18	2	0.01	0.15	0.16	0.47	0.47	0.13	0.08	0.48	0.49	0.14	0.03	0.15	0.48	0.06	0.04	0.14	0.03	0.48	0.12	0.04	0.07	0.41	0.02	0.16	0.15	0.69	0.01	0.37	0.19	0.35	0.04	0.09	0.1	0.19	0.49	0.49	0.06	0.24	0.1	0.14	0.04	0.08	0.04	0.06	0.16	0	0.24	0.4	0.32	0.2	0.15	0.16	0.44	0.44
0.52	0.59	0.32	0.34	0.41	0.41	0.19	0.7	0.51	0.3	0.19	1.45	0.42	0.43	0.52	0.42	0.63	0.43	0.05	0.43	0.31	0.19	0.43	0.43	0.19	0.93	0.43	0.46	0.43	1.13	0.2	0.14	0.47	0.48	0.46	0.12	0.98	0.55	0.19	0.21	0.3	0.5	0.47	0.47	0.21	0.17	0.47	0.47	0.67	0.17	0.54	0.57	0.47	0.41	0.47	0.57	0.31	0.67	0.14	0.2	0.67	0.47	0.31	0.3	0.46	0.11	0.52	0.47	0.32	0.97	0.33	0.47	0.99	0	0.32	0.2	0.56	0.47	0.47	0.3	0.47	0.19	0.57	0.12	0.77	0.25	0.12	0.15	0.47	0.29	0.58	0	0.37	0.03	0.49	0.3	0.42	0.68	0.39
0.12	0.04	0.1	0.08	0.66	0.31	0.12	0.05	0.03	0.06	0.12	0.64	0	0.47	0.36	0.21	0.07	0.57	0.34	0.42	0.09	0.15	0.47	0.14	0.14	0.05	0.47	0.47	0.12	0.2	0.49	0.16	0.05	0.12	0.07	0.19	0.03	0.04	0.12	0.16	0.05	0.48	0.04	0.23	1.01	0.48	0.22	0.06	0.36	0.18	0.49	0.21	0.04	0.16	0.01	0.11	0.05	0.04	0.49	0.12	0.04	0.13	0.06	0.48	0.5	0.5	0.4	0.13	0.37	0.06	0.4	0.15	0.25	0.28	0.03	0.31	0.16	0.91	0.51	0.13	0.03	0.18	0.1	0.18	0.28	0.52	0.18	0.18	0.41	0.41	0.2	0.72	0	0.33	0.07	0.04	0.07	0.05	0.29
0.28	0.33	0.44	1.04	0.54	0.15	0.44	0.53	0.94	0.38	0.22	5.52	0.4	0.5	0.32	0.41	0.36	0.07	0.05	0.41	0.72	0.22	0.18	0.41	0.23	0.41	0.35	0.81	0.42	0.52	0.92	0.52	0.67	0.42	0.32	0.15	0.34	0.46	0.43	0.5	0.36	0.44	0.84	0.34	6.53	0.45	0.45	0.35	0.29	0.22	1.45	0.18	0.33	0.24	0.55	0.23	0.66	0.46	0.46	0.22	0.33	1.05	0.46	0.35	0.57	0.97	0.37	0.23	0.47	0.47	0.74	0.63	0.22	0.03	0.36	0.47	0.47	0.47	0.58	0.57	0.58	0.48	0.35	0.15	0.53	0.48	0.15	0.48	0.23	0.48	0.23	0.03	0.34	0	0.36	0.34	0.49	0.34	0.36
0.83	0.04	0.39	0	0.17	0.24	0.27	0.05	0.05	0.07	0.14	1.83	0.07	0.42	0.4	0.24	0.33	0.42	0.3	0.43	0.4	0.18	0.4	1.35	0.43	0.08	0.25	0.11	0.13	0.08	0.94	0.19	0.32	0.15	0.07	0.44	0.19	0.05	0.44	0.25	0.05	0.15	0.95	0.16	0.66	0.65	0.23	0.32	0.54	0.46	0.05	0.53	0.04	0.18	0.08	0.45	0.56	0.04	0.31	0.13	0.07	0.21	0.02	0.56	0.46	0.47	0.03	0.14	0.31	0.06	0.06	0.31	0.23	0.77	0.06	0.16	0.25	0.2	0.98	0.48	0.07	0.18	0.98	0.21	0.37	0.15	0.22	0.18	0.13	0.05	0.17	0.62	0.07	0.39	0	0.05	0.26	0.05	0.37
0.12	0	0.21	0.83	0.13	0.58	0.11	0.06	0.02	0.02	0.12	3.57	0.05	0.04	0.39	0.32	0.05	0.52	0.23	0.02	0.45	0.15	0.96	0.47	0.15	0	0.03	0.34	0.31	0.05	0.12	0.3	0.03	0.47	0.04	0.4	0.02	0.02	0.11	0.57	0.02	0.17	0.02	0.12	0.71	0.14	0.2	0.03	0.68	0.16	0.03	0.48	0.01	0.16	0.05	0.1	0.02	0.01	0.15	0.11	0.03	0.22	0.03	0.21	0.49	0.49	0.04	0.12	0.05	0.04	0.03	0.51	0.14	0.6	0.03	0.13	0.21	0.17	0.41	0.04	0.04	0.41	0.42	0.26	0.26	0.11	0.51	0.18	0.12	0.03	0.19	0.92	0.42	1.53	0.05	0	0.05	0.02	0.2
0.41	0.04	0.1	0.01	0.91	0.24	0.15	0.05	0.41	0.05	0.15	4.03	0.07	0.08	0.75	0.42	0.82	0.22	0.3	0.92	0.09	0.18	0.42	0.42	0.3	0.42	0.23	0.19	0.28	0.43	0.93	0.2	0.05	0.15	0.07	0.43	0.05	0.74	0.14	0.23	0.94	0.44	0.04	0.15	4.68	0.15	0.55	0.06	0.52	0.4	0.46	0.67	0.04	0.7	0.47	0.14	0.05	0.04	0.48	0.14	0.06	0.25	0.02	0.23	0.18	0.58	0.49	0.16	0.49	0.06	0.05	0.49	0.49	0.49	0.06	0.14	0.23	0.49	0.33	0.07	0.06	0.5	0.08	0.4	0.29	0.14	0.24	0.41	0.27	0.05	0.53	0.35	0.07	0.42	0.01	0.05	0	0.04	1.04
0.15	0.02	0.1	0.42	0.14	0.25	0.62	0.03	0.22	0.93	0.15	5.58	0.46	0.21	0.36	0.22	0.4	0.46	0.23	0.4	0.06	0.22	0.21	0.17	0.16	0.13	0.03	0.05	1.4	0.05	0.47	0.47	0.03	0.38	0.44	0.2	0.02	0.02	0.1	0.56	0.22	0.47	0.01	0.13	1.57	0.16	0.47	0.03	0.33	0.12	0.03	0.47	0.01	0.47	0.05	0.1	0.03	0.12	0.47	0.47	0.04	0.14	0.03	0.47	0.16	0.18	0.04	0.13	0.05	0.04	0.03	0.16	0.14	0.62	0.03	0.13	0.24	0.4	0.58	0.04	0.04	0.16	0.05	0.48	0.58	0.53	0.48	0.16	0.13	0.03	0.25	0.98	0.04	0.34	0.05	0.02	0.04	0	0.48
0.22	0.31	0.42	0.63	0.63	0.45	0.45	0.2	0.22	0.23	0.45	1.82	0.27	0.61	0.92	0.42	0.91	0.52	0.04	0.52	0.72	0.61	0.35	0.22	0.22	0.22	0.46	0.4	0.74	0.28	0.74	0.17	0.55	0.23	0.52	0.77	0.18	0.2	0.47	0.48	0.34	0.98	0.19	0.26	1.7	0.23	0.49	1.49	0.3	0.47	0.58	0.41	0.48	0.32	0.28	0.23	0.2	0.49	0.17	0.23	0.41	0.41	0.2	0.34	0.92	0.2	0.93	0.27	0.44	0.43	0.18	0.22	0.23	0.44	0.19	0.24	0.24	0.95	0.66	0.27	0.56	0.45	0.45	0.15	0.4	0.97	0.16	0.19	0.23	0.47	0.47	0.09	0.27	0.47	0.22	0.19	0.21	0.49	0.02
