0	0.2	0.15	0.48	0.02	0.3	0	0.4	0.44	0.12	0.01	1.28	0.12	0.12	0.25	0.18	0.54	0.47	0.23	0.11	0.19	0.04	0.08	0.1	0.03	0.47	0.47	0.17	0.18	0.47	0.02	0.04	0.12	0.02	0.19	0.47	0.13	0.1	0.01	0.1	0.12	0.98	0.39	0.03	0.88	0.11	0.15	0.47	0.22	0.02	0.48	0.48	0.11	0.39	0.48	0.36	0.14	0.37	0.14	0.02	0.98	0.02	0.13	0.89	0.03	0.07	0.15	0	0.14	0.17	0.14	0.03	0.39	0.49	0.1	0.04	0.49	0.49	0.2	0.12	0.12	0.03	0.49	0.07	0.21	0.26	0.08	0.04	0.02	0.11	0.02	0.19	0.4	0.23	0.16	0.5	0.27	0.23	0.27
0.65	0	0.1	0.44	0.14	0.25	0.12	0.4	0.02	0.02	0.15	1.05	0.04	0.02	0.47	0.37	0.04	0.46	2.2	0.02	0.18	0.92	0.19	0.15	0.13	0	0.03	0.04	0.1	0.05	0.24	0.16	0.02	0.48	0.04	0.19	0.03	0.25	0.47	0.47	0.15	0.12	0.01	0.38	4.65	0.17	0.58	0.48	0.48	0.34	0.23	0.55	0.01	0.7	0.05	0.11	0.48	0.02	0.16	0.11	0.02	0.34	0.03	0.21	0.49	0.49	0.09	0.49	0.04	0.03	0.03	0.99	0.16	0.28	0.02	0.14	0.5	0.33	0.53	0.13	0.04	0.16	0.24	0.43	0.5	0.11	0.2	0.18	0.4	0.02	0.13	0.54	0.04	0.58	0.15	0	0.04	0.02	0.46
0.49	0.4	0	0.23	0.16	0.49	0.14	0.11	0.07	0.1	0.15	0.66	0.32	0.09	0.41	0.22	0.11	0.4	0.29	0.41	0.17	0.24	0.41	0.2	0.38	0.2	0.1	0.42	0.82	0.11	0.48	0.22	0.1	0.42	0.09	0.21	0.08	0.42	0.52	0.19	0.46	0.21	0.09	0.45	0.25	0.28	0.3	0.09	0.36	0.43	0.09	0.22	0.09	0.83	0.42	0.49	0.1	0.09	0.23	0.14	0.43	0.45	0.1	0.3	0.19	0.21	0.93	0.15	0.11	0.45	0.08	0.43	0.22	0.3	0.07	0.43	0.2	0.29	0.64	0.1	0.08	0.23	0.11	0.21	0.56	0.16	0.21	0.46	0.16	0.63	0.17	0.43	0.19	0.94	0.44	0.09	0.1	0.37	0.74
0.15	0.05	0.49	0	0.18	0.49	0.22	0.05	0.9	0.41	0.16	1.37	0.07	0.43	0.66	0.64	0.04	0.44	0.3	0.05	0.1	0.19	0.44	0.18	0.55	0.08	0.29	0.07	0.23	0.08	0.45	0.19	0.05	0.15	0.11	0.21	0.18	0.93	0.46	0.25	0.05	0.47	0.67	0.16	37.4	0.58	0.23	0.33	0.48	0.13	0.19	0.4	0.04	0.36	0.08	0.13	0.05	0.04	0.42	0.49	0.22	0.13	0.02	0.27	0.18	0.19	0.42	0.5	0.03	0.4	0.06	0.17	0.17	0.31	0.51	0.51	0.91	0.19	0.51	0.07	0.07	0.25	0.42	0.22	0.42	0.16	0.21	0.93	0.29	0.05	0.16	1.03	0.07	0.38	0	0.37	0.01	0.05	0.25
0.02	0.14	0.49	0.17	0	0.29	0.33	0.15	0.12	0.13	0.02	1.78	0.48	0.13	0.28	0.13	0.48	0.23	0.22	0.48	0.15	0.22	0.14	0.49	0.01	0.13	0.14	0.16	0.18	0.14	0.1	0.1	0.14	0	0.13	0.06	0.42	0.15	0.04	0.09	0.16	0.08	0.43	0.93	1.03	0.09	0.15	0.74	0.2	0.44	0.12	0.35	0.13	0.95	0.13	0.03	0.96	0.53	0.73	0.11	0.12	0.84	0.14	0.26	0.09	0.06	0.16	0.37	0.17	0.15	0.14	0.02	0.49	0.39	0.14	0.09	0.09	0.05	0.24	0.13	0.12	0.09	0.41	0.06	0.15	0.42	0.06	0.09	0.1	0.12	0.43	0.18	0.13	0.22	0.15	0.43	0.5	0.58	0.47
0.46	0.25	0.65	0.24	0.29	0	0.37	0.26	0.26	0.28	0.31	4.12	0.3	0.26	0.12	0.25	0.24	0.14	0.4	0.26	0.3	0.46	0.27	0.3	0.91	0.26	0.22	0.91	0.47	0.29	0.31	0.25	0.5	0.91	0.29	0.23	0.26	0.5	0.3	0.32	0.26	0.3	0.25	0.56	1.31	0.3	0.42	0.26	0.41	0.29	0.26	0.5	0.25	0.5	0.41	0.31	0.26	0.25	0.91	0.41	0.26	0.55	0.22	0.42	0.41	0.22	0.23	0.38	0.24	0.41	0.26	0.61	0.91	0.41	0.41	0.31	0.32	2.44	0.41	0.53	0.27	0.3	0.41	0.23	0.51	0.31	0.23	0.27	0.51	0.91	0.6	0.12	0.28	0.15	0.41	0.26	0.24	0.28	0.15
0	0.37	0.41	0.43	0.02	0.3	0	0.12	0.12	0.29	0.01	2.83	0.49	0.12	0.25	0.09	0.39	0.6	0.23	0.11	0.4	0.04	0.08	0.03	0.4	0.1	0.14	0.17	0.4	0.13	0.41	0.95	0.14	0.23	0.11	0.07	0.12	0.12	0.4	0.1	0.13	0.03	0.4	0.03	1.5	0.04	0.41	0.14	0.22	0.02	0.34	0.08	0.11	0.54	0.12	0.32	0.25	0.23	0.3	0.41	0.12	0.34	0.14	0.15	0.03	0.41	0.15	0	0.41	0.23	0.13	0.61	0.04	0.4	0.11	0.41	0.1	0.15	0.24	0.12	0.15	0.41	0.13	0.23	0.21	0.03	0.08	0.04	0.26	0.27	0.42	0.19	0.41	1.02	0.52	0.41	0.14	0.4	0.25
0.13	0.79	0.11	0.23	0.48	0.42	0.13	0	0.09	0.01	0.48	2.7	0.05	0.62	0.38	0.21	0.05	0.21	0.49	0.03	0.25	0.4	0.23	0.91	0.41	0.03	0.04	0.02	0.13	0.06	0.41	0.17	0.01	0.42	0.05	0.19	0.03	0.05	0.1	3.45	2.95	2.45	0.02	1.45	0.16	0.14	0.22	0.3	0.45	0.44	0.26	0.67	0.02	0.7	0.27	0.12	0.02	0.03	0.46	0.11	0.04	0.4	0.15	0.48	0.16	0.16	0.49	0.12	0.36	0.02	0.38	0.16	0.41	0.28	0.03	0.31	0.21	0.82	0.62	0.05	0.05	0.16	0.06	0.51	0.28	0.14	0.19	0.52	0.43	0.03	0.14	0.31	0.05	0.51	0.05	0.03	0.05	0.03	0.22
0.48	0.02	0.07	0.3	0.12	0.26	0.1	0.02	0	0.74	0.12	2.75	0.21	0.01	0.36	0.43	0.05	0.38	0.43	0.02	0.06	0.46	0.39	0.12	0.26	0.01	0.08	0.11	1.89	0.1	0.09	0.17	0.03	0.13	0.06	0.17	0.01	0.31	0.1	0.43	0.42	0.11	0.03	0.16	7.86	0.13	0.44	0.7	0.33	0.18	0.08	0.2	0.02	0.47	0.04	0.1	0.44	0.03	0.86	0.11	0.02	0.2	0.03	0.4	0.17	0.44	0.05	0.44	0.05	0.03	0.03	0.44	0.12	0.44	0.02	0.12	0.19	0.44	0.31	0.03	1.11	0.15	0.04	0.2	1.55	0.17	0.17	0.15	0.09	0.23	0.16	0.6	0.15	0.65	0.44	0.02	0.05	0.03	0.53
0.13	0.02	0.1	0.05	0.16	0.34	0.13	0.02	0.02	0	0.14	3.66	0.05	0.03	0.36	0.6	0.05	0.64	0.31	0.03	0.05	1.22	0.31	0.15	0.14	0.03	0.03	0.42	0.47	0.06	0.11	0.17	0.02	0.13	0.87	0.36	0.04	0.03	0.48	0.21	0.05	0.13	0.02	0.15	4.81	0.13	0.49	0.22	0.34	0.11	0.49	0.49	0.03	0.41	0.09	0.12	0	0.13	0.17	0.4	0.23	0.64	0.04	0.22	0.18	0.16	0.17	0.32	0.05	0.02	0.14	0.41	0.19	0.3	0.03	0.19	0.23	0.5	0.59	0.41	0.05	0.52	0.06	0.2	0.28	0.17	0.19	0.52	0.13	0.56	1.13	1.05	0.83	1.23	1.23	1	0.53	0.61	0.33
0.01	0.12	0.15	0.38	0.02	0.31	0.19	0.13	0.1	0.13	0	6.53	0.16	1.51	0.58	0.12	0.2	0.3	0.23	0.13	0.49	0.41	0.07	0.03	0.03	0.49	0.14	0.14	0.18	0.13	0.01	0.03	0.15	0.02	0.11	0.08	0.11	0.11	0.16	0.03	0.15	0.02	0.5	0.4	1.89	0.07	0.15	0.13	0.4	0.02	0.13	0.07	0.18	0.16	0.12	0.02	0.4	0.13	0.43	0.02	0.12	0.27	0.13	0.41	0.16	0.28	0.15	0.01	0.16	0.16	0.42	0.03	0.1	0.19	0.13	0.03	0.03	0.42	0.43	0.11	0.12	0.07	0.15	0.08	0.43	0.45	0.15	0.06	0.02	0.12	0.03	0.59	0.39	0.53	0.16	0.43	0.15	0.53	0.49
4.2	0.46	1.1	4.04	1.44	13.3	0.54	1.63	1.3	1.58	3.79	0	1.29	1.57	1.79	0.16	1.28	2.57	3.5	1.87	0.36	9.93	1.11	11.6	0.56	1.96	8.63	0.47	1.31	13.1	0.23	1.44	1.98	1.48	0.84	2.22	0.34	0.85	13	0.22	0.72	1.45	9.94	0.47	2.18	2.31	5.77	0.36	0.97	2.11	1.23	6.38	0.72	2.07	1.54	1.45	6.12	0.35	1.33	6.28	1.16	3.7	0.55	1.18	0.84	2.07	1.11	13	0.58	1.98	0.64	1.8	1.48	0.89	1.55	0.23	0.87	0.43	0.76	1.17	11.8	0.2	0.68	1.49	5.71	0.24	9.61	1.42	2.32	0.31	2.36	1.25	4.62	1.15	3.85	0.69	0.34	1.2	3.79
0.12	0.04	0.45	0.07	0.16	0.28	0.12	0.05	0.03	0.35	0.12	11	0	0.43	0.39	0.2	0.07	0.2	0.64	0.03	0.1	0.17	0.37	0.14	0.44	0.44	0.06	0.07	0.44	0.44	0.11	0.15	0.05	0.12	0.44	0.19	0.02	0.03	0.11	0.47	0.04	0.11	0.04	0.47	1.42	0.18	0.45	0.06	0.32	0.17	0.03	0.92	0.23	0.17	0.01	0.43	0.42	0.04	0.15	0.11	0.04	0.47	0.06	0.42	0.15	0.17	0.52	0.12	0.07	0.06	0.04	0.13	0.16	0.27	0.03	0.43	0.43	0.17	0.57	0.4	0.03	0.18	0.01	0.18	0.63	0.12	0.18	0.17	0.11	0.03	0.13	0.3	0	0.33	0.07	0.04	0.07	0.04	0.39
0.3	0.02	0.09	0.45	0.11	0.56	0.13	0.03	0.01	0.03	0.46	6.54	0.05	0	0.38	0.43	0.39	0.21	1.09	0.04	0.19	0.48	0.49	0.14	0.41	0.01	0.33	0.05	0.11	0.07	0.11	0.14	0.03	0.11	0.38	0.17	0.03	0.04	0.11	0.49	0.04	0.12	0.04	0.5	1.93	0.57	0.23	0.25	0.33	0.09	0.32	0.4	0.03	1	0.06	0.4	0.03	0.04	0.53	0.1	0.01	0.77	0.35	0.23	0.41	0.41	0.63	0.48	0.15	0.41	0.19	0.38	0.11	0.27	0.4	0.41	0.19	0.3	0.96	0.91	0.41	0.21	0.67	0.18	0.72	0.12	0.2	0.48	0.13	0.01	0.32	0.62	0.06	0.35	0.08	0.04	0.08	0.23	0.4
0.25	0.75	0.37	0.39	0.28	0.46	0.57	0.65	0.46	0.38	0.47	9.75	0.43	0.36	0	0.93	0.43	0.16	0.32	0.38	0.43	0.22	0.17	0.25	0.25	0.53	0.44	0.68	0.76	0.35	0.22	0.19	0.38	0.28	0.59	0.28	0.44	0.66	0.94	0.44	0.38	0.22	0.44	0.54	2.72	0.28	0.74	0.66	0.06	0.24	0.73	0.18	0.41	0.46	0.85	0.45	0.37	0.38	0.18	0.45	0.37	0.75	0.37	0.55	0.45	0.17	0.38	0.25	0.45	0.65	0.55	0.25	0.28	0.45	0.37	0.23	0.27	0.19	0.46	0.66	0.37	0.34	0.75	0.18	0.43	0.61	0.18	0.25	0.96	0.46	0.42	0.22	0.5	0.46	0.4	1.07	0.65	0.36	0.5
0.48	0.37	0.22	0.73	0.13	0.25	0.09	0.6	0.19	0.48	0.1	12.4	0.31	0.2	0.16	0	0.23	0.2	0.42	0.83	0.43	0.08	0.85	0.45	0.43	0.19	0.23	0.23	1.79	0.21	0.07	0.37	0.21	0.45	0.48	0.03	0.22	0.47	0.46	0.11	0.23	0.07	0.21	0.47	0.27	0.63	0.21	0.47	0.47	0.09	0.21	0.03	0.22	0.22	0.43	0.1	0.48	0.51	0.03	0.08	0.2	0.72	0.23	0.21	0.04	0.56	0.99	0.12	0.23	0.3	0.54	0.49	0.18	0.39	0.21	0.49	0.2	0.56	0.15	1.1	0.21	0.25	0.49	0.02	0.56	0.07	0.49	0.06	0.07	0.21	0.09	0.49	0.5	0.17	0.33	0.23	0.23	0.21	0.5
0.14	0.04	0.47	0.04	0.97	0.24	0.15	0.44	0.05	0.05	0.16	5.43	0.07	0.05	0.44	0.26	0	0.24	0.31	0.13	0.08	0.18	0.33	0.19	0.45	0.05	0.11	0.45	0.12	0.08	0.18	0.47	0.45	0.16	0.06	0.28	0.05	0.07	0.13	0.47	0.05	0.75	0.42	0.56	0.52	0.49	0.59	0.06	0.35	0.12	0.42	0.49	0.04	0.23	0.08	0.45	0.05	0.04	0.49	0.14	0.05	0.16	0.43	0.33	0.2	0.18	0.03	0.14	0.72	0.06	0.06	0.18	0.35	0.8	0.4	0.14	0.24	0.7	0.58	0.07	0.33	0.64	0.72	0.21	0.29	0.16	0.22	0.18	0.42	0.59	0.16	0.68	0.07	0.63	0.03	0.08	0.3	0.16	0.23
0.3	1.49	0.47	0.29	0.26	0.14	0.89	0.79	0.23	0.93	0.31	9.94	0.2	0.21	0.16	0.2	0.22	0	0.41	0.49	0.36	0.78	0.22	0.69	0.24	0.21	0.59	0.22	0.37	0.5	0.26	0.4	0.2	0.23	1.55	0.18	0.8	0.9	0.25	0.27	0.19	0.26	0.5	0.31	3.72	0.24	0.36	0.91	0.41	0.49	0.4	0.9	0.18	0.78	0.25	0.29	0.4	0.21	0.63	0.45	0.57	0.31	0.23	0.41	0.42	0.42	0.24	0.29	0.26	0.42	0.22	0.42	0.39	0.09	0.42	0.31	0.63	0.23	0.3	0.73	0.24	0.67	0.43	0.19	0.46	0.44	0.21	0.25	0.28	0.65	0.45	0.09	0.26	0.95	0.26	0.62	0.56	0.19	0.02
0.22	0.46	0.29	0.56	0.22	0.11	0.23	0.32	0.34	0.3	0.3	3.21	0.33	0.66	0.37	0.17	0.31	0.31	0	0.24	0.42	0.21	0.2	0.23	0.23	0.33	0.29	0.33	1.81	0.34	0.23	0.19	0.31	0.34	0.34	0.17	0.25	0.45	0.23	0.62	0.28	0.22	0.43	0.29	0.54	0.22	0.67	0.63	0.32	0.23	1.01	0.44	0.27	0.23	0.34	0.46	0.32	0.54	0.2	0.23	0.34	0.46	0.29	0.35	0.2	1.67	0.3	0.67	0.33	0.32	0.25	0.23	0.22	0.05	0.34	0.23	0.23	0.56	0.25	0.34	0.36	0.21	0.6	0.17	0.41	0.24	0.17	0.2	0.61	0.34	0.45	0.08	0.44	0.05	0.3	0.23	0.29	0.23	0.06
0.38	0.15	0.08	0.32	0.46	0.26	0.36	0.03	0.02	0.03	0.46	7.32	0.5	0.27	0.7	0.6	0.05	0.18	0.24	0.9	0.06	0.17	0.5	0.14	0.28	0.4	0.03	0.4	1.47	0.04	0.21	0.17	0.03	0.4	0.04	0.19	0.01	0.41	0.09	0.61	0.02	0.12	0.41	0.14	2.39	0.16	0.41	0.04	0.33	0.91	0.41	0.19	0.01	0.61	0.04	0.39	0.23	0.02	0.17	0.1	0.41	0.09	0.03	0.19	0.16	0.41	0.04	0.26	0.35	0.04	0.13	0.42	0.57	0.26	0.02	0.33	0.29	0.44	0.82	0.03	0.04	0.17	0.42	0.52	1.08	0.18	0.19	0.42	0.36	0.03	0.13	0.83	0.42	0.43	0.05	0.35	0.43	0.02	0.22
0.27	0.45	0.71	0.92	0.41	0.3	0.16	0.05	0.06	0.36	0.12	0.72	0.08	0.06	0.92	0.42	0.08	0.36	0.37	0.06	0	0.39	0.5	0.15	0.42	0.52	0.06	0.42	0.13	0.09	0.12	0.42	0.42	0.3	0.01	0.18	0.42	0.23	0.11	0.18	0.43	0.63	0.06	0.53	2.29	0.16	0.43	0.32	0.36	0.12	0.39	0.43	0.05	0.63	0.43	0.13	0.05	0.06	0.16	0.35	0.07	0.91	0.45	0.28	0.45	0.55	0.09	0.45	0.09	0.11	0.06	0.16	0.26	0.66	0.06	0.14	0.18	0.29	0.94	0.51	0.37	0.46	0.66	0.2	0.65	0.14	0.48	0.18	0.46	0.07	0.18	0.68	0.47	0.33	0.09	0.06	0.09	0.45	0.77
0.03	0.81	0.18	0.4	0.44	0.3	0.04	0.15	0.15	0.4	0.03	4.36	0.16	0.5	0.22	0.07	0.27	1.68	0.56	0.16	0.19	0.4	0.4	0.06	0.09	0.15	0.17	0.18	1.5	0.16	0.1	0.09	0.21	0.09	0.61	0.07	0.52	0.45	1	0.11	0.37	0.03	0.52	0.06	0.4	0.62	0.17	0.41	0.58	0.03	0.17	0.07	0.32	0.46	0.41	0.41	0.16	0.15	0.04	0.06	0.22	0.25	0.51	0.51	0.04	0.38	0.18	0.27	0.19	0.23	0.49	0.05	0.3	0.21	0.18	0.41	0.03	0.38	0.21	0.5	0.15	0.05	0.4	0.08	0.61	0.4	0.08	0.09	0.04	0.34	0.04	0.19	0.55	0.43	0.17	0.25	0.18	0.28	0.23
0.08	0.2	0.19	0.22	0.14	0.27	0.31	0.41	0.18	0.55	0.07	4.65	0.2	0.18	0.17	0.02	0.45	0.95	0.19	0.24	0.25	0.08	0	0.09	0.37	0.18	0.45	0.23	0.45	0.22	0.66	0.05	0.46	0.13	0.17	0.04	0.21	0.2	0.46	0.06	0.46	0.08	0.21	0.11	0.57	0.17	0.21	0.97	0.18	0.05	0.19	0.01	0.47	0.47	0.21	0.31	0.21	0.47	0.05	0.48	0.48	0.1	0.48	0.21	0.05	0.03	0.48	0.39	0.23	0.48	0.21	0.49	0.47	0.14	0.19	0.26	0.06	0.18	0.16	0.21	0.3	0.23	0.28	0.04	0.27	0.09	0.04	0.2	0.08	0.2	0.4	0.15	0.4	0.9	0.4	0.38	0.41	0.21	0.23
0.03	0.14	0.2	0.16	0.01	0.52	0.03	0.42	0.12	0.24	0.48	1.02	0.52	0.15	0.25	0.37	0.39	0.24	0.52	0.42	0.15	0.08	0.09	0	0.02	0.19	0.15	0.23	0.21	0.15	0.03	0.42	0.42	0.01	0.14	0.2	0.13	0.22	0.03	0.42	0.16	0.04	0.14	0.42	1.17	0.03	0.42	0.4	0.21	0.04	0.46	0.42	0.52	0.11	0.14	0.05	0.42	0.14	0.05	0.5	0.16	0.04	0.3	0.35	0.04	0.43	0.16	0.42	0.16	0.16	0.17	0.01	0.02	0.19	0.35	0.05	0.38	0.46	0.49	0.53	0.83	0.06	0.31	0.39	0.15	0.25	0.09	0.04	0.04	0.43	0.26	0.18	0.14	0.23	0.51	0.44	0.46	0.42	0.44
0.92	0.13	0.18	0.16	0.01	0.33	0.03	0.16	0.14	0.17	0.03	4.43	0.16	0.12	0.25	0.09	1	0.34	3.41	0.57	0.41	0.04	0.4	0.5	0	0.14	0.15	0.17	0.4	0.15	0.4	0.29	0.14	0.01	0.14	0.07	0.14	0.4	0.03	0.09	0.17	0.04	0.5	0.29	0.73	0.01	0.14	0.41	0.21	0.04	0.29	0.41	0.13	0.23	0.41	0.03	0.15	0.14	0.42	0.42	0.16	0.42	0.17	0.42	0.42	0.06	0.5	0.42	0.28	0.43	0.16	0.03	0.08	0.19	0.43	0.05	0.09	0.06	0.19	0.14	0.43	0.04	0.18	0.07	0.2	0.05	0.07	0.44	0.04	0.13	0.02	0.44	0.44	0.23	0.18	0.23	0.44	0.22	0.52
0.47	0.01	0.06	0.4	0.13	0.47	0.43	0.08	0.01	0.03	0.48	3.82	0.61	0.01	0.7	0.22	0.51	0.58	0.34	0.41	0.05	0.46	0.18	0.51	0.41	0	0.04	0.05	0.41	0.06	0.3	0.15	0.41	0.11	0.18	0.41	0.03	0.04	0.1	0.22	0.04	0.14	0.03	0.14	3.69	0.47	0.22	0.03	0.31	0.09	0.03	0.49	0.03	0.49	0.05	0.1	0.43	0.03	0.15	0.43	0.02	0.43	0.33	0.22	0.15	0.48	0.05	0.43	0.43	0.04	0.05	0.43	0.43	0.28	0.11	0.15	0.2	0.22	0.38	0.12	0.43	0.17	0.05	0.2	0.43	0.13	0.53	0.43	0.39	0.22	0.43	0.3	0.05	0.53	0.08	0.39	0.08	0	0.21
0.14	0.03	0.21	0.02	0.14	0.22	0.14	0.36	0.42	0.42	0.14	10.4	0.06	0.03	0.53	0.24	0.45	0.36	0.29	0.03	0.06	0.16	0.3	0.15	0.15	1.05	0	0.06	1.31	0.07	0.13	0.45	0.04	0.14	0.05	0.19	0.42	0.96	0.46	0.27	0.03	0.14	0.82	0.2	0.91	0.3	0.22	0.19	0.35	0.46	0.08	0.47	0.02	0.55	0.06	0.36	0.47	0.1	0.18	0.13	0.04	0.5	0	0.22	0.47	0.16	0.02	0.13	0.04	0.05	0.04	0.16	0.58	0.3	0.15	0.15	0.22	0.48	0.31	0.06	0.05	0.19	0.22	0.48	0.28	0.47	0.21	0.23	0.32	0.04	0.17	0.68	0.06	0.36	0.02	0.03	0.04	0.03	0.43
0.15	0.49	0.12	0.34	0.15	0.28	0.15	0.02	0.04	0.02	1	3.93	0.42	0.05	0.41	0.24	0.07	0.24	2.83	0.33	0.08	0.4	0.43	0.16	0.16	0.05	0.05	0.02	0.9	0.4	0.47	0.46	0.02	0.16	0.92	0.21	0.05	0.05	0.13	0.24	0.44	0.51	0.05	0.25	4.28	0.35	0.51	0.03	0.36	0.13	0.05	0.22	0.04	0.56	0.33	0.14	0.41	0.05	0.18	0.13	0.05	0.91	0.51	0.52	0.52	0.18	0.06	0.15	0.42	0.03	0.06	0.38	0.72	0.42	0.06	0.21	0.24	0.89	1.53	0.23	0.07	0.43	0.08	0.27	0.41	0.15	0.44	0.63	0.13	0.78	0.16	0.33	0.44	0.75	0.07	0.55	0.11	0.05	0.22
2.41	1.91	1.41	0.91	0.41	0.31	0.25	0.1	0.28	0.19	0.45	4.46	0.15	0.8	2.46	1.96	1.45	0.37	0.45	0.09	0.16	0.2	0.65	2.05	1.56	1.03	0.55	0.12	0	0.13	0.45	0.23	0.95	2.05	0.39	1.36	0.86	0.45	0.16	0.49	1.24	0.17	0.1	1.8	5.53	0.17	0.64	0.52	0.48	0.46	0.1	0.22	0.09	0.42	0.14	0.19	0.1	0.09	0.21	0.16	0.11	0.44	0.16	0.56	0.96	0.56	0.27	0.17	0.13	0.11	0.11	0.19	0.2	0.35	0.27	0.38	0.23	0.23	0.39	0.13	0.13	0.22	0.13	0.25	0.3	0.18	0.47	0.2	0.17	0.09	0.19	0.64	0.13	0.38	0.47	0.15	0.13	0.11	1.29
0.13	0.05	0.24	0.08	0.46	0.29	0.12	0.06	0.05	0.96	0.12	2.33	0.18	0.06	0.35	0.98	0.2	0.21	0.35	0.04	0.17	0.36	0.49	0.45	0.15	0.06	0.07	0.35	0.13	0	1.02	0.16	0.06	0.14	0.09	0.19	0.03	0.34	0.12	0.16	0.05	0.13	0.05	0.12	0.29	0.46	0.23	0.4	0.5	0.18	0.9	0.4	0.05	0.55	0.02	0.5	0.06	0.05	0.17	0.16	0.1	0.41	0.07	0.51	0.15	0.19	0.08	0.41	0.08	0.21	0.45	0.41	0.26	0.29	0.04	0.14	0.16	0.2	0.41	0.01	0.04	0.15	0.31	0.42	0.82	0.15	0.5	0.19	0.42	0.05	0.14	0.92	0.01	0.35	0.08	0.05	0.42	0.05	0.31
0.41	0.41	0.14	0.14	0.42	0.65	0.02	0.3	0.13	0.44	0.01	2.45	0.11	0.51	0.22	0.44	0.31	0.61	0.49	0.44	0.16	0.22	0.08	0.04	0.04	0.11	0.13	0.13	0.17	0.12	0	0.87	0.48	0.48	0.38	0.08	0.1	0.38	0.01	0.04	0.11	0.03	0.9	0.04	1.96	0.43	0.15	0.37	0.23	0.01	0.31	0.08	0.09	0.14	0.43	0.13	0.11	0.47	0.39	0.01	0.11	0.94	0.43	0.15	0.11	0.07	0.14	0.02	0.13	0.13	0.36	0.27	0.09	0.18	0.1	0.03	0.04	0.44	0.84	0.11	0.11	0.44	0.12	0.42	0.21	0.28	0.09	0.44	0	0.09	0.03	0.19	0.64	0.44	0.13	0.44	0.13	0.51	0.26
0.04	0.16	0.49	0.5	0.1	0.25	0.04	0.18	0.15	0.16	0.03	4.53	0.15	0.46	0.29	0.66	0.18	0.2	0.56	0.16	0.44	0.04	0.05	0.05	0.05	0.14	0.47	0.18	0.22	0.16	0.04	0	0.16	0.47	0.15	0.03	0.47	0.48	0.09	0.04	0.24	0.07	0.53	0.12	0.44	0.12	0.48	0.25	0.17	0.12	0.29	0.04	0.16	0.19	0.16	0.05	0.41	0.15	0	0.05	0.14	0.41	0.16	0.17	0.04	0.08	0.49	0.49	0.21	0.17	0.21	0.05	1	0.13	0.16	0.08	0.04	0.03	0.17	0.16	0.4	0.19	0.41	0.26	0.36	0.08	0.03	0.42	0.05	0.34	0.15	0.41	0.41	0.51	0.18	0.15	0.19	0.49	0.41
0.15	0.34	0.11	0.05	0.15	0.44	0.13	0.01	0.02	0.01	0.15	2.44	0.05	0.03	0.53	0.21	0.05	0.41	0.31	0.43	0.15	0.84	0.2	0.16	0.45	0.03	0.04	0.02	0.44	0.06	0.12	0.17	0	0.13	0.05	0.2	0.03	0.65	0.1	0.44	0.03	0.13	0.09	0.15	3.9	0.44	0.74	0.01	0.64	0.11	0.49	0.19	0.02	0.4	0.06	0.54	0.19	0.03	0.16	0.12	0.2	0.62	0.04	0.71	0.16	0.42	0.05	0.14	0.05	0.01	0.04	0.15	0.55	0.29	0.55	0.56	0.24	0.46	0.73	0.05	0.05	0.19	0.21	0.41	0.57	0.14	0.21	0.16	0.14	0.03	0.15	0.32	0.47	0.48	0.05	0.25	0.06	0.03	0.2
0.02	0.47	0.15	0.49	0.06	0.29	0.02	0.52	0.99	0.13	0.02	3.34	0.74	0.13	0.43	0.14	0.43	0.49	0.43	0.15	0.13	0.11	0.13	0.01	0.01	0.14	0.44	0.94	0.21	0.17	0.09	0.38	0.28	0	0.12	0.35	0.82	1.04	0.05	0.37	0.15	0.09	0.15	0.04	0.53	0.26	0.13	0.54	0.44	0.02	0.12	0.13	0.34	0.44	0.13	0.39	0.44	0.44	0.84	0.06	0.12	1.04	0.14	0.44	0.06	0.06	0.44	0.19	0.16	0.44	0.13	0.01	0	0.18	0.12	0.44	0.09	0.05	0.54	0.13	0.44	0.08	0.13	0.32	0.19	0.22	0.44	0.03	0.22	0.12	0.01	0.48	0.44	0.21	0.15	0.13	0.16	0.32	0.25
0.14	0.39	0.26	0.08	0.13	0.47	0.1	0.45	0.09	0.98	0.47	4.77	0.07	0.04	0.35	0.19	0.06	0.46	0.34	0.19	0.01	0.56	0.17	0.14	0.42	0.04	0.86	0.05	0.12	0.13	0.11	0.16	0.05	0.12	0	0.17	0.04	0.04	0.46	0.16	0.04	0.13	0.03	0.13	0.45	0.14	0.26	0.45	0.33	0.45	0.04	0.45	0.03	0.52	0.08	0.13	0.05	0.11	0.14	0.26	0.05	0.53	0.45	0.26	0.54	0.19	0.45	0.11	0.06	0.06	0.04	0.46	0.21	0.29	0.05	0.55	0.17	0.18	0.95	0.13	0.45	0.15	0.08	0.18	0.33	0.22	0.17	0.15	0.44	0.06	0.15	0.61	0.07	0.32	0.44	0.44	0.07	0.05	1.04
0.07	0.98	0.21	0.45	0.69	0.99	0.07	0.19	0.35	0.33	0.08	8.19	0.18	0.47	0.32	0.02	0.21	0.18	0.17	0.46	0.57	0.08	0.38	0.09	0.07	0.19	0.21	0.22	0.47	0.44	0.2	0.03	0.19	0.31	0.57	0	0.18	0.19	0.47	0.09	0.21	0.25	0.18	0.15	0.48	0.09	0.19	0.21	0.48	0.07	0.23	0.04	1.59	0.69	0.19	0.08	0.2	0.2	0.03	0.09	0.49	0.94	0.21	0.45	0.05	0.01	0.21	0.07	0.24	0.2	0.19	0.49	0.49	0.1	0.37	0.49	0.09	0.01	0.36	0.26	0.2	0.07	0.49	0	0.39	0.1	0.01	0.32	0.4	0.19	0.08	0.12	0.19	0.4	0.23	0.33	0.23	0.19	1.91
0.28	0.75	0.44	0.05	0.13	0.26	0.11	0.28	0.01	0.03	0.11	0.8	0.02	0.03	0.35	0.32	0.06	0.18	0.24	0.01	0.06	0.15	0.18	0.26	0.38	0.03	0.03	0.45	0.46	0.03	0.11	0.17	0.04	0.45	0.04	0.45	0	0.02	0.45	0.21	0.34	0.09	0.95	0.45	3.23	0.13	0.7	0.04	0.32	0.09	0.03	0.43	0.01	0.75	0.03	0.09	0.03	0.01	0.16	0.45	0.02	0.32	0.32	0.19	0.51	0.14	0.91	0.37	0.05	0.04	0.35	0.13	0.21	0.45	0.01	0.11	0.2	0.29	0.32	0.29	0.37	0.29	0.03	0.17	0.25	0.45	0.18	0.45	0.1	0.02	0.15	0.49	0.03	0.5	0.94	0.02	0.05	0.02	0.56
0.95	0.45	0.45	0.05	0.14	0.25	0.11	0.03	0.3	0.45	0.4	4.64	0.03	0.43	0.43	0.43	0.43	0.46	0.43	0.43	0.43	0.17	0.19	0.44	0.44	0.04	0.03	0.05	0.44	0.04	0.11	0.45	0.03	0.14	0.04	0.55	0.01	0	0.65	0.46	0.02	0.44	0.02	0.46	0.66	0.46	0.46	0.03	0.57	0.08	0.01	0.47	0.01	0.16	0.04	0.09	0.03	0.01	0.16	0.47	0.03	0.09	0.03	0.97	0.15	0.47	0.04	0.1	0.05	0.04	0.01	0.47	0.15	0.49	0.02	0.1	0.23	0.98	0.48	0.08	0.04	0.68	0.04	0.48	0.89	0.98	0.59	0.16	0.48	0.02	0.16	0.49	0.03	0.59	0.04	0.02	1.2	0.41	0.18
0.75	0.11	0.14	0.25	0.04	0.45	0.01	0.19	0.1	0.45	0.01	1.37	0.38	0.1	0.47	0.09	0.46	0.67	1.92	0.09	0.47	0.04	0.4	0.03	0.03	0.1	0.13	0.43	0.17	0.12	0.22	0.05	0.47	0.02	0.51	0.08	0.09	0.09	0	0.47	0.47	0.47	0.21	0.3	0.75	0.12	0.15	0.18	0.98	0.1	0.14	0.09	0.09	0.47	0.11	0	0.11	0.09	0.05	0	0.09	0.01	0.14	0.15	0.08	0.07	0.12	0.01	0.13	0.13	0.09	0.33	0.58	0.18	0.09	0.04	0.05	0.08	0.2	0.1	0.1	0.48	0.19	0.08	0.17	0.03	0.08	0.05	0.01	0.13	0.03	0.18	0.4	0.54	0.2	0.09	0.13	0.47	0.26
0.1	0.2	0.46	0.25	0.1	0.32	0.47	0.62	0.21	0.95	0.03	0.65	0.7	0.19	0.27	0.12	0.26	0.6	0.24	0.21	0.26	0.03	0.41	0.09	0.09	0.22	0.23	0.23	1.19	0.5	0.04	0.04	0.23	0.44	0.16	0.09	0.21	0.54	0.08	0	0.24	0.03	0.21	0.13	0.82	0.37	0.45	0.23	0.45	0.04	0.31	0.05	0.22	0.27	0.16	0.37	0.22	0.51	0.04	0.04	0.23	0.05	0.22	0.46	0.01	0.38	0.24	0.1	0.23	0.24	0.48	0.1	0.82	0.44	0.21	0.03	0	0.16	0.22	0.15	0.49	0.1	0.4	0.18	0.23	0.04	0.09	0.06	0.04	0.2	0.09	0.48	0.51	0.22	0.25	0.33	0.23	0.21	0.42
0.46	0.4	0.09	0.05	0.15	0.26	0.12	0.03	0.03	0.03	0.14	0.86	0.04	0.04	0.37	0.21	0.17	0.54	0.28	0.02	0.12	0.26	1.07	0.41	0.44	0.04	0.03	0.05	0.1	0.06	0.48	0.3	0.03	0.13	0.04	0.22	0.08	0.4	0.48	0.22	0	0.11	0.01	0.47	2.38	0.13	0.2	0.04	0.33	0.1	0.02	0.18	0.01	0.38	0.05	0.1	0.03	0.01	0.19	0.47	0.04	0.39	0.03	0.48	0.16	0.16	0.04	0.14	0.05	0.04	0.03	0.17	0.58	0.48	0.03	0.12	0.21	0.45	0.51	0.05	0.05	0.27	0.28	0.2	0.27	0.15	0.21	0.17	0.11	0.03	0.15	0.32	0.04	0.49	0.05	0.3	0.4	0.36	0.57
0.04	0.11	0.15	0.14	0.09	0.48	0.03	0.39	0.31	0.12	0.13	1.65	0.12	0.12	0.22	0.06	0.15	0.44	0.22	0.12	0.15	0.4	0.3	0.05	0.04	0.12	0.13	0.44	0.56	0.42	0.04	0.08	0.13	0.08	0.13	0.48	0.12	0.48	0.03	0.03	0.12	0	0.12	0.4	2.14	0.1	0.46	0.19	0.23	0.02	0.12	0.14	0.41	0.44	0.92	0.32	0.14	0.62	0.08	0.42	0.12	0.55	0.14	0.21	0.02	0.43	0.15	0.17	0.44	0.14	0.12	0.04	0.16	0.19	0.11	0.01	0.14	0.46	0.21	0.12	0.12	0.06	0.13	0.09	0.2	0.01	0.09	0.08	0.04	0.48	0.05	0.19	0.12	0.22	0.14	0.11	0.41	0.12	0.45
0.12	0.29	0.09	0.43	0.14	0.25	0.12	0.4	0.41	0.4	0.12	3.01	0.04	0.04	0.36	0.47	0.04	0.19	0.23	0.06	0.06	0.16	0.57	0.14	0.47	0.03	0.03	0.04	0.3	0.05	0.1	0.55	0.24	0.15	0.03	0.18	0.02	0.26	0.47	0.23	0.01	0.12	0	0.12	1.22	0.19	0.2	0.03	0.33	0.1	0.57	0.57	0	0.55	0.39	0.11	0.02	0.01	0.17	0.47	0.22	0.35	0.35	0.58	0.14	0.17	0.94	0.14	0.05	0.03	0.03	0.14	0.13	0.29	0.12	0.48	0.22	0.2	0.32	0.83	0.04	0.47	0.38	0.2	0.27	0.48	0.19	0.18	0.13	0.03	0.48	0.31	0.04	0.72	0.04	0.02	0.04	0.01	0.6
0.45	0.2	0.22	0.15	0.45	0.45	0.03	0.17	0.14	0.14	0.03	2.57	0.41	0.13	0.28	0.24	0.66	0.76	0.27	0.18	0.46	0.52	0.36	0.09	0.1	0.54	0.56	0.46	0.16	0.56	0.01	0.46	0.53	0.27	0.12	0.1	0.11	0.46	0.02	0.34	0.46	0.4	0.15	0	1.22	0.59	0.24	0.23	0.42	0.08	0.46	0.1	0.13	0.36	0.11	0.47	0.14	0.36	0.14	0.01	0.47	1.57	0.18	0.28	0.11	0.11	0.2	0.07	0.18	0.18	0.68	0.05	0.5	0.48	0.48	0.04	0.12	0.09	0.22	0.1	0.14	0.05	0.35	0.12	0.49	0.24	0.1	0.79	0.01	0.49	0.07	0.26	0.4	0.29	0.93	0.41	0.22	0.14	0.25
0.05	0.98	1.05	1.56	0.49	1.58	2.5	0.42	0.6	0.69	1.57	3.6	0.46	0.43	0.51	0.5	0.49	0.43	0.43	0.49	0.17	0.05	0.44	0.92	0.42	0.5	0.96	0.55	3.79	1	2.7	1.03	0.5	0.95	0.14	0.44	0.16	0.43	0.06	0.44	1.96	49.8	46.5	17.1	22.1	13.5	1.52	9.1	5	2.53	1.47	0.28	0.52	0.46	1	0.06	0.94	0.4	0.96	0.47	0.48	0.47	0.17	0.32	0.95	0.41	0.19	0.42	0.2	0.5	1.53	0.07	1.98	0.46	0.42	1.02	0.42	0.42	1.45	0.16	0.58	0.41	0.53	1.44	1.06	1.49	0.49	0.43	2.59	0.42	0.03	1	0.41	0.65	3	0.6	0.18	1.52	2.06
0.44	0.41	0.16	0.45	0	0.75	0.16	0.16	0.51	0.55	0.17	4.1	0.57	0.98	0.97	0.13	0.38	0.23	0.4	0.14	0.34	0.24	0.13	0.15	0.22	1.1	0.16	0.18	1.04	0.4	0.69	0.11	0.13	0.91	0.14	0.06	0.7	0.35	0.1	0.71	0.16	0.09	0.14	0.5	3.01	0	0.35	0.59	0.51	0.12	0.19	0.74	0.2	0.31	0.15	0.03	0.14	1.05	0.58	0.1	0.35	0.04	0.53	0.48	0.48	0.48	0.58	0.03	0.15	0.38	0.15	0.3	0	0.58	0.12	0.62	0.09	0.48	0.48	0.13	0.51	0.29	0.68	0.07	0.15	0.33	0.3	0.1	0.09	0.8	0.55	0.19	0.99	0.23	0.16	0.32	0.28	0.14	0.49
0.46	0.31	0.47	0.23	0.33	0.72	0.15	0.22	0.48	0.48	0.15	4.48	0.47	0.23	0.36	0.21	0.23	0.36	0.58	0.47	0.46	0.16	0.5	0.15	0.14	0.48	0.59	0.62	2.05	0.23	0.15	0.48	0.22	0.48	0.5	0.19	0.19	0.48	0.49	0.49	0.2	0.49	0.2	0.17	1.93	0.57	0	0.69	0.49	0.18	0.69	0.2	0.19	0.45	0.41	0.15	0.49	0.2	0.48	0.16	0.21	0.49	0.46	0.01	1	0.5	0.45	0.9	0.4	0.22	0.2	0.5	0.23	0.36	0.25	0.22	0.41	0.4	0.61	0.76	0.23	0.21	0.61	0.41	1.01	0.51	0.41	0.32	0.16	0.21	0.15	0.54	0.22	0.57	0.42	0.21	0.61	0.54	0.78
0.14	0.49	0.09	0.33	0.14	0.26	0.14	0.4	0.02	0.01	0.16	2.67	0.05	0.03	0.37	0.23	0.42	0.87	2.72	0.04	0.06	0.51	0.66	0.56	0.46	0.03	0.04	0.41	0.47	0.06	0.13	0.47	0.01	0.15	0.05	0.48	0.04	0.04	0.38	0.23	0.23	0.13	0.04	0.15	1.73	1.1	0.6	0	0.35	0.12	0.49	0.21	0.03	0.49	0.6	0.39	0.01	0.4	0.18	0.13	0.04	0.4	0.41	0.22	0.15	0.16	0.05	0.14	0.06	0.4	0.42	0.18	0.24	0.29	0.15	0.42	0.55	0.54	1.03	1.53	0.63	0.47	0.45	0.63	1.04	0.13	0.21	0.16	0.44	0.03	0.16	0.54	0.85	0.64	0.06	0.03	0.05	0.08	0.45
0.22	0.33	0.41	0.35	0.2	0.37	0.41	0.44	0.31	0.35	0.53	1.46	0.32	0.93	0.43	0.17	0.37	0.44	0.32	0.36	1.04	0.22	0.37	0.21	0.22	0.43	0.35	0.36	0.85	0.44	0.22	0.17	0.34	0.39	0.95	0.15	0.33	0.34	0.22	0.54	0.56	0.54	0.33	0.25	0.46	0.44	0.51	0.34	0	0.54	0.71	0.29	0.32	0.82	0.33	0.22	0.54	0.94	0.55	0.23	0.68	0.23	0.73	0.33	0.19	0.44	0.35	0.33	0.37	0.71	0.35	0.45	0.34	0.25	0.32	0.24	0.24	0.41	0.49	0.58	0.37	0.39	0.34	0.14	0.39	0.24	0.15	0.49	0.23	0.33	0.59	0.53	0.33	0.41	0.38	0.93	0.36	0.47	0.32
0.02	0.45	0.14	0.25	0.04	0.45	0.02	0.3	0.58	0.11	0.5	7.6	0.55	0.21	0.24	0.09	0.3	0.24	2.41	0.08	0.12	0.03	0.48	0.13	0.04	0.24	0.1	0.12	0.17	0.78	0.01	0.05	0.11	0.17	0.67	0.07	0.09	0.08	0.18	0.4	0.29	0.01	0.1	0.02	1	0.29	0.49	0.12	0.22	0	0.49	0.07	0.09	0.22	0.19	0.01	0.5	0.28	0.05	0.22	0.5	0.39	0.1	0.15	0.04	0.4	0.12	0.4	0.13	0.27	0.4	0.04	0.5	0.2	0.4	0.32	0.04	0.08	0.21	0.18	0.41	0.41	0.19	0.07	0.14	0.01	0.41	0.08	0	0.18	0.41	0.54	0.18	0.54	1.12	0.38	0.12	0.12	0.22
0.27	0.02	0.44	0.44	0.42	0.93	0.11	0.04	0.02	0.43	0.11	1.38	0.03	0.43	0.41	0.41	0.05	0.43	0.41	0.01	0.06	0.14	0.41	0.15	0.13	0.43	0.4	0.05	0.5	0.04	0.09	0.16	0.04	0.48	0.12	0.37	0.01	0.02	0.47	0.64	0.02	0.46	0.02	0.12	4.98	0.13	0.49	0.04	0.75	0.45	0.43	0.44	0.01	0.42	0.03	0.38	0.41	0.02	0.55	0.41	0.02	0.5	0.04	0.49	0.48	0.14	0.67	0.59	0.05	0.04	0.02	0.15	0.47	0.46	0.05	0.1	0.43	0.39	0.44	0.1	0.42	0.17	0.42	0.21	0.42	0.19	0.18	0.41	0.52	0.41	0.41	1.01	0.03	0.6	0.05	0.11	0.36	0.13	0.49
0.08	0.2	0.22	0.28	0.24	0.25	0.4	0.21	0.21	0.49	0.07	8.53	0.22	0.19	0.18	0.6	0.21	0.5	0.17	0.18	0.4	0.07	0.07	0.4	0.09	0.17	0.2	0.5	0.23	0.47	0.41	0.03	0.19	0.13	0.49	0.41	0.26	0.22	0.09	0.41	0.2	0.09	0.2	0.15	0.52	0.4	0.21	0.22	0.72	0.07	0.2	0	0.17	0.34	0.21	0.08	0.19	0.19	0.42	0.09	0.18	0.1	0.2	0.2	0.05	0.03	0.21	0.43	0.56	0.23	0.19	0.41	0.24	0.14	0.2	0.09	0.05	0.08	0.42	0.57	0.19	0.39	0.22	0.04	0.65	0.09	0.04	0.09	0.08	0.21	0.44	0.15	0.21	0.39	0.23	0.41	0.33	0.22	0.44
0.44	0.01	0.09	0.73	0.14	0.42	0.48	0.02	0.02	0.04	0.36	1.09	0.03	0.03	0.41	0.25	0.2	0.49	0.27	0.17	0.05	0.16	0.2	0.15	0.15	0.03	0.02	0.04	0.09	0.04	0.21	0.16	0.02	0.12	0.03	0.43	0.01	0.44	0.1	0.2	0.2	0.13	0	0.49	3.72	0.55	0.2	0.03	0.34	0.09	0.01	0.7	0	0.74	0.04	0.11	0.02	0	0.58	0.11	0.03	0.3	0.02	0.2	0.14	0.22	0.03	0.45	0.4	0.07	0.3	0.15	0.4	0.55	0.02	0.1	0.51	0.18	0.32	0.04	0.61	0.27	0.41	0.44	0.26	0.11	0.2	0.24	0.11	0.02	0.51	0.31	0.04	0.6	0.04	0.05	0.17	0.01	0.42
0.14	0.22	0.23	0.45	0.42	0.37	0.48	0.21	0.25	0.22	0.43	9.08	0.38	0.41	0.76	0.49	0.42	0.71	0.61	0.26	0.41	0.25	0.32	0.22	0.09	0.72	0.19	0.27	0.21	0.44	0.53	0.33	0.45	0.08	0.17	0.39	0.77	0.88	0.07	0.47	0.47	0.08	0.37	0.26	2.97	0.2	0.46	0.77	0.6	0.23	0.99	0.48	0.57	0	0.5	0.34	0.36	0.21	0.9	0.3	0.34	0.46	0.73	0.32	0.92	0.66	0.62	0.14	0.32	0.18	0.42	1	0.41	0.47	0.18	0.12	0.47	0.71	0.54	0.74	0.43	0.24	0.29	0.48	0.21	0.19	0.29	0.14	0.4	0.36	0.48	0.3	0.8	0.25	0.41	0.4	0.2	1.02	1.01
0.44	0.54	0.33	0.25	0.13	0.44	0.12	0.06	0.04	0.06	0.12	0.97	0.01	0.06	0.87	0.46	0.08	0.23	0.34	0.04	0.09	0.41	0.58	0.14	0.58	0.05	0.06	0.13	0.33	0	0.12	0.16	0.06	0.48	0.42	0.19	0.03	0.17	0.12	0.37	0.05	0.13	0.4	0.11	0.82	0.48	0.22	0.06	0.34	0.57	0.03	0.21	0.04	0.24	0	0.98	0.06	0.05	0.19	0.12	0.99	0.48	0.06	0.22	0.15	0.18	0.08	0.12	0.08	0.38	0.4	0.27	0.41	0.28	0.04	0.4	0.16	0.41	0.31	0.41	0.03	0.43	0	0.26	0.41	0.51	0.19	0.18	0.12	0.41	0.14	0.47	0.41	0.34	0.08	0.41	0.07	0.05	0.27
0.2	0.11	0.15	0.72	0.02	0.36	0.62	0.45	0.09	0.16	0.01	1.1	0.11	0.4	0.26	0.1	0.15	0.29	0.24	0.41	0.13	0.05	0.71	0.03	0.41	0.1	0.41	0.14	0.19	0.12	0.01	0.05	0.4	0.41	0.64	0.08	0.41	0.48	0	0.38	0.12	0.04	0.42	0.26	2.43	0.42	0.15	0.52	0.22	0.01	0.1	0.08	0.43	0.27	0.11	0	0.53	0.44	0.44	0.01	0.44	0.86	0.12	0.15	0.05	0.17	0.14	0.44	0.45	0.44	0.43	0.04	0.43	0.18	0.5	0.03	0.05	0.66	0.2	0.11	0.46	0.12	0.12	0.46	0.21	0.04	0.08	0.37	0.01	0.47	0.12	0.47	0.11	0.23	0.14	0.47	0.13	0.33	0.47
0.2	0.02	0.1	0.51	0.13	0.26	0.48	0.98	0.14	0.01	0.12	4.9	0.12	0.03	0.39	0.49	0.45	0.92	0.92	0.43	0.05	0.41	0.21	0.15	0.39	0.03	0.42	0.23	0.36	0.33	0.42	0.43	0.01	0.63	0.05	0.19	0.43	0.83	0.49	0.21	0.43	0.13	0.03	0.14	0.48	1.13	0.22	0.31	0.34	0.11	0.19	0.2	0.02	0.21	0.06	0.43	0	0.03	0.17	0.13	0.03	0.93	0.42	0.43	0.17	0.16	0.04	0.13	0.05	0.02	0.44	0.37	0.13	0.28	0.19	0.44	0.21	0.31	0.95	0.05	0.44	0.3	0.15	0.54	0.59	0.12	0.2	0.16	0.12	0.03	0.14	0.3	0.05	1.35	0.44	0.02	0.29	0.03	0.29
0.49	0.02	0.09	0.49	0.45	0.25	0.11	0.11	0.03	0.03	0.27	6.62	0.04	0.04	0.8	0.22	0.14	0.19	0.4	0.02	0.06	0.15	0.19	0.15	0.14	0.03	0.03	0.05	0.4	0.05	0.1	0.33	0.03	0.13	0.04	0.2	0.25	0.13	0.1	0.24	0.01	0.11	0.41	0.21	0.22	0.45	0.2	0.03	0.33	0.41	0.11	0.18	0.56	0.35	0.44	0.3	0.03	0	0.41	0.12	0.03	0.82	0.03	0.41	0.17	1.13	0.04	0.11	0.04	0.41	0.41	0.14	0.14	0.27	0.07	0.12	0.22	0.41	0.32	0.04	0.42	0.17	0.05	0.2	0.28	0.14	0.19	0.17	0.54	0.03	0.3	0.31	0.05	0.34	0.04	0.13	0.04	0.01	0.34
0.04	0.29	0.23	0.45	0.1	0.25	0.04	0.16	0.14	0.16	0.19	0.47	0.52	0.47	0.18	0.03	0.19	0.2	0.58	0.15	0.48	0.04	0.05	0.05	0.48	0.25	0.16	0.19	0.5	0.56	0.05	0	0.34	0.09	0.15	0.03	0.14	0.16	1.19	0.04	0.28	0.08	0.18	0.2	0.45	0.9	0.17	0.16	0.49	0.05	0.37	0.59	0.15	0.7	0.16	0.4	0.16	0.17	0	0.05	0.16	0.4	0.16	0.17	0.04	0.02	0.31	0.4	0.18	1	0.16	0.05	0.1	0.4	0.15	0.4	0.4	1.09	0.17	1.51	0.17	0.4	0.81	0.03	0.23	0.41	0.03	0.39	0.41	0.14	0.05	0.41	0.41	0.18	0.18	0.41	0.61	0.89	0.47
0.02	0.42	0.47	0.39	0.1	0.32	0.33	0.12	0.48	0.11	0.02	1.28	0.4	0.1	0.42	0.3	0.16	0.26	0.23	0.5	0.11	0.12	0.39	0.44	0.04	0.1	0.49	0.42	0.61	0.13	0	0.49	0.12	0.41	0.12	0.09	0.4	0.31	0.17	0.05	0.11	0.04	0.13	0.01	1.42	0.37	0.42	0.13	0.62	0.01	0.08	0.09	0.1	0.56	0.12	0.01	0.13	0.43	0.05	0.01	0.1	0.3	0.13	0.43	0.18	0.07	0.43	0.02	0.14	0.13	0.11	0.34	0.38	0.19	0.12	0.04	0.43	0.07	0.61	0.12	0.43	0.06	0.19	0.09	0.84	0.44	0.09	0.08	0.44	0.1	0.04	0.2	0.12	0.77	0.14	0.1	0.14	0.11	0.26
0.1	0.13	0.09	0.07	0.12	0.26	0.1	0.03	0.02	0.03	0.12	2.65	0.1	0.01	0.37	0.23	0.05	0.27	0.34	0.03	0.24	0.16	0.71	0.22	0.13	0.02	0.38	0.05	0.1	0.42	0.12	0.15	0.27	0.12	0.05	0.18	0.11	0.31	0.44	0.44	0.21	0.14	0.04	0.16	5.25	0.13	0.28	0.44	0.37	0.44	0.02	0.18	0.03	0.17	0.44	0.17	0.03	0.2	0.27	0.1	0	0.11	0.04	0.21	0.15	0.16	0.05	0.48	0.06	0.04	0.04	0.13	0.13	0.28	0.01	0.11	0.21	0.29	0.3	0.04	0.12	0.15	0.31	0.19	0.27	0.11	0.48	0.4	0.1	0.24	0.27	0.29	0.04	0.33	0.94	0.03	0.06	0.03	1.4
0.02	1.01	0.97	0.47	0.03	0.63	0.02	0.46	0.96	0.11	0.02	2	0.49	1.49	0.48	0.48	0.48	0.26	0.5	0.98	1.48	0.47	0.48	0.04	0.47	0.47	0.48	0.97	0.54	0.47	0.01	0.06	0.14	0.46	0.42	0.46	0.46	0.46	0.66	0.45	0.12	0.05	0.95	0.45	1.45	0.03	0.45	0.47	0.45	0.01	0.94	0.45	0.95	0.44	0.68	0	0.12	0.94	0.44	0.44	0.45	0.02	0.44	0.94	0.44	0.46	0.44	0.02	0.5	0.43	0.43	0.04	0.93	0.43	0.43	0.93	0.43	0.43	0.92	0.43	0.42	0.42	0.42	0.92	0.41	0.41	0.41	0.44	0.01	0.42	0.41	0.42	0.41	0.91	0.41	0.41	0.41	0.41	0.41
0.42	0.03	0.42	0.02	0.15	0.22	0.19	0.04	0.03	0.03	0.52	8.96	0.06	0.03	0.37	0.21	0.02	0.23	0.29	0.03	0.06	0.17	0.22	0.15	0.57	0.07	0	0.05	0.11	0.07	0.12	1.15	0.04	0.15	0.05	0.21	0.04	0.17	0.33	0.45	0.03	0.45	0.03	0.2	1.39	0.52	0.22	0.07	0.35	0.1	0.36	0.45	0.02	0.45	0.13	0.51	0.03	0.03	0.39	0.13	0.04	0.65	0	0.51	0.17	0.16	0.01	0.15	0.02	0.04	0.04	0.16	0.15	0.45	0.18	0.13	0.23	0.2	0.54	0.46	0.05	0.46	0.06	0.24	0.28	0.39	0.21	0.16	0.35	0.04	0.14	0.56	0.06	0.67	0.02	0.03	0.02	0.03	0.51
0.15	0.29	0.3	0.56	0.13	0.42	0.15	0.22	0.42	0.24	0.15	3.87	0.34	0.23	0.37	0.21	0.23	0.36	0.35	0.19	0.46	1.41	0.21	0.16	0.52	0.34	0.44	0.47	1.45	0.23	0.48	0.27	0.22	0.13	0.24	0.19	0.47	0.77	0.14	0.21	0.21	0.2	0.21	0.29	0.18	0.24	0.15	0.57	0.47	0.5	0.2	1.07	0.57	0.45	0.22	0.15	0.38	0.2	0.47	0.16	0.21	1.49	0.84	0	0.68	0.2	0.23	0.22	0.38	0.23	0.2	0.52	0.58	0.48	0.21	0.58	0.21	0.4	0.31	0.4	0.6	0.33	0.57	0.58	0.07	0.48	0.19	0.18	0.16	0.21	0.48	0.3	0.22	0.55	0.23	0.28	0.23	0.21	0.59
0.45	0.46	0.19	0.21	0.09	0.45	0.03	0.45	0.14	0.15	0.03	9.59	0.15	0.13	0.22	0.04	0.17	0.23	0.21	0.16	0.16	0.41	0.59	0.15	0.46	0.13	0.17	0.25	0.18	0.16	0.04	0.11	0.16	0.06	0.15	0.05	0.27	0.76	0.04	0.01	0.35	0.03	0.47	0.13	0.24	0.48	0.19	0.17	0.63	0.04	0.14	0.05	1.88	0.47	0.47	0.04	0.17	0.15	0.03	0.05	0.41	0.05	0.15	0.48	0	0.05	0.58	0.48	0.18	0.21	0.17	0.04	0.09	0.19	0.38	0.04	0.01	0.48	0.19	0.37	0.14	0.25	0.15	0.05	0.49	0.03	0.05	0.46	0.49	0.13	0.04	0.17	0.49	0.5	0.18	0.14	0.17	0.17	0.23
0.46	0.24	0.87	0.19	0.4	0.49	0.07	0.16	0.18	0.16	0.06	1.06	0.49	0.15	0.31	0.49	0.17	0.49	0.17	0.33	0.18	0.05	0.89	0.19	0.07	0.16	0.16	0.18	0.25	0.46	0.07	0.4	0.16	0.35	0.18	0.01	0.14	0.5	0.07	0.05	0.16	0.08	0.5	0.07	1.8	0.08	0.21	0.34	0.5	0.38	0.14	0.03	0.15	0.47	0.93	0.08	0.49	0.16	0.07	0.07	0.16	0.86	0.16	0.18	0.05	0	0.6	0.08	0.44	0.17	0.15	0.4	0.4	0.12	0.16	0.41	0.05	1.42	0.71	0.17	0.17	0.14	0.18	0.01	0.53	0.31	0.01	0.44	0.44	0.18	0.5	0.12	0.44	0.15	0.44	0.16	0.5	0.92	0.19
0.15	0.04	0.11	0.04	0.25	0.48	0.15	0.05	0.04	0.05	0.15	2.85	0.44	0.05	0.54	0.41	0.03	0.38	0.3	0.44	0.1	0.4	0.23	0.57	0.31	0.41	0.01	0.06	0.12	0.08	0.44	0.19	0.05	1.05	0.06	0.22	0.44	0.04	0.14	0.26	0.04	0.15	0.04	0.2	0.44	0.37	0.23	0.05	0.36	0.11	0.05	0.5	0.03	0.44	0.08	0.14	0.24	0.04	0.53	0.44	0.05	0.94	0.02	0.45	0.18	0.17	0	0.45	0.04	0.32	0.05	0.18	0.18	0.3	0.22	0.17	0.95	0.25	0.33	0.07	0.06	0.16	0.07	0.37	0.45	0.37	0.21	0.19	0.13	0.05	0.45	0.35	0.07	0.55	0.34	0.04	0.04	0.04	0.34
0.07	0.14	0.5	0.15	0.02	0.93	0.26	0.17	0.11	0.43	0.01	4.97	0.11	0.12	0.63	0.1	0.14	0.52	0.24	0.11	0.25	0.04	0.3	0.03	0.03	0.52	0.14	0.15	0.16	0.13	0.43	0.04	0.21	0.02	0.11	0.33	0.11	0.83	0.01	0.11	0.14	0.03	0.23	0.08	1.12	0.02	0.15	0.16	0.45	0.02	0.55	0.84	0.11	0.41	0.12	0.45	0.13	0.12	0.2	0.02	0.11	0.45	0.45	0.15	0.03	0.07	0.15	0	0.47	0.16	0.56	0.03	0.02	0.29	0.11	0.04	0.1	0.06	0.2	0.12	0.14	0.46	0.56	0.07	0.21	0.03	0.47	0.05	0.02	0.47	0.03	0.97	0.27	0.3	0.15	0.46	0.14	0.11	0.26
0.55	0.05	0.12	0.5	0.17	0.24	0.16	0.38	0.71	0.33	0.15	2.77	0.07	0.05	0.48	0.26	0.03	0.51	2.16	0.05	0.48	0.19	0.23	0.18	0.18	0.05	0.03	0.07	0.4	0.2	0.13	0.54	0.06	0.17	0.12	0.21	0.05	0.05	0.51	0.41	0.11	0.3	0.05	0.32	0.74	0.17	0.92	0.42	0.75	0.32	0.05	0.52	0.04	0.42	0.43	0.39	0.43	0.05	0.19	0.54	0.06	0.13	0.04	0.24	0.51	0.18	0.01	0.14	0	0.46	0.06	0.17	0.19	0.46	0.45	0.19	0.58	0.24	0.33	0.07	0.07	0.48	0.31	0.22	0.3	0.49	0.24	0.18	0.5	0.4	0.17	0.45	0.41	0.36	0.03	0.05	0.04	0.05	1.07
0.13	0.03	0.11	0.46	0.17	0.46	0.14	0.01	0.06	0.06	0.14	7.61	0.33	0.04	0.37	0.23	0.06	0.31	0.49	0.04	0.08	0.17	0.49	0.15	0.17	0.11	0.04	0.02	0.11	0.07	0.13	0.17	0.01	0.8	0.14	0.2	0.4	0.4	0.11	0.25	0.26	0.13	0.06	0.4	0.84	0.14	0.23	0.03	0.34	0.12	0.16	0.4	0.04	0.29	0.07	0.11	0.02	0.05	0.22	0.29	0.04	0.27	0.04	0.23	0.51	0.16	0.06	0.13	0.41	0	0.41	0.52	0.15	0.3	0.31	0.53	0.62	0.2	0.34	0.06	0.42	0.42	0.07	0.56	0.29	0.43	0.21	0.42	0.38	0.04	0.15	0.32	0.06	0.43	0.06	0.03	0.06	0.04	0.48
0.73	0.94	0.43	0.14	0.52	0.59	0.11	0.04	0.43	0.04	0.14	0.36	0.04	0.05	0.53	0.46	0.44	0.22	0.25	0.07	0.46	0.17	0.38	0.16	0.36	0.05	0.04	0.06	0.1	0.05	0.1	0.17	0.04	0.13	0.27	0.22	0.02	0.35	0.67	0.57	0.03	0.12	0.18	0.59	1.47	0.13	0.47	0.05	0.86	0.11	0.23	0.19	0.02	0.2	0.6	0.11	0.04	0.03	0.19	0.09	0.04	1	0.26	0.49	0.21	0.22	0.43	0.12	0.06	0.49	0	0.16	0.16	0.49	0.06	0.18	0.23	0.23	0.35	0.09	0.05	0.44	0.05	0.9	0.26	0.8	0.22	0.16	0.1	0.03	0.14	0.32	0.4	0.7	0.06	0.03	0.4	0.42	0.18
0.03	0.21	0.44	0.35	0.02	0.64	0.03	0.14	0.13	0.14	0.03	1.05	0.13	0.45	0.25	0.32	0.39	0.45	0.23	0.28	0.24	0.05	0.09	0.01	0.03	0.45	0.35	0.46	0.19	0.14	0.19	0.96	0.46	0.01	0.15	0.26	0.14	0.47	0.15	0.09	0.16	0.47	1	0.47	1.64	0.01	0.14	0.16	0.21	0.04	0.47	0.09	0.14	0.35	0.14	0.03	0.16	0.17	0.43	0.04	0.54	0.04	0.17	0.14	0.05	0.07	0.16	0.48	0.18	0.15	0.15	0	0.02	0.19	0.13	0.05	0.1	0.06	0.59	0.14	0.42	0.2	0.15	0.08	0.19	0.05	0.09	0.59	0.04	0.14	0.01	0.9	0.4	0.23	0.16	0.4	0.18	0.16	0.47
0.02	0.47	0.16	0.78	0.23	0.42	0.46	0.44	0.45	0.27	0.24	0.96	0.14	0.2	0.66	0.19	0.47	0.56	0.22	0.93	0.17	0.14	0.57	0.02	0.02	0.12	1.27	0.78	1.09	0.39	0.47	0.09	0.15	0.48	0.14	0.06	0.58	0.48	1.14	0.49	0.48	0.09	0.5	0.48	2.06	0	0.65	0.67	0.58	0.05	0.62	0.35	0.16	0.15	0.49	0.03	0.16	0.26	0.72	0.24	1.13	0.05	0.47	0.48	0.09	0.48	0.15	0.02	0.49	0.16	0.77	0.02	0.01	0.59	0.16	0.1	0.5	0.05	0.43	0.87	0.14	0.12	0.13	0.35	0.41	0.12	0.16	0.26	0.59	0.35	0.01	0.85	0.82	0.42	0.62	0.72	0.52	1	0.24
0.48	0.76	0.45	0.31	0.18	0.48	0.18	0.28	0.26	0.33	0.18	1.22	0.27	0.27	0.49	0.13	0.44	0.09	0.05	0.53	0.56	0.2	0.14	0.6	0.19	0.28	0.51	0.33	0.4	0.29	0.4	0.13	0.28	0.2	0.29	0.1	0.29	0.51	0.18	0.4	0.28	0.29	0.26	0.19	1.9	0.18	0.36	0.28	0.25	0.2	0.26	0.14	0.26	0.41	0.54	0.18	0.65	0.26	0.52	0.19	0.61	0.45	0.61	0.33	0.19	0.12	0.3	0.19	0.42	0.42	0.65	0.19	0.52	0	0.26	0.42	0.2	0.12	0.47	0.28	0.28	0.54	0.28	0.1	0.73	0.43	0.43	0.15	0.19	0.93	0.43	0	0.27	0.03	0.43	0.28	0.32	0.28	0.09
0.28	0.02	0.07	0.06	0.12	0.26	0.1	0.03	0.32	0.03	0.33	7.62	0.32	0.02	0.38	0.55	0.36	0.19	0.55	0.02	0.06	0.5	0.2	0.13	0.15	0.12	0.04	0.27	0.1	0.04	0.11	0.32	0.46	0.12	0.05	0.47	0.02	0.04	0.1	0.21	0.36	0.83	0.03	0.11	2.54	0.16	0.46	0.44	0.33	0.1	0.1	0.18	0.02	0.34	0.04	0.09	0.08	0.03	0.16	0.11	0.01	0.74	0.15	0.57	0.14	0.37	0.05	0.12	0.12	0.05	0.03	0.13	0.29	0.25	0	0.11	0.21	0.53	0.48	0.03	0.04	1.48	0.04	0.53	0.27	0.49	0.18	0.49	0.49	0.02	0.49	0.51	0.03	0.35	0.5	0.03	0.06	0.03	0.5
0.04	0.12	0.16	0.31	0.09	0.39	0.4	0.13	0.13	0.14	0.03	10.3	0.13	0.13	0.23	0.42	0.27	0.84	0.22	0.85	0.19	0.41	0.09	0.05	0.05	0.12	0.44	0.37	0.22	0.14	0.03	0.97	0.14	0.09	0.18	0.11	0.12	0.38	0.04	0.04	0.49	0.01	0.13	0.05	2.39	0.2	0.72	0.14	0.24	0.02	0.42	0.09	0.1	0.48	0.13	0.04	0.15	0.11	0.11	0.03	0.11	0.03	0.14	0.22	0.03	0.46	0.15	0.38	0.16	0.13	0.48	0.05	0.48	0.2	0.47	0	0.03	0.08	0.22	0.14	0.13	0.12	0.13	0.41	0.28	0	0.1	0.09	0.03	0.93	0.05	0.19	0.17	0.23	0.16	0.24	0.46	0.13	0.27
0.13	0.69	0.36	0.25	0.09	0.5	0.1	0.21	0.21	0.21	0.03	0.98	0.15	0.21	0.27	0.16	0.25	0.61	0.24	0.21	0.18	0.05	0.06	0.13	0.47	0.97	0.23	0.23	0.62	0.16	0.04	0.04	0.48	0.09	0.17	0.09	0.48	0.5	0.35	0	0.49	0.03	0.49	0.12	0.63	0.62	0.23	0.39	0.42	0.18	0.27	0.05	0.2	0.43	0.55	0.43	0.45	0.22	0.04	0.04	0.2	0.27	0.25	0.45	0.01	0.05	0.24	0.1	0.23	0.48	0.42	0.48	0.5	0.2	0.22	0.03	0	0.08	0.22	0.15	0.33	0.4	0.26	0.09	0.6	0.03	0.41	0.06	0.41	0.41	0.44	0.21	0.16	0.49	0.89	1.08	0.43	0.22	0.45
0.2	1.45	0.21	0.44	0.05	0.44	0.06	0.19	0.17	0.49	0.06	5	0.49	0.49	0.18	0.03	0.49	0.24	0.18	0.48	0.48	0.12	0.22	0.06	0.06	0.17	0.2	0.56	0.46	0.19	0.07	0.08	0.95	0.05	0.18	0.01	0.45	0.56	0.08	0.44	0.46	0.07	0.46	0.46	2.02	0.06	0.24	0.47	0.16	0.08	0.3	0.05	0.44	0.25	0.43	0.07	0.17	0.19	0.68	0.07	0.18	0.07	0.57	0.18	0.05	0.41	0.22	0.06	0.33	0.55	0.4	0.06	0.08	0.26	0.18	0.08	0.08	0	0.14	0.17	0.18	0.09	0.98	0.03	0.24	0.47	0.01	0.03	0.46	0.38	0.05	0.46	0.17	0.16	0.95	0.65	0.19	0.48	0.5
0.51	0.33	0.34	0.62	0.24	0.41	0.2	0.45	0.41	0.71	0.2	3.54	0.31	0.42	0.04	0.15	0.33	0.26	0.43	0.53	0.47	0.21	0.16	0.19	0.19	0.29	0.53	0.35	0.43	0.31	0.22	0.17	0.33	0.47	0.47	0.48	0.32	0.73	0.23	0.22	0.34	0.21	0.34	0.22	0.94	0.51	0.31	0.33	0.44	0.21	0.34	0.16	0.32	0.44	0.31	0.2	0.55	0.33	0.44	0.23	0.44	0.21	0.31	0.31	0.19	0.45	0.34	0.95	0.45	0.55	1.16	0.19	0.75	0.21	0.59	0.56	0.56	0.53	0	0.59	0.56	0.24	0.32	0.46	0.42	0.22	0.25	0.16	0.22	0.96	0.19	0.21	0.31	0.36	0.33	0.34	0.96	0.91	0.28
0.11	0.95	0.1	0.24	0.44	0.54	0.12	0.05	0.43	1.43	0.12	6.79	0	0.05	0.88	0.47	0.46	0.86	0.76	0.46	0.1	0.55	0.45	0.14	0.14	0.05	0.44	0.07	0.17	0.43	0.43	0.16	0.05	0.42	0.46	0.18	0.41	0.03	0.28	0.15	0.4	0.11	0.05	0.49	15.2	0.12	0.22	0.06	0.52	0.57	0.03	0.57	0.03	0.46	0.01	0.11	0.05	0.04	0.16	0.12	0.04	0.94	0.06	0.22	0.43	0.17	0.07	0.51	0.42	0.92	0.04	0.14	0.71	0.28	0.4	0.13	0.15	0.21	0.5	0	0.03	0.16	0.49	1.29	0.28	0.23	0.48	0.29	1.48	0.04	0.14	0.77	0	0.46	0.07	0.04	0.46	0.43	0.59
0.13	0.36	0.32	0.46	0.51	0.28	0.13	0.05	0.02	0.06	0.46	3.38	0.03	0.34	0.41	0.21	0.07	0.76	0.34	0.04	0.06	0.16	0.2	0.53	0.41	0.37	0.05	0.07	1.47	0.04	0.12	0.4	0.05	0.13	0.05	0.2	0.03	0.13	0.47	0.48	0.05	0.14	0.06	0.28	0.41	0.41	0.4	0.11	0.54	0.33	0.04	2.03	0.04	0.45	0.03	0.18	0.42	0.04	0.16	0.12	0.04	0.43	0.31	0.23	0.4	0.23	0.06	0.13	0.07	0.11	0.63	0.16	0.32	0.28	0.04	0.14	0.21	0.19	0.31	0.03	0	0.17	0.23	0.17	0.43	0.12	0.19	0.26	0.14	0.01	0.13	0.61	0.17	0.4	0.25	0.04	0.43	0.09	0.26
0.03	0.13	0.19	0.21	0.1	0.45	0.11	0.22	0.22	0.16	0.19	1.97	0.17	0.18	0.49	0.07	0.25	0.24	0.29	0.23	0.28	0.06	0.06	0.05	0.11	0.17	0.3	0.99	2.02	0.22	0.07	0.09	0.49	0.27	0.15	0.08	0.39	0.58	0.09	0.06	0.49	0.02	0.27	0.11	4.27	0.79	0.23	0.15	0.19	0.49	0.27	0.49	0.24	0.24	0.69	0.35	0.38	0.15	0.12	0.04	0.17	0.87	0.18	0.19	0.02	0.26	0.34	0.03	0.21	0.15	0.5	0.05	0.31	0.34	0.41	0.33	0.04	0.12	0.22	0.3	0.16	0	0.37	0.5	0.4	0.07	0.4	0.1	0.03	0.13	0.04	0.57	0.15	0.61	0.2	0.2	0.2	0.28	0.27
0.42	0.05	0.1	0.44	0.13	0.48	0.5	0.06	0.04	0.06	0.47	0.69	0.2	0.18	0.99	0.49	0.08	0.49	0.49	0.04	0.49	0.19	0.22	0.87	0.14	0.05	0.9	0.07	0.12	0	0.45	0.16	0.15	0.7	0.08	0.23	0.27	0.04	0.42	0.26	0.05	0.12	0.05	0.27	1.62	0.41	0.52	0.06	0.33	0.18	0.03	0.27	0.04	0.91	0	0.11	0.42	0.05	1.02	0.12	0.04	0.11	0.06	0.42	0.15	0.48	0.92	0.42	0.16	0.07	0.43	0.29	0.14	0.28	0.04	0.14	0.16	0.31	0.83	0.01	0.03	0.29	0	0.19	0.28	0.14	0.19	0.18	0.94	0.04	0.14	0.54	0.01	0.52	0.68	0.45	0.08	0.13	1.45
0.07	0.22	0.57	0.29	0.06	0.23	0.73	0.45	0.16	0.35	0.08	5.78	0.5	0.2	0.18	0.27	0.29	0.47	0.48	0.41	0.48	0.07	0.04	0.08	0.49	0.17	0.58	0.33	0.49	0.38	0.08	0.06	0.2	0.49	0.19	0	0.17	0.49	0.08	0.09	0.22	0.28	0.18	0.29	4.68	0.06	0.49	0.6	0.48	0.07	0.38	0.04	0.4	0.14	0.19	0.08	0.4	0.18	0.03	0.09	0.19	0.9	0.56	0.18	0.05	0.4	0.81	0.07	0.22	0.21	0.19	0.08	0.71	0.41	0.19	0.1	0.09	0.03	0.13	0.41	0.41	0.06	0.19	0	0.2	0.1	0	0.42	0.08	0.31	0.42	0.42	0.53	0.18	0.21	0.31	0.72	0.43	0.2
0.21	0.27	0.92	1.06	0.15	0.81	0.41	0.28	0.27	0.28	0.21	9.09	0.28	0.29	0.43	0.44	0.44	1.22	0.54	0.27	0.44	0.49	0.49	0.15	0.2	0.29	0.28	0.3	0.43	0.29	0.21	0.45	0.45	0.19	0.52	0.25	0.25	0.25	0.45	0.23	0.26	0.2	0.27	0.46	1.38	0.15	0.07	0.46	0.39	0.14	0.86	0.27	0.25	0.49	0.46	0.21	0.39	0.46	0.23	0.22	0.56	0.56	0.46	0.07	0.58	0.16	0.29	0.21	0.29	0.36	0.26	0.19	0.67	0.35	0.47	0.58	0.44	1.31	0.78	0.28	0.47	0.35	0.97	0.2	0	0.28	0.25	0.17	0.33	0.63	0.48	1.38	0.53	0.41	0.48	0.27	0.29	0.27	0.43
0.03	0.13	0.41	0.29	0.19	0.42	0.04	0.12	0.8	0.14	0.04	3.63	0.12	0.13	0.23	0.97	0.38	0.29	3.28	0.33	0.51	0.13	0.48	0.19	0.05	1.02	0.53	0.48	0.17	0.15	0.03	0.09	0.2	0.09	0.14	0.1	0.11	0.4	0.03	0.03	0.11	0.56	0.35	0.37	0.35	1.5	0.99	0.14	0.24	0.01	0.13	0.09	0.12	0.51	0.35	0.4	0.45	0.13	0.08	0.4	0.12	0.28	0.13	0.4	0.27	0.07	0.14	0.03	0.4	0.14	0.41	0.05	0.17	0.71	0.56	0	0.04	0.81	1.11	0.27	0.14	0.07	0.14	0.44	0.41	0	0.1	0.08	0.44	0.13	0.04	0.2	0.13	0.57	0.14	0.14	0.16	0.33	0.25
0.08	0.2	0.4	0.24	0.06	0.24	0.18	0.19	0.41	0.2	0.41	0.81	0.79	0.17	0.4	0.03	0.21	0.52	0.17	0.2	0.58	0.14	0.04	0.09	0.07	0.19	0.44	0.21	0.26	0.35	0.08	0.03	0.19	0.06	0.17	0.4	0.19	0.27	0.08	0.92	0.58	0.09	0.2	0.1	2.33	0.09	0.44	0.41	0.41	0.07	0.25	0.04	0.41	0.26	0.42	0.42	0.42	0.2	0.03	0.09	0.19	0.42	0.62	0.19	0.93	0.01	0.6	0.08	0.21	0.22	0.19	0.09	0.11	0.1	0.43	0.43	0.09	0.15	0.37	0.43	0.55	0.05	0.19	0	0.44	0.54	0	0.04	0.08	0.18	0.44	0.31	0.19	0.15	0.21	0.2	0.46	0.22	0.18
0.04	0.47	0.18	0.18	0.46	0.27	0.04	0.16	0.43	0.46	0.28	4	0.5	0.18	0.33	0.06	0.45	0.27	0.21	0.4	0.4	0.08	0.11	0.04	0.18	0.14	0.18	0.18	0.2	0.19	0.4	0.26	0.16	0.4	0.15	0.04	0.4	0.2	0.05	0.06	0.4	0.08	0.17	0.25	3.38	0.4	0.5	0.18	0.28	0.4	0.17	0.24	0.17	0.08	0.19	0.08	0.45	0.5	0.09	0.08	0.4	0.08	0.2	0.94	0.06	0.05	0.19	0.4	0.18	0.18	0.5	0.37	0.4	0.25	0.41	0.09	0.07	0.03	0.16	0.18	0.15	0.41	0.19	0.21	0.17	0.09	0.41	0	0.08	0.15	0.41	0.16	0.9	0.41	0.21	0.15	0.19	0.98	0.19
0.05	0.12	0.16	0.26	0.1	0.31	0.02	0.12	0.17	0.11	0.01	6.04	0.54	0.48	0.22	0.13	0.14	0.26	0.36	0.43	0.14	0.04	0.08	0.04	0.04	0.45	0.22	0.13	0.19	0.24	0	0.04	0.12	0.09	0.46	0.08	0.27	0.1	0.03	0.04	0.1	0.04	0.46	0.14	0.85	0.12	0.16	0.15	0.23	0.01	0.09	0.08	0.21	0.29	0.47	0.01	0.12	0.1	0.12	0.01	0.12	0.38	0.12	0.16	0.04	0.69	0.14	0.02	0.48	0.12	0.11	0.04	0.1	0.19	0.48	0.03	0.04	0.07	0.28	0.48	0.5	0.08	0.12	0.16	0.22	0.48	0.09	0.08	0	0.3	0.03	0.2	0.12	0.49	0.15	0.1	0.15	0.1	0.27
0.12	0.09	0.44	0.05	0.12	0.26	0.41	0.03	0	0.02	0.19	0.96	0.46	0.11	0.37	0.21	0.05	0.46	0.36	0.03	0.13	0.44	0.47	0.13	0.14	0.33	0.04	0.46	0.76	0.26	0.11	0.27	0.03	0.13	0.06	0.19	0.02	0.38	0.46	0.46	0.17	0.46	0.03	0.15	2	0.43	0.55	0.03	0.47	0.19	0.02	0.2	0.02	0.44	0.04	0.23	0.16	0.03	0.43	0.47	0.02	0.11	0.04	0.48	0.15	0.28	0.05	0.11	0.06	0.04	0.07	0.14	0.88	0.27	0.02	0.12	0.98	0.18	0.66	0.33	0.26	0.43	0.04	0.46	0.27	0.33	0.23	0.15	0.11	0	0.14	0.29	0.4	0.9	0.4	0.03	0.05	0.38	0.9
0.03	0.37	0.18	0.18	0.01	0.3	0.29	0.14	0.12	0.55	0.03	1.41	0.13	0.12	0.24	0.79	0.17	0.29	0.23	0.15	0.18	0.18	0.46	0.01	0.39	0.14	0.16	0.16	0.25	0.14	0.17	0.96	0.14	0.01	0.16	0.08	0.14	0.39	0.03	0.46	0.15	0.36	0.24	0.47	1.1	0.47	0.15	0.45	0.58	0.27	0.56	0.47	0.14	0.41	0.34	0.03	0.17	0.35	0.12	0.04	0.14	0.03	0.16	0.23	0.04	0.08	0.38	0.02	0.33	0.15	0.16	0.17	0.04	0.48	0.29	0.04	0.19	0.08	0.49	0.14	0.53	0.04	1.99	0.07	0.99	0.07	0.08	0.04	0.03	0.49	0	0.27	0.13	0.22	0.18	0.15	0.4	0.44	0.4
0.45	0.3	0.65	0.45	0.17	0.12	0.19	0.32	0.46	0.96	0.46	4.72	0.29	0.47	0.47	0.14	0.64	0.1	0.05	0.98	0.33	0.19	0.48	0.48	0.18	0.3	0.98	0.32	0.68	0.58	0.19	0.14	0.59	0.17	0.46	0.12	0.32	1.49	0.17	0.23	0.31	0.49	0.63	0.25	0.49	0.81	0.3	0.49	0.26	0.52	0.69	0.15	0.5	0.79	0.69	0.87	0.5	0.9	0.9	0.2	0.9	0.36	0.41	0.3	0.41	0.41	0.33	0.48	0.93	0.34	0.43	0.36	0.43	0.12	0.83	0.43	0.53	0.43	0.46	0.43	0.33	0.27	0.44	0.12	0.66	0.19	0.45	0.15	0.54	0.45	0.18	0	0.44	0.04	0.69	0.3	0.52	0.68	0.09
0.4	0.04	0.61	0.15	0.48	0.41	0.18	0.05	0.41	0.05	0.41	1.35	0	0.45	0.34	1	0.07	0.52	0.34	0.04	0.45	0.16	0.44	0.14	0.14	0.95	0.06	0.08	0.29	0.01	0.45	0.17	0.45	0.12	0.07	0.36	0.02	0.03	0.45	0.55	0.05	0.12	0.04	0.45	3.36	0.96	0.45	0.09	0.32	0.18	0.03	0.2	0.04	0.46	0.01	0.11	0.05	0.85	0.46	0.12	0.04	0.96	0.46	0.46	0.15	0.18	0.46	0.12	0.07	0.06	0.04	0.46	0.46	0.46	0.03	0.14	0.46	0.46	0.34	0	0.24	0.46	0.01	0.18	0.39	0.46	0.56	0.45	0.12	0.04	0.57	0.3	0	0.34	0.09	0.04	0.79	0.05	0.47
0.44	0.33	0.34	0.65	0.22	0.19	0.23	0.35	1.15	0.34	0.23	10.2	0.41	0.32	0.71	0.41	0.37	0.09	0.05	0.34	0.32	0.4	0.18	0.42	0.23	0.34	0.42	0.52	0.4	0.93	0.43	0.18	0.34	0.21	0.32	0.15	0.43	0.87	0.22	0.22	0.63	0.43	0.43	0.25	2.8	0.84	0.44	0.54	0.29	0.45	0.38	0.45	0.5	0.45	0.45	0.23	0.45	0.45	0.18	0.22	1.06	0.56	0.35	0.35	0.96	0.14	0.36	0.47	0.87	0.35	0.36	0.23	0.62	0.03	1.18	0.36	0.48	0.17	0.3	0.34	1.49	0.48	0.48	0.15	0.41	0.98	0.15	0.22	0.37	0.49	0.99	0.03	0.5	0	0.36	0.5	0.37	0.34	0.59
0.14	0.41	0.41	0	0.15	0.24	0.41	0.42	0.05	0.05	0.41	0.49	0.07	0.08	0.49	0.24	0.03	0.49	0.69	0.39	0.22	0.18	0.31	0.44	0.19	0.08	0.35	0.4	0.43	0.08	0.35	0.18	0.05	0.41	0.07	0.22	0.05	0.41	0.13	0.23	0.05	0.15	0.04	0.42	0.44	0.19	0.23	0.42	0.37	0.13	0.42	0.39	0.04	0.93	0.42	0.14	0.05	0.2	0.19	0.43	0.07	0.13	0.02	0.23	0.18	0.19	0.05	0.14	0.03	0.06	0.06	0.22	0.47	0.31	0.44	0.15	0.25	0.2	0.33	0.07	0.44	0.95	0.45	0.58	0.29	0.17	0.21	0.45	0.14	0.05	0.17	0.34	0.15	0.56	0	0.46	0.22	0.05	0.26
0.12	0	0.17	0.05	0.43	0.63	0.12	0.41	0.07	0.02	0.43	5.74	0.04	0.04	0.42	0.42	0.05	0.26	0.23	0.02	0.43	0.15	0.19	0.43	0.14	0.73	0.37	0.1	0.09	0.19	0.11	0.74	0.03	0.13	0.04	0.22	0.02	0.11	0.11	0.44	0.02	0.44	0.04	0.15	4.59	0.17	0.2	0.78	0.33	0.09	0.02	0.55	0.01	0.26	0.05	0.1	0.03	0.38	0.45	0.1	0.36	0.55	0.46	0.47	0.17	0.28	0.04	0.11	0.13	0.04	0.03	0.22	0.14	0.28	0.03	0.47	0.21	0.24	0.32	0.04	0.04	0.17	0.28	0.18	0.26	0.47	0.55	0.17	0.1	0.48	0.33	0.31	0.04	0.48	0.2	0	0.05	0.02	0.23
0.14	0.04	0.1	0.01	0.24	0.53	0.97	0.05	0.05	0.05	0.15	0.6	0.07	0.47	0.47	0.44	0.47	0.6	0.3	0.47	0.35	0.18	0.47	0.98	0.16	0.08	0.27	0.07	1.7	0.08	0.14	0.48	0.05	0.98	0.07	0.21	0.05	0.48	0.14	0.49	0.05	0.48	0.04	0.49	7.56	1.29	0.48	1.29	0.49	0.49	0.05	0.49	0.04	1	0.5	0.38	0.4	0.04	0.19	0.4	0.06	1.11	0.02	0.51	0.18	0.41	0.04	0.41	0.4	0.06	0.19	0.43	0.41	0.32	0.34	0.52	0.38	0.19	0.42	0.07	0.07	0.18	0.07	0.92	1.12	0.23	0.24	0.19	0.54	0.44	0.17	0.44	0.07	0.75	0.45	0.39	0	0.04	0.38
0.15	0.02	0.1	0.42	0.14	0.25	0.62	0.03	0.22	0.93	0.15	5.58	0.46	0.21	0.36	0.22	0.4	0.46	0.23	0.4	0.06	0.22	0.21	0.17	0.16	0.13	0.03	0.05	1.4	0.05	0.47	0.47	0.03	0.38	0.44	0.2	0.02	0.02	0.1	0.56	0.22	0.47	0.01	0.13	1.57	0.16	0.47	0.03	0.33	0.12	0.03	0.47	0.01	0.47	0.05	0.1	0.03	0.12	0.47	0.47	0.04	0.14	0.03	0.47	0.16	0.18	0.04	0.13	0.05	0.04	0.03	0.16	0.14	0.62	0.03	0.13	0.24	0.4	0.58	0.04	0.04	0.16	0.05	0.48	0.58	0.53	0.48	0.16	0.13	0.03	0.25	0.98	0.04	0.34	0.05	0.02	0.04	0	0.48
0.36	0.19	0.35	0.47	0.57	0.87	0.47	0.37	0.56	0.2	0.23	10.4	0.9	0.21	0.25	0.4	0.92	0	0.04	0.91	0.36	0.43	0.22	0.22	0.52	0.21	0.21	0.53	1.52	0.28	0.38	0.74	0.2	0.42	0.52	0.15	0.18	0.17	0.62	0.62	0.19	0.24	0.63	0.34	0.57	0.5	0.36	0.42	0.42	0.41	0.22	0.36	0.2	0.31	0.42	0.25	0.53	0.21	0.44	0.42	0.52	0.28	0.42	0.71	0.24	0.4	0.43	0.34	0.63	0.23	0.93	0.26	0.3	0.3	0.42	0.29	0.27	0.2	0.63	0.29	0.24	0.43	0.3	0.43	0.43	0.29	0.43	0.23	0.27	0.22	0.24	0.09	0.53	0.32	0.37	0.23	0.25	0.49	0
