0	0.12	0.15	0.15	0.02	0.59	0	0.12	0.11	1.79	0.01	0.21	0.12	0.13	0.25	0.76	0.42	0.25	0.22	0.11	0.12	0.04	0.35	0.03	0.03	0.19	0.14	0.42	0.35	0.13	0.02	0.04	0.14	0.92	0.19	0.07	0.12	0.12	0.42	0.42	0.12	0.03	0.15	0.12	0.42	0.42	0.17	0.13	0.22	0.42	0.18	0.29	0.12	0.05	0.5	0.93	0.15	0.11	0.05	0.02	0.45	0.23	0.13	0.15	0.43	0.07	0.43	0	0.14	0.14	0.13	0.03	0.02	0.43	0.39	0.03	0.43	0.06	0.21	0.12	0.13	0.25	0.13	0.07	0.44	0.03	0.08	0.44	0.02	0.25	0.02	0.19	0.44	0.25	0.15	0.16	0.44	0.11	0.48
0.14	0	0.1	0.41	0.47	0.25	0.47	0.02	0.02	1.32	0.49	0.4	0.04	0.4	0.38	0.7	0.4	1.41	0.22	0.02	0.05	0.34	0.4	0.13	0.13	0	0.03	0.03	0.1	0.05	0.1	0.43	0.17	0.15	0.04	0.6	0.02	0.41	0.42	0.51	0.02	0.4	0.01	0.16	0.4	0.12	0.21	0.13	0.33	0.41	0.61	0.18	0.01	0.41	0.64	0.11	0.03	0.02	0.15	0.12	0.41	1.22	0.03	0.21	0.41	0.16	0.04	0.12	0.04	0.03	0.41	0.15	0.13	0.41	0.02	0.14	0.41	0.31	0.72	0.42	0.04	0.52	0.1	0.48	0.27	0.26	0.21	0.16	0.42	0.02	0.13	0.67	0.08	0.59	0.04	0	0.04	0.02	1.29
0.15	0.11	0	0.1	0.16	0.68	0.15	0.51	0.45	1.46	0.15	4.67	0.1	0.09	0.37	0.22	0.11	1.21	0.45	0.08	0.24	0.17	0.22	0.96	0.19	0.16	0.1	0.11	0.15	0.1	0.14	0.22	0.1	0.46	0.09	0.21	0.08	0.81	0.47	0.19	0.09	0.15	0.09	0.47	0.77	0.56	0.31	0.47	0.36	0.14	0.45	0.47	0.09	0.47	0.49	0.15	0.11	0.09	0.23	0.97	0.47	0.46	0.1	0.3	0.19	0.34	0.11	0.44	0.47	0.11	0.09	0.18	0.47	0.47	0.8	0.19	0.48	0.62	0.34	0.09	0.08	0.18	0.11	0.5	0.26	0.18	0.22	0.18	0.17	0.1	0.17	0.99	0.48	0.34	0.1	0.2	0.32	0.1	1.01
0.46	0.04	0.47	0	0.47	0.24	0.17	0.05	0.48	1.38	0.48	2.75	0.45	0.08	0.96	0.45	0.04	0.96	0.3	0.29	0.09	0.19	0.23	0.16	0.28	0.08	0.02	0.07	0.47	1.08	0.13	0.19	0.05	0.47	0.11	0.34	0.05	0.59	0.48	0.58	0.05	0.49	0.04	0.41	0.32	0.79	0.23	0.06	0.51	0.13	0.44	0.9	1.11	0.2	0.08	0.13	0.28	0.04	0.51	0.52	0.07	0.23	0.42	0.48	0.17	0.92	0.04	0.14	0.2	0.36	0.06	0.64	0.54	0.44	0.11	0.48	0.26	0.53	0.94	0.22	0.45	1.05	0.08	0.24	0.29	0.49	0.21	0.18	0.13	1.16	0.16	0.4	0.46	0.44	0.08	0.05	0.01	0.05	1.46
0.02	0.15	0.19	0.37	0	0.48	0.02	0.44	0.13	2.03	0.02	7.24	0.55	0.13	0.41	0.13	0.43	0.24	0.22	0.16	0.15	0.45	0.44	0.16	0.01	0.12	0.16	0.45	0.51	0.48	0.1	0.48	0.17	0.01	0.13	0.42	0.15	0.14	0.04	0.09	0.15	0.09	0.14	0.15	0.02	0	0.15	0.91	0.58	0.41	1.08	0.37	0.14	0.08	0.14	0.42	0.13	0.13	0.1	0.63	0.13	0.59	0.15	0.15	0.22	0.44	0.15	0.02	0.17	0.14	0.14	0.01	0.01	0.18	0.12	0.1	0.09	0.05	0.24	0.4	0.13	0.16	0.13	0.06	0.45	0.1	0.06	0.09	0.31	0.12	0.01	0.46	0.13	0.48	0.15	0.31	0.17	0.53	0.53
0.3	0.43	0.36	0.97	0.4	0	0.3	0.49	0.26	1.76	0.93	0.59	0.28	0.38	0.14	0.25	0.24	0.16	0.11	0.26	0.3	0.69	1.49	1	0.49	0.26	0.57	0.28	0.49	0.36	0.31	0.26	0.26	0.29	0.29	0.49	0.49	0.99	0.49	0.32	0.26	0.3	0.61	0.69	0.49	0.29	0.42	0.43	0.36	0.29	0.66	0.25	0.25	0.35	0.29	0.49	0.29	0.25	0.46	0.32	0.91	0.32	0.59	0.42	0.28	0.6	0.4	0.3	0.24	0.42	0.26	0.4	0.41	0.12	0.26	0.7	0.32	0.24	0.21	0.4	0.27	0.28	0.4	0.67	1.48	0.31	0.23	0.5	0.35	0.31	0.43	0.4	0.4	0.15	0.24	0.62	0.24	0.9	0.41
0	0.28	0.64	0.43	0.02	0.54	0	0.46	0.13	1.36	0.01	0.97	0.46	0.56	0.25	0.46	0.47	0.44	0.23	0.22	0.11	0.47	0.77	0.03	0.47	0.29	0.24	0.16	0.19	0.39	0.02	0.04	0.12	0.4	0.11	0.07	0.11	0.48	0.01	0.1	0.49	0.03	0.26	0.03	0.13	0.02	0.15	0.59	0.37	0.25	0.1	0.08	0.11	0.42	0.49	0.01	0.12	0.12	0.06	0.02	0.96	0.04	0.13	0.29	0.03	0.07	0.49	0	0.16	0.13	0.13	0.03	0.4	0.4	0.1	0.03	0.1	0.06	0.4	0.4	0.13	0.03	0.4	0.07	0.35	0.03	0.08	0.4	0.02	0.23	0.02	0.25	0.12	0.81	0.41	0.12	0.47	0.4	0.22
0.12	0.44	0.11	0.07	0.15	0.26	0.39	0	0.02	0.25	0.17	2.21	0.05	0.15	0.79	0.57	0.05	0.32	0.48	0.03	0.05	0.15	0.21	0.32	0.16	0.03	0.04	0.02	1.19	0.06	0.44	0.48	0.01	0.14	0.05	0.42	0.03	0.29	0.49	0.21	0.03	0.12	0.03	0.49	0.36	0.52	0.22	0.29	0.43	0.11	0.04	0.41	0.02	0.16	0.06	0.41	0	0.03	0.17	0.27	0.3	0.49	0.28	0.22	0.16	2.19	0.05	0.13	0.05	0.02	0.04	0.16	0.72	0.28	0.06	0.12	0.42	0.25	0.58	0.05	0.05	0.2	0.06	0.19	0.28	0.42	0.4	0.49	0.12	0.03	0.14	0.3	0.05	0.34	0.4	0.4	0.05	0.03	2.26
0.1	0.02	0.45	0.9	0.11	0.26	0.1	0.02	0	1.47	1	5.29	0.03	0.35	0.35	0.19	0.18	0.31	0.35	0.67	0.09	0.15	0.71	0.12	0.25	0.01	0.08	0.04	0.48	0.34	0.44	0.15	0.03	0.13	0.06	0.17	0.02	0.12	0.1	0.22	0.03	0.1	0.4	0.13	0.13	0.46	0.21	0.02	0.41	0.18	0.02	0.58	0.02	0.19	0.04	0.32	0.42	0.52	0.15	0.12	0.83	0.49	0.03	0.42	0.16	0.18	0.04	0.1	0.05	0.43	0.43	0.38	0.13	0.63	0.02	0.12	0.19	0.39	0.44	0.03	0.02	0.54	0.04	1.25	0.27	0.26	0.19	0.14	0.09	0	0.17	0.28	0.07	0.95	0.45	0.11	0.05	0.03	0.19
1.73	1.42	1.43	1.43	1.67	2.15	1.9	1.39	0.99	0	1.38	6.14	1.69	1.58	2.08	1.89	2.49	2.03	1.87	2.04	1.02	2.06	2.08	2	2	1.76	1.79	0.76	1.43	1.37	1.47	2.1	1.6	1.47	0.87	1.71	1.55	1.9	2.4	2.4	1.9	1.28	0.78	1.4	0.9	1.26	1.46	1.2	1.81	1.38	1	1.16	0.84	1.14	0.99	1.18	1.41	1.04	1.31	1.11	1.16	2.26	1.42	1.71	1.77	1.88	1.88	2.05	2.15	2.42	2.2	2.3	2.39	2.58	2.23	2.43	1.08	2.72	2.33	1.85	1.03	1.87	2.12	2.41	2.44	1.94	2.32	1.12	0.7	2.13	2.24	2.34	1.84	1.34	0.49	2.26	1.96	1.99	3.55
0.01	0.12	0.15	0.62	0.02	0.57	0.01	0.12	0.44	1.5	0	0.83	0.12	0.1	0.25	0.33	0.89	0.25	0.23	0.48	0.14	0.13	0.07	0.13	0.27	0.16	0.14	0.5	0.83	0.12	0.06	0.04	0.14	0.02	0.11	1.41	0.11	0.4	0.02	0.03	0.54	0.07	0.12	0.23	0.9	0.4	0.24	0.22	0.8	0.02	0.15	0.07	0.24	0.06	0.12	0.24	0.48	0.41	0.52	0.02	0.33	0.41	0.13	0.41	0.03	0.06	0.15	0.38	0.16	0.15	0.41	0.2	0.02	0.19	0.11	0.03	0.42	0.06	0.2	0.11	0.42	0.02	0.18	0.46	0.33	0.42	0.08	0.06	0.02	0.42	0.03	0.19	1.42	0.92	0.31	0.42	0.42	0.15	0.23
2.72	8.38	0.35	1.75	1.49	3.66	3.71	1.69	1.74	2.37	1.62	4.07	2.3	0.47	0.69	1.57	1.64	0.27	1.36	11.8	0.38	0.52	0.43	0.2	0.2	1.02	6.22	0.35	1.2	2.23	1.07	8.45	1.42	3.75	0.84	0.14	0.53	0.37	9.16	2.13	0.5	0.22	0.34	0.23	0.21	0.49	10.9	0.74	1.07	8.7	1.62	0.19	1.7	1.74	7.14	0.58	1.49	12.6	0.18	14.2	0.31	1.59	9.56	0.32	0.2	0.92	6.02	0.41	0.91	1.87	0.43	1.34	10.6	0.22	0.51	0.85	12.1	0.8	0.01	1.51	11.8	0.2	0.33	1.05	6.46	1.88	0.14	1.2	2.48	6.64	0.2	0.22	0.46	0.41	0.71	0.33	1.01	0.99	5.39
0.11	0.04	0.47	0.47	0.13	0.28	0.12	0.65	0.03	0.25	0.12	13.1	0	0.05	0.34	0.86	0.07	1.11	0.61	0.04	0.08	0.91	0.31	0.14	0.17	0.33	0.39	0.07	0.31	0.01	0.11	0.15	0.05	0.12	0.44	0.18	0.02	0.07	0.11	0.43	0.04	0.41	0.04	0.11	0.14	1.15	0.22	0.33	0.36	0.45	0.08	0.2	0.03	0.16	0.01	0.11	0.05	1.27	0.16	0.11	0.04	0.68	0.06	0.31	0.31	1.51	0.07	0.12	0.07	0.06	0.04	0.13	0.13	0.63	0.46	0.13	0.16	0.36	0.31	0	0.03	0.15	0.01	0.51	0.28	0.41	0.18	0.25	0.14	0.42	0.13	0.29	0	0.93	0.43	0.04	0.79	0.04	0.27
0.47	0.15	0.26	0.08	0.11	0.26	0.47	0.03	0.01	1.75	0.13	4.06	0.05	0	0.36	0.19	0.05	0.66	0.34	0.04	0.06	0.13	0.18	0.47	0.14	0.01	0.03	0.47	0.3	0.06	0.12	0.14	0.03	0.36	0.38	0.58	0.04	0.18	0.11	0.21	0.04	0.48	0.04	0.14	0.14	0.11	0.23	0.62	0.59	0.09	0.33	0.19	0.19	0.17	0.06	0.9	0.03	0.04	0.15	0.1	0.02	0.2	0.03	0.23	0.14	0.49	0.07	0.19	0.05	0.04	0.05	0.12	0.11	0.27	0.02	0.4	0.5	0.39	0.38	0.05	0.41	0.14	0.15	0.57	0.29	0.41	0.19	0.43	0.14	0.22	0.12	0.42	0.05	0.35	0.23	0.04	0.42	0.24	0.21
0.25	0.37	0.37	0.68	0.59	0.29	0.25	0.39	0.36	1.34	0.25	0.26	0.5	0.7	0	0.31	0.39	0.16	0.32	0.4	0.38	0.34	0.17	0.41	0.41	0.36	0.39	0.51	0.66	0.35	0.23	0.18	0.71	0.43	0.59	0.18	0.37	0.41	0.26	0.51	0.56	0.22	0.37	0.28	0.42	0.61	0.41	0.61	0.17	0.34	0.41	0.18	0.62	0.27	0.52	0.52	0.38	0.38	0.82	0.41	0.38	0.54	0.39	0.37	0.19	0.51	0.47	0.92	0.4	0.42	0.37	0.42	0.35	0.22	0.62	0.42	0.27	0.19	0.04	0.36	0.73	0.19	0.35	0.43	0.43	0.23	0.48	0.22	0.23	0.38	0.31	0.43	0.34	0.31	0.39	0.44	0.42	0.94	0.44
0.1	0.44	0.22	0.38	0.45	0.55	0.09	0.41	0.42	1.89	0.1	0.92	0.41	0.2	0.16	0	0.57	0.2	0.17	0.36	0.42	0.07	0.02	0.42	0.09	0.21	0.26	0.34	0.42	0.43	0.08	0.03	0.43	0.43	0.48	0.03	0.21	0.49	0.09	0.11	0.54	0.44	0.22	0.12	0.09	0.12	0.44	0.21	0.44	0.1	0.42	0.03	0.45	0.11	0.46	1.16	0.65	0.45	0.03	0.08	1.52	0.46	0.23	0.46	0.04	0.01	0.24	0.1	0.23	0.23	0.24	0.09	0.35	0.13	0.21	0.57	0.35	0.03	0.15	0.48	0.21	0.04	0.21	0.48	0.27	0.43	0.03	0.06	0.49	0.21	0.23	0.53	1.04	0.49	0.26	1	0.23	0.6	0.46
0.15	0.04	0.45	0.27	0.17	0.24	0.14	0.05	0.05	0.65	0.46	1.55	0.07	0.05	0.4	0.56	0	0.22	0.31	0.33	1.25	0.17	0.23	0.18	1.46	0.05	0.25	0.07	0.49	0.08	0.55	0.55	0.36	0.16	0.06	0.22	0.05	0.56	0.13	0.24	0.05	0.16	0.04	0.17	0.37	0.16	0.23	0.47	0.35	0.47	0.47	0.23	0.35	0.19	0.08	0.47	0.18	0.04	0.18	0.47	0.47	0.98	0.01	0.31	0.48	0.18	0.33	0.49	0.03	0.08	0.06	0.37	0.49	0.32	0.06	0.14	0.24	0.49	0.34	0.08	0.4	0.19	0.4	0.81	0.29	0.16	0.22	0.4	0.14	0.41	0.16	0.4	0.35	0.81	0.04	0.23	0.44	0.4	0.22
0.52	0.19	0.4	0.23	0.24	0.42	0.52	0.2	0.19	1.8	0.25	0.78	0.48	0.53	0.16	0.2	0.48	0.01	0.04	0.31	0.36	0.51	0.48	0.25	0.24	0.21	0.23	0.48	0.44	0.21	0.26	0.2	0.48	0.23	1.55	0.39	0.18	0.44	0.44	0.27	0.48	0.25	0.24	0.48	0.41	0.23	0.36	0.21	0.32	0.24	0.79	0.45	0.18	0.62	0.21	0.37	0.53	0.18	0.49	0.66	0.2	0.73	0.2	0.49	0.38	0.18	0.45	0.99	0.22	0.59	0.79	0.25	0.49	0.09	0.19	1	0.69	0.19	0.26	0.2	1.09	0.51	0.49	0.52	0.79	0.27	0.18	0.99	0.26	0.2	0.24	0.09	1.09	0.22	0.22	0.19	0.21	0.49	0
0.44	0.22	0.29	0.3	0.22	0.19	0.23	0.48	0.35	1.11	0.22	3.42	0.64	0.36	0.71	0.39	1.04	0.97	0	0.24	0.38	0.21	0.19	0.26	0.27	0.43	0.35	0.62	0.38	0.34	0.23	0.19	0.31	0.21	0.34	0.17	0.25	0.24	0.62	0.24	0.27	0.22	0.27	0.25	0.23	0.82	0.36	0.64	0.45	0.23	0.25	0.54	0.26	0.24	0.34	0.59	0.32	0.52	0.2	0.23	0.47	0.73	0.62	0.35	0.2	0.18	0.41	1.11	0.32	0.56	0.25	0.23	0.26	0.05	0.33	0.23	0.23	0.34	0.27	0.33	0.34	0.23	0.46	0.23	0.52	0.57	0.68	0.32	0.23	0.34	0.54	0.05	0.73	0.05	0.3	0.23	0.42	0.23	0.05
0.12	0.02	0.48	0.05	0.5	0.48	0.51	0.3	0.02	1.95	0.48	3.43	0.22	0.46	0.38	0.2	0.29	0.41	0.24	0	0.06	0.44	0.55	0.34	0.45	0.15	0.03	0.45	0.09	0.04	0.45	0.17	0.03	0.25	0.04	0.45	0.01	0.01	0.09	0.45	0.02	0.12	0.45	0.13	0.39	0.45	0.65	0.22	0.55	0.45	0.01	0.46	0.01	0.45	0.04	0.12	0.03	0.02	0.45	0.11	0.03	0.65	0.03	0.44	0.16	0.44	0.05	0.11	0.44	0.2	0.01	0.44	0.13	0.65	0.25	0.11	0.44	0.2	0.34	0.03	0.04	0.45	0.04	0.44	0.25	0.12	0.4	0.44	0.09	0.03	0.35	0.45	0.04	0.35	0.44	0.02	0.44	0.02	0.18
0.46	0.05	0.17	0.35	0.46	0.56	0.12	0.06	0.06	2.17	0.12	3.97	0.47	0.06	0.38	0.57	0.48	0.48	0.37	0.06	0	0.98	0.18	0.15	0.49	0.05	0.3	0.06	0.13	0.48	0.12	0.48	0.06	0.18	0.01	0.18	0.07	0.06	0.13	0.18	0.06	0.49	0.08	0.44	0.49	0.16	0.28	0.26	0.37	0.49	0.55	0.49	0.05	0.18	0.09	0.49	0.05	0.07	0.49	0.13	0.07	1	0.18	0.25	0.4	0.19	0.08	0.4	0.42	0.06	0.45	0.49	0.5	0.71	0.06	0.17	0.38	0.42	0.42	0.08	0.06	0.17	0.09	0.92	0.88	0.29	0.42	0.18	0.52	0.16	0.93	0.32	0.29	0.43	0.53	0.07	0.1	0.43	0.36
0.03	0.15	0.21	0.18	0.09	0.67	0.03	0.15	0.49	1.52	0.03	1.94	0.15	0.23	0.43	0.07	0.63	0.26	0.53	0.24	0.54	0	0.08	0.04	0.04	0.93	0.15	0.18	0.19	0.3	0.44	0.04	0.15	0.09	0.61	0.08	0.44	0.31	0.04	0.03	0.16	0.02	0.17	0.36	0.05	0.42	0.16	0.48	0.74	0.03	0.44	0.07	0.15	0.05	0.16	0.05	0.16	0.44	0.44	0.17	0.16	1.15	0.15	0.16	0.03	0.05	0.44	0.12	0.17	0.16	0.17	0.4	0.1	0.59	0.14	0.03	0.03	0.06	0.22	1.95	0.45	0.03	0.16	0.4	0.34	0.1	0.08	0.08	0.04	0.16	0.04	0.4	0.15	0.23	0.85	0.16	0.34	0.33	0.23
0.32	0.34	0.59	0.39	0.49	0.27	0.08	0.2	0.51	2.34	0.07	10.9	0.44	0.18	0.54	0.44	0.64	0.22	0.54	0.6	0.2	0.08	0	0.44	0.09	0.18	0.45	0.55	0.44	0.26	0.45	0.45	0.45	0.45	0.17	0.04	0.55	0.28	0.11	0.06	0.2	0.45	0.24	0.11	0.46	0.36	0.33	0.22	0.18	0.19	0.19	0.01	0.56	0.15	0.46	0.46	0.21	0.46	0.05	0.26	0.2	1.17	0.23	0.47	0.05	0.03	0.47	0.08	0.22	0.47	0.98	0.47	0.57	0.47	0.47	0.32	0.06	0.63	0.16	0.95	0.2	0.06	0.49	0.04	0.63	0.09	0.04	0.11	0.08	0.52	0.48	0.16	0.21	0.55	0.48	0.53	0.54	0.19	0.49
0.03	0.33	0.2	0.49	0.01	0.3	0.03	0.24	0.25	2.76	0.03	6.27	0.13	0.12	0.55	0.17	0.18	0.3	0.55	0.46	0.16	0.23	0.43	0	0.29	0.13	0.15	0.18	0.21	0.46	0.39	0.45	0.23	0.01	0.14	0.09	0.14	0.77	0.03	0.47	0.14	0.04	0.5	0.47	0.01	0.01	0.47	0.54	0.47	0.04	0.15	0.09	0.47	0.07	0.28	0.03	0.17	0.47	0.35	0.11	0.16	1.12	0.15	0.14	0.05	0.48	0.16	0.03	0.17	0.15	0.16	0.01	0.01	0.19	0.13	0.29	0.48	0.06	0.19	0.14	0.16	0.04	0.49	0.08	0.15	0.05	0.09	0.04	0.05	0.14	0.01	0.57	0.49	0.53	0.53	0.46	0.17	0.49	0.22
0.48	0.48	0.19	0.38	0.08	0.3	0.03	0.17	0.15	1.99	0.43	0.46	0.14	0.14	0.97	0.47	0.67	0.9	0.23	0.17	0.15	0.05	0.09	0.38	0	0.14	0.21	0.48	0.23	0.29	0.19	0.05	0.16	0.18	0.14	0.1	0.49	0.49	0.03	0.09	0.46	0.04	0.49	0.05	0.39	0.84	0.48	0.43	0.21	0.04	0.13	0.09	0.13	0.08	0.14	0.4	0.16	0.14	0.06	0.04	0.4	0.24	0.15	0.14	0.41	0.07	0.17	0.03	0.43	0.17	0.16	0.03	0.01	0.19	0.3	0.05	0.09	0.52	0.42	0.43	0.38	0.62	0.29	0.43	0.45	0.05	0.67	0.04	0.18	0.14	0.02	0.44	0.14	0.57	0.19	0.44	0.64	0.16	0.22
0.1	0	0.06	0.08	0.13	0.26	0.13	0.03	0.01	1.94	0.12	4.67	0.05	0.01	0.65	0.45	0.05	0.21	0.67	0.04	0.05	0.13	0.19	0.14	0.37	0	0.04	0.05	0.08	0.46	0.12	0.17	0.03	0.11	0.18	0.96	0.03	0.2	0.1	0.46	0.05	0.46	0.03	0.14	0.14	0.46	0.47	0.03	0.32	0.09	0.05	0.46	0.03	0.17	0.05	0.44	0.03	0.03	0.15	0.1	0.02	0.5	0.04	0.45	0.13	0.47	0.05	0.1	0.05	0.04	0.05	0.14	0.14	0.66	0.02	0.13	0.42	0.17	0.68	0.05	0.03	0.56	0.3	0.48	0.32	0.48	0.29	0.58	0.39	0.01	0.48	0.31	0.05	0.32	0.08	0.01	0.48	0	1.09
0.14	0.49	0.1	0.49	0.49	0.49	0.52	0.04	0.03	1.18	0.14	13.9	0.06	0.03	0.37	0.49	0.02	1.04	0.29	0.03	0.06	0.4	0.22	0.15	0.54	0.07	0	0.06	0.35	0.07	0.5	0.18	0.04	0.7	0.05	0.4	0.04	0.03	0.13	0.22	0.03	0.15	0.03	0.18	0.17	0.14	0.41	0.31	0.44	0.33	0.29	0.41	0.02	0.16	0.07	0.41	0.03	0.14	0.16	0.41	0.04	0.34	0	0.22	0.16	2.15	0.03	0.42	0.03	0.05	0.29	0.35	0.48	0.29	0.42	0.15	0.22	1.73	0.38	0.06	0.05	0.17	0.06	0.21	0.43	0.16	0.53	0.42	0.43	0.04	0.17	0.31	0.13	0.35	0.02	0.03	0.34	0.28	0.29
0.15	0.13	0.12	0.26	0.16	0.27	0.49	0.02	0.56	1.58	0.47	0.37	0.07	0.41	0.4	0.41	0.07	0.4	0.41	0.05	0.06	0.42	0.24	0.16	0.42	0.05	0.42	0	0.12	0.24	0.42	0.19	0.42	0.15	0.92	0.42	0.05	0.05	0.42	0.23	0.05	0.15	0.1	0.18	0.44	0.16	0.24	0.38	0.72	0.12	0.05	0.42	0.04	0.42	0.08	0.5	0.02	0.05	0.51	0.13	0.09	0.36	0.05	0.24	0.42	0.42	0.07	0.14	0.38	0.43	0.55	0.16	0.2	0.32	0.42	0.42	0.24	0.19	0.36	0.07	0.18	0.19	0.08	0.2	0.3	0.43	0.36	0.44	0.44	0.39	0.16	0.34	0.07	0.67	0.07	0.08	0.1	0.43	2.43
0.51	0.95	0.44	0.13	0.44	0.3	0.17	0.1	0.09	1.44	0.17	2	0.84	0.2	0.68	0.64	0.24	0.37	0.63	0.56	0.54	0.51	0.51	0.43	0.59	0.39	0.48	0.12	0	0.23	0.53	0.21	0.1	0.43	0.39	0.25	0.2	0.09	0.43	0.23	0.31	0.16	0.43	0.17	0.5	0.18	0.33	0.63	0.43	0.16	0.1	0.35	0.09	0.43	0.13	0.17	0.29	0.09	1.13	0.63	0.11	0.19	0.11	0.63	0.18	0.25	0.24	0.46	0.13	0.11	0.43	0.19	0.18	0.43	0.35	0.28	0.23	0.24	0.53	0.13	0.43	0.57	0.15	0.25	0.43	0.44	0.25	0.22	0.29	0.43	0.2	0.35	0.13	0.39	0.93	0.52	0.13	0.94	1.84
0.53	0.05	0.49	0.08	0.14	0.29	0.2	0.06	0.04	1.18	0.12	7.49	0.01	0.06	0.78	0.49	0.97	0.47	0.35	0.04	0.48	0.15	0.48	0.15	0.15	0.14	0.07	0.08	0.13	0	0.12	0.99	0.06	0.32	0.09	0.2	0.03	0.69	0.99	0.61	0.05	0.13	0.05	0.5	0.45	0.42	0.4	0.06	0.7	0.18	0.12	0.54	0.41	0.18	0	0.12	0.41	0.05	0.41	0.3	0.05	0.17	0.07	0.23	0.16	0.18	0.08	0.13	0.41	0.43	0.05	1.04	0.23	0.29	0.04	0.14	0.44	0.3	0.32	0.87	0.04	0.44	0	0.53	0.54	0.14	0.44	0.45	0.12	0.04	0.45	0.31	0.04	0.65	0.08	0.4	0.45	0.11	0.28
0.07	0.11	0.14	0.14	0.1	0.31	0.02	0.43	0.1	0.88	0.22	1.32	0.48	0.12	0.58	0.07	0.14	0.26	0.22	0.1	0.49	0.04	0.49	0.04	0.04	0.11	0.13	0.13	0.17	0.49	0	0.04	0.49	0.09	0.38	0.08	0.1	0.99	0.4	0.04	0.11	0.03	0.11	0.4	0.04	0.09	0.15	0.9	0.23	0.01	0.09	0.41	0.1	0.07	0.4	0.01	0.11	0.1	0.04	0	0.09	0.41	0.3	0.16	0.04	0.07	0.41	0.14	0.13	0.13	0.41	0.04	0.49	0.18	0.49	0.41	0.04	0.22	0.52	0.11	0.41	0.03	0.12	0.2	0.21	0.03	0.08	0.42	0	0.09	0.03	0.24	0.11	0.42	0.35	1.7	0.32	0.16	0.23
0.42	0.41	0.23	0.19	0.1	0.25	0.43	0.18	0.15	1.39	0.43	4.8	0.43	0.15	0.4	0.43	0.18	0.2	0.19	0.44	0.47	0.04	0.43	0.43	0.24	0.14	0.44	0.18	0.54	0.23	0.04	0	0.42	0.09	0.15	0.03	0.44	0.26	0.44	0.04	0.16	0.07	0.17	0.44	0.41	0.45	0.17	0.16	0.17	0.05	0.18	0.03	0.18	0.06	0.16	0.95	0.56	0.17	0	0.42	0.46	0.08	0.18	0.46	0.04	0.96	0.19	0.04	0.21	0.46	0.45	0.44	0.09	0.47	0.47	0.47	0.04	0.03	0.58	0.9	0.47	0.05	0.16	0.03	0.23	0.08	0.47	0.48	0.04	0.46	0.05	0.48	0.48	0.41	0.48	0.15	0.39	0.15	0.25
0.35	0.02	0.11	0.05	0.41	0.26	0.14	0.01	0.41	1.69	0.39	0.61	0.57	0.16	0.38	0.47	0.05	0.2	0.67	0.03	0.29	0.4	0.47	0.17	0.16	0.57	0.04	0.02	0.29	0.06	0.47	0.16	0	0.47	0.05	0.21	0.04	0.03	0.11	0.97	0.03	0.12	0.03	0.15	0.47	0.57	0.22	0.22	0.7	0.2	0.04	0.19	0.02	0.57	0.18	0.42	0.01	0.03	0.47	0.35	0.22	0.14	0.04	0.22	0.18	0.21	0.08	0.14	0.06	0.01	0.1	0.15	0.15	0.34	0.04	0.22	0.24	0.18	0.34	0.05	0.05	0.15	0.06	0.22	0.28	0.14	0.19	0.16	0.12	0.03	0.15	0.65	0.05	0.68	0.7	0.03	0.05	0.03	0.48
0.02	0.42	0.16	0.15	0	0.29	0.02	0.14	0.11	2.26	0.02	9.63	0.12	0.42	0.28	0.42	0.16	0.23	0.92	0.33	0.46	0.11	0.3	0.01	0.01	0.11	0.15	0.16	0.21	0.14	0.09	0.09	0.45	0	0.12	0.06	0.43	0.44	0.02	0.09	0.14	0.08	0.14	0.43	0.43	0	0.43	0.49	0.2	0.02	0.45	0.13	0.35	0.08	0.42	0.4	0.14	0.14	0.09	0.07	0.39	0.36	0.43	0.13	0.06	0.06	0.53	0.02	0.94	0.15	0.13	0.01	0	0.44	0.12	0.09	0.09	0.43	0.23	0.13	0.14	0.09	0.13	0.31	0.24	0.1	0.06	0.03	0.45	0.12	0.01	0.71	0.21	0.45	0.16	0.13	0.61	0.28	0.23
0.14	0.39	0.26	0.08	0.13	0.47	0.1	0.45	0.09	0.98	0.47	4.77	0.07	0.04	0.35	0.19	0.06	0.46	0.34	0.19	0.01	0.56	0.17	0.14	0.42	0.04	0.86	0.05	0.12	0.13	0.11	0.16	0.05	0.12	0	0.17	0.04	0.04	0.46	0.16	0.04	0.13	0.03	0.13	0.45	0.14	0.26	0.45	0.33	0.45	0.04	0.45	0.03	0.52	0.08	0.13	0.05	0.11	0.14	0.26	0.05	0.53	0.45	0.26	0.54	0.19	0.45	0.11	0.06	0.06	0.04	0.46	0.21	0.29	0.05	0.55	0.17	0.18	0.95	0.13	0.45	0.15	0.08	0.18	0.33	0.22	0.17	0.15	0.44	0.06	0.15	0.61	0.07	0.32	0.44	0.44	0.07	0.05	1.04
0.08	0.49	0.22	0.22	0.06	0.23	0.08	0.42	0.67	1.05	0.08	1.77	0.18	0.5	0.18	0.2	0.21	0.18	0.17	0.49	0.18	0.08	0.04	0.09	0.07	0.49	0.21	0.47	0.49	0.19	0.08	0.5	0.19	0.06	0.57	0	0.19	0.19	0.08	0.1	0.21	0.41	0.19	0.12	0.41	0.26	0.22	0.42	0.23	0.07	0.93	0.43	0.2	0.43	0.25	0.08	0.3	0.2	0.37	0.09	0.45	0.85	0.21	0.42	0.06	0.01	0.22	0.14	0.24	0.2	0.21	0.58	0.06	0.1	0.18	0.1	0.49	0.02	1.42	0.9	0.22	0.05	0.19	0	0.25	0.1	0.01	0.42	0.09	0.2	0.08	0.12	0.6	0.15	0.34	0.2	0.47	0.41	0.31
0.11	0.02	0.08	0.11	0.47	0.28	0.1	0.28	0.02	1.08	0.47	2.83	0.14	0.41	0.61	0.21	0.05	0.18	0.24	0.01	0.06	0.16	0.2	0.13	0.41	0.17	0.04	0.05	0.1	0.41	0.11	0.41	0.03	0.12	0.04	0.51	0.01	0.16	0.09	0.22	0.02	0.41	0.02	0.13	0.37	0.13	0.91	0.42	0.63	0.09	0	0.18	0.01	0.41	0.03	0.11	0.03	0.02	0.14	0.08	0.02	0.1	0.03	0.45	0.41	0.14	0.41	0.1	0.05	0.04	0.41	0.2	0.13	0.29	0.01	0.11	0.2	0.41	0.4	0.35	0.03	0.13	0.03	0.17	0.3	0.18	0.18	0.14	0.09	0.91	0.14	0.3	0.03	0.33	0.05	0.85	0.05	0.02	0.19
0.1	0.04	0.46	0.05	0.14	0.47	0.12	0.03	0.02	1.99	0.13	1.49	0.03	0.04	1.29	0.98	0.04	0.48	0.47	0.01	0.06	0.16	0.98	0.22	0.15	0.04	0.03	0.45	0.1	0.04	0.97	0.15	0.03	0.97	0.04	0.19	0.01	0.02	0.46	0.2	0.02	0.09	0.02	0.12	0.47	0.57	0.47	0.57	0.56	0.47	0.01	0.47	0.01	0.15	0.04	0.34	0.46	0.01	0.46	0.47	0.03	0.47	0.47	0.46	0.27	0.5	0.04	0.46	0.46	0.1	0.01	0.97	0.47	0.53	0.02	0.47	0.48	0.17	0.68	0.47	0.04	0.15	0.04	0.47	0.25	0.48	0.48	0.17	0.09	0.03	0.47	0.49	0.03	0.57	0.68	0.02	0.7	0.4	0.19
0.01	0.49	0.14	0.99	0.49	0.29	0.49	0.12	0.1	2.04	0.01	0.64	0.11	0.1	0.44	0.39	0.54	0.25	0.23	0.12	0.23	0.04	0.09	0.03	0.03	0.11	0.14	0.2	0.33	0.45	0.01	0.45	0.11	0.3	0.51	0.27	0.08	0.14	0	0.05	0.09	0.03	0.11	0	0.04	0.02	0.45	0.37	0.95	0.01	0.08	0.09	0.09	0.04	0.11	0	0.12	0.11	0.57	0	0.09	0.13	0.13	0.45	0.42	0.27	0.12	0.01	0.13	0.11	0.11	0.03	1.16	0.18	0.29	0.04	0.05	0.08	0.59	0.1	0.45	0.09	0.45	0.08	0.17	0.04	0.08	0.19	0.4	0.45	0.1	0.18	0.11	0.45	0.13	0.46	0.12	0.45	0.45
0.1	0.45	0.62	0.25	0.46	0.32	0.1	0.64	0.21	1.47	0.03	2.25	0.15	0.19	0.34	0.11	0.24	0.27	0.51	0.59	0.55	0.07	0.06	0.43	0.36	0.56	0.23	0.23	0.52	0.16	0.04	0.04	0.23	0.09	0.16	0.09	0.48	0.36	0.05	0	0.23	0.03	0.42	0.48	0.26	0.09	0.24	0.8	0.24	0.04	0.2	0.05	0.41	0.07	0.16	0.2	0.21	0.62	0.47	0.39	0.21	0.26	0.72	0.23	0.01	0.05	0.24	0.43	0.63	0.44	0.23	0.09	0.31	0.2	0.21	0.03	0	0.08	0.22	0.16	0.55	0	0.16	0.09	0.23	0.04	0.46	0.06	0.04	0.21	0.43	0.47	0.32	0.22	0.25	0.21	0.48	0.23	0.37
0.25	0.11	0.09	0.05	0.16	0.26	0.44	0.42	0.03	0.03	0.24	0.34	0.04	0.23	0.37	0.21	0.05	0.44	0.44	0.02	0.06	0.16	0.21	0.21	0.54	0.04	0.03	0.05	0.1	0.05	0.45	0.17	0.03	0.15	0.04	0.22	0.02	0.02	0.1	0.22	0	0.37	0.01	0.12	0.95	0.13	0.49	0.25	0.65	0.1	0.06	0.19	0.01	0.15	0.05	0.11	0.03	0.02	0.47	0.1	0.04	0.27	0.22	0.21	0.15	0.66	0.05	0.15	0.05	0.04	0.03	0.16	0.48	0.27	0.04	0.12	0.21	0.18	0.59	0.04	0.07	0.34	0.05	0.49	0.26	0.49	0.22	0.19	0.47	0.9	0.15	0.7	0.42	0.4	0.05	0.02	0.05	0.4	0.29
0.03	0.11	0.15	0.14	0.08	0.31	0.03	0.12	0.11	1.45	0.02	3.29	0.46	0.5	0.59	0.25	0.52	0.26	0.46	0.11	0.14	0.02	0.08	0.04	0.04	0.11	0.13	0.13	0.34	0.13	0.03	0.46	0.22	0.08	0.13	0.09	0.96	0.11	0.03	0.12	0.11	0	0.11	0.05	0.24	0.09	0.2	0.32	0.23	0.22	0.1	0.08	0.1	0.23	0.13	0.04	0.24	0.1	0.07	0.2	0.47	0.83	0.14	0.51	0.29	0.45	0.48	0.22	0.15	0.13	0.28	0.41	0.08	0.37	0.11	0.01	0.03	0.07	0.47	0.12	0.19	0.02	0.28	0.09	0.47	0.01	0.09	0.08	0.03	0.1	0.04	0.48	0.29	0.53	0.15	0.26	0.97	0.46	0.39
0.12	0.01	0.45	0.52	0.13	0.26	0.13	0.03	0.04	1.23	0.46	0.39	0.04	0.41	0.36	0.23	0.06	0.19	0.23	0.41	0.06	0.16	0.47	0.14	0.14	0.09	0.03	0.04	0.43	0.41	0.11	0.17	0.03	0.61	0.03	0.4	0.02	0.35	0.41	0.22	0.41	0.13	0	0.12	0.17	0.14	0.2	0.28	0.39	0.11	0.12	0.22	0.01	0.18	0.05	0.11	0.03	0.43	0.15	0.12	0.03	0.29	0.03	0.23	0.14	2.11	0.04	0.12	0.05	0.45	0.25	0.29	0.43	0.28	0.37	0.12	0.25	1.37	0.75	0.45	0.05	0.16	0.05	0.23	0.27	0.46	0.45	0.38	0.11	0.03	0.13	0.52	0.08	0.66	0.08	0.03	0.07	0.01	0.2
0.03	0.46	0.46	0.29	0.04	0.66	0.03	0.32	0.14	1.86	0.37	7.75	0.14	0.46	0.28	0.35	0.33	0.27	0.46	0.46	0.13	0.06	0.13	0.05	0.05	0.15	0.23	0.18	0.47	0.12	0.01	0.07	0.26	0.04	0.12	1.38	0.33	0.29	0	0.49	0.24	0.19	0.22	0	0.08	0.04	0.17	0.54	0.24	0.02	0.11	0.48	0.12	0.11	0.12	0	0.19	0.13	0.07	0.01	0.14	0.48	0.15	0.19	0.06	0.11	0.2	0.05	0.18	0.17	0.13	0.3	0.04	0.24	0.12	0.04	0.12	0.48	0.22	0.49	0.15	0.33	0.26	0.49	0.24	0.04	0.1	0.57	0.02	0.15	0.07	0.23	0.13	0.25	0.9	0.41	0.14	0.42	1.41
0.14	0.42	0.42	0.29	0.02	0.53	0.43	0.9	0.23	1.51	0.43	0.47	0.14	0.14	0.25	0.45	0.19	0.45	0.67	0.44	0.17	0.45	0.45	0.01	0.35	1.04	0.44	0.16	0.43	0.51	0.16	0.5	0.16	1.01	0.14	0.09	0.13	0.49	0.04	0.5	0.48	0.04	0.48	0.05	0.01	0.01	0.49	0.16	0.99	0.05	0.14	0.09	0.17	0.06	0.48	0.48	0.48	0.48	0.06	0.04	0.98	0.48	0.47	0.15	0.05	0.07	0.48	0.17	0.19	0.48	0.15	0	0.48	0.23	0.15	0.05	0.48	0.06	0.49	1	0.34	0.04	0.49	1.5	0.19	0.05	0.49	0.04	0.04	0.49	0.01	0.48	0.14	0.48	0.43	0.98	0.18	0.47	0.96
0.4	0.13	0.4	0.5	0	0.29	0.02	0.16	0.13	0.99	0.4	0.4	0.12	0.13	0.41	0.12	0.16	0.4	0.22	0.51	0.16	0.09	0.41	0.01	0.01	0.42	0.14	0.16	0.82	0.42	0.42	0.09	0.15	0	0.14	0.17	0.15	0.43	0.02	0.09	0.15	0.08	0.14	0.1	0.93	0	0.25	0.15	0.43	0.43	1.33	0.43	0.12	0.07	0.63	0.02	0.43	0.4	0.43	0.1	0.12	0.42	0.14	0.13	0.43	0.53	0.34	0.04	0.43	0.33	0.13	0.01	0	0.18	0.43	0.09	0.46	0.36	0.23	0.44	0.44	0.43	0.44	0.11	0.15	0.1	0.44	0.09	0.09	0.13	0.01	0.44	0.44	0.22	0.16	0.14	0.18	0.54	0.49
0.47	0.2	0.31	0.23	0.15	0.48	0.15	0.48	0.21	1.98	0.48	4.86	0.56	0.54	0.37	0.46	0.23	0.73	0.35	0.47	0.47	0.16	0.21	0.67	0.14	0.67	0.22	0.61	0.34	0.42	0.15	0.21	0.22	0.48	0.5	0.19	0.33	0.52	0.15	0.59	0.48	0.2	0.48	0.17	0.48	0.15	0	0.48	0.45	0.57	0.48	0.2	0.2	0.49	0.79	0.15	0.22	0.2	0.17	0.16	0.21	0.16	0.5	0.01	0.5	0.26	0.23	0.37	0.5	0.54	0.38	0.14	0.41	0.36	0.71	0.22	0.91	1.42	0.46	0.51	0.23	0.21	0.51	0.22	0.08	0.42	0.19	0.17	0.16	0.42	0.15	0.3	0.22	0.42	0.23	0.21	0.23	0.42	0.72
0.91	0.94	0.51	0.56	0.91	0.66	0.46	0.01	0.31	0.23	0.43	1.45	0.15	0.95	0.96	0.38	0.46	0.48	0.56	0.28	0.31	0.46	0.5	0.66	0.59	0.19	0.46	0.56	0.35	0.31	0.41	0.47	0.47	0.32	0.05	0.98	0.3	1.02	0.41	0.88	0.45	0.24	0.48	0.33	0.99	1.29	0.47	0	1.29	0.32	0.5	0.7	0.23	0.4	0.47	0.6	0.4	0.61	1.41	1.49	0.91	0.91	0.63	0.22	0.91	0.29	0.11	0.26	0.92	0.18	0.62	0.53	1.23	0.44	1.33	0.43	0.46	2.05	1.54	0.53	0.54	1.45	0.48	0.58	0.44	0.45	0.59	0.72	0.65	0.45	0.29	0.55	0.24	0.96	0.46	1.9	0.2	0.17	0.66
0.22	0.33	0.36	0.47	0.46	0.73	0.22	0.48	0.31	1.38	0.22	3.42	0.72	0.33	0.06	1.03	0.56	0.53	0.62	0.34	0.43	0.54	0.18	0.43	0.22	0.33	0.35	0.43	0.37	0.5	0.23	0.53	0.42	0.42	0.95	0.15	0.45	0.33	0.22	0.42	0.33	0.23	0.83	0.25	0.93	0.42	0.34	0.78	0	0.22	0.93	0.18	0.34	0.26	0.33	0.22	0.36	0.34	0.43	0.23	0.73	0.23	0.37	0.33	0.19	0.15	0.43	0.22	0.63	0.34	0.35	0.53	0.2	0.25	0.43	0.24	0.53	0.16	0.02	0.61	0.33	0.19	0.44	0.54	0.39	0.32	0.15	0.19	0.58	0.33	0.21	0.26	0.46	0.29	0.37	0.48	0.71	0.38	0.55
0.02	0.09	0.14	0.5	0.04	0.29	1.07	0.11	0.47	1.73	0.02	0.21	0.18	0.09	0.23	0.09	0.59	0.69	0.23	0.08	0.49	0.22	0.23	0.04	0.04	0.16	0.29	0.12	0.5	0.19	0.01	0.05	0.5	0.6	0.67	0.4	0.14	0.08	0.01	0.04	0.1	0.01	0.1	0.31	0.4	0.03	0.18	0.43	0.7	0.9	0.21	0.07	0.09	0.04	0.4	0.01	0.29	0.4	0.44	0.4	0.11	0.82	0.1	0.18	0.04	0.08	0.11	0.39	0.13	0.23	0.17	0.41	0.41	0.51	0.37	0.02	0.04	0.08	0.2	0.23	0.41	0.1	0.37	0.42	0.14	0.19	0.07	0.42	0.42	0.18	0.39	0.48	0.47	0.51	0.13	0.42	0.13	0.52	0.85
0.12	0.02	0.08	0.93	0.12	0.26	0.12	0.41	0.19	1.95	0.49	5.42	0.03	0.04	0.72	0.44	0.44	0.45	0.42	0.01	0.44	0.14	0.43	0.43	0.42	0.03	0.92	0.41	0.41	0.41	0.91	0.16	0.04	0.51	0.12	1.09	0.01	0.02	0.08	0.22	0.02	0.11	0.02	0.12	0.44	0.16	0.53	0.46	0.33	0.43	0.02	0.92	0.41	0.16	0.03	0.28	0.43	0.41	0.15	0.49	0.03	0.47	0.13	0.2	0.47	0.47	0.05	0.47	0.05	0.29	0.45	0.45	0.13	0.25	0.02	0.11	0.46	0.18	0.33	0.03	0.04	0.55	0.43	0.22	0.42	0.12	0.18	0.52	0.09	0.02	0.49	0.35	0.48	0.58	0.05	0.02	0.05	0.03	0.48
0.96	0.37	0.34	0.29	0.11	0.25	0.08	0.2	0.81	1.96	0.07	0.19	1.03	0.37	0.47	0.03	0.23	0.22	0.17	0.18	0.39	0.07	0.01	0.47	0.46	0.16	0.21	0.48	0.23	0.48	0.16	0.03	0.48	0.13	0.49	0.05	0.18	0.48	0.09	0.05	0.18	0.08	0.2	0.1	0.1	0.13	0.21	0.49	0.18	0.07	0.57	0	0.17	0.37	0.21	0.08	0.58	0.17	0.29	0.09	0.18	0.49	0.49	0.21	0.05	0.03	0.42	0.4	0.23	0.23	0.19	0.09	0.13	0.14	0.18	0.41	0.24	0.05	0.29	0.91	0.19	0.07	0.77	0.04	0.61	0.17	0.04	0.41	0.08	0.62	0.36	0.92	0.48	0.18	0.21	0.22	0.34	0.2	0.19
0.12	0.01	0.09	0.04	0.14	0.25	0.11	0.02	0.43	1.42	0.49	4.49	0.03	0.15	0.39	0.31	0.04	0.18	0.26	0.01	0.09	0.17	0.51	0.22	0.14	0.59	0.02	0.04	0.43	0.04	0.12	0.49	0.02	0.44	0.03	0.51	0.01	0.3	0.1	0.21	0.01	0.23	0.08	0.18	0.5	0.12	0.19	0.4	0.32	0.09	0.01	0.17	0	0.15	0.04	0.1	0.28	0.01	0.4	0.11	0.32	0.37	0.02	0.2	0.15	0.51	0.03	0.11	0.4	0.03	0.02	0.18	0.95	0.27	0.02	0.12	0.6	0.18	0.33	0.03	0.37	0.14	0.37	0.19	0.26	0.26	0.6	0.15	0.11	0.02	0.16	0.42	0.04	0.61	0.04	0.41	0.54	0.12	0.18
0.4	0.17	0.22	0.19	0.38	0.38	0.08	0.51	0.2	2.08	0.05	4.54	0.16	0.17	0.26	0.11	0.23	0.48	0.24	0.16	0.55	0.05	0.11	0.06	0.32	0.15	0.16	0.19	0.24	0.18	0.06	0.16	0.43	0.09	0.17	0.11	0.16	0.14	0.08	0.3	0.47	0.07	0.3	0.48	0.21	0.07	0.17	0.46	0.24	0.41	0.83	0.1	0.14	0	0.19	0.37	0.19	0.18	0.24	0.4	0.16	0.47	0.19	0.47	0.06	0.09	0.2	0.07	0.21	2.04	0.35	0.06	0.41	0.22	0.36	0.07	0.43	0.47	0.43	0.16	0.17	0.14	0.59	0.31	0.21	0.08	0.1	0.09	0.43	0.44	0.11	0.25	0.18	0.36	0.2	0.17	0.72	0.17	0.6
0.45	0.45	0.1	0.17	0.13	0.29	0.13	0.41	0.04	1.04	0.45	3.29	0.01	0.06	0.35	0.48	0.08	0.21	0.68	0.48	0.1	0.15	0.26	0.14	0.51	0.05	0.06	0.07	0.13	0.88	0.12	0.16	0.06	0.48	0.42	0.19	0.03	0.04	0.12	0.48	0.25	0.12	0.05	0.12	0.58	0.13	0.57	0.17	0.68	0.49	0.14	0.32	0.04	0.35	0	0.17	0.06	0.05	0.37	0.13	0.67	0.33	0.34	0.22	0.15	0.18	0.08	0.12	0.08	0.07	0.05	0.32	0.48	0.57	0.04	0.15	0.16	0.39	0.31	0.04	0.49	0.15	0	0.49	0.28	0.13	0.19	0.18	0.49	0.04	0.14	0.3	0.01	0.34	0.65	0.69	0.07	0.05	0.27
0.02	0.78	0.31	0.13	0.02	0.31	0.02	0.11	0.1	1.88	0.01	2.63	0.3	0.12	0.26	0.1	0.14	0.27	0.24	0.1	0.14	0.04	0.09	0.03	0.04	0.1	0.49	0.14	0.4	0.12	0.49	0.06	0.11	0.02	0.64	0.08	0.08	0.1	0	0.05	0.1	0.04	0.1	0	0.04	0.02	0.15	0.31	0.41	0.08	0.11	0.4	0.12	0.06	0.11	0	0.13	0.41	0.05	0.01	0.11	0.06	0.11	0.51	0.91	0.21	0.39	0.92	0.42	0.42	0.1	0.04	0.02	0.22	0.42	0.42	0.05	0.07	0.21	0.33	0.13	0.04	0.12	0.34	0.22	0.42	0.37	0.07	0.01	0.2	0.43	0.19	0.11	0.39	0.43	0.2	0.53	0.3	0.43
0.47	0.39	0.1	0.05	0.13	0.97	0.13	0	0.03	1.58	0.48	2.95	0.26	0.2	0.38	0.59	0.05	0.21	0.48	0.03	0.05	0.35	0.77	0.4	0.49	0.18	0.03	0.5	0.1	0.06	0.4	0.17	0.01	0.41	0.05	0.19	0.03	0.03	0.11	0.41	0.03	0.14	0.02	0.82	0.92	0.42	0.27	0.25	0.67	0.11	0.41	0.33	0.02	0.17	0.42	0.42	0	0.11	0.42	0.13	0.53	0.24	0.03	0.22	0.43	0.73	0.43	0.12	0.4	0.01	0.18	0.14	0.32	0.43	0.03	0.14	0.22	0.19	0.43	0.36	0.05	0.14	0.19	0.19	0.42	0.3	0.93	0.37	0.13	0.03	0.14	0.71	0.41	0.53	0.43	0.88	0.04	0.03	0.2
0.11	0.55	0.09	0.06	0.45	0.25	0.11	0.03	0.03	1.25	0.12	12.5	0.04	0.12	0.94	0.57	0.04	0.18	0.28	0.02	0.15	0.15	0.19	0.14	0.14	0.57	0.03	0.2	0.09	0.32	0.1	0.47	0.03	0.14	0.04	0.2	0.02	0.88	0.47	0.22	0.01	0.18	0.01	0.13	0.35	0.28	0.2	0.28	0.33	0.48	0.02	0.18	0.01	0.29	0.05	0.11	0.03	0	0.17	0.41	0.41	0.42	0.39	0.44	0.47	2.01	0.04	0.51	0.41	0.04	0.02	0.14	0.14	0.41	0.2	0.11	0.22	0.5	0.34	0.41	0.04	1.03	0.41	0.2	0.41	0.13	0.39	0.31	0.12	0.03	0.5	0.41	0.41	0.59	0.04	0.02	0.04	0.01	0.92
0.04	0.17	0.26	0.46	0.1	0.25	0.04	0.47	0.46	2.27	0.03	3.76	0.27	0.14	0.58	0.03	0.2	0.44	0.2	0.49	0.48	0.04	0.2	0.05	0.08	0.49	0.49	0.59	0.21	0.17	0.04	0	0.29	0.09	0.15	0.03	0.49	0.16	0.21	0.09	0.5	0.47	0.18	0.07	0.58	0.09	0.17	0.8	0.4	0.05	0.18	0.4	0.15	0.07	0.16	0.05	0.51	0.41	0	0.39	0.35	0.62	0.16	0.51	0.21	0.38	0.19	0.41	0.81	0.5	0.41	0.05	0.09	0.39	0.15	0.28	0.04	0.65	0.17	0.15	0.42	0.03	0.16	0.34	0.42	0.42	0.03	0.09	0.04	0.42	0.42	0.14	0.15	0.42	0.18	0.42	0.19	0.17	0.17
0.14	0.45	0.14	0.48	0.49	0.67	0.02	0.13	0.11	2.04	0.02	2.82	0.37	0.12	0.51	0.39	0.16	0.41	0.98	0.1	0.33	0.04	0.47	0.04	0.11	0.27	0.12	0.15	0.17	0.47	0.01	0.05	0.3	0.06	0.12	0.54	0.1	0.1	0.12	0.04	0.49	0.04	0.13	0.04	0.04	0.49	0.16	0.49	0.23	0.01	0.23	0.09	0.49	0.08	0.12	0.01	0.11	0.49	0.05	0	0.11	0.58	0.41	0.27	0.14	0.49	0.13	0.12	0.14	0.9	0.23	0.04	0.49	0.19	0.09	0.04	0.4	0.3	0.23	0.11	0.11	0.4	0.13	0.09	0.43	0.04	0.72	0.41	0.01	0.1	0.41	0.42	0.12	0.55	0.13	0.41	0.99	0.12	0.24
0.1	0.02	0.09	0.17	0.13	0.26	0.1	0.03	0.02	1.89	0.12	4.61	0.16	0.19	0.37	0.41	0.42	0.42	0.34	0.03	0.07	0.16	0.18	0.41	0.14	0.35	0.04	0.05	0.42	0.05	0.39	0.41	0.1	0.12	0.05	0.18	0.1	0.03	0.11	0.2	0.04	0.43	0.03	0.13	0.39	0.15	0.21	1.24	0.74	0.32	0.02	0.18	0.3	0.21	0.09	0.11	0.23	0.64	0.16	0.49	0	0.11	0.04	0.21	0.14	0.16	0.05	0.11	0.97	0.04	0.04	0.23	0.57	0.27	0.01	0.11	0.2	0.53	0.77	0.04	0.03	0.17	0.04	0.19	0.28	0.2	0.19	0.47	0.1	0.02	0.13	0.29	0.04	0.4	0.07	0.1	0.43	0.03	1.91
0.02	0.44	0.45	0.3	0.45	1.14	0.93	0.11	0.43	0.93	0.43	5.71	0.11	0.13	0.26	0.49	1.49	0.99	0.24	0.5	0.49	0.05	0.49	0.04	0.04	0.26	0.48	0.98	0.98	0.48	0.01	0.49	0.81	0.98	0.42	0.98	0.47	0.98	0.05	0.48	0.12	0.04	0.96	0.46	0.96	0.03	0.46	0.46	0.46	0.46	0.46	0.1	0.45	0.45	0.45	0	0.45	1.45	0.06	0.02	0.94	0.01	0.94	0.44	1.94	0.44	0.44	0.93	0.44	0.13	0.43	0.43	0.93	0.19	0.43	0.27	0.93	0.43	0.92	0.92	1.42	0.42	0.42	0.42	0.92	0.04	0.91	0.91	0.4	0.5	1.5	0.5	0.12	0.5	0.6	0.5	0.49	0.49	1.99
0.46	0.07	0.1	0.02	0.15	0.43	0.13	0.03	0.03	1.12	0.43	1.41	0.06	0.28	0.68	0.22	0.02	0.2	0.42	0.37	0.1	0.17	0.22	0.15	0.18	0.04	0.36	0.05	0.36	0.37	0.12	0.18	0.04	0.37	0.05	0.27	0.03	0.03	0.13	0.22	0.03	0.48	0.48	0.16	0.34	0.37	0.22	0.25	0.35	0.19	0.04	0.21	0.02	0.16	0.4	0.49	0.49	0.09	0.18	0.12	0.04	0.99	0	0.22	0.18	0.17	0.11	0.2	0.02	0.04	0.04	0.49	0.19	0.31	0.04	0.49	0.49	0.49	1.17	0.09	0.05	0.16	0.06	0.49	0.28	0.13	0.4	0.16	0.13	0.24	0.38	0.57	0.06	0.73	0.59	0.05	0.02	0.03	1.1
0.15	0.53	0.3	0.74	0.13	0.42	0.15	0.48	1.47	2.36	0.15	1.87	0.46	0.47	0.46	0.21	0.23	0.36	0.35	0.2	0.47	0.17	0.21	0.23	0.14	0.22	0.48	0.24	0.32	0.23	0.15	0.51	0.27	0.13	0.24	0.48	0.25	0.21	0.48	0.21	0.21	0.21	0.23	0.56	0.44	0.48	0.02	0.5	0.33	0.15	0.36	0.59	0.49	0.17	0.42	0.15	0.49	0.2	0.17	0.17	0.21	0.38	0.22	0	0.5	0.2	0.45	0.15	0.24	0.23	0.2	0.35	0.13	0.75	0.22	0.4	0.4	0.18	0.9	0.4	0.4	0.21	0.22	0.18	0.07	0.39	0.49	0.41	0.16	0.21	0.9	0.3	0.22	1.02	0.23	0.52	0.23	0.41	0.34
0.04	0.46	0.19	0.17	0.47	1.14	0.03	0.15	0.14	0.74	0.03	4.36	0.15	0.98	0.22	0.28	0.17	0.59	0.49	0.17	0.17	0.03	0.05	0.04	0.04	0.13	0.57	0.18	0.18	0.16	0.04	0.29	0.47	0.64	0.15	0.05	0.13	0.5	0.18	0.01	0.16	0.02	0.16	0.06	0.11	0.39	0.18	0.81	0.19	0.04	0.45	0.22	0.15	0.06	0.51	0.04	0.41	0.35	0.39	0.44	0.51	0.37	0.15	0.32	0	0.05	0.19	0.04	0.34	0.16	0.15	0.42	0.28	0.19	0.42	0.26	0.08	0.21	0.19	0.79	0.14	0	0.52	0.05	0.43	0.03	0.05	0.2	0.42	0.66	0.04	0.17	0.23	0.2	0.17	0.47	0.16	0.57	0.77
0.07	0.51	0.2	0.19	0.06	0.22	0.41	0.16	0.18	2.48	0.06	6.13	0.17	0.15	0.17	0.01	0.18	0.18	0.4	0.15	0.19	0.43	0.04	0.07	0.07	0.15	0.17	0.47	0.58	0.39	0.3	0.47	0.4	0.3	0.18	0.01	0.14	0.38	0.44	0.05	0.16	0.08	0.48	0.09	0.09	0.06	0.58	0.39	0.15	0.48	0.14	0.03	0.48	0.1	0.18	0.07	0.16	0.16	0.02	0.42	0.16	0.33	0.17	0.18	0.05	0	0.18	0.07	0.19	0.17	0.15	0.29	0.78	0.12	0.38	0.15	0.05	0.02	0.16	0.51	0.48	0.05	0.58	0.01	0.48	0.07	0.48	0.05	0.27	0.18	0.07	0.98	0.48	0.14	0.48	0.16	0.19	0.35	0.2
0.53	0.04	0.11	0.04	0.25	0.44	0.16	0.05	0.04	2.36	0.24	5.57	0.07	0.04	0.97	0.47	0.03	0.57	0.47	0.17	0.09	0.33	0.53	0.17	0.47	0.05	0.01	0.06	0.13	0.47	0.48	0.19	0.05	0.5	0.06	0.2	0.04	0.18	0.22	0.26	0.04	0.37	0.29	0.21	0.29	0.15	0.23	0.26	0.36	0.12	0.88	0.21	0.03	0.2	0.07	0.14	0.68	0.04	0.19	0.15	0.05	0.14	0.02	0.23	0.18	0.54	0	0.47	0.01	0.06	0.05	0.16	0.15	0.47	0.05	0.16	0.23	0.88	0.97	0.07	0.06	0.34	0.47	0.41	0.29	0.16	0.22	0.2	0.19	0.05	0.15	1.78	0.07	0.37	0.12	0.05	0.03	0.04	0.59
0	0.47	0.29	0.14	0.02	0.31	0	0.47	0.12	1.38	0.01	3.27	0.16	0.12	0.25	0.1	0.58	0.25	0.61	0.11	0.13	0.04	0.08	0.03	0.03	0.12	0.14	0.21	0.17	0.13	0.02	0.05	0.12	0.02	0.11	0.08	0.1	0.4	0.01	0.35	0.13	0.03	0.46	0.07	0.23	0.4	0.15	0.4	0.22	0.02	0.13	0.11	0.12	0.41	0.13	0.41	0.12	0.12	0.91	0.02	0.11	0.94	0.27	0.15	0.51	0.07	0.27	0	0.14	0.37	0.42	0.42	1.01	0.19	0.11	0.04	0.93	0.06	0.2	0.11	0.15	0.05	0.42	0.07	0.21	0.03	0.33	0.43	0.02	0.11	0.03	0.19	0.82	0.25	0.15	0.43	0.9	0.12	0.43
0.16	0.35	0.12	0.04	0.15	0.24	0.14	0.4	0.05	2.17	0.14	2.85	0.47	0.17	0.4	1.27	0.37	0.4	0.31	0.05	0.41	0.48	0.3	0.49	0.16	0.23	0.02	0.07	0.13	0.27	0.13	0.7	0.05	0.15	0.12	0.3	0.08	0.05	0.41	0.51	0.05	0.42	0.05	0.17	0.67	0.15	0.62	0.72	0.37	0.93	0.11	0.23	0.04	0.19	0.25	0.23	0.05	0.25	0.21	0.27	0.06	0.13	0.03	0.24	0.91	0.49	0.01	0.41	0	0.07	0.33	0.45	0.15	0.31	0.06	0.17	0.25	0.2	0.33	0.07	0.07	0.2	0.48	0.24	0.3	0.48	0.58	0.24	0.13	0.48	0.17	0.34	0.07	0.49	0.03	0.05	0.04	0.05	0.43
0.14	0.17	0.11	0.06	0.17	0.31	0.16	0.02	0.03	2.43	0.43	2.92	0.06	0.04	0.37	0.23	0.44	0.4	0.55	0.04	0.2	0.18	0.6	0.17	0.16	0.42	0.05	0.02	0.11	0.07	0.12	0.54	0.01	0.14	0.14	0.45	0.04	0.04	0.11	0.95	0.04	0.45	0.03	0.17	0.16	0.52	0.43	0.46	0.34	0.12	0.06	0.23	0.03	0.16	0.16	0.46	0.02	0.04	0.43	0.12	0.04	0.13	0.04	0.22	0.17	0.16	0.05	0.2	0.1	0	0.05	0.5	0.53	0.98	0.04	0.15	0.22	0.47	0.72	0.17	0.34	0.48	0.27	0.22	0.68	0.14	0.76	0.35	0.24	0.04	0.15	0.32	0.06	0.48	0.23	0.03	0.06	0.04	0.21
0.12	0.03	0.09	0.06	0.15	0.26	0.53	0.04	0.03	1.98	0.13	3.31	0.04	0.05	0.63	0.23	0.05	0.52	0.92	0.01	0.42	0.25	0.23	0.42	0.15	0.36	0.04	0.06	0.1	0.05	0.43	0.19	0.04	0.13	0.27	0.22	0.4	0.59	0.1	0.23	0.05	0.43	0.03	0.43	0.41	0.13	0.56	0.25	0.36	0.09	0.37	0.3	0.02	0.19	0.28	0.43	0.04	0.02	0.19	0.18	0.43	1.03	0.04	0.2	0.17	0.43	0.05	0.13	0.44	0.05	0	0.16	0.44	0.26	0.03	0.13	0.22	0.51	0.55	0.28	0.05	0.55	0.45	1.26	0.75	0.5	0.48	0.16	0.45	0.04	0.14	0.74	0.3	0.56	0.06	0.3	0.05	0.03	0.19
0.32	0.46	0.44	0.43	0.02	0.3	0.03	0.16	0.13	2.01	0.03	0.52	0.31	0.13	0.36	0.09	0.18	0.64	0.23	0.54	0.19	0.05	0.09	0.13	0.02	0.21	0.42	0.52	0.19	0.25	0.04	0.62	0.15	0.01	0.15	0.1	0.42	0.86	0.42	0.09	0.31	0.42	0.17	0.06	0	0.42	0.34	0.51	0.21	0.42	0.15	0.42	0.16	0.08	0.43	0.17	0.14	0.45	0.32	0.04	0.53	0.04	0.15	0.14	0.04	0.07	0.16	0.03	0.18	0.16	0.45	0	0.05	0.46	0.13	0.05	0.09	0.06	0.19	0.14	0.16	0.04	0.15	0.21	0.19	0.38	0.09	0.04	0.49	0.14	0.33	0.49	0.45	0.23	0.18	0.27	0.18	0.14	0.22
0.02	0.5	0.4	0.18	0	0.29	0.41	0.14	0.11	1.2	0.05	2.37	0.33	0.49	0.27	0.12	0.49	0.23	0.22	0.45	0.49	0.38	0.13	0.36	0.01	0.13	0.9	0.31	0.19	0.4	0.09	0.46	0.41	0	0.14	0.09	0.12	0.43	0.24	0.09	0.41	0.08	0.25	0.04	0.41	0.05	0.51	0.41	0.55	0.32	0.41	0.41	0.42	0.41	0.13	0.34	0.14	0.14	0.09	0.62	0.42	0.92	0.42	0.52	0.09	0.09	0.16	0.02	0.16	0.14	1.03	0.01	0	0.18	0.53	0.46	0.43	0.83	0.93	0.12	0.94	0.44	0.13	0.06	0.17	0.09	0.06	0.26	0.44	0.45	0.26	0.17	0.45	0.58	0.16	0.14	0.95	0.14	1.95
0.18	0.28	0.51	0.32	0.18	0.12	0.56	0.28	0.26	1.79	0.46	0.68	0.27	0.27	0.22	0.43	0.3	0.09	0.05	0.3	0.32	0.5	0.21	0.19	0.42	0.5	0.28	0.29	0.37	0.29	0.51	0.35	0.27	0.4	0.29	0.11	0.27	0.4	0.41	0.2	0.27	0.18	0.26	0.46	1	0.18	0.36	0.37	0.25	0.2	0.27	0.14	0.26	0.23	0.41	0.5	0.28	0.51	0.13	0.19	0.27	0.37	0.41	0.33	0.19	0.52	0.3	0.18	0.3	0.3	0.4	0.19	0.23	0	0.4	0.26	0.2	0.41	0.22	0.27	0.28	0.52	0.4	0.1	0.35	0.2	0.1	0.15	0.19	0.41	0.41	0.02	0.27	0.03	0.32	0.28	0.82	0.68	0.37
0.1	0.42	0.46	0.06	0.13	0.34	0.67	0.43	0.02	1.44	0.47	2.32	0.03	0.38	0.37	0.93	0.05	0.19	0.44	0.02	0.22	0.54	0.46	0.14	0.44	0.02	0.04	0.45	0.29	0.28	0.1	0.85	0.04	0.12	0.05	0.19	0.01	0.05	0.46	0.22	0.03	0.48	0.03	0.46	0.33	0.13	0.47	0.47	0.33	0.1	0.02	0.48	0.02	0.16	0.04	0.38	0.03	0.03	0.49	0.11	0.01	0.09	0.04	0.21	0.22	0.16	0.05	0.1	0.5	0.17	0.41	0.13	0.13	0.4	0	0.4	0.23	0.7	0.6	0.03	0.04	0.36	0.04	0.18	0.41	0.41	0.41	0.16	0.09	0.02	0.41	0.42	0.43	0.34	0.07	0.92	0.06	0.03	1.04
0.04	0.13	0.19	0.15	0.1	0.7	0.03	0.14	0.13	1.96	0.22	0.23	0.45	0.13	0.23	0.08	0.47	0.49	0.22	0.11	0.2	0.04	0.09	0.05	0.05	0.12	0.38	0.5	0.21	0.14	0.36	0.08	0.41	0.1	0.18	0.16	0.11	0.11	2.09	0.42	0.13	0.01	0.35	0.04	0.44	0.1	0.22	0.31	0.5	0.03	0.46	0.46	0.12	0.07	0.14	0.04	0.47	0.11	0.09	0.03	0.12	0.26	0.49	0.21	0.03	0.15	0.41	0.04	0.25	0.13	0.41	0.44	0.09	0.2	0.11	0	0.43	0.09	0.23	0.14	0.13	0.43	0.13	0.1	0.28	0	0.1	0.1	0.03	0.11	0.05	0.56	0.13	0.23	0.16	0.13	0.31	0.13	0.24
0.1	0.59	0.19	0.23	0.09	0.32	0.5	0.21	0.2	2.11	0.03	0.23	0.35	0.19	0.27	0.26	0.24	0.27	0.29	0.82	0.24	0.23	0.06	0.09	0.09	0.21	0.22	0.25	0.96	0.44	0.28	0.04	0.23	0.11	0.17	0.09	0.58	0.58	0.12	0	0.28	0.03	0.22	0.12	0.1	0.09	0.59	0.44	0.23	0.21	0.42	0.05	0.2	0.06	0.16	0.05	0.21	0.22	0.43	0.05	0.2	0.05	0.23	0.44	0.01	0.05	0.23	0.44	0.44	0.25	0.21	0.09	0.09	0.44	0.2	0.04	0	0.18	0.53	0.48	0.59	0.01	0.16	0.09	0.23	0.03	0.4	0.06	0.4	0.5	0.09	0.21	0.15	0.22	0.23	0.25	0.41	0.22	0.24
0.27	0.96	0.22	0.19	0.44	1.03	0.23	0.17	0.5	2.32	0.06	0.94	0.49	0.17	0.18	0.22	0.48	0.19	0.18	0.47	0.38	0.07	0.05	0.06	0.06	0.17	0.21	0.46	0.23	0.55	0.33	0.45	0.55	0.04	0.18	0.01	0.16	0.43	0.94	0.08	0.19	0.43	0.53	0.43	0.35	0.42	0.17	0.61	0.16	0.91	0.51	0.4	0.17	0.09	0.18	0.4	0.35	0.5	0.03	0.07	0.18	0.07	0.49	0.18	0.05	0.02	0.48	0.06	0.45	0.47	0.18	0.06	0.04	0.46	0.77	0.08	0.08	0.01	0.14	0.17	0.44	0.04	0.44	0.25	0.43	0.08	0.01	0.43	0.07	0.52	0.12	0.42	0.17	0.42	0.52	0.42	0.52	0.92	0.42
0.25	0.61	0.34	0.54	0.24	0.41	0.2	0.61	0.54	1.86	0.2	0.05	0.64	0.29	0.04	0.22	0.33	0.26	0.26	0.33	0.32	0.34	0.44	0.19	0.19	0.31	0.44	0.44	0.4	1.04	0.22	0.43	0.33	0.53	0.47	0.13	0.32	0.71	0.2	0.22	0.97	0.21	0.7	0.87	0.6	0.47	0.47	0.44	0.13	0.52	0.45	0.16	0.98	0.26	0.31	0.2	0.34	0.32	0.49	0.23	0.3	0.21	1.01	0.5	0.19	0.16	0.34	0.2	0.35	0.94	0.41	0.41	0.24	0.52	0.42	0.23	0.42	0.45	0	0.46	0.32	0.63	0.32	0.13	0.64	0.22	0.13	0.54	0.22	0.3	0.19	0.21	0.31	0.3	0.33	0.95	0.45	0.45	0.24
0.26	0.04	0.1	0.07	0.46	0.3	0.43	0.05	0.03	1.58	0.12	1.45	0	0.05	0.34	0.43	0.07	0.53	0.42	0.03	0.1	0.15	0.42	0.14	0.51	0.41	0.23	0.07	0.4	0.9	0.11	0.16	0.05	0.49	0.46	0.19	0.03	0.03	0.11	0.15	0.06	0.12	0.34	0.49	0.48	0.12	0.22	0.05	0.33	0.57	0.57	0.46	0.03	0.56	0.29	0.46	0.05	0.04	0.45	0.11	0.04	0.54	0.44	0.22	0.15	0.43	0.07	0.18	0.07	0.92	0.04	0.41	0.12	0.91	0.03	0.14	0.15	0.6	0.7	0	0.4	3.9	0.27	0.4	0.4	0.5	0.19	0.4	0.11	0.04	0.13	0.49	0.18	0.33	0.07	0.48	0.36	0.15	0.47
0.43	0.04	0.08	0.07	0.14	0.27	0.12	0.05	0.02	2.21	0.12	1.6	0.7	0.03	0.4	0.21	0.1	1.01	0.34	0.14	0.06	0.15	0.2	0.16	0.48	0.03	0.28	0.4	0.41	0.25	0.12	0.17	0.05	0.13	0.05	0.2	0.03	0.17	0.1	0.23	0.05	0.14	0.04	0.6	0.15	0.51	0.44	0.34	0.33	0.12	0.41	0.71	0.04	0.16	0.03	0.44	0.05	0.04	0.34	0.46	0.03	0.13	0.41	0.23	0.14	0.16	0.06	0.51	0.41	1.22	0.05	0.15	0.13	0.41	0.04	0.41	0.21	0.41	0.31	0.36	0	0.16	0.14	0.29	0.61	0.13	0.19	0.15	0.12	0.41	0.14	0.7	0.03	0.35	0.12	0.04	0.4	0.34	0.21
0.05	0.5	0.21	1.01	0.15	0.29	0.07	0.46	0.45	1.45	0.02	1.39	0.14	0.14	0.19	0.09	0.17	0.54	0.22	0.45	0.39	0.04	0.06	0.05	0.06	0.22	0.16	0.45	0.22	0.16	0.03	0.03	0.15	0.08	0.15	0.05	0.13	0.16	0.04	0	0.55	0.33	0.15	0.09	0.23	0.11	0.86	0.28	0.48	0.09	0.39	0.04	0.16	0.45	0.16	0.04	0.14	0.16	0.03	0.04	0.52	0.89	0.15	0.21	0.14	0.46	0.17	0.04	0.37	0.2	0.24	0.27	0.1	0.19	0.2	0.03	0	0.04	0.19	0.32	0.76	0	0.15	0.14	0.21	0.07	0.05	0.24	0.35	0.46	0.05	0.46	0.86	0.6	0.22	0.14	0.46	0.34	0.23
0.12	0.47	0.11	0.08	0.13	0.45	0.12	0.06	0.11	0.45	0.13	2.25	0.01	0.06	0.95	0.45	0.08	0.55	0.34	0.04	0.11	0.15	0.57	0.14	0.46	0.05	0.06	0.42	0.47	0.4	0.46	0.16	0.06	0.13	0.08	0.19	0.03	0.04	0.11	0.16	0.05	0.13	0.47	0.12	0.16	0.13	0.47	0.77	0.56	0.18	0.67	0.21	0.43	0.57	0.39	0.11	0.06	0.05	0.47	0.12	0.04	0.76	0.06	0.48	0.49	0.18	0.24	0.12	0.48	0.48	0.05	0.58	0.48	0.28	0.44	0.13	0.49	0.18	0.32	0.01	0.03	0.16	0	0.49	0.28	0.59	0.42	0.49	0.2	0.04	0.14	0.49	0.01	0.34	0.08	0.05	0.5	0.05	0.31
0.07	0.52	0.52	0.21	0.44	0.23	0.07	0.21	0.39	1.54	0.08	7.14	0.46	0.44	0.41	0.14	0.61	0.18	0.16	0.2	0.42	0.43	0.25	0.08	0.07	0.17	0.19	0.22	0.24	0.19	0.42	0.03	0.2	0.05	0.19	0.91	0.42	0.38	0.08	0.09	0.43	0.73	0.2	0.37	0.43	0.06	0.2	0.39	0.53	0.26	0.31	0.04	0.18	0.11	0.19	0.08	0.19	0.2	0.44	0.09	0.44	0.08	0.21	0.43	0.11	0.01	0.22	0.07	0.49	0.44	0.19	0.08	0.44	0.1	0.19	0.1	0.09	0.16	0.44	0.18	0.17	0.44	0.53	0	0.32	0.1	0.07	0.04	0.08	0.18	0.32	0.12	0.18	0.15	0.22	0.55	0.95	0.2	0.33
0.42	0.41	0.26	0.29	0.15	0.71	0.52	0.28	0.27	1.45	0.21	3.85	0.54	0.29	0.45	0.27	0.29	0.45	0.95	0.45	0.39	0.22	0.27	0.14	0.51	0.45	0.28	0.3	0.47	0.88	0.41	0.26	0.28	0.55	0.52	0.56	0.25	0.25	0.45	0.56	0.27	0.2	0.46	0.25	0.46	0.2	0.07	0.46	0.57	0.14	0.68	0.27	0.46	0.19	0.53	0.21	0.46	0.52	0.23	0.22	0.46	0.47	0.67	0.06	0.18	0.47	0.29	0.21	0.29	0.29	0.47	0.19	0.47	0.35	0.97	0.47	0.23	0.47	0.58	0.44	0.47	0.21	0.28	0.48	0	0.28	0.25	0.17	0.22	0.27	0.32	0.36	0.28	0.41	0.48	0.27	0.58	0.58	0.6
0.03	0.13	0.43	0.4	0.1	0.31	0.04	0.12	0.12	0.4	0.03	7.33	0.14	0.4	0.26	0.07	0.15	0.71	0.71	0.44	0.41	0.04	0.3	0.05	0.17	0.41	0.15	0.51	0.53	0.14	0.05	0.09	0.16	0.09	0.14	0.1	0.12	0.12	0.29	0.06	0.11	0.01	0.11	0.42	0.05	0.09	0.42	0.71	0.62	0.01	0.42	0.09	0.17	0.08	0.25	0.03	0.48	0.11	0.08	0.04	0.12	0.19	0.43	0.22	0.31	0.07	0.63	0.43	0.49	0.19	0.12	0.05	0.12	0.44	0.12	0	0.28	0.09	0.69	0.13	0.13	0.03	0.14	0.09	0.45	0	0.45	0.65	0.03	0.2	0.04	0.2	0.13	0.22	0.3	0.13	0.14	0.12	0.56
0.47	0.18	0.21	0.21	0.19	0.48	0.54	0.19	0.44	1.52	0.29	1.68	0.28	0.17	0.18	0.03	0.21	0.52	0.17	0.19	0.2	0.08	0.08	0.09	0.07	0.2	0.48	0.21	0.49	0.45	0.48	0.03	0.19	0.44	0.17	0.03	0.19	0.61	0.23	0.09	0.21	0.17	0.32	0.39	0.49	0.06	0.53	0.5	0.15	0.07	0.19	0.04	0.4	0.11	0.5	0.08	0.2	0.19	0.4	0.25	0.21	0.08	0.61	0.19	0.16	0.01	0.21	0.08	0.61	0.33	0.19	0.09	0.06	0.1	0.41	0.1	0.09	0.01	0.41	0.18	0.2	0.05	0.19	0	0.25	0.42	0	0.04	0.09	0.18	0.42	0.42	0.48	0.93	0.42	0.2	0.22	0.25	0.19
0.04	0.46	0.18	0.18	0.45	0.53	0.04	0.2	0.47	1.46	0.06	7.75	0.45	0.16	0.22	0.4	0.19	0.22	2.51	0.47	0.18	0.08	0.11	0.4	0.04	0.14	0.8	0.19	0.4	0.19	0.07	0.09	0.16	0.03	0.15	0.04	0.4	0.18	0.05	0.06	0.18	0.08	0.17	0.08	0.16	0.4	0.17	0.64	0.18	0.45	0.72	0.08	0.18	0.1	0.19	0.4	0.33	0.17	0.09	0.08	0.15	0.4	0.16	0.18	0.06	0.05	0.2	0.05	0.18	0.5	0.16	0.04	0.09	0.4	0.16	0.09	0.07	0.6	0.16	0.17	0.4	0.08	0.19	0.04	0.17	0.4	0.5	0	0.08	0.15	0.06	0.15	0.41	0.61	0.52	0.37	0.19	0.51	0.44
0.02	0.1	0.16	0.6	0.1	0.31	0.02	0.11	1.35	2.5	0.28	1.62	0.11	0.11	0.22	0.07	0.46	0.26	0.22	0.11	0.5	0.04	0.7	0.04	0.05	0.11	0.13	0.33	0.18	0.12	0.13	0.21	0.12	0.38	0.46	0.4	0.1	0.63	0.01	0.04	0.5	0.03	0.44	0.01	0.15	0.12	0.16	0.31	0.98	0	0.17	0.08	0.25	0.06	0.12	0.4	0.12	0.1	0.04	0.01	0.12	0.01	0.12	0.16	0.41	0.08	0.14	0.41	0.36	0.12	0.1	0.41	0.09	0.19	0.1	0.03	0.04	0.07	0.92	0.42	0.12	0.03	0.22	0.08	0.22	0.42	0.09	0.33	0	0.1	0.03	0.42	0.44	0.72	0.29	0.1	0.36	0.1	0.23
0.5	0.02	0.41	0.45	0.12	0.26	0.12	0.03	0.07	1.5	0.12	4.78	0.15	0.01	0.37	0.4	0.05	0.2	0.35	0.03	0.06	0.4	0.18	0.13	0.5	0.4	0.04	0.23	0.3	0.22	0.41	0.16	0.03	0.32	0.06	0.37	0.29	0.03	0.18	0.21	0.41	0.1	0.04	0.42	0.44	0.13	1.44	0.03	0.32	0.18	0.03	0.44	0.02	0.17	0.04	0.69	0.03	0.44	0.44	0.1	0.02	0.12	0.04	0.45	0.15	0.21	0.45	0.11	0.06	0.04	0.04	0.35	0.13	0.45	0.02	0.14	0.45	0.48	0.51	4.27	0.01	0.45	0.04	0.17	0.96	0.45	0.18	0.15	0.11	0	0.45	0.29	0.04	0.55	0.05	0.03	0.46	0.03	0.2
0.31	0.45	0.53	0.19	0.01	0.3	0.02	0.19	0.2	1.55	0.03	3.1	0.13	0.48	0.58	0.09	0.17	0.24	0.23	0.55	0.48	0.04	0.09	0.01	0.02	0.13	0.48	0.17	0.21	0.15	1.09	0.05	0.15	0.01	0.16	0.08	0.49	0.4	0.03	0.09	0.19	0.04	0.13	0.05	0.01	0.01	0.5	0.37	0.48	0.04	0.14	0.08	0.14	0.07	0.14	0.41	0.4	0.25	0.05	0.04	0.13	0.16	0.17	0.13	0.04	0.4	0.16	0.02	0.16	0.4	0.4	0.34	0.01	0.19	0.33	0.05	0.36	0.41	0.19	0.14	0.15	0.04	0.41	0.41	0.31	0.04	0.08	0.04	0.03	0.41	0	0.51	0.14	0.37	0.52	1.12	0.16	0.14	0.51
0.19	0.68	0.32	0.44	0.48	0.12	0.98	0.5	0.3	1.46	0.48	1.18	0.53	0.69	0.49	0.14	0.49	0.43	0.05	0.3	0.5	0.19	0.4	0.18	0.34	0.4	0.72	0.4	0.43	0.3	0.42	0.41	0.57	0.17	0.46	0.12	0.3	0.51	0.17	0.21	0.42	0.18	0.3	0.42	0.64	0.17	0.74	0.52	0.26	0.54	0.44	0.15	0.3	0.54	0.95	0.45	0.33	0.45	0.34	0.2	0.65	0.84	0.32	0.39	0.45	0.11	0.46	0.46	0.51	0.32	0.48	0.66	0.17	0.07	0.98	0.2	0.21	0.13	0.47	0.57	0.32	0.48	0.37	0.48	0.99	0.48	0.43	0.15	0.49	0.49	0.18	0	0.3	0.03	0.7	0.3	0.68	0.3	0.4
0.12	0.35	0.47	0.47	0.13	0.58	0.12	0.05	0.03	1.5	0.12	0.6	0	0.05	0.34	0.4	0.07	0.21	0.34	0.4	0.09	0.15	0.41	0.14	0.41	0.05	0.41	0.46	0.12	0.01	0.41	0.16	0.09	0.12	0.07	0.18	0.52	0.03	0.11	0.54	0.05	0.12	0.18	0.11	0.42	0.13	0.42	0.62	0.32	0.36	0.03	0.42	0.42	0.16	0.01	0.11	0.92	0.04	0.15	0.42	0.04	0.38	0.06	0.22	0.93	0.17	0.07	0.43	0.07	0.06	0.04	0.43	0.83	0.27	0.03	0.43	0.39	0.17	0.31	0	0.23	0.24	0.43	0.18	0.28	0.13	0.53	0.23	0.12	0.04	0.53	0.3	0	0.34	0.07	0.44	0.47	0.05	0.5
0.43	0.43	0.34	0.53	0.94	0.44	0.23	0.44	0.34	1.65	0.54	0.8	0.5	0.33	0.32	0.44	0.53	0.06	0.05	0.4	0.7	0.41	0.72	0.23	0.23	0.34	0.41	0.36	0.82	0.42	0.23	0.18	0.42	0.21	0.32	0.15	0.34	0.63	0.62	0.42	0.59	0.53	0.43	0.26	0.53	0.42	0.34	0.93	0.43	0.44	0.47	0.18	0.35	0.25	0.94	0.23	0.54	0.74	0.64	0.44	0.33	0.57	0.64	0.45	0.2	0.45	0.85	0.46	0.46	0.37	0.37	0.56	0.22	0.03	0.34	0.22	0.46	0.86	0.98	0.46	0.35	0.39	0.46	0.15	0.47	0.44	0.97	0.22	0.47	0.67	0.54	0.47	0.34	0	0.58	0.32	0.58	0.42	0.12
0.43	0.04	0.49	0	0.16	0.24	0.32	0.49	0.05	1.47	0.16	4.43	0.07	0.47	0.47	0.23	0.04	0.22	0.64	0.05	0.09	0.49	0.58	0.16	0.18	0.14	0.02	0.07	0.48	0.08	0.13	0.19	0.05	0.15	0.07	0.24	0.05	0.04	0.13	0.4	0.05	0.49	0.04	0.17	0.18	0.15	0.9	0.4	0.38	0.47	0.06	0.24	0.04	0.18	0.08	0.5	0.05	0.04	0.18	0.13	0.07	1.22	0.02	0.41	0.17	0.31	0.41	0.17	0.03	0.09	0.06	0.42	0.15	0.33	0.42	0.16	0.23	0.56	0.33	0.07	0.43	0.51	0.43	0.35	0.29	0.17	0.44	0.18	0.34	0.05	0.94	0.34	0.07	0.4	0	0.44	0.01	0.44	0.22
0.12	0	0.09	0.62	0.42	0.62	0.11	0.03	0.42	1.6	0.12	0.34	0.04	0.04	0.38	0.22	0.05	0.19	0.23	0.02	0.06	0.16	0.21	0.15	0.15	0	0.03	0.39	0.41	0.91	0.1	0.17	0.03	0.42	0.04	0.24	0.02	0.02	0.11	0.21	0.2	0.26	0.02	0.12	0.16	0.43	0.37	0.56	0.33	0.42	0.02	0.19	0.01	0.17	0.19	0.12	0.02	0.02	0.47	0.44	0.08	1.04	0.03	0.21	0.17	0.44	0.1	0.12	0.05	0.62	0.03	0.53	0.14	0.27	0.03	0.12	0.45	0.32	0.43	0.46	0.04	0.15	0.39	0.57	0.27	0.12	0.37	0.17	0.12	0.47	0.15	0.64	0.04	0.66	0.36	0	0.05	0.02	0.19
0.22	0.49	0.49	0.01	0.49	0.24	0.15	0.05	0.05	0.9	0.49	8.32	0.07	0.08	0.38	0.3	0.04	0.49	0.29	0.04	0.09	0.56	0.59	0.16	0.18	0.07	0.02	0.06	0.35	0.08	0.14	0.99	0.13	0.15	0.07	0.5	0.04	0.91	0.51	0.41	0.05	0.15	0.04	0.41	1.12	0.15	0.41	0.31	0.92	0.12	0.15	0.21	0.04	0.52	0.08	0.47	0.05	0.04	0.42	0.49	0.06	0.42	0.02	0.23	0.18	0.43	0.63	0.43	0.6	0.06	0.05	0.43	0.33	0.63	0.43	0.14	0.44	0.19	0.43	0.18	0.06	0.44	0.07	0.22	0.29	0.94	0.24	0.18	0.14	0.43	0.44	0.44	0.94	0.65	0.09	0.04	0	0.04	0.44
0.12	0.02	0.1	0.05	0.14	0.25	0.12	0.03	0.05	1.55	0.13	2.99	0.04	0.15	0.46	0.21	0.05	0.19	0.23	0.02	0.06	0.43	0.21	0.17	0.14	0	0.03	0.35	0.11	0.05	0.11	0.15	0.47	0.13	0.44	0.2	0.03	0.18	0.1	0.47	0.47	0.12	0.01	0.12	0.35	0.53	0.47	0.03	0.33	0.48	0.03	0.19	0.01	0.19	0.05	0.11	0.05	0.01	0.48	0.11	0.03	0.48	0.03	0.61	0.15	0.18	0.11	0.48	0.05	0.04	0.03	0.48	0.33	0.28	0.03	0.12	0.24	0.98	0.34	0.2	0.37	0.3	0.05	0.23	0.27	0.13	0.19	0.48	0.12	0.49	0.25	0.69	0.06	0.36	0.05	0.39	0.04	0	0.34
0.97	0.46	0.46	0.22	0.23	0.15	0.38	0.6	0.19	1.36	0.22	0.83	0.27	0.21	0.24	0.47	0.41	0	0.04	0.47	0.38	0.47	0.19	0.22	0.48	0.99	0.2	0.99	0.44	0.28	0.49	0.59	0.2	0.23	0.52	1.49	0.18	0.57	0.23	0.5	0.19	0.36	0.19	0.26	1	0.23	0.52	0.77	0.3	0.91	0.47	0.19	0.18	0.62	0.92	0.36	0.52	0.93	0.51	0.42	0.2	0.62	0.53	0.34	0.94	0.2	0.22	0.44	0.22	0.96	0.19	0.45	0.24	0.09	0.22	0.24	0.46	0.17	0.45	0.58	0.21	0.66	0.66	0.15	0.4	0.25	0.16	0.33	0.47	0.38	0.48	0.48	0.27	0.48	0.78	0.42	0.21	0.19	0.01
