0	0.11	0.15	0.27	0.02	0.3	0.07	0.42	0.1	0.46	0.07	4.31	0.4	0.69	0.25	0.3	0.15	0.25	0.23	0.11	0.12	0.04	0.08	0.03	0.03	0.28	0.13	0.41	0.2	0.13	0.02	0.04	0.41	0.02	0.19	0.08	0.51	0.35	0.01	0.1	0.12	0.19	0.14	0.61	2.65	0.02	0.15	0.41	0.22	0.02	0.2	0.24	0.21	0.07	0.12	0.02	0.46	0.41	0.05	0.02	0.11	1.32	0.41	0.15	0.62	0.42	0.15	0	0.16	0.13	0.13	0.03	0.42	0.18	0.1	0.04	0.17	0.42	0.42	0.12	0.14	0.35	0.12	0.07	0.42	0.05	0.16	0.04	0.02	0.11	0.15	0.43	0.12	0.23	0.16	0.43	0.14	0.23	0.93
0.12	0	0.16	0.04	0.45	0.45	0.11	0.02	0.02	0.02	0.12	3.15	0.44	0.35	0.37	0.94	0.08	0.45	0.23	0.02	0.45	0.92	0.45	0.13	0.13	0	0.32	0.04	0.46	0.05	0.15	0.17	0.66	0.34	0.04	0.57	0.03	0.67	0.1	0.21	0.02	0.14	0.48	0.48	5.4	0.58	0.39	0.03	0.35	0.16	0.48	0.48	0.01	0.48	0.05	0.48	0.02	0.48	0.16	0.12	0.02	0.1	0.03	0.49	0.15	0.17	0.49	0.2	0.06	0.03	0.43	0.34	0.13	0.64	0.17	0.5	0.23	0.49	0.69	0.04	0.04	0.55	0.9	0.58	0.27	0.5	0.19	0.68	0.11	0.02	0.5	0.43	0.04	0.7	0.05	0	0.04	0.02	0.29
0.15	0.1	0	0.36	0.36	0.36	0.44	0.21	0.07	0.1	0.15	0.97	0.47	0.08	0.37	0.4	0.67	0.4	0.29	0.47	0.11	0.24	0.47	0.43	0.47	0.06	0.1	0.11	0.47	0.58	0.34	0.22	0.1	0.16	0.09	0.21	0.08	0.48	0.36	0.48	0.09	0.15	0.11	0.16	0.68	0.24	0.31	0.48	0.36	0.14	0.48	0.22	0.09	0.24	0.13	0.15	0.28	0.2	0.22	0.14	0.09	0.81	0.1	0.28	0.49	0.34	0.11	0.15	0.11	0.49	0.09	0.17	0.43	0.31	0.07	0.49	0.2	0.32	0.49	0.1	0.08	0.21	0.49	0.58	0.54	0.17	0.21	0.18	0.16	0.09	0.17	0.33	0.4	0.56	0.1	0.09	0.1	0.37	1.1
0.14	0.05	0.21	0	0.43	0.63	0.17	0.05	0.44	0.21	0.44	2.47	0.07	0.08	0.39	0.77	0.03	0.58	0.37	0.05	0.3	0.19	0.58	0.48	0.49	0.08	0.02	0.08	0.69	0.08	0.14	0.58	0.05	0.5	0.11	0.4	0.05	0.18	0.4	0.4	0.05	0.4	0.05	0.33	0.24	0.17	0.23	0.41	0.35	0.13	0.35	0.23	0.42	0.52	0.43	0.24	0.05	0.05	0.19	0.42	0.43	0.61	0.02	0.43	0.93	0.19	0.04	0.53	0.03	0.43	0.27	0.18	0.31	0.44	0.06	0.15	0.25	0.65	0.34	0.45	0.07	0.27	0.45	0.39	0.55	0.56	1.05	0.18	0.46	0.05	0.46	0.69	0.07	0.47	0.01	0.63	0.01	0.05	0.48
0.02	0.14	0.41	0.15	0	0.56	0.13	0.15	0.12	0.13	0.02	0.44	0.13	0.11	0.28	0.34	0.35	0.45	0.23	0.16	0.16	0.47	0.14	0.02	0.01	0.19	0.14	0.16	0.18	0.48	0.15	0.89	0.32	0.07	0.13	0.26	0.15	0.17	0.04	0.09	0.14	0.09	0.16	0.22	0.04	0.4	0.15	0.17	0.41	0.04	0.31	0.42	0.13	0.07	0.14	0.42	0.15	0.13	0.1	0.1	0.43	0.2	0.14	0.13	0.35	0.07	0.44	0.02	0.17	0.14	0.14	0.02	0	0.18	0.12	0.09	0.09	0.05	0.24	0.48	0.13	0.09	0.29	0.49	0.15	0.1	0.06	0.09	0.1	0.12	0.33	0.18	0.13	0.26	0.42	0.14	0.15	0.58	0.48
0.49	0.48	0.36	0.49	0.29	0	0.49	0.26	0.26	0.26	0.31	0.64	0.37	0.41	0.12	0.44	0.24	0.35	0.11	0.26	0.65	0.46	0.27	0.49	0.45	0.26	0.23	0.45	0.3	0.29	0.36	0.25	0.5	0.29	0.29	0.5	0.26	0.46	0.29	0.32	0.26	0.45	0.57	0.35	0.41	0.3	0.42	0.96	0.37	0.55	0.3	2.12	0.35	0.34	0.45	0.31	0.45	0.25	0.95	0.32	0.26	0.55	0.46	0.75	0.29	0.22	0.46	0.31	0.24	0.27	0.26	0.3	0.76	0.12	0.48	0.45	0.32	0.24	0.46	0.45	0.27	0.42	0.29	0.36	0.48	0.48	0.23	0.27	0.46	0.46	0.3	0.12	0.28	0.15	0.56	0.26	0.24	0.28	0.56
0	0.12	0.15	0.46	0.11	0.55	0	0.15	0.13	0.18	0.01	0.22	0.12	0.12	1.06	0.09	0.46	0.46	0.23	0.11	0.11	0.04	0.46	0.47	0.03	0.71	0.14	0.17	0.18	0.12	0.02	0.04	0.12	0.29	0.11	0.07	0.12	1.38	0.01	0.42	0.49	0.03	0.47	0.04	5.78	0.02	0.15	0.14	0.22	0.05	0.1	0.08	0.11	0.08	0.12	0.01	0.13	0.11	0.04	0.02	0.13	0.14	0.74	0.15	0.03	0.07	0.15	0	0.14	0.14	0.11	0.03	0.32	0.18	0.49	0.03	0.49	0.28	0.2	0.12	0.15	0.04	0.13	0.07	0.21	0.04	0.08	0.04	0.02	0.11	0.02	0.19	0.12	0.67	0.14	0.11	0.16	0.4	0.22
0.42	0.02	0.11	0.05	0.13	0.26	0.13	0	0.02	0.06	0.13	0.34	0.05	0.03	0.39	0.42	0.46	0.2	0.43	0.03	0.05	0.4	0.37	0.14	0.43	0.03	0.38	0.02	0.1	0.44	0.12	0.44	0.03	0.44	0.05	0.19	0.09	0.84	0.44	0.21	0.06	0.53	0.03	0.2	3.12	0.14	0.4	0.01	0.72	0.12	0.04	0.45	0.31	0.2	0.06	0.11	0	0.3	0.17	0.11	0.03	0.51	0.03	0.22	0.55	0.46	0.05	0.12	0.4	0.42	0.04	0.17	0.46	0.28	0.04	0.82	0.21	0.17	0.33	0.05	0.05	0.18	0.14	0.43	0.64	0.43	0.21	0.47	0.12	0.03	0.41	0.41	0.46	0.34	0.06	0.03	0.05	0.03	0.21
0.12	0.02	0.07	0.43	0.22	0.26	0.1	0.02	0	0.02	0.21	3.28	0.09	0.01	0.36	0.46	0.05	0.19	0.35	0.02	0.06	0.13	0.19	0.14	0.13	0.01	0.28	0.04	0.48	0.04	0.68	0.47	0.21	0.41	0.06	0.17	0.1	0.24	0.1	0.21	0.22	0.49	0.02	0.58	3.88	0.49	0.58	0.16	0.31	0.18	0.15	0.69	0.02	0.21	0.25	0.1	0.02	0.03	0.15	0.11	0.02	0.6	0.12	0.21	0.14	0.18	0.05	0.1	0.05	0.4	0.03	0.14	0.29	0.27	0.4	0.47	0.19	0.19	0.4	0.43	0.09	0.4	0.4	0.54	0.5	0.19	0.19	0.14	0.4	0.05	0.4	0.65	0.84	0.32	0.06	0.4	0.23	0.03	0.19
0.46	0.02	0.44	0.18	0.13	0.26	0.13	0	0.02	0	0.25	1.15	0.05	1	0.96	0.46	0.56	0.2	0.32	0.03	0.35	1.22	0.27	0.15	0.15	0.03	0.1	0.04	0.1	0.07	0.42	0.17	0.47	0.87	0.87	0.27	0.04	0.48	0.13	0.21	0.48	0.14	0.03	0.4	2.49	0.13	0.21	0.01	0.54	0.36	0.88	0.19	0.02	0.49	0.06	0.49	0.04	0.03	0.49	0.12	0.51	0.84	0.03	0.48	0.35	0.18	0.12	0.18	0.05	0.03	0.04	0.17	0.17	0.3	0.4	0.13	0.23	0.19	0.35	0.41	0.05	0.4	0.06	0.22	0.7	0.14	0.41	0.19	0.12	0.06	0.14	0.32	0.05	0.34	0.05	0.02	0.05	0.61	0.41
0.47	0.11	0.47	0.15	0.02	0.68	0.01	0.44	0.1	0.12	0	2	0.12	0.12	0.5	0.1	0.14	0.36	0.22	0.6	0.31	0.41	0.43	0.03	0.43	0.3	0.36	0.4	0.37	0.12	0.01	0.03	0.4	0.02	0.11	0.08	0.11	0.91	0.41	0.4	0.15	0.02	0.14	0.08	0.41	0.07	0.41	0.51	0.22	0.02	0.13	0.91	0.41	0.19	0.41	0.02	0.41	0.14	0.04	0.02	0.18	0.41	0.14	0.51	0.03	0.06	0.51	0.01	0.16	0.16	0.13	0.03	0.02	0.19	0.42	0.03	0.42	0.44	0.76	0.4	0.42	0.36	0.12	0.1	0.21	0.92	0.08	0.22	0.02	0.14	0.03	0.19	0.12	0.92	0.24	0.13	0.15	0.53	0.51
2.31	0.33	1.09	1.98	6.12	1.89	1.03	1.3	1.09	3.83	0.44	7.98	0.96	12.9	0.05	0.44	0.88	2.18	5.68	0.34	1.33	9.93	7.56	0.49	2.73	10.1	0.32	1.28	5.14	4.97	4.33	0.18	0.34	1.27	0.84	2.05	0.61	1.1	3.66	1.73	0.93	0.44	13.2	0.24	2.28	12.9	0.71	5.26	1.51	0.21	0.94	0.44	1.37	1.71	1.82	1.17	12.4	0.35	2.07	2.87	0.31	0.25	7.92	5.47	0.48	1.29	11.8	0.21	0.35	0.35	7.51	7.25	0.35	1.59	0.5	0.23	1.98	2.88	2.15	0.49	3.08	3.92	7.27	0.17	0.38	0.97	0.42	1.02	6.64	0.32	2.3	4.86	5.82	0.49	2.19	1.17	7.98	1.2	1.09
0.47	0.07	0.09	0.58	0.13	0.28	0.12	0.97	0.03	1.08	0.11	2.9	0	0.54	0.98	0.48	0.07	0.23	0.33	0.03	0.1	0.17	0.2	0.14	0.14	0.05	0.06	0.07	0.36	0.01	0.49	0.15	0.05	0.12	0.44	0.19	0.02	0.03	0.11	0.15	0.04	0.12	0.37	0.79	1.8	0.12	0.22	0.07	0.32	0.53	0.03	0.29	0.03	0.19	0.01	0.11	0.3	0.04	0.4	0.12	0.04	0.11	0.06	0.27	0.46	0.17	0.07	0.12	0.07	0.06	0.41	0.22	0.13	0.53	0.03	0.13	0.15	0.45	0.41	0	0.03	0.15	0.01	1.22	0.4	0.12	0.39	0.24	0.11	0.06	0.42	0.3	0	0.33	0.07	0.04	0.07	0.04	0.43
0.47	0.27	0.34	0.34	0.11	0.26	0.13	0.08	0.35	0.19	0.48	0.32	0.05	0	0.36	0.19	0.05	0.21	0.34	0.42	0.06	0.48	0.47	0.12	0.12	0.34	0.58	0.48	0.11	0.06	0.14	1.01	0.03	0.13	0.38	0.17	0.03	0.34	0.11	0.19	0.04	0.13	0.04	0.37	0.81	0.2	0.23	0.03	0.33	0.39	0.06	0.31	0.03	0.25	0.06	0.49	0.03	0.04	0.15	0.1	0.01	0.37	0.03	0.4	0.4	0.4	0.05	0.12	0.05	0.13	0.05	0.45	0.92	0.27	0.02	0.13	0.19	0.42	0.31	0.05	0.03	0.43	0.06	0.18	0.29	0.13	0.53	0.14	0.44	0.01	0.12	0.3	0.05	0.73	0.46	0.04	0.43	0.23	0.21
0.48	0.57	0.37	0.39	0.48	0.2	0.48	0.78	0.35	0.5	0.31	2.92	0.34	0.41	0	0.51	0.39	0.91	0.32	0.36	0.55	0.22	0.17	0.65	0.92	0.42	0.39	0.68	0.4	0.35	0.62	0.42	0.37	0.28	0.59	0.42	0.37	1.27	0.26	0.27	0.43	0.57	0.38	0.43	1.19	0.53	0.37	0.57	0.06	0.43	0.75	0.18	0.43	0.25	0.35	0.43	0.36	0.38	0.46	0.23	0.53	0.46	0.37	0.37	0.42	0.17	0.41	0.25	0.4	0.39	0.63	0.5	0.56	0.22	0.44	0.44	0.43	0.4	0.03	0.64	0.74	0.19	0.35	0.26	0.61	0.54	0.18	0.22	0.44	0.37	0.44	0.22	0.35	0.32	0.4	0.46	0.4	0.36	0.25
0.41	0.39	0.22	0.41	0.13	0.25	0.1	0.22	0.2	0.26	0.1	4.75	0.2	0.22	0.5	0	0.23	0.28	0.17	0.23	0.2	0.07	0.4	0.09	0.39	0.19	0.42	0.72	0.27	0.21	0.08	0.06	0.45	0.13	0.48	0.53	0.23	0.2	0.17	0.43	0.24	0.06	0.21	0.43	0.11	0.13	0.43	0.7	0.3	0.17	1.11	0.03	0.22	0.15	0.94	0.44	0.24	0.21	0.45	0.27	0.37	0.27	0.23	0.75	0.04	0.13	0.23	0.1	0.23	0.22	0.66	0.09	0.43	0.13	0.45	0.1	0.45	0.03	0.15	0.45	0.22	0.04	0.21	0.02	0.27	0.46	0.03	0.75	0.45	0.21	0.45	0.89	0.21	0.46	0.45	0.23	0.55	0.21	0.18
0.14	0.22	0.11	0.04	0.55	0.45	0.15	0.05	0.14	0.08	0.17	2	0.07	0.05	0.54	0.48	0	0.98	0.48	0.37	0.08	0.17	0.24	0.48	0.53	0.05	0.14	0.07	0.12	0.51	0.14	0.18	0.42	0.16	0.06	0.21	0.05	0.04	0.41	0.23	0.41	0.15	0.07	0.18	6.18	0.19	0.23	0.12	0.35	0.51	0.08	0.24	0.04	0.26	0.08	0.14	0.05	0.04	0.28	0.14	0.05	0.13	0.02	0.45	0.24	0.43	0.03	0.15	0.03	0.09	0.44	0.16	0.15	0.64	0.13	0.32	0.24	0.38	0.34	0.46	0.07	0.29	0.08	0.22	0.67	0.22	0.37	0.18	0.2	0.47	0.16	0.33	0.11	0.48	0.32	0.14	0.35	0.16	0.24
0.33	0.19	0.86	0.5	0.46	0.1	0.25	0.46	0.28	0.24	0.46	0.27	0.2	0.21	0.5	0.58	0.22	0.41	0.04	0.18	1.31	0.78	0.22	0.25	0.54	0.52	0.59	0.22	0.93	0.43	0.26	0.43	0.2	0.23	1.55	0.18	0.53	0.93	0.25	0.54	0.19	0.26	0.21	0.29	3.56	0.56	0.74	0.21	0.39	0.31	1.36	0.21	0.95	0.43	0.21	0.25	0.2	0.46	0.96	0.46	0.2	0.45	0.21	0.46	0.43	0.32	0.47	0.25	0.47	0.21	0.19	0.25	0.23	0.48	0.19	0.27	0.27	0.19	0.26	0.2	0.49	0.27	0.21	0.44	0.59	0.85	0.18	0.51	0.26	0.2	1	0.09	0.2	0.27	0.41	0.47	0.49	0.19	0
0.22	0.91	0.64	0.3	0.22	0.11	0.23	0.32	0.34	0.33	0.34	2.07	0.33	1.07	0.32	0.17	0.3	0.04	0	0.25	1.1	0.21	0.19	0.23	0.39	0.34	0.29	0.56	0.7	0.34	0.23	0.19	0.5	0.21	0.34	0.18	0.84	0.24	0.23	0.24	0.27	0.23	0.44	0.25	0.38	0.23	0.72	0.33	0.32	0.23	0.25	0.55	0.43	0.24	0.49	0.24	0.32	0.31	0.59	0.63	0.34	0.26	0.29	0.51	0.36	0.18	0.3	0.23	0.32	0.48	0.37	0.24	0.46	0.28	0.33	0.63	0.23	0.38	0.26	0.69	0.34	0.29	0.46	0.29	0.46	0.23	0.17	0.34	0.22	0.34	0.51	0.05	0.68	0.35	0.63	0.39	0.29	0.23	0.04
0.35	0.02	0.46	0.05	0.46	0.27	0.12	0.03	0.46	0.03	0.24	1.72	0.03	0.04	0.61	0.49	0.19	0.55	0.52	0	0.06	0.16	0.22	0.29	0.3	0.17	0.43	0.05	0.1	0.62	0.12	0.17	0.03	0.14	0.04	0.2	0.11	0.58	0.09	0.43	0.25	0.13	0.02	0.2	5.14	0.15	0.59	0.04	0.33	0.47	0.23	0.19	0.01	0.27	0.04	0.1	0.03	0.02	0.18	0.1	0.03	0.93	0.03	0.43	0.51	0.15	0.63	0.12	0.05	0.43	0.01	0.43	0.43	0.26	0.02	0.11	0.21	0.93	0.63	0.43	0.04	0.15	0.43	0.18	0.52	0.43	0.43	0.15	0.09	0.03	0.13	0.68	0.03	0.63	0.05	0.02	0.04	0.02	0.5
0.37	0.05	0.11	0.92	0.15	0.49	0.12	0.05	0.13	0.05	0.99	2.66	0.42	0.06	0.38	0.2	0.08	0.36	0.42	0.38	0	0.39	0.42	0.52	0.15	0.42	0.06	0.26	0.45	0.09	0.12	0.42	0.42	0.13	0.01	0.18	0.42	0.06	0.12	0.42	0.06	0.14	0.05	0.15	0.28	0.17	0.28	0.06	0.43	0.13	0.06	0.77	0.05	0.43	0.43	0.19	0.43	0.06	0.4	0.13	0.44	0.44	0.44	0.25	0.36	0.19	0.44	0.2	0.14	0.17	0.06	0.21	0.15	0.32	0.44	0.15	0.18	0.33	0.44	0.19	0.06	0.17	0.44	0.54	0.58	0.15	0.55	0.18	0.14	0.15	0.45	0.31	0.45	0.45	0.09	0.22	0.37	0.45	1.76
0.04	0.46	0.18	0.36	0.1	0.3	0.03	0.15	0.15	0.98	0.03	12.7	0.15	0.5	0.22	0.07	0.48	1.68	0.21	0.17	0.18	0	0.4	0.41	0.05	0.15	0.17	0.18	0.79	0.16	0.14	0.09	0.15	0.09	0.61	0.07	0.52	0.28	1	0.08	0.37	0.03	0.4	0.06	0.4	0.62	0.16	0.41	0.58	0.03	0.17	0.41	0.15	0.12	0.16	0.41	0.16	0.15	0.04	0.06	0.16	0.25	0.51	0.51	0.52	0.12	0.18	0.04	0.4	0.23	0.94	0.08	0.3	0.42	0.18	0.29	0.03	0.07	0.21	0.82	0.15	0.51	0.15	0.07	0.42	0.42	0.08	0.44	0.19	0.34	0.04	0.63	0.16	0.43	0.17	0.25	0.18	0.28	0.23
0.08	0.2	0.49	0.22	0.5	0.27	0.08	0.2	0.18	0.52	0.07	0.52	0.2	0.53	0.58	0.02	0.98	0.48	0.53	0.2	0.49	0.08	0	0.99	0.38	0.43	0.2	0.21	0.39	0.49	0.08	0.5	0.2	0.51	0.17	0.4	0.5	0.4	0.4	0.06	0.4	0.4	0.27	0.61	1.29	0.14	0.41	0.38	0.18	0.05	0.2	0.01	0.41	0.41	0.21	0.24	0.41	0.41	0.41	0.09	0.52	0.09	0.46	0.21	0.42	0.03	0.21	0.42	0.22	0.2	0.23	0.09	0.13	0.43	0.19	0.09	0.06	0.18	0.16	0.57	0.43	0.93	0.43	0.04	0.27	0.09	0.09	0.11	0.44	0.18	0.33	0.55	0.54	0.44	0.22	0.19	0.52	0.21	0.57
0.03	0.16	0.2	0.58	0.01	0.3	0.03	0.16	0.4	0.4	0.03	4.48	0.14	0.41	0.25	0.33	0.58	0.39	0.23	0.17	0.15	0.41	0.09	0	0.02	0.41	0.15	0.19	0.22	0.14	0.04	0.05	0.41	0.01	0.14	0.09	0.13	0.21	0.62	0.09	0.14	0.04	0.15	0.39	0.45	1.43	0.29	0.45	0.4	0.36	0.62	0.09	0.42	0.06	0.33	0.18	0.15	0.14	0.05	0.43	0.16	1.91	0.15	0.33	0.04	0.44	0.17	0.03	0.19	0.15	0.16	0.01	0.64	0.44	0.23	0.05	0.1	0.07	0.19	0.14	0.44	0.13	0.45	0.45	0.15	0.38	0.45	0.04	0.04	0.23	0.01	0.18	0.14	0.23	0.17	0.15	0.46	0.42	1.46
0.03	0.48	0.48	0.46	0.01	0.3	0.03	0.16	0.14	0.15	0.03	2.53	0.13	0.27	0.59	0.28	0.58	0.99	0.48	0.15	0.58	0.04	0.09	0.02	0	0.14	0.49	0.16	0.21	0.15	0.03	0.05	0.14	0.01	0.14	0.07	0.5	0.14	0.03	0.5	0.16	0.05	0.17	0.17	0.9	0.04	0.14	0.45	0.4	0.4	0.17	0.09	0.15	0.11	0.14	0.4	0.16	0.14	0.05	0.04	0.41	0.91	0.41	0.14	0.07	0.41	0.16	0.03	0.18	0.17	0.51	0.02	0.02	0.19	0.13	0.42	0.43	0.33	0.19	0.14	0.15	0.04	0.15	0.17	0.2	0.05	0.43	0.19	0.04	0.13	0.02	0.53	0.43	0.23	0.42	0.14	0.93	0.22	0.43
0.2	0	0.11	0.08	0.13	0.26	0.45	0.03	0.01	0.07	0.46	3.42	0.43	0.01	0.83	0.22	0.05	0.43	0.34	0.04	0.49	0.13	0.18	0.14	0.2	0	0.04	0.05	0.08	0.74	0.11	0.21	0.44	0.11	0.18	0.19	0.03	0.04	0.44	0.54	0.44	0.13	0.03	0.44	0.54	0.13	0.22	0.32	0.64	0.09	0.2	0.17	0.28	0.2	0.44	0.24	0.03	0.03	0.17	0.1	0.02	0.17	0.36	0.54	0.15	0.54	0.05	0.1	0.44	0.33	0.42	0.15	0.17	0.3	0.02	0.14	0.44	0.18	0.51	0.05	0.03	0.43	0.44	0.95	0.45	0.44	0.43	0.44	0.13	0.95	0.45	0.3	0.05	0.45	0.08	0	0.55	0	0.21
0.13	0.03	0.1	0.19	0.14	0.22	0.47	0.03	0.3	0.04	0.14	7.47	0.43	0.03	0.37	0.48	0.02	0.55	0.29	0.21	0.17	0.56	0.48	0.16	0.28	0.34	0	0.06	0.11	0.07	0.48	0.49	0.04	0.15	0.05	0.48	0.03	0.19	0.13	0.59	0.04	0.14	0.38	0.19	0.58	0.68	0.22	0.04	0.34	0.1	0.04	0.21	0.02	0.17	0.06	0.21	0.11	0.03	0.18	0.13	0.04	0.16	0.34	0.22	0.15	0.19	0.32	0.14	0.15	0.05	0.04	0.16	0.14	0.29	0.07	0.15	0.4	0.2	0.32	0.16	0.05	0.4	0.4	0.45	0.43	0.16	0.22	0.41	0.12	0.08	0.16	0.61	0.06	0.41	0.02	0.03	0.02	0.03	0.21
0.15	0.04	0.12	0.95	0.15	0.45	0.15	0.02	0.31	0.45	0.16	2.42	0.57	0.19	0.4	0.23	0.07	0.22	0.35	0.05	0.1	0.4	0.23	0.48	0.48	0.18	0.25	0	0.32	0.08	0.44	0.48	0.02	0.37	0.92	0.57	0.05	0.64	0.59	0.59	0.05	0.16	0.05	0.49	0.18	0.18	0.32	0.04	0.49	0.12	0.08	0.54	0.5	0.4	0.13	0.4	0.13	0.05	0.18	0.4	0.05	0.7	0.05	0.7	0.53	0.18	0.07	0.14	0.07	0.03	0.06	0.16	0.17	0.41	0.9	0.16	0.43	0.91	0.36	0.07	0.06	0.51	0.61	0.22	0.3	0.33	0.55	0.51	0.47	0.05	0.16	0.41	0.07	0.37	0.21	0.04	0.34	0.05	1.92
0.43	0.46	0.15	0.18	0.18	0.54	0.17	1.72	0.26	0.14	0.17	1.8	0.12	0.12	0.38	0.95	0.12	0.54	0.46	0.09	0.45	0.7	0.25	0.34	0.46	0.3	0.11	0.13	0	0.57	0.31	0.72	0.31	0.66	0.39	0.46	0.1	0.56	0.18	0.23	0.1	0.47	0.36	0.33	0.66	0.25	0.4	0.47	0.97	0.64	0.47	0.25	0.47	0.29	0.13	0.27	0.37	0.47	0.2	0.45	0.35	0.98	0.48	0.31	0.2	0.98	0.12	0.17	0.15	0.21	0.48	0.41	1.05	0.54	0.48	0.18	0.36	0.32	0.48	0.35	0.13	0.49	0.13	0.25	0.99	0.48	0.49	0.22	0.17	1.5	0.23	0.99	0.14	0.39	0.14	0.1	0.43	0.11	0.49
0.4	0.14	0.4	0.17	0.36	0.29	0.41	0.06	0.05	0.06	0.13	0.59	0.49	0.06	0.35	0.49	0.08	0.21	0.35	0.04	0.09	0.49	0.22	0.14	0.99	0.06	0.07	0.08	0.13	0	0.4	0.49	0.06	0.14	0.09	0.6	0.03	0.04	0.12	0.16	0.91	0.13	0.09	0.23	0.62	0.14	0.23	0.07	0.4	0.41	0.09	0.21	0.04	0.17	0.01	0.45	0.06	0.31	0.17	0.23	0.05	0.92	0.07	0.23	0.15	0.45	0.91	0.13	0.08	0.07	0.05	0.29	0.42	0.28	0.04	0.14	0.16	0.45	0.82	0.01	0.92	0.15	0	0.19	0.47	0.25	0.2	0.19	0.43	0.53	0.46	0.53	0.01	0.38	0.44	0.05	0.48	0.05	0.36
0.02	0.59	0.14	0.16	0.1	0.31	0.02	0.13	0.16	0.29	0.01	0.27	0.11	0.11	0.22	0.19	0.47	0.57	0.22	0.1	0.13	0.04	0.08	0.04	0.04	0.12	0.12	0.14	0.3	0.12	0	0.04	0.11	0.09	0.38	0.09	0.19	0.1	0.01	0.04	0.44	0.04	0.44	0.08	0.28	0.27	0.15	0.45	0.22	0.01	0.45	0.08	0.09	0.16	0.12	0.01	0.23	0.45	0.36	0.31	0.46	0.29	0.13	0.15	0.04	0.23	0.13	0.02	0.66	0.13	0.1	0.04	0.17	0.18	0.39	0.04	0.24	0.43	0.7	0.11	0.43	0.03	0.12	0.44	0.21	0.43	0.08	0.07	0.13	0.44	0.03	0.19	0.54	0.23	0.94	0.1	0.2	0.51	1.05
0.04	0.5	0.23	0.93	0.1	0.25	0.04	0.17	0.15	0.19	0.03	5.5	0.15	0.14	0.18	0.03	0.18	0.2	0.5	0.15	0.43	0.04	0.48	0.06	0.05	0.14	0.28	0.48	0.21	0.16	0.2	0	0.44	0.09	0.15	0.03	0.26	0.25	0.05	0.04	0.17	0.08	0.15	0.1	0.93	0.11	0.17	0.49	0.17	0.05	0.17	0.03	0.16	0.4	0.17	0.27	0.19	0.42	0	0.06	0.9	0.15	0.91	0.17	0.04	0.23	0.17	0.04	0.21	0.16	0.82	0.92	0.42	0.13	0.52	0.08	0.42	0.06	0.52	0.23	0.16	0.04	0.44	0.43	0.83	0.43	0.03	0.43	0.05	0.44	0.05	0.14	0.16	0.22	0.94	0.44	0.58	0.49	0.37
0.2	0.43	0.1	0.07	0.15	0.26	0.14	0.01	0.02	0.43	0.14	2.29	0.05	0.03	0.37	0.3	0.33	0.28	0.31	0.03	0.06	0.84	0.49	0.72	0.16	0.03	0.04	0.21	0.1	0.23	0.12	0.17	0	0.15	0.05	0.21	0.04	0.04	0.11	0.21	0.13	0.45	0.04	0.49	0.61	0.16	0.69	0.01	0.33	0.11	0.05	0.21	0.02	0.17	0.06	0.35	0.01	0.03	0.17	0.13	0.04	0.49	0.04	0.35	0.16	0.16	0.39	0.14	0.05	0.01	0.04	0.15	0.15	0.29	0.22	0.4	0.23	0.26	0.34	0.05	0.05	0.16	0.74	0.4	0.28	0.4	0.21	0.16	0.12	0.4	0.17	0.32	0.05	0.4	0.06	0.03	0.18	0.03	0.46
0.02	0.13	0.16	0.57	0	0.29	0.37	0.14	0.11	0.17	0.03	7.21	0.12	0.13	0.45	0.12	0.15	0.23	0.45	0.14	0.15	0.1	0.35	0.01	0.01	0.11	0.31	0.18	0.21	0.13	0.45	0.45	0.13	0	0.12	0.06	0.12	0.14	0.45	0.09	0.13	0.08	0.45	0.04	0.58	0.5	0.47	0.46	0.2	0.02	0.12	0.13	0.14	0.71	0.13	0.02	0.16	0.13	0.24	0.18	0.5	0.02	0.14	0.13	0.06	0.06	0.16	0.02	0.42	0.15	0.13	0.48	0	0.18	0.12	0.09	0.22	0.06	0.23	0.5	0.23	0.17	0.4	0.26	0.49	0.72	0.42	0.36	0.09	0.12	0.38	0.93	0.42	0.53	0.26	0.43	0.51	0.32	0.53
0.14	0.39	0.26	0.08	0.13	0.47	0.1	0.45	0.09	0.98	0.47	4.77	0.07	0.04	0.35	0.19	0.06	0.46	0.34	0.19	0.01	0.56	0.17	0.14	0.42	0.04	0.86	0.05	0.12	0.13	0.11	0.16	0.05	0.12	0	0.17	0.04	0.04	0.46	0.16	0.04	0.13	0.03	0.13	0.45	0.14	0.26	0.45	0.33	0.45	0.04	0.45	0.03	0.52	0.08	0.13	0.05	0.11	0.14	0.26	0.05	0.53	0.45	0.26	0.54	0.19	0.45	0.11	0.06	0.06	0.04	0.46	0.21	0.29	0.05	0.55	0.17	0.18	0.95	0.13	0.45	0.15	0.08	0.18	0.33	0.22	0.17	0.15	0.44	0.06	0.15	0.61	0.07	0.32	0.44	0.44	0.07	0.05	1.04
0.29	0.19	0.53	0.22	0.43	0.64	0.07	0.19	0.19	0.21	0.08	1.44	0.18	1.77	0.25	0.02	0.54	0.2	0.43	0.57	0.18	0.08	0.05	0.4	0.07	0.58	0.19	0.23	0.48	0.4	0.08	0.03	0.37	0.06	0.57	0	0.55	0.35	0.08	0.41	0.22	0.1	0.41	0.12	2.24	0.42	0.41	0.21	0.15	0.08	0.62	0.04	0.2	0.09	0.19	0.08	0.42	0.19	0.03	0.09	0.18	0.36	0.43	0.19	0.05	0.01	0.41	0.11	0.22	0.2	0.19	0.09	0.06	0.17	0.45	0.1	0.09	0.02	0.13	0.18	0.56	0.05	0.2	0.08	0.62	0.1	0.01	0.04	0.09	0.27	0.08	0.12	0.47	0.47	0.24	0.18	0.22	0.19	0.16
0.11	0.02	0.08	0.05	0.13	0.26	0.1	0.28	0.02	0.1	0.12	4.27	0.02	0.21	1.47	0.97	0.05	0.18	0.24	0.15	0.06	0.15	0.22	0.13	0.16	0.03	0.03	0.05	0.39	0.03	0.1	0.16	0.03	0.47	0.04	0.19	0	0.01	0.09	0.2	0.02	0.09	0.02	0.19	0.76	0.15	0.34	0.04	0.32	0.09	0.09	0.18	2.72	0.15	0.03	0.09	0.03	0.02	0.46	0.08	0.02	0.18	0.3	0.19	0.34	0.46	0.04	0.15	0.12	0.04	0.02	0.46	0.8	0.29	0.01	0.09	0.47	0.18	0.32	0.02	0.03	0.17	0.03	0.19	0.47	0.24	0.45	0.47	0.08	0.42	0.14	0.29	0.3	0.47	0.05	0.34	0.57	0.02	0.18
0.5	0.02	0.42	0.05	0.45	0.56	0.46	0.03	1.45	0.03	0.46	4.18	0.48	0.47	0.98	0.5	0.04	0.47	0.24	0.01	0.06	0.4	0.2	0.48	0.15	0.04	0.4	0.05	0.51	0.59	0.1	0.15	0.91	0.51	0.04	0.18	0.91	0.01	0.41	0.92	0.02	0.42	0.41	0.11	2.13	0.42	0.52	0.03	0.63	0.43	1.42	0.18	0.01	0.42	0.42	0.42	0.52	0.01	0.25	0.1	0.62	0.41	0.03	0.19	0.41	0.15	1.43	0.49	0.05	0.04	0.01	0.78	0.48	0.29	0.41	0.98	0.59	0.52	0.51	0.03	0.04	0.48	0.04	0.51	0.5	0.12	0.91	0.41	0.41	0.03	0.9	2.15	0.03	0.56	0.45	0.06	0.04	0.41	0.18
0.01	0.46	0.14	0.24	0.04	0.46	0.01	0.25	0.1	0.33	0.01	1.72	0.56	0.11	0.26	0.09	0.15	0.59	0.63	0.09	0.12	0.04	0.09	0.14	0.15	0.48	0.13	0.14	0.42	0.12	0.38	0.15	0.11	0.39	0.51	0.08	0.08	1	0	0.22	0.1	0.07	0.11	0.08	0.04	0.4	0.15	0.24	0.4	0.01	0.08	0.09	0.5	0.31	0.12	0.51	0.12	0.09	0.05	0	0.49	0.31	0.52	0.51	0.15	0.07	0.52	0.06	0.13	0.12	0.1	0.03	0.41	0.18	0.09	0.03	0.05	0.08	0.2	0.11	0.48	0.08	1.02	0.08	0.29	0.16	0.35	0.05	0.01	0.41	0.03	0.38	0.38	0.26	0.81	0.41	0.26	0.47	0.42
0.21	0.2	0.31	0.25	0.09	0.32	0.46	0.49	0.21	0.5	0.03	8.3	0.15	0.49	0.27	0.37	0.24	0.89	0.24	1.07	0.5	0.04	0.06	0.1	0.11	0.21	0.41	0.23	0.36	0.16	0.04	0.07	0.23	0.09	0.16	0.09	0.42	0.23	0.05	0	0.43	0.1	0.22	0.35	0.13	0.09	0.23	0.23	0.44	0.04	0.37	0.45	0.45	0.18	0.16	0.07	0.21	0.22	0.11	0.04	0.21	0.16	0.46	0.21	0.01	0.26	0.23	0.47	0.24	0.22	0.23	0.1	0.64	0.42	0.49	0.03	0	0.08	0.22	0.28	0.24	0.13	0.43	0.09	0.5	0.03	0.09	0.06	0.5	0.2	0.09	0.5	0.15	0.68	0.27	0.4	0.33	0.21	0.42
0.12	0.02	0.09	0.05	0.49	0.26	0.32	0.03	0.03	0.03	0.44	5.11	0.04	0.29	0.74	0.21	0.31	0.58	0.27	0.05	0.54	0.15	0.2	0.15	0.16	0.04	0.03	0.44	0.1	0.05	0.11	0.17	0.03	0.13	0.04	0.22	0.13	0.45	0.1	0.22	0	0.11	0.24	0.25	0.45	0.54	0.2	0.04	0.35	0.46	0.02	0.46	0.01	0.16	0.05	0.34	0.27	0.01	0.19	0.1	0.68	0.48	0.48	0.2	0.15	0.16	0.05	0.48	0.79	0.48	0.03	0.19	0.15	0.27	0.04	0.13	0.21	0.19	0.34	0.23	0.41	0.49	0.05	0.2	0.59	0.11	0.21	0.89	0.1	0.43	0.56	0.48	0.05	0.94	0.05	0.02	0.35	0.36	0.44
0.2	0.12	0.16	0.14	0.13	0.3	0.42	0.12	0.1	0.17	0.02	4.37	0.12	0.44	0.22	0.11	0.26	1.37	0.46	0.1	0.16	0.4	0.08	0.04	0.04	0.2	0.12	0.15	0.34	0.49	0.39	0.07	0.13	0.29	0.13	0.09	0.13	0.19	0.03	0.03	0.42	0	0.32	0.38	1.94	0.44	0.54	0.41	0.39	0.02	0.12	0.95	0.45	0.12	0.12	0.45	0.13	0.11	0.08	0.04	0.11	0.08	0.13	0.21	0.03	0.09	0.14	0.03	0.15	0.42	0.12	0.26	0.2	0.18	0.11	0.01	0.03	0.32	0.22	0.12	0.45	0.45	0.12	0.09	0.46	0.01	0.09	0.08	0.33	0.46	0.04	0.19	0.48	0.47	0.16	0.2	0.15	0.12	0.48
0.47	0.42	0.09	0.27	0.21	0.38	0.13	0.03	0.02	0.02	0.45	0.35	0.05	0.28	0.41	0.47	0.04	0.68	0.24	0.02	0.05	0.16	0.21	0.16	0.16	0.03	0.04	0.04	0.1	0.42	0.37	1.73	0.03	0.44	0.03	0.19	0.02	0.08	0.11	0.22	0.27	1.5	0	0.31	0.17	0.5	0.21	0.03	0.34	0.11	0.33	0.54	0.38	0.19	0.31	0.46	0.4	0.01	0.15	0.11	0.06	0.52	0.03	0.4	0.4	0.17	0.33	0.14	0.05	0.06	0.03	0.48	0.4	0.28	0.03	0.4	0.25	0.19	0.5	0.05	0.05	1.01	0.07	0.21	0.28	0.12	0.21	0.31	0.51	0.33	0.15	0.32	0.05	0.41	0.05	0.19	0.41	0.01	0.91
0.48	0.48	0.17	0.22	0.48	0.35	0.06	0.41	0.15	0.59	0.05	2.11	0.21	1.64	0.52	0.22	0.64	0.95	0.45	0.21	0.58	0.46	0.31	0.44	0.08	0.48	0.35	0.27	0.26	0.45	0.05	0.52	0.39	0.04	0.12	0.45	0.2	0.32	0.26	0.34	0.18	0.45	0.45	0	1	0.34	0.19	0.45	0.41	0.29	0.28	0.55	0.23	0.45	0.14	0.03	0.45	0.19	0.11	0.07	0.13	0.76	0.59	0.18	0.08	0.56	0.18	0.05	0.53	0.46	0.66	0.32	0.42	0.32	0.21	0.34	0.96	0.45	0.56	0.66	0.14	0.46	0.14	0.28	0.23	0.04	0.33	0.07	0.02	0.15	0.07	0.56	0.48	0.26	0.19	0.15	0.17	0.14	0.68
2.48	0.45	0.47	0.47	0.04	0.48	0.36	0.42	0.5	0.5	0.64	1.04	0.95	0.45	3.47	0.13	1.03	0.5	0.42	0.5	0.5	0.05	0.15	0.04	1.97	0.45	0.45	0.44	0.21	0.44	1	0.41	0.91	0.03	0.14	0.48	2.99	0.4	0.06	2	0.93	1.01	0.5	0.07	0.06	1.58	1.74	2.47	1.56	0.05	0.25	1	0.97	0.43	0.56	0.49	0.62	0.42	0.41	0.06	0.5	0.1	2.6	0.16	0.07	0.21	0.51	0.13	0.98	0.19	1.95	0.04	0.47	0.95	6.07	0.69	0.44	0.44	0.42	0.96	0.44	0.08	0.16	0.93	1.59	3.6	0.11	0.45	0.44	2.45	0.03	1.98	0.44	1.01	0.43	0.95	0.56	1.52	0.53
0.02	0.21	0.17	0.44	0.71	0.29	0.05	0.14	0.49	0.31	0.14	3.69	0.12	0.16	0.58	0.14	0.16	0.48	0.48	0.16	0.98	0.47	0.15	0.01	0.03	0.12	0.14	0.21	0.86	0.13	0.09	0.1	0.14	0.15	0.14	0.06	0.46	0.14	0.03	0.09	0.47	0.3	0.41	0.47	1.17	0	0.47	0.47	0.39	0.03	0.52	0.13	0.13	0.28	0.13	0.47	0.19	0.14	0.47	0.1	0.13	0.77	0.97	0.15	0.09	0.1	0.47	0.97	0.51	0.15	0.47	0.09	0.07	0.47	0.47	0.28	0.15	0.47	0.29	0.47	0.16	0.48	0.15	0.48	0.48	0.1	0.06	0.09	0.48	0.13	0.02	0.21	0.48	0.48	0.19	0.48	0.19	0.14	0.48
0.35	0.2	0.31	0.61	0.15	0.42	0.23	0.47	0.21	0.22	0.15	1.67	0.22	0.23	0.67	0.21	0.23	0.73	0.35	0.2	0.6	0.16	0.21	0.48	0.14	0.57	0.48	0.49	0.33	0.23	0.48	0.19	0.58	0.13	0.5	0.19	0.2	0.27	0.15	0.23	0.49	0.59	0.49	0.37	2.55	0.15	0	0.22	0.33	0.51	0.63	0.6	0.19	0.17	0.22	0.4	0.23	0.26	0.17	0.4	0.21	0.8	0.38	0.4	0.18	0.21	0.23	0.15	0.37	0.22	0.42	0.14	0.15	0.36	0.42	0.22	0.42	0.42	0.31	0.26	0.23	0.42	0.42	0.21	0.07	0.22	0.43	0.17	0.16	0.21	0.43	0.65	0.43	0.43	0.59	0.63	0.62	0.54	1.44
0.47	0.22	0.38	0.28	0.15	0.58	0.48	0.01	0.02	0.01	0.48	0.73	0.05	0.04	0.43	0.31	0.16	0.47	0.31	0.04	0.06	0.51	0.32	0.16	0.21	0.41	0.04	0.18	0.69	0.31	0.38	0.79	0.79	0.32	0.05	0.36	0.4	0.51	0.42	0.47	0.33	0.4	0.03	0.21	0.91	0.16	0.47	0	0.49	0.12	0.17	0.21	0.03	0.18	0.07	0.42	0.01	0.21	0.16	0.33	0.04	0.11	0.04	0.43	0.43	0.16	0.05	0.43	0.2	0.26	0.04	0.54	0.16	0.28	0.35	0.14	0.22	0.44	0.49	0.44	0.29	0.15	0.65	0.21	0.28	0.48	0.2	0.18	0.5	0.03	0.19	0.31	0.06	0.36	0.05	0.33	0.15	0.08	0.51
0.35	0.81	0.51	0.37	0.2	0.41	0.22	0.49	0.41	0.61	0.46	0.23	0.32	0.34	0.2	0.17	0.46	0.32	0.32	0.46	0.37	0.22	0.18	0.21	0.21	0.46	0.37	0.42	0.38	0.96	0.47	1.27	0.34	0.2	0.95	0.46	0.46	0.81	0.6	0.23	0.33	0.24	0.38	0.5	2.47	0.2	0.65	0.57	0	0.22	0.76	0.18	0.97	0.47	0.33	0.22	0.97	0.47	0.17	0.61	0.48	0.3	0.36	0.97	0.47	0.15	0.35	0.22	0.37	0.47	0.35	0.22	0.2	0.25	0.61	0.57	0.24	0.67	0.02	0.47	0.35	0.19	0.34	0.48	0.39	0.24	0.48	0.18	0.23	0.33	0.48	0.26	0.33	0.29	0.48	0.38	0.58	0.47	0.3
0.4	0.4	0.4	0.48	0.4	0.29	0.02	0.11	0.18	0.4	0.02	1.3	0.18	0.09	0.9	0.4	0.5	0.24	0.4	0.08	0.13	0.03	0.05	0.04	0.4	0.09	0.41	0.12	0.51	0.41	0.01	0.05	0.11	0.02	0.67	0.16	0.92	0.9	0.01	0.42	0.1	0.09	0.42	0.68	0.88	0.14	0.18	0.42	0.59	0	0.12	0.07	0.09	0.46	0.19	0.01	0.11	0.43	0.07	0.01	0.1	0.2	0.1	0.15	0.44	0.08	0.11	0.28	0.13	0.12	0.43	0.06	0.1	0.95	0.1	0.02	0.04	0.08	0.2	0.45	0.12	0.09	0.49	0.45	0.47	0.01	0.07	0.46	0	0.18	0.04	0.32	0.46	0.22	0.13	0.09	0.46	0.12	0.22
0.95	0.03	0.45	0.44	0.28	0.26	0.97	0.04	0.02	0.42	0.15	6.77	0.03	0.04	0.83	0.94	0.05	0.83	0.42	0.01	0.42	0.14	0.2	0.92	0.41	0.77	0.04	0.41	0.21	0.41	0.09	0.41	0.41	0.35	0.12	0.51	0.01	1.99	1.47	0.23	0.02	0.96	0.45	0.12	0.47	0.14	0.45	0.97	0.45	0.09	0.03	0.49	0.07	1.39	0.91	0.5	0.06	0.02	0.78	0.11	0.13	1.01	0.04	0.21	0.14	0.51	0.91	0.41	0.05	0.07	0.48	0.48	0.57	0.56	0.09	0.11	0.45	0.47	0.45	0.03	0.06	0.45	0.46	0.45	0.45	0.45	0.75	0.46	0.93	0.35	0.41	0.29	0.41	0.35	0.05	0.3	0.09	0.13	0.18
0.08	0.19	0.22	0.28	0.11	0.36	0.46	0.2	0.22	0.19	0.07	1.89	0.2	0.54	0.18	0.08	0.48	0.22	0.17	0.18	0.26	0.07	0.01	0.48	0.09	0.32	0.2	0.22	0.23	0.22	0.08	0.32	0.49	0.13	0.49	0.04	0.49	0.38	0.32	0.05	0.18	0.08	0.5	0.16	1.4	0.9	0.2	0.91	0.41	0.41	0.26	0	0.18	0.16	0.4	0.08	0.2	0.17	0.41	0.41	0.41	0.1	0.45	0.21	0.05	0.03	0.61	0.08	0.35	0.21	0.21	0.09	0.13	0.14	0.25	0.41	0.2	0.05	0.42	0.71	0.62	0.07	0.21	0.37	0.62	0.09	0.04	0.34	0.08	0.21	0.42	0.15	0.21	0.42	0.27	0.19	0.24	0.22	0.19
0.12	0.01	0.09	0.04	0.15	0.47	0.11	0.26	0.02	0.02	0.13	1.62	0.03	0.03	0.39	0.59	0.04	0.18	0.26	0.01	0.05	0.16	0.57	0.15	0.15	0.03	0.02	0.04	0.09	0.42	0.1	0.15	0.03	0.41	0.03	0.52	0.01	0.57	0.1	0.2	0.01	0.13	0	0.17	0.47	0.42	0.19	0.03	0.34	0.09	0.22	0.18	0	0.16	0.04	0.1	0.02	0.01	0.16	0.27	0.03	1.21	0.71	0.21	0.14	0.15	0.03	0.11	0.04	0.03	0.4	0.14	0.16	0.26	0.02	0.11	0.2	0.54	0.32	0.31	0.04	0.27	0.04	0.59	0.35	0.1	0.2	0.17	0.44	0.31	0.14	0.29	0.04	0.33	0.04	0.01	0.31	0.01	0.44
0.07	0.41	0.26	0.22	0.08	0.69	0.41	1.36	0.44	0.25	0.4	1.82	0.55	0.21	0.25	0.54	0.29	0.84	0.22	0.44	0.21	0.25	0.17	0.1	0.12	0.2	0.18	0.22	0.45	0.21	0.36	0.2	0.27	0.34	0.17	0.31	0.46	0.2	0.06	0.06	0.17	0.07	0.49	0.26	1.5	0.16	0.2	0.42	0.36	0.07	0.21	0.21	0.24	0	0.26	0.11	0.17	0.21	0.11	0.09	0.25	0.67	0.18	0.21	0.49	0.49	0.21	0.46	0.24	0.18	0.61	0.25	0.29	0.32	0.19	0.15	0.47	0.3	0.29	0.57	0.16	0.07	0.21	0.16	0.49	0.08	0.13	0.2	0.41	0.23	0.4	0.31	0.36	0.42	0.59	0.57	0.44	1.02	0.59
0.12	0.05	0.22	0.08	0.36	0.45	0.12	0.06	0.45	0.06	0.12	0.73	0.01	0.52	0.7	0.32	0.08	0.21	0.34	0.04	0.4	0.48	0.21	0.23	0.14	0.05	0.4	0.07	0.4	0.01	0.4	0.16	0.11	0.13	0.42	0.19	0.03	0.04	0.12	0.4	0.05	0.13	0.05	0.16	0.16	0.13	0.22	0.41	0.33	0.19	0.04	0.27	0.04	0.41	0	0.12	0.06	0.41	0.29	0.41	0.04	1.02	0.06	0.22	0.52	0.18	0.42	0.42	0.08	0.07	0.28	0.14	0.14	0.42	0.44	0.14	0.16	0.42	0.55	0.34	0.03	0.41	0	0.31	0.28	0.62	0.19	0.19	0.12	0.04	0.42	0.31	0.42	0.34	0.08	0.05	0.31	0.05	0.56
0.16	0.11	0.49	0.15	0.03	0.31	0.01	0.11	0.09	0.23	0.4	12.6	0.4	0.13	0.4	0.18	0.15	0.91	0.41	0.4	0.4	0.05	0.43	0.61	0.03	0.41	0.11	0.49	0.42	0.41	0.37	0.19	0.12	0.02	0.64	0.41	0.39	0.27	0.41	0.05	0.11	0.04	0.1	0.2	2.39	0.02	0.15	0.13	0.22	0.42	0.14	0.08	0.12	0.35	0.21	0	0.42	0.11	0.05	0.08	0.12	0.93	0.42	0.15	0.04	0.08	0.14	0.01	0.53	0.17	0.43	0.03	0.02	0.19	0.18	0.04	0.43	0.16	0.22	0.12	0.13	0.06	0.44	0.16	0.21	0.43	0.09	0.07	0.38	0.44	0.03	0.19	0.11	0.23	0.44	0.11	0.33	0.33	0.23
0.42	0.02	0.11	0.92	0.42	0.26	0.13	0.42	0.02	0	0.12	0.53	0.05	0.03	1.27	0.21	0.05	0.22	0.3	0.03	0.47	0.41	0.21	0.14	0.14	0.53	0.04	0.02	0.35	0.06	0.11	0.17	0.01	0.14	0.05	0.19	0.04	0.98	0.48	0.21	0.03	0.14	0.03	0.48	6.1	0.14	0.22	0.01	0.78	0.11	0.04	0.19	0.02	0.23	0.06	0.11	0	0.03	0.32	0.48	0.03	0.44	0.03	0.22	0.16	0.16	0.04	0.13	0.05	0.82	0.04	0.59	0.15	0.28	0.35	0.49	0.48	0.58	0.34	0.45	0.05	0.19	0.06	0.19	0.28	0.12	0.22	0.55	0.48	0.03	0.39	0.52	0.24	0.48	0.16	0.02	0.09	0.03	0.48
0.22	0.36	0.09	0.04	0.14	0.34	0.45	0.22	0.03	0.03	0.31	4.07	0.04	0.04	0.74	0.35	0.29	0.48	0.28	0.02	0.06	0.5	0.21	0.14	0.15	0.03	0.03	0.05	0.09	0.25	0.1	0.89	0.2	0.13	0.04	0.2	0.02	0.36	0.09	0.24	0.23	0.5	0.01	0.84	1.5	0.14	0.2	0.25	0.4	0.09	0.2	0.18	0.4	0.19	0.05	0.4	0.17	0	0.21	0.11	0.32	0.23	0.4	0.2	0.4	0.16	0.04	0.12	0.05	0.04	0.41	0.14	0.19	0.29	0.06	0.51	0.22	0.19	0.32	0.04	0.04	0.41	0.41	0.2	0.26	0.14	0.2	0.17	0.11	0.41	0.15	0.41	0.04	0.34	0.05	0.41	0.04	0.01	0.45
0.45	0.17	0.23	0.19	0.1	0.65	0.45	0.17	0.14	0.45	0.03	1.53	0.15	0.47	0.56	0.32	0.49	0.21	0.19	0.17	0.15	0.04	0.05	0.29	0.05	0.49	0.17	0.29	0.59	0.49	0.26	0	0.21	0.47	0.15	0.03	0.49	1.3	0.05	0.22	0.49	0.23	0.17	0.09	0.14	0.09	0.32	0.16	0.5	0.29	0.6	0.03	0.15	0.4	0.16	0.06	0.6	0.15	0	0.1	0.14	0.29	0.16	0.17	0.37	0.02	0.17	0.6	0.19	0.35	0.5	0.05	0.4	0.4	0.14	0.09	0.4	0.38	0.17	0.15	0.17	0.6	0.47	0.21	0.23	0.4	0.03	0.09	0.35	0.4	0.05	0.14	0.4	0.18	0.4	0.18	0.41	0.89	0.17
0.03	0.44	0.14	0.53	0.1	0.47	0.04	0.13	0.45	0.13	0.02	1.41	0.11	0.41	0.24	0.08	0.15	0.57	0.23	0.16	0.13	0.12	0.09	0.05	0.04	0.1	0.12	0.16	0.19	0.13	0.01	0.06	0.12	0.32	0.12	0.09	0.49	0.23	0.01	0.05	0.1	0.17	0.13	0.3	0.26	0.1	0.35	0.31	0.41	0.01	0.09	0.09	0.41	0.06	0.12	0.24	0.41	0.1	0.07	0	0.44	0.42	0.13	0.16	0.22	0.08	0.13	0.14	0.42	0.13	0.11	0.04	0.49	0.45	0.11	0.04	0.05	0.07	0.45	0.47	0.49	0.04	0.45	0.19	0.22	0.04	0.09	0.1	0.01	0.11	0.04	0.58	0.11	0.56	0.14	0.46	0.46	0.11	0.99
0.46	0.41	0.1	0.07	0.14	0.26	0.11	0.03	0.02	0.17	0.12	1.98	0.04	0.02	0.37	0.2	0.31	0.2	0.34	0.03	0.1	0.16	0.18	0.39	0.13	0.02	0.04	0.2	0.52	0.42	0.43	0.49	0.04	0.12	0.05	0.19	0.02	0.9	0.42	0.2	0.04	0.32	0.03	0.19	0.39	0.52	0.21	0.8	0.33	0.39	0.02	0.51	0.03	0.35	0.04	0.12	0.04	0.38	0.15	0.53	0	0.88	0.04	0.21	0.15	0.16	0.07	0.42	0.09	0.04	0.04	0.15	0.2	0.27	0.09	0.11	0.57	0.45	0.3	0.29	0.03	0.22	0.04	0.48	0.27	0.11	0.19	0.48	0.1	0.02	0.13	0.29	0.04	0.35	0.07	0.23	0.46	0.03	1.99
0.41	0.41	0.91	0.41	0.41	0.41	0.91	0.95	0.91	0.41	0.41	3.66	0.11	0.94	0.54	0.44	0.44	0.94	0.44	0.44	0.45	0.47	0.43	0.43	0.93	0.43	0.43	0.43	0.54	0.43	0.01	0.43	0.93	0.43	0.42	1.03	0.09	0.42	0	0.42	0.42	0.42	0.62	0.03	7.05	0.42	0.92	1.22	0.91	0.91	0.48	0.41	0.91	0.48	0.41	0.91	0.41	0.1	0.06	0.02	0.49	0.01	0.51	0.49	0.05	0.08	0.49	0.48	0.48	1.48	0.13	0.48	0.48	0.19	0.48	0.04	0.05	0.47	0.96	0.46	0.46	0.96	0.12	0.45	0.95	0.45	0.21	0.45	0.01	0.44	0.03	0.2	0.44	0.44	0.44	1.04	0.13	0.41	0.84
0.14	0.03	0.1	0.39	0.14	0.31	0.13	0.04	0.44	0.03	0.14	0.5	0.06	0.03	0.37	0.26	0.02	0.25	0.29	0.37	0.45	0.17	0.45	0.4	0.18	0.4	0	0.05	0.11	0.07	0.12	1	0.04	0.44	0.05	0.48	0.04	0.06	0.13	0.23	0.31	0.12	0.03	0.75	0.7	0.5	0.22	0.16	0.37	0.4	0.45	1.09	0.02	0.19	0.06	0.4	0.4	0.42	0.42	0.12	0.34	0.26	0	0.8	0.4	0.17	0.01	0.14	0.03	0.04	0.04	0.23	0.15	0.29	0.04	0.13	0.23	0.28	0.32	0.06	0.41	0.41	0.06	0.21	0.28	0.13	0.21	0.81	0.43	0.08	0.14	0.57	0.06	0.71	0.17	0.33	0.41	0.03	0.2
0.26	0.21	0.3	0.23	0.44	0.54	0.15	0.48	0.21	0.22	0.15	2.79	0.22	0.48	0.6	0.21	0.23	0.65	0.51	0.21	0.27	1.41	0.9	0.16	0.14	0.22	0.22	0.4	0.5	0.23	0.16	0.42	0.49	0.13	0.24	0.19	0.2	0.2	0.15	0.45	0.4	0.2	0.49	0.18	0.34	0.12	0.01	0.49	0.48	0.15	0.28	0.21	0.2	0.31	0.49	0.47	0.22	0.36	0.26	0.16	0.21	0.5	0.22	0	0.52	0.52	0.23	0.49	0.24	0.23	0.2	0.14	0.38	0.35	0.49	0.22	0.21	0.18	0.31	0.22	0.8	0.6	0.6	0.18	0.07	0.48	0.4	0.18	0.16	0.6	0.12	0.3	0.4	0.35	0.61	0.21	0.23	0.21	0.4
0.03	0.14	0.44	0.46	0.09	0.54	0.05	0.48	0.16	0.19	0.03	5.4	0.15	0.13	0.67	0.37	0.17	0.23	0.57	0.56	0.17	0.03	0.05	0.04	0.04	0.18	0.15	0.53	0.98	0.48	0.38	0.04	0.18	0.06	0.15	0.05	0.14	0.15	0.48	0.01	0.16	0.03	0.54	0.25	0.51	0.49	0.18	0.23	0.27	0.04	0.5	0.11	0.49	0.1	0.16	0.04	0.16	0.49	0.04	0.04	0.15	0.2	0.49	0.25	0	0.05	0.18	0.04	0.49	0.17	0.44	0.05	0.09	0.49	0.51	0.04	0.01	0.05	0.5	1.61	0.35	0.04	0.49	0.26	0.6	0.04	0.05	0.39	0.4	0.13	0.43	0.17	0.5	0.19	0.4	0.45	0.2	0.17	0.88
0.43	0.45	0.2	0.99	0.06	0.43	0.07	0.16	0.18	0.2	0.06	3.95	0.18	0.15	0.17	0.41	0.18	0.4	0.17	0.47	0.19	0.05	0.1	0.07	0.07	0.51	0.51	0.18	0.33	0.19	0.07	0.02	0.31	0.06	0.18	0.01	0.14	1.02	0.44	0.5	0.16	0.08	0.18	0.07	0.21	0.23	0.52	0.17	0.41	0.41	0.54	0.03	0.15	0.51	0.56	0.07	0.16	0.16	0.41	0.07	0.16	0.15	0.32	0.91	0.05	0	0.5	0.4	0.48	0.28	0.15	0.4	0.35	0.12	0.16	0.09	0.4	0.14	0.16	1.1	0.17	0.1	0.18	0.09	0.16	0.4	0.03	0.05	0.11	0.45	0.4	0.26	0.18	0.14	0.26	0.28	0.8	0.92	0.5
0.17	0.1	0.12	0.33	0.16	0.23	0.15	0.05	0.05	0.06	0.15	8.62	0.07	0.04	0.67	0.28	0.32	0.35	0.63	0.04	0.09	0.25	0.23	0.53	0.16	0.3	0.02	0.07	0.17	0.43	0.14	0.2	0.43	0.16	0.06	0.21	0.04	0.46	0.43	0.59	0.04	0.43	0.43	0.22	1.73	0.16	0.5	0.27	0.43	0.11	0.05	0.21	0.32	0.3	0.26	0.15	0.17	0.43	0.17	0.15	0.24	0.15	0.03	0.23	0.19	0.18	0	0.17	0.01	0.06	0.05	0.43	0.29	0.3	0.05	0.5	0.23	0.19	0.33	0.29	0.06	0.43	0.15	0.43	0.43	0.17	0.53	0.19	0.31	0.05	0.15	0.35	0.43	0.36	0.04	0.04	0.03	0.04	0.24
0.04	0.14	0.15	0.35	0.02	0.47	0	0.21	0.49	0.46	0.16	3.23	0.41	0.1	0.41	0.1	0.14	0.41	0.24	0.12	0.42	0.04	0.08	0.03	0.23	0.12	0.13	0.17	0.3	0.13	0.07	0.05	0.12	0.02	0.11	0.08	0.1	0.13	0.01	0.1	0.13	0.04	0.53	0.07	0.36	0.94	0.15	0.13	0.22	0.03	0.12	0.08	0.12	0.44	0.12	0.01	0.44	0.11	0.55	0.26	0.47	0.65	0.45	0.15	0.04	0.07	0.15	0	0.24	0.47	0.38	0.47	0.02	0.57	0.33	0.03	0.25	0.25	1.07	0.12	0.47	0.47	0.33	0.11	0.21	0.03	0.08	0.09	0.41	0.48	0.03	0.19	0.12	0.23	0.14	0.14	0.14	0.11	0.23
0.17	0.16	0.12	0.08	0.16	0.4	0.16	0.29	0.41	0.05	0.15	0.36	0.91	0.05	0.71	0.27	0.03	0.62	0.42	0.12	0.28	0.19	0.38	0.16	0.43	0.05	0.53	0.07	0.12	0.09	0.14	0.18	0.64	0.32	0.12	0.21	0.05	0.44	0.5	0.45	0.42	0.85	0.06	0.18	6.14	0.15	0.57	0.06	0.37	0.46	0.97	0.21	0.04	0.27	0.08	0.13	0.41	0.05	0.21	0.17	0.06	0.45	0.04	0.39	0.17	0.19	0.01	0.4	0	0.43	0.41	0.44	0.17	0.4	0.06	0.5	0.25	0.21	0.68	0.07	0.25	0.2	0.37	0.24	0.92	0.96	0.59	0.26	0.14	0.05	0.72	1.24	0.07	0.36	0.05	0.05	0.04	0.05	0.23
0.14	0.03	0.11	0.06	0.16	0.44	0.44	0.02	0.03	0.07	0.13	2.52	0.06	0.04	0.39	0.23	0.13	0.28	0.49	0.1	0.29	0.52	0.21	0.15	0.15	0.34	0.04	0.49	0.12	0.07	0.12	0.17	0.32	0.15	0.14	0.32	0.04	0.79	0.11	0.23	0.14	0.41	0.07	0.16	6.22	0.15	0.62	0.2	0.36	0.6	0.04	0.61	0.03	0.2	0.07	0.4	0.02	0.05	0.18	0.13	0.04	0.5	0.4	0.23	0.17	0.16	0.21	0.13	0.13	0	0.4	0.15	0.34	0.3	0.4	0.14	0.22	0.4	0.34	0.06	0.06	0.42	0.4	0.2	0.4	0.14	0.21	0.17	0.14	0.04	0.15	0.39	0.59	0.36	0.07	0.03	0.05	0.04	0.83
0.62	0.41	0.08	0.72	0.15	0.26	0.11	0.04	0.42	0.04	0.13	3.8	0.66	0.05	0.38	0.24	0.06	0.54	0.5	0.17	0.06	0.17	0.36	0.16	0.16	0.05	0.04	0.37	0.56	0.05	0.1	0.59	0.12	0.13	0.27	0.37	0.02	0.47	0.1	0.23	0.03	0.11	0.03	0.15	0.22	0.77	0.77	0.57	0.64	0.09	0.16	0.47	0.02	0.23	0.05	0.1	0.04	0.47	0.17	0.09	0.32	1.57	0.44	0.2	0.19	0.15	0.05	0.42	0.06	0.05	0	0.47	0.15	0.26	0.36	0.47	0.21	0.5	0.48	0.17	0.05	0.16	0.05	0.19	0.51	0.12	0.47	0.18	0.1	0.03	0.98	0.32	0.26	0.44	0.06	0.03	0.34	0.42	0.49
0.03	0.48	0.24	0.46	0.02	0.3	0.03	0.14	0.27	0.14	0.42	2.51	0.46	0.93	0.26	0.13	0.28	0.88	0.23	0.14	0.46	0.28	0.46	0.54	0.03	0.13	0.15	0.18	0.47	0.47	0.04	0.34	0.16	0.01	0.15	0.47	0.29	0.46	0.03	0.09	0.16	0.77	0.15	0.17	0.88	0.36	0.14	0.15	0.22	0.04	0.14	0.47	0.48	0.05	0.14	0.19	0.49	0.15	0.05	0.04	0.14	0.49	0.16	0.14	0.05	0.07	0.16	0.03	0.34	0.5	0.15	0	0.24	0.19	0.5	0.05	0.09	0.17	0.5	0.23	0.17	0.04	0.41	0.08	0.51	0.16	0.09	0.14	0.34	0.51	0.01	0.52	0.14	0.49	0.42	0.14	0.4	0.16	0.22
0.19	0.12	0.17	0.76	0.46	0.66	0.04	0.46	0.11	0.46	0.02	6.38	0.14	0.55	0.56	0.46	0.16	0.23	0.25	0.56	0.16	0.14	0.49	0.02	0.05	0.98	0.48	0.19	0.68	0.48	0.09	0.3	0.58	0.48	0.14	0.14	0.13	0.26	0.58	0.09	0.48	0.48	0.19	0.48	0.04	0.4	1.08	0.14	2.06	0.64	0.35	0.91	0.54	1.11	0.14	0.02	0.53	0.16	0.52	0.41	0.14	1.42	0.92	0.16	0.42	0.06	0.15	0.02	0.92	0.42	0.2	0.42	0	0.53	0.43	0.29	0.09	0.66	0.23	2.94	0.13	0.19	0.93	0.48	0.34	0.26	0.43	0.1	0.13	0.5	0.4	0.17	0.13	0.35	0.4	0.52	0.5	1	0.6
0.18	0.29	0.29	1.48	0.98	0.12	0.38	0.28	0.27	0.3	0.48	1.88	0.48	0.49	0.22	0.13	0.31	0.09	0.05	0.27	0.58	0.2	0.14	0.42	0.48	0.27	0.29	0.59	0.35	0.29	0.48	0.13	0.28	0.18	0.29	0.1	0.29	0.47	0.18	0.2	0.28	0.19	0.26	0.21	0.29	0.18	0.36	0.28	0.9	0.4	0.73	0.14	0.26	0.33	0.28	0.18	0.91	0.41	0.13	0.19	0.41	0.41	0.41	0.35	0.4	0.12	0.3	0.91	0.41	0.3	0.28	0.19	0.55	0	0.27	0.21	0.2	0.12	0.22	0.63	0.43	0.52	0.28	0.42	0.64	0.19	0.1	0.42	0.19	0.6	0.19	0	0.5	0.4	0.32	0.29	0.93	0.28	0.28
0.47	0.15	0.07	0.59	0.12	0.26	0.1	0.03	0.02	0.48	0.11	7.39	0.03	0.02	0.47	0.2	0.31	0.58	0.5	0.02	0.06	0.41	0.23	0.48	0.14	0.02	0.04	0.42	0.48	0.13	0.48	0.16	0.04	0.12	0.05	0.18	0.49	0.02	0.36	0.21	0.03	0.11	0.4	0.15	3.21	0.5	0.21	0.04	0.8	0.4	0.08	0.4	0.07	0.19	0.05	0.09	0.4	0.03	0.15	0.4	0.01	0.4	0.04	0.35	0.14	0.46	0.41	0.41	0.06	0.05	0.03	0.15	0.57	0.51	0	0.11	0.21	1.08	0.41	0.03	0.04	0.4	0.4	0.18	0.41	0.1	0.19	0.41	0.2	0.33	0.47	0.42	0.03	0.33	0.41	0.15	0.06	0.03	0.92
0.04	0.28	0.16	0.17	0.4	0.32	0.03	0.14	0.48	0.14	0.24	0.76	0.18	0.14	0.24	0.07	0.15	0.26	0.22	0.4	0.15	0.04	0.09	0.23	0.43	0.19	0.42	0.15	0.18	0.14	0.03	0.22	0.3	0.09	0.18	0.11	0.58	0.13	0.04	0.04	0.44	0.01	0.12	0.3	1.14	0.47	0.22	0.15	0.46	0.02	0.13	0.09	0.1	0.47	0.47	0.04	0.14	0.48	0.16	0.03	0.12	0.18	0.39	0.39	0.04	0.09	0.16	0.04	0.14	0.42	0.43	0.18	0.09	0.2	0.47	0	0.04	0.08	0.96	0.47	0.15	0.43	0.13	0.18	0.98	0	0.1	0.09	0.03	0.11	0.14	0.19	0.48	1.03	0.21	0.5	0.16	0.13	1.11
0.1	0.22	0.48	0.25	0.09	0.49	0.49	0.21	0.19	0.21	0.03	2.47	0.15	0.64	0.27	0.11	0.25	0.65	0.23	0.41	0.19	0.09	0.06	0.09	0.53	0.6	0.43	0.23	0.24	0.16	0.25	0.04	0.33	0.09	0.17	0.09	0.21	0.37	0.05	0	0.61	0.03	0.23	0.13	0.15	0.25	0.48	0.24	0.24	0.78	0.88	0.05	0.2	0.16	0.16	0.05	0.58	0.22	0.13	0.04	0.2	0.05	0.23	0.21	0.01	0.05	0.58	0.1	0.63	0.24	0.22	0.09	0.43	0.2	0.2	0.05	0	0.43	0.22	1.04	0.59	0.01	0.43	0.27	0.23	0.03	0.09	0.07	0.04	0.45	0.09	0.21	0.16	0.22	0.25	0.43	0.55	0.22	0.28
0.15	0.94	0.21	1.06	0.04	0.43	0.63	0.18	0.43	0.21	0.37	2.61	0.17	1.01	0.19	0.03	0.5	0.49	0.18	0.57	0.49	0.08	0.05	0.06	0.06	0.17	0.2	0.19	0.49	0.19	0.27	0.03	0.47	0.05	0.18	0.67	0.48	1.47	0.08	0.46	0.46	0.08	0.45	0.95	1.55	0.22	0.56	0.24	0.16	0.08	0.83	0.43	0.17	0.47	0.18	0.42	0.46	0.19	0.41	0.07	0.19	0.2	0.41	0.5	0.05	0.02	0.41	0.06	0.18	0.9	0.4	0.07	0.07	0.5	0.17	0.12	0.08	0	0.49	0.68	0.19	0.03	0.17	0.03	0.48	0.47	0.01	0.03	0.46	0.56	0.06	0.14	0.45	0.22	0.2	0.65	0.44	0.48	0.26
0.2	0.33	0.46	0.66	0.24	0.21	0.2	0.33	0.32	0.34	0.2	6.59	0.45	0.31	0.04	0.15	0.89	0.26	0.26	0.47	0.32	0.21	0.16	0.56	0.2	0.31	0.47	0.47	0.66	0.31	0.22	0.17	0.33	0.76	0.47	0.28	0.32	0.98	0.48	0.22	0.36	0.48	0.34	0.48	1.72	0.25	0.31	0.33	0.02	0.28	0.99	0.16	0.32	0.3	0.58	0.53	0.49	0.32	0.17	0.23	0.99	0.77	0.32	0.59	0.19	0.16	0.34	0.42	0.34	0.5	0.35	0.2	0.24	0.26	0.59	0.23	0.21	0.14	0.01	0.31	0.31	0.21	0.4	0.12	0.37	0.22	0.41	0.4	0.22	0.3	0.4	0.41	0.31	0.3	0.33	0.91	0.54	0.91	0.41
0.96	0.04	0.22	0.45	0.13	0.28	0.44	0.87	0.03	0.05	0.43	4.48	0.01	0.05	0.43	0.47	0.07	0.2	0.56	0.03	0.09	0.15	0.45	0.14	0.75	0.45	0.06	0.07	0.64	0.44	0.11	0.16	0.93	0.16	0.46	0.19	0.42	0.42	0.11	0.41	0.18	0.12	0.35	0.4	3.29	0.12	0.56	0.14	0.33	0.46	0.06	0.19	0.03	0.54	0.01	0.11	0.47	0.04	0.39	0.12	0.46	0.12	0.06	0.45	0.14	0.18	0.95	0.12	0.54	0.43	0.04	0.14	0.5	0.43	0.92	0.42	0.31	0.17	0.31	0	0.9	0.17	0.01	0.5	0.28	0.24	0.19	0.49	0.12	0.21	0.98	0.5	0	0.47	0.46	0.04	0.46	0.43	0.27
0.13	0.04	0.08	0.07	0.54	0.28	0.13	0.47	0.02	0.06	0.12	0.32	0.03	0.08	0.5	0.45	0.07	0.21	0.34	0.44	0.65	0.16	0.2	0.5	0.17	0.07	0.45	0.75	0.52	0.04	0.12	0.16	0.05	0.14	0.05	0.19	0.03	0.17	0.1	0.21	0.05	0.14	0.08	0.2	2.05	0.12	0.23	0.32	0.55	0.45	0.06	0.21	0.04	0.2	0.04	0.11	0.05	0.04	0.16	0.46	0.03	0.31	0.05	0.56	0.25	0.46	0.06	0.13	0.07	0.06	0.05	0.29	0.14	0.28	0.04	0.14	0.47	0.18	0.44	0.03	0	0.16	0.3	0.18	0.29	0.46	0.19	0.41	0.12	0.32	0.15	0.46	0.4	0.34	0.56	0.04	0.06	0.09	0.55
0.27	0.14	0.24	0.95	0.44	0.28	0.04	0.46	0.45	0.45	0.1	3.12	0.48	0.48	0.59	0.04	0.17	0.49	0.2	0.15	0.16	0.06	0.08	0.06	0.41	0.15	0.2	0.23	0.44	0.61	0.05	0.07	0.28	0.2	0.15	0.5	0.18	0.16	0.49	0.2	0.4	0.03	0.17	0.1	0.6	0.84	0.23	0.4	0.27	0.28	0.21	0.06	0.18	0.47	0.22	0.07	0.2	0.4	0.03	0.04	0.24	0.2	0.18	0.26	0.01	0.05	0.16	0.36	0.18	0.4	0.4	0.09	0.1	0.29	0.42	0.07	0.09	0.15	0.25	0.91	0.41	0	0.19	0.05	0.27	0.45	0.05	0.06	0.41	0.16	0.04	0.16	0.51	0.25	0.18	0.96	0.41	0.28	0.61
0.56	0.05	0.26	0.11	0.52	0.35	0.12	0.06	0.04	0.06	0.46	0.98	0.01	0.31	0.35	0.51	0.48	0.21	0.88	0.04	0.48	0.19	0.21	0.14	0.48	0.05	0.06	0.08	0.49	0.11	0.49	1.04	0.06	0.69	0.08	0.49	0.51	0.05	0.11	0.51	0.12	0.12	0.05	0.32	0.9	1.1	0.36	0.06	0.33	0.4	0.4	0.28	0.04	0.25	0	0.4	0.06	0.7	0.5	0.12	0.4	0.12	0.35	0.22	0.41	0.18	1.21	0.12	0.51	0.06	0.4	0.61	0.14	0.42	0.04	0.13	0.41	0.18	0.51	0.28	0.03	0.28	0	0.82	0.5	0.92	0.21	0.18	0.12	0.04	0.92	0.31	0.01	0.42	0.08	0.42	0.07	0.13	0.68
0.48	0.22	0.21	0.98	0.06	0.3	0.07	0.56	0.49	0.57	0.09	0.58	0.18	0.49	0.18	0.06	0.22	0.49	0.16	0.2	0.21	0.07	0.04	0.08	0.33	0.18	0.5	0.4	0.54	0.19	0.08	0.03	0.5	0.05	0.19	0.4	0.4	0.22	0.09	0.09	0.2	0.09	0.18	0.26	1.61	0.24	0.51	0.43	0.15	0.07	0.41	0.23	0.19	0.18	0.19	0.08	0.41	0.41	0.03	0.09	0.18	0.42	0.6	0.46	0.05	0.01	0.46	0.17	0.24	0.42	0.19	0.08	0.06	0.1	0.4	0.42	0.31	0.13	0.12	1.81	0.72	0.22	0.19	0	0.73	0.47	0	0.04	0.08	0.43	0.44	0.23	0.18	0.43	0.45	0.56	0.39	0.43	0.74
0.21	0.53	0.26	0.77	0.47	0.48	0.21	0.57	0.27	0.3	0.21	3.23	0.45	0.29	0.66	0.27	0.29	0.42	0.41	0.64	0.25	0.49	0.27	0.46	0.2	0.97	0.46	0.3	0.3	0.52	0.21	0.23	0.49	0.19	0.52	0.25	0.26	0.45	0.97	0.23	0.26	0.2	0.62	0.37	0.21	0.48	0.07	0.28	0.41	0.48	0.26	0.27	0.49	0.69	0.28	0.5	0.49	0.26	0.7	0.22	0.9	0.5	0.28	0.07	0.4	0.22	0.7	0.21	0.35	0.29	0.4	0.61	0.26	0.35	0.53	0.27	0.23	0.59	0.37	0.28	0.29	0.23	0.51	0.42	0	0.32	0.42	0.17	0.42	0.53	0.52	0.53	0.43	0.79	0.3	0.36	0.29	0.27	0.4
0.03	0.11	0.16	0.46	0.1	0.31	0.47	0.12	0.1	0.13	0.03	2.73	0.13	0.15	0.42	0.07	0.93	0.42	0.42	0.29	0.15	0.42	0.09	0.42	0.05	0.14	0.14	0.16	0.54	0.14	0.03	0.09	0.55	0.09	0.14	0.1	0.43	0.11	0.03	0.49	0.11	0.01	0.14	0.64	5.27	0.09	0.46	0.3	0.44	0.01	0.13	0.31	0.12	0.13	0.45	0.03	0.12	0.11	0.34	0.04	0.35	0.6	0.13	0.22	0.4	0.46	0.16	0.03	0.15	0.15	0.12	0.05	0.09	0.19	0.28	0.47	0.04	1.08	0.57	0.5	0.13	0.06	0.4	0.1	0.28	0	0.98	0.32	0.03	0.13	0.05	0.2	0.48	0.35	0.48	0.13	0.54	0.33	0.72
0.08	0.18	0.58	0.21	0.06	1.02	0.08	0.19	0.42	0.24	0.43	3.23	0.19	0.42	0.57	0.33	0.43	1.09	0.17	0.19	0.2	0.14	0.04	0.11	0.41	0.19	0.44	0.44	0.26	0.2	0.08	0.36	0.53	0.06	0.17	0.01	0.21	0.2	0.08	0.64	0.75	0.42	0.44	0.12	2.5	0.08	0.19	0.21	0.35	0.07	0.19	0.04	0.46	0.45	0.19	0.16	0.58	0.3	0.03	0.09	0.19	0.45	0.23	0.19	0.05	0.01	0.4	0.34	0.31	0.21	0.21	0.09	0.46	0.22	0.43	0.22	0.09	0.41	0.46	0.67	0.2	0.05	0.19	0.01	1.07	0.1	0	0.04	0.09	0.18	0.08	0.47	0.19	0.15	0.22	0.43	0.22	0.22	0.16
0.04	0.15	0.18	0.41	0.09	0.71	0.41	0.16	0.15	0.23	0.06	5.76	0.5	0.5	0.4	0.06	0.44	0.55	0.21	0.55	0.23	0.1	0.11	0.41	0.44	0.18	0.16	0.24	0.22	0.19	0.07	0.13	0.17	0.03	0.15	0.04	0.16	0.45	0.05	0.07	0.21	0.1	0.19	0.45	2.52	0.11	0.26	0.33	0.45	0.09	0.15	0.08	0.45	0.17	0.19	0.07	0.17	0.55	0.47	0.45	0.15	0.33	0.45	0.33	0.42	0.05	0.45	0.05	0.2	0.18	0.18	0.18	0.09	0.15	0.18	0.46	0.07	0.03	0.16	0.47	0.47	0.09	0.56	0.04	0.17	0.46	0.04	0	0.08	0.15	0.04	0.46	0.18	0.33	0.21	0.15	0.57	0.98	0.19
0.05	0.1	0.16	0.52	0.1	0.31	0.02	0.12	0.1	0.14	0.25	3.17	0.11	0.11	0.47	0.45	0.43	0.27	0.43	0.09	0.14	0.04	0.28	0.28	0.04	0.14	0.44	0.44	0.25	0.12	0	0.04	0.12	0.1	0.46	0.11	0.08	0.84	0.31	0.04	0.1	0.11	0.12	0.44	0.87	0.09	0.16	0.64	0.44	0.37	0.32	0.08	0.11	0.05	0.39	0.02	0.13	0.1	0.13	0.01	0.12	0.38	0.14	0.16	0.19	0.08	0.13	0.02	0.27	0.12	0.11	0.06	0.09	0.19	0.12	0.04	0.04	0.41	0.23	0.55	0.12	0.16	0.28	0.08	0.22	0.03	0.09	0.69	0	0.1	0.03	0.96	0.45	0.23	0.15	0.11	0.13	0.1	0.28
0.13	0.02	0.09	0.25	0.12	0.26	0.12	0.03	0.46	0.25	0.11	0.32	0.04	0.01	0.35	0.48	0.05	0.2	0.37	0.06	0.78	0.14	0.2	0.13	0.16	0.01	0.04	0.05	0.13	0.48	0.34	0.16	0.03	0.12	0.06	0.17	0.02	0.49	0.12	0.21	0.03	0.49	0.05	0.15	5.51	0.23	0.53	0.03	0.32	0.39	0.1	0.2	0.02	0.49	0.14	0.1	0.03	0.03	0.16	0.5	0.17	0.11	0.04	0.21	0.15	0.18	0.05	0.12	0.05	0.4	0.17	0.16	0.13	0.58	0.02	0.14	0.2	0.4	0.31	0.04	0.01	0.41	0.22	0.38	0.37	0.71	0.41	0.15	0.28	0	0.16	1.01	0.04	0.41	0.43	0.61	0.06	0.38	2.32
0.03	0.36	0.18	0.18	0.03	0.4	0.02	0.4	0.25	0.4	0.03	1.01	0.13	0.5	0.53	0.21	0.18	0.4	0.49	0.48	0.18	0.81	0.23	0.01	0.22	0.4	0.17	0.16	0.74	0.33	0.41	0.42	0.41	0.18	0.16	0.61	0.14	0.18	0.03	0.09	0.3	0.04	0.71	0.17	1.18	0.34	0.15	0.19	0.21	0.04	0.38	0.92	0.17	0.06	0.14	0.03	0.16	0.42	0.42	0.15	0.13	0.62	0.16	0.15	0.42	0.07	0.15	0.02	0.16	0.15	0.43	0.01	0.03	0.2	0.13	0.43	0.09	0.05	0.34	0.5	0.15	0.04	0.52	0.4	0.14	0.44	0.08	0.04	0.03	0.54	0	0.55	0.21	0.45	0.18	0.15	0.37	0.44	0.45
0.19	0.31	1.05	0.35	0.57	0.12	0.44	0.7	0.44	0.64	0.19	0.74	0.71	0.4	0.58	0.14	0.41	0.32	0.05	0.39	0.91	0.19	0.15	0.73	0.41	0.49	0.41	0.41	0.51	0.55	0.19	0.45	0.4	0.86	0.46	0.12	0.3	0.54	0.44	0.21	0.3	0.19	0.44	0.4	0.31	0.18	0.44	0.54	0.52	0.17	0.35	0.15	0.94	0.27	0.59	0.54	0.31	0.66	0.14	0.2	0.44	0.36	0.31	0.44	0.17	0.44	0.74	0.31	0.44	0.96	0.44	0.33	0.38	0	0.56	0.2	0.21	0.13	0.22	0.45	0.32	0.26	0.3	0.12	0.45	0.19	0.12	0.45	0.45	0.3	0.75	0	0.35	0.03	0.65	0.31	1.03	0.68	0.09
0.46	0.04	0.13	0.2	0.46	0.53	0.3	0.05	0.03	0.46	0.12	0.32	0	0.05	0.66	0.21	0.07	0.21	0.34	0.56	0.09	0.15	0.2	0.14	0.77	0.05	0.06	0.07	0.12	0.01	0.19	0.16	0.47	0.13	0.07	0.19	0.03	0.3	0.11	0.15	0.05	0.48	0.48	0.15	2.54	0.47	0.22	0.26	0.49	0.24	0.14	0.21	0.04	0.53	0.01	0.3	0.05	0.13	0.15	0.49	0.04	0.11	0.8	0.5	0.15	0.18	0.07	0.12	0.4	0.06	0.4	0.14	0.81	0.27	0.03	0.41	0.15	0.17	0.51	1.53	0.03	0.47	0.01	0.42	0.31	0.39	0.18	0.44	0.12	0.42	0.13	0.62	0	0.42	0.38	0.41	0.42	0.05	0.28
0.23	0.47	0.34	0.97	0.47	0.15	0.84	0.53	0.97	0.65	0.22	3.72	0.67	0.4	0.32	0.17	0.5	0.41	0.06	0.41	0.41	0.23	0.18	0.51	0.41	0.34	0.42	0.36	0.38	0.62	0.42	0.36	0.42	0.21	0.32	0.16	0.53	0.53	0.22	0.85	0.95	0.22	0.45	0.85	0.25	0.22	0.47	0.34	0.29	0.5	0.34	0.18	0.47	0.48	0.48	0.44	0.34	0.48	0.18	0.48	0.34	0.69	0.53	0.99	0.49	0.14	0.69	0.53	0.36	0.36	1	0.5	0.22	0.03	0.34	0.4	0.61	0.16	0.3	0.6	0.41	0.51	0.34	0.15	0.51	0.23	0.15	0.61	0.41	0.34	0.23	0.18	0.42	0	0.61	0.32	0.92	0.34	0.12
0.15	0.05	0.1	0	0.15	0.24	0.14	1.09	0.43	0.05	0.16	1.4	0.07	0.4	0.6	0.23	0.29	0.67	0.3	0.05	0.09	0.18	0.51	0.51	0.19	0.08	0.02	0.07	0.41	0.08	0.14	0.18	0.42	0.58	0.07	0.62	0.06	0.37	0.13	0.23	0.05	0.42	0.04	0.51	2.02	0.43	0.24	0.06	0.37	0.49	0.43	0.24	0.43	0.25	0.1	0.16	0.05	0.04	0.53	0.53	0.07	0.46	0.44	0.6	0.17	0.19	0.03	0.64	0.44	0.06	0.06	0.18	0.45	0.31	0.06	0.15	0.23	0.45	0.33	1.89	0.25	0.42	0.46	0.21	0.46	0.46	0.21	0.39	0.15	0.46	0.43	0.34	0.08	0.57	0	0.47	0.01	0.05	0.52
0.47	0	0.92	0.05	0.13	0.26	0.42	0.02	0.02	0.02	0.13	4.8	0.04	0.04	0.38	0.49	0.05	0.44	0.49	0.02	0.06	0.91	0.56	0.15	0.47	0	0.04	0.16	0.37	0.05	0.39	0.4	0.03	0.5	0.04	0.22	0.4	0.02	0.2	0.22	0.02	0.31	0.02	0.26	3	0.51	1.01	0.03	0.33	0.09	0.11	0.51	0.13	0.59	0.05	0.1	0.36	0.02	0.41	0.11	0.1	1.02	0.03	0.21	0.62	0.45	0.42	0.12	0.05	0.03	0.43	0.15	0.15	0.28	0.03	0.13	0.43	0.17	0.34	0.05	0.44	0.17	0.05	0.2	0.27	0.13	0.19	0.17	0.1	0.03	0.36	0.32	0.45	0.96	0.05	0	0.79	0.02	0.35
0.14	0.93	0.25	0.01	0.43	0.54	0.4	0.05	0.05	0.09	0.34	8.34	0.9	0.08	0.39	0.4	0.03	0.4	0.65	0.04	0.09	0.18	0.41	0.41	0.17	0.41	0.04	0.07	0.13	0.92	0.14	0.19	0.42	0.16	0.07	0.42	0.14	0.42	0.14	0.43	0.05	0.31	0.53	0.2	2.03	0.43	0.53	0.43	0.38	0.53	0.43	0.73	0.04	0.52	0.44	0.15	0.44	0.08	0.54	0.14	0.06	0.44	0.02	0.23	0.51	0.44	0.04	0.15	0.35	0.44	0.05	0.17	0.46	0.36	0.08	0.47	0.47	0.51	0.34	0.07	0.06	0.47	0.09	0.47	0.52	0.47	0.24	0.58	0.14	0.05	0.17	0.68	0.07	1.08	0.01	0.19	0	0.04	0.21
0.15	0.02	0.1	0.42	0.14	0.25	0.62	0.03	0.22	0.93	0.15	5.58	0.46	0.21	0.36	0.22	0.4	0.46	0.23	0.4	0.06	0.22	0.21	0.17	0.16	0.13	0.03	0.05	1.4	0.05	0.47	0.47	0.03	0.38	0.44	0.2	0.02	0.02	0.1	0.56	0.22	0.47	0.01	0.13	1.57	0.16	0.47	0.03	0.33	0.12	0.03	0.47	0.01	0.47	0.05	0.1	0.03	0.12	0.47	0.47	0.04	0.14	0.03	0.47	0.16	0.18	0.04	0.13	0.05	0.04	0.03	0.16	0.14	0.62	0.03	0.13	0.24	0.4	0.58	0.04	0.04	0.16	0.05	0.48	0.58	0.53	0.48	0.16	0.13	0.03	0.25	0.98	0.04	0.34	0.05	0.02	0.04	0	0.48
0.54	0.46	0.54	1.1	0.23	0.15	0.22	0.42	0.19	0.2	0.47	0.25	0.96	0.45	0.25	0.17	0.22	0.4	0.04	0.46	0.77	0.61	0.19	0.22	0.22	0.21	0.46	0.22	0.45	0.35	0.23	0.17	0.55	0.23	0.52	0.15	0.57	0.48	0.23	0.77	0.19	0.47	0.19	0.36	1.01	0.48	0.34	0.25	0.69	0.22	0.9	0.99	1.51	0.29	0.35	0.23	0.2	0.18	0.7	0.24	0.2	1.11	0.41	0.34	0.2	0.19	0.42	0.22	0.42	0.43	0.42	0.31	0.62	0.42	0.5	0.44	0.43	0.94	0.43	0.51	0.21	1.44	0.94	0.54	0.4	0.44	0.75	0.19	0.23	0.46	0.21	0.09	0.57	0.12	0.22	0.19	0.21	0.49	0.02
