0	0.12	0.15	0.15	0.02	0.3	0	0.3	0.46	1.07	0.02	5.09	0.12	0.16	0.25	0.48	0.15	0.25	0.24	0.12	0.98	0.09	0.08	0.03	0.14	0.1	0.43	0.49	0.17	0.39	0.02	0.05	0.12	0.02	0.19	0.07	19.7	0.79	0.01	0.11	0.49	0.03	0.12	0.04	0.49	0.05	0.27	0.13	0.22	0.24	0.49	0.08	0.49	0.05	0.38	0.01	0.34	0.26	0.26	0.07	0.11	0.04	0.4	0.15	0.04	0.07	0.4	0	0.14	0.13	0.4	0.03	0.4	0.18	0.48	0.03	0.11	0.06	0.2	0.12	0.12	0.04	0.13	0.41	0.41	0.03	0.31	0.04	0.02	0.19	0.02	0.19	0.41	0.41	0.15	0.12	0.42	0.17	0.89
0.14	0	0.45	0.11	0.14	0.23	1.6	0.02	0.02	0.96	0.11	1.67	0.04	0.05	0.37	0.47	0.07	0.19	0.47	0.02	0.47	0.5	0.47	0.13	0.13	0.04	0.13	0.06	0.57	0.05	0.47	0.16	0.02	0.47	0.04	0.19	0.02	0.48	0.1	0.2	0.02	0.48	0.38	0.15	0.98	0.12	0.6	0.02	0.45	0.3	0.48	0.19	0.01	0.48	0.05	0.11	0.02	0.02	0.53	0.12	0.04	0.5	0.03	0.21	0.48	0.17	0.04	0.48	0.17	0.03	0.04	0.13	0.48	0.54	0.17	0.88	0.48	0.18	0.32	0.04	0.04	0.49	0.28	0.35	0.49	0.17	0.19	0.16	0.11	0.02	0.14	0.55	0.5	0.7	0.04	0	0.5	0.4	0.78
0.37	0.1	0	0.42	0.16	0.52	0.15	0.11	0.07	0.56	0.15	1.45	0.09	0.08	0.46	0.22	0.12	0.49	0.46	0.08	0.16	0.39	0.19	0.46	0.19	0.06	0.1	0.46	0.15	0.11	0.14	0.22	0.46	0.16	0.09	0.21	0.08	0.14	0.15	0.48	0.33	0.37	0.4	0.55	0.2	0.17	0.31	0.22	0.47	0.14	0.39	0.43	0.47	0.49	0.1	0.26	0.11	0.27	0.47	0.14	0.09	0.47	0.47	0.28	0.19	0.29	0.11	0.15	0.11	0.47	0.08	0.17	0.27	0.88	0.07	0.18	0.21	0.22	0.58	0.1	0.08	0.48	0.11	0.21	0.26	0.16	0.21	0.48	0.48	0.35	0.17	0.59	0.1	0.65	0.1	0.09	0.48	0.1	0.34
0.44	0.44	0.1	0.01	0.49	0.44	0.16	0.05	0.05	1.75	0.16	0.57	0.07	0.47	0.58	0.48	0.04	0.22	0.29	0.98	0.15	0.99	0.49	0.55	0.18	0.08	0.02	0.07	0.5	0.08	0.13	0.9	0.06	0.15	0.11	0.41	2.56	0.26	0.41	0.24	0.51	0.61	0.04	0.18	0.18	0.42	0.23	0.06	0.53	0.13	0.42	0.23	0.04	0.22	0.08	0.29	0.05	0.43	0.56	0.43	0.64	0.75	0.54	0.54	0.45	0.19	0.04	0.29	0.03	0.06	0.06	0.17	0.3	0.46	0.06	0.25	0.26	0.46	0.34	0.56	0.47	0.48	0.08	0.32	0.29	0.48	0.21	0.18	0.13	0.05	0.49	0.59	0.49	0.38	0	0.05	0.21	0.05	0.49
0.04	0.14	0.16	0.15	0	0.29	0.02	0.13	0.11	1.39	0.02	5.59	0.13	0.12	0.28	0.14	0.15	0.46	1.26	0.27	0.41	0.19	0.14	0.02	0.02	0.49	0.14	0.16	0.41	0.15	0.1	0.41	0.16	0.02	0.13	0.09	0.14	0.15	0.04	0.09	0.14	0.08	0.13	0.04	0.42	0	0.15	0.14	0.2	0.78	0.45	0.43	0.13	0.09	0.13	0.03	0.13	0.38	0.1	0.48	0.12	1.17	0.17	0.36	0.09	0.47	0.38	0.02	0.17	0.28	0.49	0.02	0.12	0.18	0.42	0.09	0.4	0.04	0.7	0.47	0.13	0.09	0.13	0.06	0.42	0.43	0.43	0.43	0.1	0.12	0.01	0.51	0.42	0.45	0.52	0.14	0.15	0.13	0.24
0.53	0.23	0.36	0.49	0.29	0	0.3	0.62	0.24	0.68	0.34	2.04	0.26	0.42	0.33	0.25	0.22	0.11	0.42	0.45	0.3	0.3	0.27	0.3	0.42	0.42	0.2	0.45	0.42	0.27	0.31	0.42	0.24	0.29	0.29	0.23	18.4	0.23	0.34	0.73	0.24	0.3	0.23	0.52	0.48	0.29	0.61	0.24	0.37	0.47	0.24	0.43	0.53	0.43	0.27	0.31	0.43	0.23	0.25	0.63	0.24	0.49	0.2	0.42	0.64	0.22	0.21	0.64	0.22	0.44	0.24	0.3	0.67	0.11	0.46	0.31	0.32	0.84	0.21	0.44	0.25	0.28	0.27	0.27	0.64	0.31	0.23	0.27	0.32	0.24	0.3	0.12	0.26	0.34	0.22	0.24	0.21	0.23	0.16
0.44	0.32	0.44	0.15	0.02	0.3	0	0.14	0.13	1.11	0.01	1.76	0.12	0.1	0.25	0.14	0.14	0.25	0.23	0.11	0.28	0.03	0.08	0.03	0.03	0.12	0.47	0.16	0.3	0.13	0.02	0.24	0.12	0.02	0.11	0.07	0.11	0.35	0.01	0.48	0.48	0.41	0.12	0.03	0.3	0.02	0.15	0.14	0.22	0.27	0.48	0.08	0.12	0.18	0.13	0.01	0.83	0.49	0.04	0.02	0.12	0.02	0.49	0.15	0.03	0.08	0.2	0.01	0.49	0.13	0.11	0.03	0.02	0.19	0.59	0.04	0.49	0.07	0.2	0.12	0.13	0.03	0.13	0.4	0.21	0.04	0.08	0.4	0.31	0.46	0.03	1.1	0.73	0.58	0.31	0.4	0.3	0.11	0.23
0.3	0.02	0.11	0.05	0.13	0.47	0.29	0	0.03	0.79	0.17	3.78	0.15	0.18	0.45	0.6	0.05	0.54	0.77	0.03	0.13	0.15	0.46	0.14	0.17	0.03	0.46	0.02	0.44	0.06	0.47	0.17	0.01	0.13	0.05	0.48	0.3	0.41	0.11	0.22	0.04	0.41	0.42	0.17	0.2	0.14	0.48	0.01	0.66	0.45	0.06	0.19	0.02	0.18	0.06	0.11	0	0.03	0.31	0.13	0.04	0.48	0.04	0.25	0.17	0.32	0.84	0.28	0.05	0.02	0.1	0.16	0.31	0.44	0.03	0.13	0.59	0.61	0.35	0.05	0.05	0.49	0.06	0.2	0.44	0.31	0.46	0.16	0.12	0.03	0.14	0.6	0.05	0.34	0.24	0.15	0.05	0.03	0.91
0.1	0.02	0.07	0.05	0.11	0.24	0.47	0.47	0	1.68	0.1	1.82	0.03	0.01	0.55	0.46	0.05	0.19	0.47	0.02	0.42	0.15	0.46	0.12	0.14	0.01	0.41	0.04	0.09	0.47	0.09	0.51	0.03	0.47	0.06	0.17	0.01	0.47	0.1	0.42	0.03	0.11	0.03	0.13	0.44	0.25	0.98	0.48	0.5	0.18	0.78	0.2	0.02	0.24	0.04	0.27	0.02	0.03	0.54	0.11	0.02	0.52	0.03	0.21	0.16	0.76	0.05	0.1	0.05	0.03	0.11	0.4	1.3	0.27	0.02	0.11	0.21	0.17	0.32	0.41	0.08	0.14	0.16	0.17	0.27	0.11	0.19	0.14	0.22	0.51	0.22	0.3	0.19	0.51	0.05	0.27	0.4	0.03	0.19
1.8	1.37	1.13	0.6	0.77	0.75	0.66	0.48	0.98	0	0.76	7.03	1.91	1.41	1.03	1.62	1.19	1.92	1.5	1.01	1.29	1.92	1.74	1.76	1.69	1.49	1.29	1.41	1	0.71	0.66	0.31	0.92	1.12	0.87	1.35	0.9	2.34	1.79	2.76	2.25	2.4	2.96	2.9	2.88	3.94	3.44	3.61	3.56	3.34	2.18	2.36	1.94	1.54	1.08	0.95	0.67	0.94	1.64	2.04	2.45	2.84	2.62	3.49	1.85	1.84	1.58	1.7	1.85	1.85	1.35	0.84	0.68	1.21	1.43	1.86	2.2	2.2	2.24	2.29	2.22	2.35	3.17	3.32	3.02	2.74	2.23	1.23	0.84	0.96	0.77	1.86	0.77	1.94	2.06	2.36	2.3	2.45	2.82
0.27	0.42	0.49	0.47	0.02	0.31	0.01	0.12	0.39	1.5	0	2.77	0.61	0.41	0.3	0.41	0.14	0.41	0.22	0.13	0.12	0.03	0.07	0.03	0.42	0.45	0.16	0.16	0.17	0.12	0.15	0.04	0.42	0.42	0.11	0.08	18.4	0.17	0.21	0.42	0.42	0.02	0.63	0.42	0.03	0.03	0.43	0.22	0.22	0.02	0.11	0.07	0.13	0.43	0.12	0.01	0.14	0.13	0.03	0.43	0.12	0.02	0.14	0.15	0.03	0.39	0.15	0.19	0.44	0.14	0.13	0.34	0.02	0.18	0.5	0.03	0.03	0.06	0.94	0.42	0.13	0.02	0.39	0.08	0.94	0.03	0.08	0.45	0.38	0.14	0.06	0.41	0.12	0.57	0.31	0.15	0.17	0.13	0.41
3.28	2.36	1.6	3.97	0.24	14.6	0.21	1.69	7.55	4.62	0.45	10	0.69	0.32	1.7	0.8	9.83	0.51	14	0.6	3.41	3.47	4.12	0.48	1.48	2.17	3.9	0.35	2.37	12.3	0.23	0.18	3.69	5.29	0.84	1.93	1.98	0.32	0.21	2.49	3.24	1.7	0.51	1.17	13.1	0.42	0.32	3.56	5.25	3.91	0.68	0.19	1.18	2.27	7.56	0.42	0.34	5.58	3.42	1.06	0.49	1.77	11.4	0.32	7.94	5.93	1.03	12.3	0.67	0.34	1.2	0.2	0.25	0.22	0.64	0.23	13.7	0.33	0.01	0.44	0.32	0.2	0.33	0.45	4.93	0.43	0.78	6.07	1.88	0.56	0.94	0.23	0.55	1.35	12.5	0.32	2.48	1.91	0.89
0.11	0.04	0.45	0.07	0.13	0.35	0.12	0.05	0.03	2.27	0.29	0.6	0	0.19	0.34	0.2	0.07	0.2	0.67	0.4	0.14	0.47	0.47	0.13	0.14	0.17	0.06	0.07	0.14	0.01	0.48	0.15	0.48	0.12	0.44	0.18	0.02	0.03	0.11	0.15	0.16	0.12	0.04	0.11	0.33	0.12	0.22	0.06	0.32	0.18	0.41	0.2	0.03	0.18	0.01	0.1	0.05	0.41	0.16	0.12	0.04	0.91	0.06	0.48	0.14	0.38	0.07	0.48	0.41	0.06	0.04	0.13	0.12	0.27	0.41	0.13	0.15	0.17	0.31	0.25	0.03	0.14	0.01	0.18	0.43	0.14	0.42	0.18	0.11	0.03	0.13	0.59	0	0.33	0.07	0.04	0.09	0.18	0.83
0.45	0.29	0.08	0.45	0.13	0.46	0.13	0.03	0.01	1.66	0.12	4.6	0.05	0	0.59	0.53	0.05	0.22	0.34	0.04	0.49	0.25	0.21	0.12	1.1	0.01	0.03	0.05	0.5	0.06	0.11	0.23	0.4	0.32	0.38	0.17	0.4	0.27	0.11	0.21	0.05	0.9	0.04	0.14	0.14	0.15	0.23	0.04	0.33	0.74	0.04	0.19	0.03	0.9	0.41	0.11	0.9	0.4	0.15	0.1	0.02	0.14	0.03	0.9	0.49	0.15	0.05	0.1	0.05	0.4	0.05	0.23	0.36	0.27	0.4	0.13	0.21	0.16	0.44	0.08	0.03	0.14	0.06	0.48	0.41	0.13	0.19	0.44	0.12	0.41	0.16	0.72	0.05	0.34	0.3	0.04	0.08	0.04	1.92
0.25	0.36	0.71	0.4	0.28	0.12	0.25	0.96	0.49	2.9	0.25	1.99	0.34	0.49	0	0.16	0.75	0.26	0.33	0.49	0.41	0.49	0.17	0.49	0.25	0.38	0.39	0.54	0.39	0.6	0.22	0.5	0.37	0.37	0.59	0.25	17.3	0.37	0.26	0.27	0.4	0.22	0.9	0.4	0.25	0.41	0.71	0.38	0.41	0.23	0.5	0.41	0.36	0.26	0.35	0.41	0.38	0.41	0.18	0.23	0.37	0.42	0.39	0.41	0.41	0.17	0.38	0.25	0.42	0.42	0.37	0.25	1.27	0.22	0.35	0.6	0.27	0.19	0.27	0.46	0.42	0.42	0.74	0.18	0.69	0.23	0.43	0.22	0.22	0.36	0.43	0.31	0.34	0.65	0.83	0.43	0.43	0.44	0.6
0.1	0.34	0.49	0.24	0.5	0.5	0.1	0.36	0.53	1.2	0.1	1.12	0.64	0.56	0.16	0	0.24	0.35	1.04	0.21	0.3	0.07	0.02	0.09	0.28	0.47	0.47	0.23	0.26	0.21	0.57	0.03	0.21	0.12	0.48	0.02	0.33	0.85	0.09	0.48	0.48	0.21	0.36	0.12	1.19	0.18	0.21	0.49	0.17	0.1	0.49	0.19	0.22	0.38	0.21	0.1	0.69	0.21	0.03	0.08	0.51	0.5	0.24	0.21	0.04	0.4	0.23	0.1	0.4	0.22	0.8	0.09	0.41	0.14	0.2	0.31	0.41	0.26	0.59	1.05	0.42	0.05	0.21	0.02	1.12	0.08	0.03	0.06	0.07	0.47	0.09	0.53	0.43	0.17	0.26	0.23	0.23	0.21	0.47
0.14	0.04	0.26	0.43	0.15	0.6	0.15	0.4	0.44	1.2	0.17	0.69	0.07	0.05	0.4	0.41	0	0.22	0.31	0.05	0.41	0.71	0.36	0.19	0.41	0.05	0.23	0.07	0.12	0.42	0.62	0.18	0.05	0.52	0.06	0.21	0.05	0.05	0.83	0.23	0.42	0.15	0.04	0.18	0.27	0.18	0.23	0.05	0.35	0.53	0.43	0.26	0.04	0.43	0.08	0.29	0.05	0.43	0.3	0.84	0.05	0.2	0.02	0.24	0.2	0.18	0.03	0.44	0.03	0.45	0.06	0.16	0.51	0.42	0.05	0.14	0.46	0.46	0.32	0.58	0.07	0.18	0.08	0.35	0.98	0.14	0.24	0.18	0.35	0.05	0.16	0.49	0.08	0.37	0.03	0.05	0.03	0.04	0.49
0.45	0.19	0.4	0.45	0.23	0.11	0.58	0.2	0.46	1.08	0.56	2.23	0.2	0.48	0.16	0.5	0.22	0	0.04	0.45	0.48	0.78	0.22	0.24	0.48	0.48	0.2	0.22	0.37	0.49	0.26	0.2	0.21	0.48	1.55	0.18	0.18	0.18	0.58	0.27	0.19	0.49	0.19	0.3	0.28	0.23	0.36	0.21	0.5	0.8	0.18	0.49	0.18	0.49	0.5	0.26	0.2	0.18	0.5	0.26	0.24	0.49	0.58	0.36	0.48	0.18	0.21	0.25	0.22	0.48	0.31	0.58	0.3	0.09	0.25	0.26	0.27	0.19	0.26	0.54	0.21	0.23	0.49	0.26	0.59	0.49	0.49	0.49	0.26	0.2	0.24	0.25	1.05	0.28	0.22	0.49	0.22	0.19	0.01
0.34	0.21	0.29	0.69	0.23	0.26	0.23	0.31	0.34	1.26	0.22	2.89	0.34	0.36	0.33	0.17	0.29	0.15	0	0.22	0.43	0.27	0.19	0.23	0.23	0.34	0.28	0.52	0.38	0.54	0.25	0.19	0.3	0.51	0.34	0.2	0.23	0.44	0.23	0.24	0.41	0.22	0.23	0.25	0.38	0.65	0.35	0.36	0.32	0.23	0.26	0.35	0.25	0.22	0.34	0.24	0.31	0.26	0.52	0.23	0.34	0.74	0.33	0.35	0.2	0.18	0.29	0.24	0.31	0.31	0.24	0.23	0.25	0.05	0.33	0.22	0.48	0.48	0.48	0.6	0.49	0.43	0.36	0.16	0.42	0.24	0.17	0.2	0.22	0.74	0.23	0.05	0.41	0.06	0.29	0.24	0.3	0.23	0.22
0.11	0.18	0.43	0.05	0.14	0.94	0.43	0.03	0.02	1.12	0.12	3.9	0.03	0.38	0.49	1.49	0.05	0.48	3.2	0	0.1	0.16	0.48	0.15	0.15	0.48	0.03	0.05	0.09	0.19	0.48	0.41	0.1	0.49	0.04	0.29	0.01	0.29	0.09	0.48	0.02	0.49	0.49	0.13	0.6	0.49	0.42	0.06	0.33	0.4	0.01	1.09	0.01	0.49	0.04	0.11	0.03	0.06	0.17	0.1	0.03	0.09	0.03	0.49	0.17	0.49	0.07	0.48	0.05	0.04	0.49	0.14	0.59	0.27	0.02	0.11	0.48	0.18	0.33	0.03	0.04	0.49	0.04	0.58	0.26	0.12	0.3	0.15	0.16	0.03	0.13	0.31	0.03	1.24	0.05	0.02	0.05	0.02	0.41
0.12	0.11	0.11	0.16	0.45	0.45	0.12	0.08	0.45	1.56	0.56	4.01	0.23	0.11	1.6	0.7	0.12	0.76	0.41	0.1	0.4	0.17	0.18	0.15	0.4	0.05	0.5	0.11	0.13	0.34	0.4	0.15	0.22	0.16	0.01	0.55	0.12	0.36	0.4	0.18	0.12	0.14	0.33	0.53	0.55	0.19	0.4	0.1	0.74	0.13	0.5	0.4	0.44	0.43	0.33	0.5	0.1	0.41	0.91	0.42	0.11	0.13	0.4	0.25	0.4	0.19	0.12	0.12	0.12	0.5	0.49	0.16	0.71	0.32	0.12	0.41	0.18	0.53	0.32	0.13	0.12	0.41	0.18	0.2	0.37	0.15	0.18	0.28	0.14	0.11	0.18	0.91	0.35	0.33	0.41	0.06	0.33	0.21	0.41
0.41	0.15	0.17	0.22	0.09	0.31	0.03	0.52	0.47	1.41	0.03	3.81	0.15	0.14	0.22	0.07	0.18	0.46	0.22	0.46	0.18	0	0.08	0.04	0.05	0.14	0.15	0.46	0.35	0.16	0.4	0.2	0.16	0.47	0.61	0.07	1.88	0.14	0.04	0.03	0.16	0.06	0.16	0.06	0.66	0.37	0.16	0.41	0.22	0.11	0.47	0.07	0.46	0.09	0.16	0.04	0.16	0.15	0.04	0.04	0.15	0.34	0.53	0.23	0.47	0.47	0.48	0.27	0.46	0.98	0.15	0.04	0.09	0.2	0.67	0.03	0.03	0.47	0.3	0.47	0.16	0.02	0.46	0.47	0.57	0.38	0.09	0.14	0.04	0.47	0.04	0.56	0.15	0.52	0.47	0.47	0.17	0.16	0.23
0.08	0.44	0.2	0.44	0.14	0.64	0.08	0.2	0.18	3.05	0.37	8.77	0.2	0.18	0.45	0.02	0.34	0.95	0.45	0.54	0.2	0.45	0	0.09	0.95	0.18	0.2	0.55	0.24	0.46	0.08	0.46	0.2	0.46	0.17	0.04	18.5	0.46	0.36	0.06	0.21	0.46	0.24	0.11	0.66	1.07	0.47	0.49	0.18	0.05	0.19	0.01	0.21	0.47	0.21	0.24	0.97	0.47	0.38	0.57	0.47	0.35	0.22	0.21	0.05	0.09	0.48	0.08	0.31	0.58	0.48	0.49	0.14	0.18	0.27	0.48	0.99	0.49	0.49	0.2	0.22	0.05	0.49	0.04	0.59	0.49	0.04	0.11	0.24	0.49	0.32	0.5	0.29	0.5	0.23	0.4	0.5	0.19	0.19
0.03	0.16	0.49	0.18	0.01	0.3	0.03	0.4	0.12	0.49	0.32	5.48	0.13	0.12	0.49	0.09	0.27	0.24	0.23	0.4	0.19	0.05	0.09	0	0.02	0.4	0.15	0.19	0.25	0.35	0.4	0.4	0.4	0.26	0.14	0.09	4.92	0.41	0.04	0.09	0.17	0.41	0.71	0.22	0.39	0.3	0.43	0.16	0.21	0.04	0.41	0.09	2.03	0.27	0.33	0.03	0.51	0.3	0.2	0.04	0.16	0.04	0.42	0.16	0.23	0.07	0.16	0.03	0.42	0.19	0.16	0.25	0.01	0.19	0.42	0.05	0.09	0.93	0.43	0.14	0.46	0.04	0.22	0.08	0.15	0.05	0.43	0.06	0.04	0.14	0.01	0.18	0.14	0.44	0.52	0.15	0.56	0.24	0.42
0.03	0.49	0.18	0.59	0.01	0.42	0.03	0.49	0.5	2.65	0.45	5.63	0.14	0.49	0.25	0.09	0.17	0.25	0.23	0.41	0.15	0.75	0.09	0.41	0	0.51	0.15	0.16	0.21	0.41	0.03	0.08	0.92	0.52	0.14	0.07	3.23	0.15	0.42	0.26	0.83	0.04	0.42	0.05	0.03	0.01	0.14	0.15	0.92	0.04	0.68	0.09	0.76	0.08	0.14	0.03	0.43	0.14	0.43	0.04	0.14	0.32	0.5	0.53	0.04	0.33	0.43	0.16	0.34	0.44	0.17	0.02	0.04	0.44	0.15	0.44	0.1	0.41	0.19	0.44	0.14	0.04	0.15	0.35	0.29	0.45	0.07	0.04	0.04	0.13	0.02	0.45	0.37	1.22	0.18	0.45	0.45	0.36	0.36
0.22	0	0.06	0.1	0.13	0.24	1.08	0.09	0.01	1.37	0.47	8.57	0.05	0.01	0.59	0.21	0.05	0.94	0.95	0.04	0.05	0.44	0.18	0.44	0.53	0	0.04	0.05	0.08	0.44	0.11	0.54	0.19	0.12	0.18	0.2	0.03	0.04	0.26	0.44	0.04	0.44	0.03	0.14	0.63	0.13	0.22	0.04	0.31	0.09	0.04	0.18	0.03	0.55	0.05	0.11	0.03	0.27	0.15	0.12	0.02	0.32	0.04	0.22	0.13	0.16	0.28	0.18	0.05	0.04	0.05	0.14	0.65	0.3	0.02	0.45	0.2	0.18	0.32	0.45	0.03	0.55	0.66	0.76	0.28	0.12	0.19	0.16	0.56	0.01	0.46	0.66	0.4	0.46	0.08	0	0.47	0	0.46
0.47	0.39	0.1	0.58	0.14	0.2	0.24	0.04	0.03	0.81	0.16	6	0.06	0.11	0.64	0.23	0.02	0.2	0.3	0.03	0.1	0.16	0.94	0.15	0.15	0.38	0	0.06	0.11	0.33	0.14	0.24	0.04	0.44	0.05	0.21	22.3	0.03	0.45	0.22	0.03	0.4	0.03	0.45	0.18	0.65	0.22	0.04	0.35	0.1	0.65	0.44	0.02	0.87	0.06	0.31	0.03	0.03	0.49	0.31	0.04	0.86	0	0.22	0.46	0.41	0.03	0.42	0.03	0.05	0.04	0.56	0.14	0.47	0.13	0.16	0.22	0.19	0.32	0.06	0.05	0.18	0.06	0.19	0.28	0.14	0.57	0.98	0.12	0.17	0.47	0.64	0.35	0.7	0.02	0.04	0.02	0.41	0.56
0.15	0.19	0.83	0.24	0.15	0.58	0.14	0.32	0.04	1.13	0.63	9.09	0.46	0.09	0.46	0.24	0.11	0.22	0.57	0.05	0.1	0.46	0.23	0.16	0.56	0.06	0.66	0	0.45	0.32	0.24	0.46	0.17	0.21	0.92	0.21	0.05	0.56	0.14	0.46	0.05	0.15	0.09	0.47	0.55	0.16	0.57	0.47	0.38	0.43	0.06	0.23	0.11	0.47	0.08	0.15	0.02	0.05	0.18	0.15	0.05	0.83	0.05	0.28	0.18	0.18	0.07	0.31	0.07	0.04	0.06	0.48	0.15	0.3	0.05	0.41	0.78	0.19	0.98	0.07	0.06	0.2	0.08	0.29	0.3	0.14	0.21	0.19	0.48	0.05	0.17	0.69	0.07	0.69	0.07	0.17	0.29	0.89	0.22
0.17	0.1	0.15	0.61	0.19	0.32	0.41	0.1	0.09	1.34	0.17	13.7	0.24	0.11	0.38	0.57	0.47	0.37	0.39	0.17	0.15	0.55	0.24	0.61	0.2	0.47	0.11	0.47	0	0.14	0.16	0.21	0.47	0.57	0.39	0.25	0.09	0.46	0.44	0.97	0.1	0.16	0.1	0.53	0.47	0.18	0.84	0.77	0.39	0.17	0.1	0.34	0.47	0.4	0.13	0.17	0.1	0.47	0.32	0.46	0.12	0.45	0.11	0.39	0.18	0.35	0.26	0.43	0.47	0.48	0.48	0.19	0.48	0.64	0.27	0.25	0.23	0.68	0.88	0.13	0.48	0.22	0.13	0.41	0.31	0.2	0.37	0.22	0.48	0.47	0.48	0.34	0.13	1.01	0.47	0.1	0.47	0.11	0.75
0.48	0.48	0.46	0.24	0.14	0.27	0.13	0.15	0.04	0.56	0.49	1.79	0.01	0.06	0.7	0.24	0.08	0.21	0.34	0.04	0.18	0.99	0.49	0.4	0.3	0.06	0.07	0.08	0.3	0	0.12	0.18	0.06	0.5	0.09	0.59	5.82	0.04	0.5	0.16	0.35	0.13	0.05	0.12	0.18	0.18	0.41	0.45	0.4	0.18	0.41	0.21	0.04	0.41	0.19	0.12	0.06	0.47	0.53	0.35	0.05	0.52	0.07	0.91	0.16	0.19	0.41	0.12	0.08	0.07	0.05	0.42	0.14	0.28	0.04	0.19	0.42	0.19	0.32	0.01	0.42	0.43	0.34	0.2	0.29	0.39	0.43	0.19	0.93	0.05	0.14	0.3	0.01	1.15	0.43	0.05	0.08	0.44	0.44
0.02	0.4	0.14	0.2	0.1	0.31	0.02	0.13	0.12	2.13	0.02	7.07	0.4	0.11	0.37	0.29	0.18	0.45	0.41	0.41	0.43	0.04	0.47	0.15	0.04	0.12	0.12	0.26	0.41	0.41	0	0.04	0.11	0.15	0.38	0.08	21.8	0.53	0.01	0.04	0.11	0.03	0.1	0.23	0.4	0.09	0.43	0.43	0.22	0.01	0.26	0.43	0.09	0.73	0.46	0.15	0.44	0.1	0.33	0.44	0.11	0.94	0.44	0.15	0.04	0.26	0.44	0.02	0.13	0.43	0.1	0.4	0.94	0.44	0.16	0.03	0.05	0.07	0.55	0.11	0.12	0.17	0.25	0.45	0.21	0.03	0.56	0.42	0	0.19	0.22	0.46	0.11	0.23	0.14	0.1	0.46	0.46	0.23
0.04	0.16	0.44	0.52	0.1	0.56	0.04	0.17	0.15	1.35	0.03	0.95	0.2	0.14	0.18	0.26	0.45	0.2	0.56	0.46	0.46	0.04	0.05	0.26	0.05	0.16	0.16	0.31	0.47	0.17	0.04	0	0.47	0.1	0.15	0.15	0.16	0.18	0.08	0.04	0.18	0.08	0.47	0.47	0.06	0.48	0.56	0.18	0.17	0.44	0.27	0.03	0.18	0.09	0.17	0.05	0.17	0.15	0	0.05	0.16	0.91	0.56	0.17	0.04	0.02	0.18	0.04	0.2	1.06	0.24	0.06	0.11	0.14	0.47	0.09	0.04	0.19	0.47	0.15	0.18	0.04	0.17	0.22	0.24	0.48	0.04	0.48	0.05	0.15	0.06	0.14	0.49	0.18	0.19	0.15	0.18	0.17	1
0.46	0.02	0.11	0.05	0.39	0.24	0.56	0.37	0.02	2.89	0.46	2.32	0.05	0.03	0.38	0.21	0.05	0.2	0.42	0.03	0.09	0.22	0.25	0.17	0.15	0.42	0.04	0.33	0.1	0.27	0.11	0.42	0	0.36	0.05	0.2	0.03	0.41	0.11	0.21	0.88	0.12	0.42	0.42	0.2	0.52	0.22	0.01	0.35	0.49	0.35	0.21	0.02	0.46	0.06	0.12	0.01	0.03	0.17	0.52	0.42	0.43	0.04	0.22	0.16	0.16	0.44	0.93	0.05	0.01	0.04	0.14	0.54	0.3	0.43	0.14	0.33	0.23	0.72	0.05	0.05	0.16	0.06	0.2	0.28	0.27	0.19	0.53	0.43	0.03	0.54	0.57	0.38	0.64	0.15	0.34	0.05	0.53	0.83
0.34	0.15	0.33	0.54	0	0.63	0.41	0.14	0.13	2.5	0.02	3.72	0.12	0.13	0.28	0.59	0.16	0.23	0.22	0.15	0.14	0.09	0.41	0.01	0.01	0.55	0.15	0.51	0.21	0.14	0.41	0.81	0.13	0	0.12	0.06	1.69	0.5	0.02	0.09	0.42	0.08	0.14	0.41	0.01	0	0.27	0.16	0.52	0.04	0.42	0.13	0.39	0.08	0.49	0.42	0.51	0.42	0.48	0.06	0.51	0.27	0.63	0.13	0.43	0.38	0.46	0.43	0.16	0.15	0.15	0.02	0.59	0.18	0.12	0.09	0.43	0.05	0.32	0.12	0.93	0.08	0.43	0.28	0.19	0.34	0.2	0.43	0.09	0.12	0.01	0.93	0.13	0.65	0.16	0.14	0.42	0.14	0.23
0.14	0.39	0.26	0.08	0.13	0.47	0.1	0.45	0.09	0.98	0.47	4.77	0.07	0.04	0.35	0.19	0.06	0.46	0.34	0.19	0.01	0.56	0.17	0.14	0.42	0.04	0.86	0.05	0.12	0.13	0.11	0.16	0.05	0.12	0	0.17	0.04	0.04	0.46	0.16	0.04	0.13	0.03	0.13	0.45	0.14	0.26	0.45	0.33	0.45	0.04	0.45	0.03	0.52	0.08	0.13	0.05	0.11	0.14	0.26	0.05	0.53	0.45	0.26	0.54	0.19	0.45	0.11	0.06	0.06	0.04	0.46	0.21	0.29	0.05	0.55	0.17	0.18	0.95	0.13	0.45	0.15	0.08	0.18	0.33	0.22	0.17	0.15	0.44	0.06	0.15	0.61	0.07	0.32	0.44	0.44	0.07	0.05	1.04
0.08	0.45	0.23	0.79	0.18	0.23	0.07	0.37	0.17	1.48	0.08	0.92	0.18	0.18	0.48	0.02	0.57	0.19	0.17	0.69	0.32	0.48	0.04	0.09	0.07	0.19	0.21	0.49	0.25	0.57	0.08	0.04	0.99	0.06	0.57	0	0.19	0.49	0.08	0.09	0.21	0.1	0.18	0.1	0.19	0.5	0.19	0.49	0.15	0.2	0.56	0.43	0.21	0.32	0.37	0.08	0.49	0.19	0.03	0.09	0.18	0.61	0.19	0.56	0.05	0.01	0.65	0.24	0.49	0.21	0.53	0.49	0.19	0.1	0.19	0.1	0.49	0.01	0.13	0.46	0.2	0.05	0.19	0.07	0.25	0.11	0.21	0.04	0.08	0.59	0.11	0.12	0.26	0.49	0.23	0.2	0.22	0.54	0.17
0.1	0.02	0.08	0.31	0.39	0.24	0.41	0.28	0.41	0.82	0.11	0.32	0.08	0.04	0.35	0.45	0.05	0.18	0.42	0.38	0.15	0.45	0.49	0.45	0.14	0.03	0.03	0.45	0.09	0.03	0.12	0.5	0.04	0.12	0.04	0.19	0.01	0.01	0.46	0.2	0.02	0.09	0.02	0.46	0.96	0.5	0.76	0.04	0.65	0.08	0.02	0.17	0.01	0.46	0.03	0.45	0.09	0.02	0.45	0.08	0.02	0.2	0.04	0.45	0.16	0.14	0.05	0.26	0.45	0.04	0.02	0.13	0.16	0.7	23.6	0.1	0.21	0.16	0.46	0.28	0.03	0.33	0.03	0.47	0.26	0.23	0.55	0.16	0.1	0.02	0.15	0.31	0.03	0.51	0.05	0.02	0.05	0.03	0.18
0.22	0.02	0.44	0.05	0.49	0.23	0.49	0.03	0.02	2.01	0.49	2.03	0.03	0.04	0.49	0.97	0.05	0.98	0.32	0.01	0.11	0.48	0.46	0.48	0.15	0.04	0.03	0.05	0.2	0.04	0.49	0.98	0.03	0.49	0.04	0.18	0	0	0.1	0.2	0.49	0.22	0.02	0.99	0.6	0.51	0.9	0.21	0.4	0.08	0.05	0.41	0.09	0.17	0.06	0.09	0.43	0.01	0.41	0.1	0.02	0.09	0.16	0.41	1.02	0.28	0.42	0.42	0.05	0.3	0.01	0.92	0.47	0.92	0.02	0.42	0.92	0.17	0.63	0.03	0.04	0.43	0.04	0.45	0.95	0.1	0.18	0.46	0.46	0.02	0.46	0.55	0.29	0.45	0.44	0.95	0.44	0.02	0.43
0.01	0.1	0.14	0.3	0.26	0.45	0.01	0.22	0.11	1.86	0.01	0.21	0.1	0.1	0.5	0.98	0.14	0.37	0.23	0.47	0.12	0.04	0.09	0.04	0.03	0.48	0.14	0.13	0.17	0.49	0.01	0.05	0.12	0.02	0.51	0.08	11.9	0.24	0	0.05	0.11	0.03	0.1	0	0.04	0.04	0.15	0.11	0.22	0.01	0.08	0.5	0.1	0.12	0.46	0.01	0.13	0.09	0.05	0.06	0.42	0.21	0.93	0.43	0.27	0.15	0.12	0.01	0.14	0.13	0.1	0.1	0.35	0.18	0.95	0.04	0.35	0.56	0.46	0.27	0.4	0.04	0.12	0.08	0.48	0.03	0.08	0.05	0.01	0.1	0.03	0.48	0.16	0.48	0.14	0.11	0.12	0.48	0.23
0.42	0.65	0.49	0.59	0.09	0.32	0.1	0.42	0.22	1.88	0.03	0.22	0.15	0.91	0.41	0.11	0.24	0.27	0.24	0.21	0.19	0.42	0.06	0.45	0.09	0.21	0.42	0.5	0.54	1.07	0.04	0.16	0.44	0.09	0.16	0.46	13.8	0.56	0.05	0	0.97	0.11	0.23	0.12	0.1	0.11	0.48	0.23	0.29	0.05	0.49	0.05	0.22	0.1	0.16	0.06	0.21	0.4	0.04	0.05	0.57	0.29	0.41	0.23	0.4	0.05	0.23	0.42	0.82	0.22	0.24	0.48	0.1	0.2	0.43	0.04	0	0.08	0.21	0.54	0.29	0	0.16	0.65	0.35	0.03	0.09	0.47	0.29	0.4	0.09	0.48	0.48	0.39	0.53	0.53	0.25	0.4	0.61
0.13	0.02	0.41	0.07	0.15	0.28	0.36	0.04	0.03	0.93	0.32	9.1	0.04	0.04	0.37	0.61	0.05	0.19	0.27	0.02	0.41	0.16	0.41	0.16	0.16	0.04	0.71	0.2	0.61	0.41	0.1	0.17	0.03	0.53	0.04	0.21	0.02	0.41	0.3	0.23	0	0.11	0.01	0.99	0.42	0.42	0.72	0.63	0.33	0.1	0.02	0.18	0.03	0.18	0.05	0.11	0.42	0.02	0.29	0.1	0.42	0.36	0.03	0.58	0.52	0.16	0.04	0.13	0.05	0.43	0.03	0.16	0.29	0.57	0.03	0.22	0.26	0.48	0.63	0.04	0.05	0.17	0.05	0.2	0.89	0.52	0.21	0.19	0.11	0.41	0.15	0.64	0.05	0.5	0.05	0.09	0.41	0.02	0.19
0.03	0.46	0.15	0.48	0.08	0.3	0.03	0.12	0.1	3.17	0.03	0.39	0.12	0.12	0.22	0.46	0.15	0.28	0.23	0.3	0.46	0.48	0.1	0.04	0.04	0.11	0.12	0.13	0.47	0.13	0.06	0.07	0.12	0.57	0.13	0.09	0.47	0.09	0.03	0.03	0.11	0.01	0.2	0.05	0.44	0.1	0.2	0.5	0.23	0.16	0.12	0.08	0.5	0.06	0.53	0.04	0.14	0.1	0.4	0.04	0.11	0.05	0.12	0.18	0.41	0.51	0.41	0.03	0.16	0.14	0.28	0.04	0.09	0.18	0.11	0.01	0.03	0.39	0.42	0.12	0.13	0.02	0.12	0.09	0.34	0.01	0.09	0.08	0.42	0.36	0.29	0.32	0.23	0.42	0.52	0.2	0.53	0.31	0.43
0.12	0.22	0.09	0.05	0.13	0.23	0.46	0.02	0.02	0.67	0.13	5.58	0.04	0.04	0.62	0.71	0.04	0.19	0.41	0.02	0.11	0.14	0.19	0.14	0.15	0.03	0.41	0.9	0.1	0.05	0.64	0.21	0.03	0.14	0.03	0.21	0.02	0.51	0.11	0.23	0.01	0.12	0	0.13	0.46	0.14	0.21	0.03	0.41	0.1	0.03	0.43	0	0.62	0.05	0.1	0.02	0.41	0.57	0.36	0.03	0.11	0.41	0.41	0.16	0.17	0.04	0.19	0.22	0.03	0.03	0.26	0.72	0.72	0.82	0.13	0.47	0.22	0.35	0.04	0.04	0.15	0.34	0.2	0.42	0.42	0.19	0.17	0.11	0.25	0.13	0.42	0.04	0.57	0.29	0.02	0.42	0.01	0.19
0.03	0.15	0.61	0.33	0.05	0.33	0.42	0.45	0.14	1.87	0.03	13.9	0.11	0.45	0.65	0.14	0.18	0.3	0.25	0.65	0.37	0.45	0.43	0.38	0.06	0.14	0.16	0.19	0.17	0.11	0.3	0.11	0.45	0.04	0.12	0.41	0.11	0.28	0	0.12	0.14	0.46	0.13	0	0.32	0.04	0.57	0.34	0.26	0.54	0.96	0.45	0.25	0.08	0.12	0.04	0.14	0.13	0.07	0.01	0.13	0.34	0.15	0.18	0.06	0.07	0.18	0.66	0.17	0.17	0.12	0.05	0.06	0.27	0.12	0.04	0.13	0.46	0.22	0.46	0.15	0.06	0.12	0.47	0.57	0.04	0.12	0.47	0.09	0.92	0.27	0.47	0.11	0.25	0.15	0.12	0.14	0.12	0.48
0.91	0.14	0.17	0.42	0.92	0.45	1.82	0.49	0.13	1.13	0.19	4.56	0.14	0.48	0.49	0.48	0.19	0.59	0.23	0.45	0.48	0.3	0.49	0.07	0.03	0.48	0.47	0.47	0.19	1.37	0.04	0.06	0.42	0.01	0.14	0.47	0.13	0.14	0.04	0.43	0.47	0.47	0.16	0.06	0.02	0.03	0.47	0.67	0.47	0.04	0.48	0.1	0.17	0.97	0.46	0.04	0.46	0.46	0.46	0.05	0.46	0.04	0.45	0.95	0.37	1.16	0.45	0.15	0.19	0.18	0.16	0	0.01	0.55	0.94	0.94	0.43	0.06	0.59	1.04	0.15	0.91	1.01	0.08	1	0.47	0.97	0.61	0.46	0.27	0.01	0.47	0.47	0.46	0.46	0.46	0.21	0.46	0.22
0.46	0.41	0.19	0.17	0.08	0.29	0.03	0.14	0.86	1.6	0.02	9.73	0.45	0.42	0.27	0.12	0.15	1.46	0.22	0.34	0.43	0.45	0.45	0.01	0.03	0.51	0.15	0.16	0.2	0.14	0.31	0.55	0.14	0	0.14	0.75	22.1	0.14	0.02	0.45	0.18	0.45	0.15	0.04	0.13	0	0.66	0.63	0.2	0.95	0.43	0.13	0.53	0.07	0.45	0.02	0.94	0.16	0.1	0.1	0.22	0.25	0.75	0.45	0.57	0.06	0.85	0.49	0.55	0.16	0.22	0.43	0	0.2	0.12	0.46	0.09	0.96	0.46	0.41	0.46	0.08	0.13	0.06	0.66	0.96	0.06	0.09	0.1	0.56	0.01	0.46	0.47	0.53	0.46	0.17	0.16	0.46	0.24
0.15	0.46	0.31	0.58	0.17	0.67	0.15	0.6	0.21	1.79	0.15	5.59	0.48	0.23	0.37	0.48	0.23	0.55	0.48	0.19	0.58	0.16	0.21	0.51	0.48	0.22	0.22	0.48	0.34	0.23	0.38	0.37	0.49	0.13	0.5	0.49	0.19	0.49	0.15	0.23	0.28	0.49	0.2	0.49	0.46	0.15	0	0.22	0.59	0.51	0.52	0.29	0.19	0.49	0.22	0.15	0.21	0.2	0.5	0.4	0.22	0.53	0.22	0.01	0.4	0.21	0.5	0.15	0.23	0.23	0.2	0.14	0.21	0.41	0.21	0.22	0.23	0.18	0.31	1.3	0.41	0.21	0.23	0.41	0.41	0.23	0.19	0.17	0.41	0.21	0.15	0.34	0.22	0.41	0.23	0.42	0.23	0.21	0.53
0.17	0.46	0.76	0.06	0.15	0.46	0.14	0.11	0.02	0.97	0.14	2.62	0.25	0.71	0.91	0.23	0.82	0.21	0.32	0.04	0.42	1.02	0.35	0.16	0.49	0.43	0.04	0.03	0.34	0.07	0.43	0.18	0.01	0.14	0.05	0.94	0.04	0.44	0.44	0.44	0.04	0.12	0.03	0.55	0.36	0.14	0.55	0	0.35	0.49	0.46	0.21	0.03	0.26	0.46	0.3	0.01	0.03	0.47	0.12	0.04	0.91	0.04	0.22	0.17	0.16	0.05	0.48	0.48	0.02	0.05	0.16	0.16	0.28	0.08	0.14	0.49	0.18	0.39	0.06	0.05	0.5	0.6	0.6	0.28	0.4	0.2	0.18	0.39	0.03	0.14	0.31	0.06	0.55	0.06	0.05	0.72	0.42	0.21
0.25	0.89	0.67	0.55	0.2	0.47	0.22	0.35	0.48	2.86	0.22	0.4	0.32	0.33	0.43	0.45	0.53	0.53	0.32	0.43	0.37	0.22	0.18	0.53	0.21	0.93	0.43	0.37	0.76	0.34	0.92	0.17	0.34	0.2	0.95	0.15	16	0.56	0.22	0.33	0.33	0.23	0.34	0.52	0.22	0.25	0.33	0.73	0	0.42	1.42	0.92	0.34	0.26	0.33	0.42	0.44	0.92	0.42	0.23	0.32	0.53	0.35	0.52	0.42	0.15	0.42	0.22	0.35	0.34	1.62	0.72	0.36	0.25	0.33	0.25	0.23	0.43	0.42	0.5	0.72	0.19	0.62	0.14	0.63	0.24	0.42	0.18	0.23	0.64	0.21	0.41	0.42	0.59	0.37	0.42	0.59	0.34	0.42
0.03	0.09	0.47	0.32	0.21	0.47	0.2	0.48	0.18	0.99	0.06	4.7	0.48	0.1	0.24	0.1	0.12	0.49	0.23	0.08	0.13	0.17	0.05	0.04	0.04	0.09	0.1	0.49	0.16	0.49	0.01	0.3	0.11	0.4	0.67	0.07	1.95	0.34	0.3	0.04	0.5	0.01	0.1	0.02	0.85	0.13	0.9	0.12	0.22	0.4	0.37	0.07	0.09	0.05	0.4	0.01	0.27	0.09	0.4	0.02	0.1	1.12	1.61	0.15	0.04	0.66	0.12	0.02	0.23	0.12	0.39	0.04	0.68	0.2	0.46	0.41	0.41	0.15	0.5	0.18	0.12	0.1	0.19	0.07	0.27	0.01	0.41	0.08	0.13	0.42	0.42	0.48	0.18	0.92	0.42	0.09	0.42	0.36	0.37
0.99	0.02	0.08	0.06	0.49	0.99	0.48	0.05	0.02	1.14	0.44	3.8	0.42	0.04	0.92	0.21	0.05	0.18	0.24	0.02	0.1	0.15	0.28	0.99	0.45	0.03	0.08	0.43	0.1	0.04	0.41	0.51	0.45	0.12	0.12	0.54	0.02	0.01	0.34	0.45	0.55	0.23	0.02	0.46	0.63	0.44	0.52	0.43	0.42	0.09	1	0.41	0.41	0.16	0.03	0.1	0.29	0.06	0.44	0.43	0.43	0.42	0.04	0.2	0.43	0.14	0.05	0.9	0.05	0.41	0.41	0.41	0.13	0.41	0.41	0.1	0.91	0.4	0.39	0.03	0.04	0.49	0.03	0.5	0.56	0.11	0.48	0.15	0.98	0.03	0.16	0.58	0.49	0.47	0.06	0.03	0.05	0.03	0.55
0.48	0.2	0.23	0.43	0.29	0.32	0.08	0.2	0.44	1.28	0.07	6.46	0.43	0.18	0.18	0.03	0.22	0.43	0.55	0.45	0.21	0.07	0.01	0.09	0.56	0.17	0.76	0.22	0.38	0.96	0.19	0.03	0.19	0.27	0.49	0.45	0.56	0.18	0.09	0.05	0.66	0.08	0.2	0.1	0.21	0.47	0.6	0.57	0.18	0.47	0.24	0	0.17	0.1	0.71	0.08	0.37	0.18	0.15	0.58	0.18	0.1	0.2	0.48	0.4	0.03	0.48	0.58	0.24	0.21	0.58	0.09	0.49	0.23	0.89	0.09	0.05	0.12	0.16	0.19	0.19	0.04	0.22	0.07	0.27	0.09	0.59	0.08	0.08	0.99	0.47	0.39	0.49	0.24	0.42	0.19	0.59	0.22	0.29
0.22	0.02	0.09	0.48	0.15	0.23	0.12	0.4	0.02	0.89	0.25	1.84	0.08	0.03	0.93	0.43	0.04	0.33	0.53	0.73	0.09	0.15	0.2	0.15	0.14	0.29	0.02	0.04	0.44	0.44	0.1	0.35	0.22	0.15	0.03	0.19	0.01	0.01	0.1	0.22	0.01	0.11	0	0.51	0.16	0.14	0.19	0.03	0.34	0.09	0.43	0.17	0	0.3	0.15	0.12	0.02	0.01	0.17	0.11	0.03	0.18	0.9	0.2	0.35	0.65	0.03	0.11	0.04	0.03	0.02	0.15	0.53	0.4	0.02	0.39	0.22	0.45	0.31	0.03	0.04	0.35	0.04	0.19	0.47	0.25	0.19	0.15	0.11	0.02	0.14	0.46	0.04	0.73	0.04	0.01	0.04	0.01	0.18
0.15	0.15	0.21	0.55	0.07	0.33	0.44	0.16	0.18	0.36	0.05	11.2	0.45	0.16	0.24	0.12	0.17	0.27	0.24	0.58	0.52	0.08	0.11	0.07	0.09	0.15	0.17	0.19	0.22	0.33	0.08	0.08	0.18	0.09	0.17	0.46	0.16	0.48	0.35	0.12	0.17	0.05	0.33	0.06	0.16	0.11	0.55	0.17	0.4	0.04	0.16	0.12	0.19	0	0.18	0.06	0.17	0.17	0.07	0.08	0.46	0.99	0.16	0.17	0.48	0.09	0.2	0.05	0.17	0.5	0.18	0.08	0.23	0.24	0.18	0.07	0.06	0.08	0.27	0.17	0.16	0.06	0.5	0.11	1.07	0.08	0.11	0.08	0.06	0.16	0.06	0.22	0.16	0.66	0.18	0.46	0.18	0.2	0.6
0.52	0.05	0.1	0.08	0.13	0.27	0.13	0.06	0.04	1.38	0.25	1.93	0.01	0.43	0.34	0.36	0.08	0.21	0.93	0.16	0.15	1.06	0.21	0.14	0.43	0.05	0.06	0.07	0.43	0.01	0.12	0.96	0.06	0.45	0.42	0.19	0.03	0.04	0.43	0.53	0.05	0.13	0.05	0.43	0.43	0.6	0.22	0.06	0.44	0.35	0.03	0.58	0.04	0.44	0	0.2	0.06	0.05	0.16	0.13	0.04	0.44	0.06	0.22	0.24	0.18	0.44	0.44	0.08	0.07	0.44	0.15	0.13	0.28	0.44	0.44	0.15	0.4	0.31	0.03	0.31	0.15	0	0.18	0.28	0.64	0.19	0.18	0.33	0.04	0.14	0.31	0.01	0.34	0.33	0.44	0.08	0.44	0.27
0.02	0.12	0.32	0.42	0.02	0.55	0.01	0.11	0.36	0.96	0.01	1.35	0.11	0.44	0.6	0.1	0.45	0.25	0.24	0.19	0.46	0.05	0.09	0.03	0.04	0.45	0.13	0.14	0.56	0.3	0.01	0.06	0.11	0.57	0.64	0.47	7.04	0.36	0	0.05	0.1	0.04	0.1	0.03	0.17	0.02	0.49	0.13	0.55	0.14	0.3	0.08	0.12	0.06	0.11	0	0.4	0.1	0.05	0.01	0.41	0.91	0.41	0.15	0.04	0.08	0.12	0.02	0.13	0.14	0.41	0.06	0.42	0.18	0.1	0.03	0.05	1.13	0.2	0.4	0.43	0.04	0.12	0.08	0.21	0.03	0.13	0.43	0.01	0.11	0.03	0.52	0.43	0.23	0.49	0.1	0.32	0.29	0.42
0.43	0.09	0.11	0.14	0.13	0.24	0.23	0	0.09	0.8	0.87	6.17	0.05	0.03	0.39	0.21	0.2	0.45	0.31	0.03	0.14	0.19	0.96	0.14	0.14	0.34	0.03	0.02	0.1	0.06	0.36	0.42	0.5	0.16	0.05	0.19	3.67	0.41	0.31	0.22	0.42	0.43	0.02	0.36	0.17	0.19	0.22	0.01	0.33	0.11	0.04	0.2	0.28	0.18	0.06	0.11	0	0.03	0.17	0.12	0.03	0.45	0.03	0.22	0.16	0.5	0.05	0.13	0.51	0.41	0.04	0.42	0.93	0.42	0.09	0.13	0.21	0.43	0.32	0.37	0.05	0.14	0.65	0.19	0.28	0.46	0.41	0.42	0.12	0.02	0.48	0.69	0.05	0.66	0.07	0.03	0.29	1	0.2
0.95	0.45	0.96	0.46	0.46	0.23	0.11	0.46	0.03	1.47	0.12	0.46	0.04	0.04	0.36	0.21	0.04	0.23	0.27	0.02	0.39	0.15	0.54	0.14	0.25	0.47	0.08	0.05	0.1	0.05	0.11	0.17	0.03	0.13	0.04	0.19	0.02	0.01	0.09	0.22	0.02	0.1	0.11	0.48	0.16	0.14	0.2	0.03	0.59	0.18	0.09	0.18	0.01	0.16	0.05	0.25	0.12	0	0.17	0.48	0.18	0.61	0.03	0.2	0.16	0.16	0.04	0.13	0.44	0.04	0.02	0.49	0.13	0.27	0.03	0.49	0.24	0.19	0.31	0.19	0.04	0.16	0.05	0.2	0.26	0.13	0.19	0.49	0.11	0.03	0.15	0.33	0.04	0.6	0.04	0.02	0.4	0.01	0.31
0.05	0.18	0.23	0.18	0.1	0.67	0.04	0.49	0.14	1.29	0.03	1.97	0.48	0.14	0.18	0.03	0.19	0.2	0.2	0.15	0.25	0.04	0.05	0.05	0.05	0.14	1.08	0.57	0.2	0.16	0.04	0.04	0.17	0.09	0.15	0.03	0.49	0.47	0.05	0.48	0.17	0.07	0.18	0.07	0.05	0.09	0.17	0.16	0.32	0.48	0.25	0.03	0.15	0.06	0.17	0.23	0.48	0.58	0	0.05	1.39	0.06	0.18	0.17	0.04	0.03	0.17	0.04	0.18	0.17	0.16	0.05	0.79	0.13	0.14	0.08	0.04	0.6	0.17	0.15	0.16	0.03	1.4	0.12	0.62	0.08	0.03	0.24	0.04	0.16	0.05	0.4	0.28	0.18	0.18	0.17	0.35	0.41	0.18
0.02	0.43	0.14	0.14	0.1	0.32	0.42	0.13	0.11	0.43	0.02	0.42	0.11	0.1	0.25	0.08	0.15	0.26	0.23	0.35	0.49	0.04	0.1	0.04	0.04	0.49	0.59	0.47	0.17	0.5	0.01	0.39	0.13	0.06	0.12	0.09	11.8	0.42	0.28	0.05	0.11	0.04	0.15	0.01	0.22	0.1	0.16	0.12	0.23	0.01	0.76	0.09	0.1	0.06	0.43	0.36	0.13	0.13	0.06	0.01	0.44	0.21	0.12	0.16	0.04	0.07	0.13	0.24	0.2	0.51	0.11	0.04	0.54	0.32	0.24	0.04	0.04	0.07	0.45	0.11	0.12	0.04	0.13	0.25	0.22	0.04	0.09	0.08	0.01	0.11	0.46	0.54	0.47	0.97	0.46	0.46	0.24	0.12	0.25
0.1	0.02	0.09	0.38	0.13	0.24	0.12	0.03	0.32	0.6	0.12	0.9	0.04	0.21	0.37	0.2	0.05	0.52	0.34	0.67	0.11	0.15	0.18	0.39	0.13	0.02	0.04	0.05	0.11	0.05	0.11	0.15	0.04	0.13	0.05	0.19	18.4	0.1	0.1	0.22	0.36	0.11	0.03	0.13	0.13	0.4	0.58	0.15	0.4	0.56	0.23	0.44	0.03	0.15	0.04	0.4	0.03	0.4	0.16	0.1	0	0.11	0.29	0.22	0.32	0.16	0.42	0.32	0.06	0.04	0.04	0.13	0.88	0.38	0.01	0.11	0.42	0.18	0.3	0.04	0.03	0.15	0.04	0.42	0.52	0.12	0.35	0.68	0.11	0.02	0.14	0.3	0.04	0.45	0.13	0.03	0.06	0.12	0.27
0.02	0.48	0.47	0.48	0.04	0.31	0.02	0.11	0.48	1.98	0.02	8.66	0.43	0.44	0.53	0.43	0.51	0.47	0.42	0.93	0.43	0.42	0.16	0.92	0.42	0.11	0.13	0.92	0.42	0.47	0.91	0.91	0.41	0.41	0.42	0.49	0.1	1.5	0.79	0.05	0.48	0.04	0.1	0.03	0.04	0.49	0.48	0.48	1.48	0.01	0.97	0.47	0.48	1.47	0.48	0.3	0.47	0.46	0.47	0.02	0.96	0.01	0.14	0.95	0.45	0.08	0.97	0.45	0.45	0.12	0.45	0.45	0.03	0.45	0.5	0.95	1.45	0.45	0.45	0.95	0.44	0.94	0.44	0.64	0.44	0.93	0.43	0.43	0.01	0.93	0.42	0.2	0.11	1.43	0.44	0.42	0.92	0.42	0.92
0.14	0.03	0.1	0.02	0.14	0.2	0.4	0.04	0.03	2.37	0.44	8.95	0.07	0.03	0.46	0.97	0.02	0.2	0.57	0.03	0.21	0.17	1.06	0.15	0.18	0.04	0	0.16	0.33	0.07	0.12	0.31	0.04	0.16	0.05	0.21	0.38	0.48	0.13	0.24	0.03	0.12	0.03	0.18	0.15	0.17	0.22	0.49	0.35	0.39	0.04	0.22	0.02	0.18	0.06	0.11	0.03	0.03	0.16	0.12	0.19	0.48	0	0.3	0.27	0.55	0.01	0.15	0.03	0.04	0.04	0.15	0.14	0.29	0.18	0.13	0.23	0.44	0.3	0.48	0.05	0.16	0.06	0.21	0.28	0.15	0.32	0.49	0.12	0.04	0.49	0.33	0.79	0.65	0.02	0.03	0.02	0.03	0.43
0.15	0.31	0.47	0.23	0.13	0.42	0.15	0.4	0.21	1.14	0.15	9.13	0.22	0.23	0.37	0.35	0.23	0.47	0.35	0.19	0.55	0.16	0.22	0.18	0.14	0.24	0.4	0.24	0.32	0.6	0.15	0.17	0.22	0.42	0.24	0.19	0.19	0.42	0.15	0.44	0.56	0.52	0.26	0.49	0.18	0.51	0.26	0.22	0.72	0.42	0.2	0.2	0.2	0.17	0.22	0.43	0.22	0.2	0.17	0.16	1.41	0.16	0.22	0	0.18	0.29	0.23	0.53	0.24	0.23	0.43	0.14	0.41	0.35	0.43	0.22	0.43	0.18	0.43	0.57	0.23	0.69	0.22	0.18	0.06	0.43	0.19	0.18	0.16	0.43	0.12	0.32	0.22	0.35	0.23	0.21	0.23	0.49	0.34
0.16	0.53	0.93	0.47	0.39	0.28	0.03	0.15	0.43	1.42	0.03	1.58	0.15	0.44	0.44	0.12	0.52	0.23	0.6	0.54	0.23	0.03	0.06	0.04	0.04	0.13	0.15	0.4	0.18	0.84	0.04	0.04	0.18	0.06	0.15	0.05	0.15	0.51	0.45	0.01	0.16	0.03	0.16	0.45	0.19	0.09	0.45	0.17	0.2	0.04	0.15	0.45	0.75	0.45	0.16	0.04	0.48	0.15	0.34	0.05	0.15	0.95	0.23	0.16	0	0.05	0.34	0.2	0.18	0.33	0.56	0.04	0.09	0.19	0.14	0.04	0.01	0.2	0.19	0.43	0.47	0	0.15	0.05	0.18	0.04	0.05	0.06	0.04	0.13	0.04	0.17	0.15	0.19	0.18	0.59	0.24	0.16	0.2
0.07	0.16	0.37	0.19	0.06	0.68	0.07	0.16	0.18	1.29	0.06	4.03	0.42	0.29	0.17	0.47	0.18	0.42	0.17	0.15	0.26	0.05	0.42	0.17	0.07	0.16	0.17	0.42	0.24	0.31	0.07	0.03	0.42	0.06	0.18	0.01	19.2	0.93	0.42	0.05	0.33	0.08	0.17	0.07	1.23	0.26	0.5	0.53	0.2	0.08	0.43	0.27	0.15	0.09	0.17	0.43	0.53	0.46	0.03	0.07	0.43	0.09	0.17	0.18	0.43	0	0.43	0.08	0.43	0.17	0.15	0.07	0.43	0.12	0.29	0.19	0.05	0.02	0.47	0.18	0.17	0.05	0.18	0.01	0.4	0.07	0.01	0.43	0.08	0.18	0.07	0.1	0.83	0.93	0.19	0.16	0.19	0.43	0.19
0.39	0.04	0.41	0.24	0.16	0.21	0.36	0.05	0.04	1.02	0.51	1.55	0.46	0.05	0.42	0.63	0.03	0.46	0.31	0.05	0.17	0.17	0.5	0.17	0.16	0.17	0.02	0.07	0.46	0.08	0.15	0.33	0.05	0.21	0.06	0.21	0.05	0.04	0.15	0.24	0.05	0.15	0.57	0.17	0.94	0.16	0.47	0.13	0.36	0.47	0.39	0.22	0.03	0.6	0.08	0.36	0.12	0.04	0.17	0.14	0.05	0.15	0.02	0.23	0.58	0.18	0	0.49	0.01	0.06	0.48	0.16	0.27	0.39	0.05	0.98	0.23	0.21	1.64	0.07	0.06	0.28	0.07	0.22	0.46	0.43	0.22	0.2	0.48	0.05	0.16	0.61	0.07	0.36	0.48	0.05	0.04	0.04	0.58
0	0.41	0.15	0.37	0.02	0.57	0	0.42	0.1	0.68	0.01	5.8	0.32	0.1	0.25	0.47	0.14	0.25	2.43	0.11	0.48	0.13	0.08	0.03	0.03	0.1	0.13	0.34	0.17	0.13	0.02	0.06	0.49	0.02	0.11	0.4	0.1	0.19	0.01	0.1	0.4	0.03	0.12	0.2	0.8	0.4	0.17	0.17	0.22	0.4	0.1	0.08	0.4	0.05	0.12	0.02	0.13	0.81	0.05	0.41	0.11	0.02	0.41	0.17	0.41	0.07	0.16	0	0.16	0.16	0.13	0.03	0.42	0.42	0.12	0.04	0.1	0.42	0.21	0.12	0.16	0.08	0.42	0.08	0.21	0.03	0.08	0.05	0.02	0.43	0.02	0.19	0.52	0.23	0.44	0.12	0.14	0.11	0.23
0.16	0.37	0.84	0.44	0.22	0.22	0.95	0.05	0.05	0.58	0.14	7.41	0.07	0.27	0.42	0.24	0.03	0.22	0.48	0.05	0.15	0.17	0.49	0.18	0.17	0.37	0.03	0.19	0.12	0.08	1.01	0.41	0.06	0.17	0.12	0.49	0.05	0.41	0.13	0.23	0.05	0.14	0.05	0.42	0.37	0.15	0.23	0.42	0.42	0.13	0.05	0.31	0.04	0.73	0.08	0.63	0.05	0.44	0.19	0.15	0.06	0.13	0.03	0.24	0.45	0.19	0.35	0.14	0	0.06	0.06	0.17	0.47	0.31	0.4	0.47	0.34	0.46	0.66	0.46	0.07	0.21	0.46	0.24	0.52	0.16	0.24	0.18	0.14	0.05	0.17	0.68	0.48	0.45	0.43	0.05	0.24	0.16	1.49
0.44	0.03	0.46	0.06	0.44	0.64	0.16	0.59	0.03	0.77	0.48	4.8	0.28	0.04	0.39	0.24	0.06	0.21	0.32	0.04	0.12	0.42	0.57	0.15	0.15	0.04	0.04	0.02	0.11	0.07	0.12	0.49	0.32	0.49	0.14	0.2	4.3	0.04	0.49	0.24	0.05	0.12	0.49	0.15	0.35	0.16	0.34	0.02	0.62	0.11	0.04	0.23	2.4	0.21	0.07	0.5	0.02	0.04	0.16	0.26	0.04	0.53	0.04	0.4	0.18	0.5	0.06	0.15	0.06	0	0.05	0.4	0.48	0.4	0.04	0.15	0.22	0.28	0.33	0.06	0.06	0.17	0.38	0.41	0.32	0.14	0.2	0.41	0.13	0.41	0.15	0.41	0.31	0.35	0.17	0.04	0.41	0.03	0.41
0.12	0.03	0.08	0.97	0.47	0.24	0.48	0.04	0.04	1.37	0.13	0.82	0.04	0.05	0.38	0.24	0.44	0.53	0.24	0.09	0.13	0.17	0.2	0.43	0.41	0.05	0.04	0.06	0.1	0.05	0.43	0.17	0.04	0.13	0.27	0.21	0.02	0.02	0.49	0.24	0.4	0.11	0.03	0.17	0.18	0.13	0.2	0.43	0.36	0.14	0.14	0.19	0.43	0.16	0.05	0.1	0.39	0.02	0.43	0.43	0.04	0.37	0.04	0.2	0.16	0.15	0.07	0.11	0.06	0.05	0	0.16	0.53	0.26	0.32	0.14	0.22	0.56	0.58	0.04	0.05	0.18	0.11	0.43	0.44	0.11	0.22	0.74	0.11	0.04	0.44	0.48	0.04	0.6	0.06	0.03	0.16	0.03	0.19
0.03	0.32	0.38	0.46	0.25	0.47	0.03	0.21	0.47	1.27	0.03	2.88	0.2	0.14	0.25	0.48	0.5	0.58	0.23	0.14	0.15	0.05	0.48	0.01	0.02	0.48	0.15	0.17	0.19	0.69	0.04	0.05	0.21	0.01	0.15	0.09	0.13	0.49	0.1	0.1	0.44	0.04	0.15	0.39	0.73	0.7	0.14	0.9	0.21	0.04	0.32	0.4	0.15	0.23	0.4	0.03	0.4	0.17	0.15	0.04	0.13	0.15	0.38	0.14	0.05	0.19	0.41	0.03	0.19	0.17	0.41	0	0.26	0.19	0.13	0.05	0.09	0.42	0.72	0.14	0.16	0.42	0.15	0.08	0.19	0.92	0.22	0.04	0.04	0.13	0.01	0.38	0.14	0.45	0.16	0.14	0.42	0.14	0.5
0.41	0.13	0.91	0.51	0.41	0.29	0.51	0.62	0.11	2.04	0.03	6.93	0.12	0.44	0.44	0.13	0.44	0.24	0.22	0.53	0.44	0.09	0.45	0.01	0.01	0.13	0.45	0.17	0.19	0.17	0.65	0.1	0.53	0.51	0.14	0.06	19.8	0.59	0.02	0.45	0.45	0.45	0.45	0.04	0.96	0	0.15	0.44	0.46	0.04	0.96	0.13	0.15	0.45	0.13	0.02	0.55	0.26	0.54	0.96	0.48	0.14	0.57	0.15	0.09	0.46	0.46	0.45	0.24	0.96	0.42	0.46	0	0.18	0.17	0.09	0.18	0.05	0.39	0.54	0.48	0.66	0.46	0.08	0.47	0.1	0.38	0.09	0.96	0.12	0.43	0.26	0.97	0.22	0.16	0.46	0.23	0.46	0.23
0.18	0.45	0.39	0.37	0.18	0.11	0.46	0.28	0.26	0.96	0.46	3.23	0.27	0.51	0.22	0.13	0.3	0.09	0.96	0.28	0.32	0.52	0.54	0.29	0.49	0.48	0.29	0.61	0.37	0.29	0.19	0.49	0.29	0.18	0.29	0.11	0.28	0.27	0.18	0.2	0.27	0.18	0.38	0.19	0.3	0.7	0.42	0.28	0.6	0.2	0.63	0.14	0.26	0.22	0.79	0.24	0.56	0.27	0.13	0.54	0.27	0.19	0.28	0.35	0.5	0.12	0.37	0.33	0.31	0.51	0.28	0.25	0.4	0	0.51	0.19	0.2	0.21	0.29	0.28	0.29	0.18	0.28	0.41	0.63	0.19	0.1	0.15	0.19	0.27	0.71	0	0.28	0.12	0.32	0.42	0.52	0.28	0.1
0.1	0.02	0.07	0.06	0.12	0.47	0.12	0.03	0.02	0.98	0.48	0.47	0.39	0.87	0.96	0.23	0.05	0.19	0.34	0.47	0.1	0.57	0.57	0.14	0.14	0.26	0.04	0.47	0.48	0.41	0.17	0.16	0.04	0.13	0.05	0.18	11.6	0.02	0.12	0.58	0.03	0.11	0.03	0.12	0.15	0.17	0.21	0.49	0.34	0.1	0.02	0.49	0.02	0.16	0.04	1.09	0.04	0.49	0.5	0.5	0.01	0.46	0.04	0.5	0.14	0.4	0.05	0.12	0.06	0.05	0.03	0.13	0.41	0.6	0	0.31	0.21	1.01	0.5	0.31	0.4	0.41	0.11	0.19	0.27	0.11	0.19	0.18	0.41	0.02	0.52	0.63	0.03	0.33	0.42	0.03	0.06	0.03	0.19
0.4	0.12	0.54	0.15	0.09	0.32	0.16	0.13	0.2	1.31	0.03	2.46	0.13	0.27	0.23	0.08	0.15	0.27	0.22	0.12	0.22	0.04	0.29	0.05	0.05	0.12	0.45	0.15	0.45	0.48	0.03	0.09	0.15	0.11	0.18	0.1	0.26	1.01	0.04	0.04	0.48	0.01	0.13	0.04	0.06	0.11	0.57	0.15	0.54	0.08	0.1	0.09	0.1	0.48	0.14	0.42	0.15	0.43	0.12	0.03	0.13	0.29	0.43	0.21	1.25	0.53	0.43	0.04	0.15	0.13	0.45	0.69	0.46	0.2	0.12	0	0.04	0.22	0.22	0.14	0.3	0.03	0.34	0.14	0.28	0	0.36	0.09	0.4	0.11	0.05	0.42	0.13	0.23	0.51	0.42	0.62	0.13	0.64
0.1	0.2	0.54	0.51	0.09	0.32	0.1	0.21	0.41	2	0.03	7.38	0.15	0.19	0.27	0.11	0.55	0.27	0.45	0.21	0.45	0.03	0.06	0.09	0.1	0.21	0.56	0.65	0.23	0.16	0.25	0.1	0.46	0.09	0.17	0.09	24	0.3	0.05	0	0.4	0.03	0.22	1	0.24	0.09	0.61	0.23	0.54	0.04	0.22	0.05	0.41	0.06	0.42	0.27	0.23	0.22	0.05	0.04	0.52	1.34	0.44	0.33	0.01	0.05	0.24	0.11	0.23	0.46	0.22	0.33	0.66	0.2	0.2	0.04	0	0.08	0.22	0.77	0.23	0.01	0.17	0.09	0.24	0.18	0.1	0.49	0.05	0.21	0.09	0.45	0.16	0.22	0.25	0.47	0.24	0.21	0.24
0.06	0.97	0.47	0.56	0.05	0.61	0.06	0.19	0.46	1.24	0.46	2.93	0.43	0.34	0.18	0.42	0.5	0.24	0.41	0.17	0.58	0.38	0.4	0.06	0.1	0.4	0.2	0.69	0.59	0.99	0.07	0.03	0.18	0.04	0.18	0.01	0.48	0.37	0.08	0.08	0.47	0.47	0.47	0.16	0.06	0.05	0.24	0.18	0.46	0.08	0.23	0.05	0.45	0.07	0.18	0.46	0.19	0.2	0.21	0.43	0.93	0.93	0.25	0.93	0.16	1.42	0.92	0.06	0.2	0.4	0.41	0.06	0.05	0.4	0.4	0.09	0.08	0	0.14	0.17	0.19	0.06	0.17	0.32	0.24	0.47	0.01	0.03	0.97	0.22	0.05	0.46	0.47	0.16	0.2	0.19	0.45	0.46	0.16
0.49	0.32	0.69	0.32	0.24	0.21	0.32	0.32	0.31	1.42	0.39	0.46	0.58	0.55	0.04	0.15	0.55	0.55	0.26	0.32	0.34	0.65	0.33	0.19	0.45	0.29	0.47	0.69	0.49	0.47	0.22	0.17	1.01	0.57	0.47	0.13	0.31	0.47	0.21	0.21	0.33	0.48	0.69	0.49	0.2	0.51	0.31	0.99	0.49	0.21	0.65	0.65	0.31	0.25	0.46	0.2	0.33	0.66	0.17	0.23	0.31	0.98	0.63	0.31	0.19	0.34	0.33	0.2	0.78	0.33	0.47	0.19	0.27	0.47	0.3	0.23	0.58	0.25	0	0.73	0.32	0.48	0.32	0.12	0.38	0.22	0.49	0.16	0.22	0.69	0.43	0.36	0.5	0.7	0.44	0.4	0.61	0.71	0.41
0.11	0.04	0.1	0.07	0.13	0.47	0.12	0.05	0.03	2.22	0.31	4.44	0	0.18	0.38	0.4	0.07	0.7	0.5	0.03	0.11	0.15	0.49	0.14	0.14	0.05	0.24	0.07	0.12	0.01	0.11	0.56	0.05	0.66	0.46	0.19	0.45	0.58	0.11	0.94	0.04	1.24	0.04	0.1	1.43	0.12	0.42	0.42	0.34	0.18	0.92	0.2	0.03	0.61	0.4	0.11	0.05	0.04	0.49	0.12	0.04	0.2	0.06	0.22	0.48	0.57	0.17	0.47	0.46	0.57	0.04	0.46	0.12	0.55	0.03	0.14	0.15	0.54	0.31	0	0.03	0.93	0.01	0.42	0.58	0.92	0.18	0.18	0.13	0.04	0.4	0.9	0.4	0.6	0.07	0.04	0.07	0.04	0.27
0.29	0.04	0.29	0.07	0.14	0.25	0.12	0.05	0.13	1.13	0.12	4.77	0.03	0.03	0.36	0.65	0.4	0.4	2.21	0.04	0.11	0.16	0.59	0.15	0.16	0.03	0.05	0.07	0.13	0.21	0.11	0.17	0.05	0.14	0.05	0.49	0.04	0.04	0.1	0.21	0.05	0.14	0.28	0.16	0.3	0.14	0.23	0.05	0.64	0.13	0.33	0.21	0.41	0.18	0.03	0.11	0.05	0.37	0.17	0.91	0.41	1.21	0.16	0.45	0.52	0.17	0.78	0.15	0.07	0.27	0.16	0.15	0.14	0.48	0.04	0.14	0.21	0.41	0.31	0.03	0	0.15	0.03	0.17	0.41	0.62	0.58	0.18	0.12	0.01	0.42	0.32	0.03	0.35	0.42	0.04	0.06	0.04	0.21
0.03	0.39	0.49	0.18	0.08	0.28	0.22	0.46	0.15	1.16	0.49	1.41	0.45	0.45	0.28	0.08	0.23	0.45	0.2	0.15	0.24	0.03	0.35	0.04	0.04	0.16	0.2	0.48	0.38	0.38	0.04	0.04	0.16	0.1	0.15	0.05	0.13	0.54	0.04	0	0.31	0.02	0.17	0.06	0.05	0.86	0.21	0.51	0.19	0.1	0.16	0.46	0.19	0.17	0.26	0.05	0.15	0.16	0.07	0.22	0.17	0.43	0.96	0.46	0.04	0.05	0.46	0.27	0.17	0.18	0.56	0.04	0.21	0.2	0.13	0.05	0.03	0.03	0.41	0.15	0.17	0	0.15	0.05	0.21	0.04	0.05	0.05	0.03	0.13	0.04	0.16	0.15	0.42	0.17	0.14	0.18	0.46	0.21
0.42	0.33	0.1	0.42	0.13	0.42	0.12	0.17	0.04	1.48	0.42	1.85	0.01	0.06	0.44	0.44	0.08	0.54	0.49	0.04	0.44	0.15	0.28	0.44	0.14	0.44	0.44	0.08	0.12	0.38	0.12	0.16	0.06	0.44	0.08	0.95	0.03	0.99	0.11	0.16	0.45	0.45	0.28	0.11	0.49	0.39	0.55	0.06	0.33	0.45	0.22	0.44	0.04	0.45	0	0.11	0.06	0.05	0.16	0.12	0.04	0.37	0.07	0.34	0.46	0.19	0.27	0.12	0.96	0.25	0.05	0.46	0.14	0.28	0.04	0.67	0.47	0.18	0.67	0.04	0.03	0.15	0	0.21	0.47	0.97	0.19	0.18	0.12	0.04	0.14	0.54	0.01	0.47	0.48	0.05	0.25	0.05	0.48
0.27	0.5	0.46	0.54	0.06	0.23	0.07	0.2	0.47	1.71	0.07	2.41	0.18	0.18	0.18	0.6	0.4	0.18	0.16	0.21	0.2	0.07	0.37	0.08	0.16	0.4	0.21	0.22	0.24	0.7	0.08	0.4	0.22	0.05	0.19	0	0.22	0.19	0.4	0.09	0.22	0.41	0.4	0.1	0.35	0.4	0.28	0.19	0.14	0.07	0.41	0.04	0.18	0.16	0.51	0.08	0.19	0.41	0.32	0.08	0.19	0.64	0.21	0.18	0.05	0.01	0.6	0.07	0.41	0.2	0.29	0.08	0.06	0.1	0.22	0.1	0.09	0.03	0.13	0.58	0.51	0.42	0.62	0	0.39	0.42	0	0.04	0.08	0.18	0.42	0.12	0.18	0.19	0.42	0.21	0.8	0.21	0.15
0.33	0.27	0.45	0.55	0.15	0.48	0.21	0.28	0.27	2.66	0.21	0.54	0.28	0.29	0.45	0.27	0.29	0.42	0.41	0.46	0.23	0.22	0.97	0.46	0.2	0.67	0.28	0.3	0.67	0.67	0.61	0.24	0.28	0.55	0.52	0.31	16	0.58	0.17	0.47	0.97	0.55	0.27	0.23	0.36	0.15	0.07	0.57	0.48	0.14	0.26	0.26	0.51	0.21	0.47	0.21	0.28	0.27	0.48	0.22	0.48	0.36	0.28	0.07	0.48	0.48	0.58	0.21	0.48	0.29	0.49	0.19	0.35	0.98	0.27	0.28	0.23	0.48	0.37	0.63	0.35	0.21	0.48	0.2	0	0.58	0.25	0.49	0.69	0.27	0.14	0.36	0.28	0.79	0.29	0.27	0.32	0.27	0.49
0.03	0.16	0.4	0.4	0.1	0.41	0.04	0.13	0.12	0.87	0.03	9.83	0.45	0.5	0.43	0.08	0.15	0.27	0.63	0.1	0.4	0.03	0.09	0.05	0.05	0.41	0.14	0.25	0.41	0.46	0.41	0.09	0.14	0.41	0.14	0.1	0.11	0.23	0.4	0.03	0.42	0.01	0.11	0.52	0.42	0.13	0.47	0.42	0.42	0.01	0.26	0.09	0.11	0.43	0.14	0.03	0.28	0.43	0.08	0.37	0.12	0.1	0.49	0.44	0.04	0.07	0.31	0.03	0.16	0.15	0.12	0.05	0.44	0.44	0.13	0	0.45	0.11	0.22	0.21	0.12	0.03	0.34	0.45	0.28	0	0.3	0.45	0.03	0.55	0.04	0.26	0.13	0.32	0.46	0.84	0.14	0.13	0.27
0.08	0.52	0.46	0.23	0.06	0.23	0.12	0.25	0.4	1.61	0.08	2	0.18	0.2	0.18	0.03	0.61	0.41	0.41	0.19	0.18	0.39	0.04	0.09	0.46	0.4	0.2	0.21	0.4	0.45	0.08	0.4	0.19	0.41	0.17	0.01	0.21	0.61	0.08	0.09	0.19	0.09	0.41	0.11	0.09	0.06	0.56	0.21	0.15	0.07	0.19	0.04	0.18	0.1	0.47	0.42	0.46	0.54	0.03	0.43	0.2	0.25	0.21	0.19	0.43	0.01	0.21	0.08	0.23	0.21	0.21	0.09	0.06	0.1	0.88	0.11	0.45	0.06	0.47	0.53	0.19	0.05	0.19	0	0.55	0.45	0	0.04	0.09	0.45	0.08	0.46	0.19	0.15	0.46	0.31	0.22	0.46	0.46
0.43	0.41	0.18	0.26	0.43	0.27	0.43	0.16	0.15	1.39	0.44	8.47	0.18	0.16	0.58	0.49	0.21	0.22	0.2	0.5	0.36	0.08	0.39	0.04	0.18	0.26	0.49	0.19	0.22	0.44	0.07	0.09	0.16	0.32	0.15	0.05	0.53	0.99	0.05	0.06	0.16	0.08	0.18	0.07	0.99	0.24	0.17	0.19	0.49	0.09	0.33	0.08	0.49	0.12	0.19	0.07	0.18	0.17	0.09	0.08	0.15	0.49	0.16	0.18	0.49	0.17	0.19	0.05	0.6	0.18	0.5	0.13	0.09	0.8	0.51	0.09	0.07	0.03	0.5	0.19	0.15	0.18	0.18	0.27	0.4	0.09	0.11	0	0.07	0.4	0.4	0.49	0.18	0.22	0.41	0.4	0.18	0.19	0.19
0.46	0.11	0.16	0.13	0.1	0.31	0.02	0.11	0.33	0.96	0.01	0.57	0.32	0.12	0.22	0.13	0.53	0.61	0.53	0.09	0.29	0.04	0.08	0.04	0.08	0.11	0.13	0.42	0.17	0.12	0.26	0.04	0.14	0.09	0.46	0.08	0.08	0.47	0.03	0.04	0.12	0.4	0.7	0.01	0.18	0.11	0.16	0.14	0.41	0.01	0.09	0.08	0.12	0.3	0.12	0.01	0.13	0.3	0.41	0.52	0.11	0.01	0.4	0.42	0.04	0.08	0.13	0.02	0.13	0.12	0.11	0.42	0.09	0.19	0.1	0.17	0.22	0.41	0.22	0.11	0.14	0.04	0.12	0.44	0.22	0.04	0.42	0.08	0	0.17	0.41	0.34	0.14	0.23	0.43	0.11	0.44	0.1	0.35
0.49	0.5	0.09	0.05	0.12	0.5	0.34	0.03	0.11	0.74	0.2	4.93	0.03	0.01	0.35	0.22	0.05	0.41	1.34	0.21	0.37	0.24	0.18	0.14	0.16	0.01	0.36	0.05	0.48	0.05	0.09	0.14	0.03	0.12	0.06	0.18	0.02	0.41	0.11	0.42	0.42	0.11	0.03	0.29	0.52	0.7	0.21	0.16	0.32	0.18	0.02	0.21	0.02	0.54	0.04	0.09	0.03	0.03	0.15	0.1	0.02	0.44	0.04	0.21	0.15	0.18	0.05	0.11	0.05	0.04	0.03	0.14	0.12	0.45	0.02	0.18	0.2	0.54	0.56	0.04	0.01	0.16	0.04	0.17	0.45	0.66	0.45	0.14	0.46	0	0.15	0.64	0.23	0.46	0.32	0.03	0.44	0.03	0.47
0.36	0.47	0.18	0.24	0.01	0.3	0.02	0.14	0.12	1.24	0.03	5.44	0.13	0.45	0.49	0.09	0.19	0.24	0.28	0.29	0.18	0.4	0.09	0.01	0.02	0.12	0.16	0.4	0.43	0.5	0.03	0.09	0.4	0.01	0.16	0.37	0.14	0.54	0.41	0.09	0.14	0.41	0.15	0.26	0.41	0.42	0.15	0.51	0.51	0.81	0.89	0.1	0.15	0.41	0.14	0.03	0.41	0.14	0.24	0.05	0.13	0.03	0.16	0.18	1.89	0.07	0.15	0.02	0.16	0.15	0.15	0.01	0.01	0.19	0.92	0.04	0.09	0.05	0.19	0.43	0.55	0.04	0.14	0.38	0.63	0.43	0.08	0.34	0.03	0.12	0	0.27	0.43	0.23	0.16	0.36	0.53	0.94	0.87
0.31	0.64	0.32	0.98	0.48	0.12	0.48	0.46	0.62	1.2	0.19	5.45	0.5	0.39	0.22	0.14	0.32	0.09	0.43	0.45	0.36	0.19	0.43	0.19	0.93	0.3	0.32	0.32	0.43	0.3	0.19	0.42	0.32	0.17	0.46	0.12	0.3	0.52	0.17	0.42	0.82	0.18	0.94	0.23	0.28	0.42	0.3	0.52	0.26	0.32	0.45	0.35	0.45	0.55	0.3	0.45	0.75	0.33	0.14	0.2	0.55	0.44	0.31	0.44	0.54	0.54	0.37	0.19	0.34	0.34	0.44	0.18	0.18	0	0.94	0.44	0.64	0.13	0.21	0.58	0.54	0.45	0.64	0.12	0.74	0.44	0.93	0.47	0.25	0.44	0.18	0	0.44	0.3	0.94	0.31	0.33	0.3	0.09
0.4	0.58	0.1	0.32	0.13	0.4	0.81	0.41	0.07	0.78	0.12	4.22	0	0.05	1.17	0.41	0.07	0.59	0.82	0.03	0.36	0.47	0.2	0.14	0.32	0.42	0.06	0.08	0.47	0.01	0.11	0.16	0.43	0.12	0.07	0.18	0.43	0.03	0.11	0.16	0.42	0.12	0.18	0.11	0.63	0.13	0.22	0.43	0.53	0.19	0.86	0.21	0.21	0.28	0.01	0.11	0.44	0.04	0.43	0.12	0.04	0.41	0.34	0.44	0.15	0.17	0.07	0.12	0.45	0.55	0.45	0.41	0.13	0.55	0.03	0.13	0.15	0.34	0.31	0.65	0.03	0.15	0.01	0.18	0.45	0.13	0.96	0.18	0.46	0.04	0.13	0.56	0	0.46	0.07	0.04	0.28	0.05	0.27
1.02	0.62	0.4	0.69	0.22	0.72	0.52	0.46	0.42	0.78	0.22	4.91	0.34	0.5	0.32	0.17	0.7	0.06	0.2	0.34	0.5	0.22	0.2	0.4	0.5	0.41	0.71	0.36	0.73	0.4	0.23	0.7	0.68	0.41	0.32	0.15	0.33	0.61	0.22	0.23	0.36	0.41	0.62	0.42	0.62	0.42	0.92	0.36	0.92	0.42	0.33	0.42	0.52	0.52	0.34	0.23	0.43	0.45	0.53	0.43	0.43	0.39	0.53	0.43	0.41	0.36	0.53	0.23	0.44	0.35	0.36	0.44	0.38	0.03	0.34	0.22	0.54	0.41	0.85	0.95	0.63	0.2	0.45	0.45	0.41	0.45	0.15	0.22	0.95	0.34	0.23	0.03	0.34	0	0.66	1.06	1.06	0.34	0.46
0.14	0.17	0.1	0.2	0.15	0.67	0.14	0.05	0.05	0.55	0.14	0.49	0.07	0.08	0.4	0.9	0.04	0.22	0.29	0.7	0.4	0.17	0.82	0.18	0.19	0.08	0.4	0.41	0.51	0.08	0.41	0.18	0.05	0.16	0.07	0.49	10.6	0.04	0.13	0.25	0.42	0.2	0.05	0.29	0.73	0.72	0.24	0.43	0.73	0.74	0.43	0.44	0.11	0.44	0.08	0.44	0.05	0.17	0.18	0.45	0.07	0.14	0.02	0.55	0.52	0.19	0.03	0.14	0.03	0.06	0.06	0.56	0.17	0.46	0.06	0.16	0.23	0.2	0.57	0.07	0.07	0.41	0.42	0.22	0.96	0.25	0.34	0.18	0.14	0.05	0.17	0.46	0.07	0.69	0	0.05	0.01	0.05	0.22
0.14	0.16	0.09	0.47	0.13	0.26	0.11	0.1	0.02	3.07	0.13	12.7	0.4	0.61	0.53	0.22	0.05	0.19	0.21	0.41	0.41	0.16	0.21	0.16	0.14	0.41	0.41	0.05	0.4	0.06	0.11	0.42	0.03	0.14	0.04	0.2	0.02	0.02	0.11	0.22	0.02	0.32	0.02	0.43	0.25	0.43	0.21	0.03	0.33	0.09	0.22	0.24	0.01	0.15	0.05	0.12	0.65	0.02	0.16	0.11	0.03	1.46	0.03	0.4	0.17	0.2	0.05	0.12	0.05	0.04	0.03	0.17	0.95	0.66	0.65	0.12	0.22	0.17	0.45	0.04	0.04	0.42	0.31	0.18	0.46	0.12	0.46	0.18	0.49	0.03	0.26	0.31	0.04	0.32	0.05	0	0.2	0.02	0.19
0.51	0.41	0.46	0.41	0.41	0.21	0.52	0.4	0.05	1.72	0.15	0.72	0.46	0.08	0.4	0.42	0.03	0.56	0.28	0.43	0.13	0.42	0.42	0.42	0.16	0.12	0.02	0.07	0.22	0.35	0.42	0.83	0.05	0.16	0.07	0.53	0.43	0.18	0.43	0.23	0.93	0.33	0.04	0.17	0.44	0.43	0.23	0.44	0.38	0.16	0.44	0.36	0.04	0.2	0.07	0.94	0.44	0.44	0.18	0.14	0.45	0.55	0.02	0.55	0.45	0.3	0.04	0.15	0.03	0.28	0.05	0.45	0.45	0.46	0.06	0.14	0.25	0.46	0.55	0.07	0.06	0.46	0.08	0.22	0.46	0.42	0.66	0.18	0.14	0.16	0.18	0.33	0.07	0.39	0.25	0.05	0.01	0.47	0.53
0.11	0.02	0.1	0.16	0.43	0.23	0.12	0.03	0.03	0.71	0.15	0.55	0.04	0.32	0.44	0.21	0.24	0.64	0.23	0.02	0.2	0.55	0.35	0.2	0.15	0	0.03	0.05	0.24	0.05	0.13	0.17	0.03	0.13	0.44	0.53	0.02	0.02	0.1	0.22	0.01	0.11	0.01	0.12	0.16	0.13	0.21	0.03	0.33	0.11	0.15	0.46	0.01	0.18	0.05	0.11	0.04	0.01	0.16	0.11	0.03	0.58	0.57	0.47	0.16	0.18	0.04	0.48	0.05	0.04	0.03	0.48	0.14	0.29	0.14	0.12	0.38	0.48	0.32	0.04	0.04	0.48	0.05	0.48	0.27	0.24	0.2	0.48	0.12	0.27	0.16	0.3	0.44	0.59	0.05	0.02	0.04	0	0.2
0.98	0.19	0.58	0.22	0.23	0.54	0.22	0.21	0.2	3.5	0.34	9.64	0.27	0.21	0.33	1	0.22	0.15	0.04	0.21	1	0.5	0.4	0.22	0.52	0.29	0.2	0.22	0.48	0.91	0.91	0.92	0.42	0.42	0.52	0.42	14.1	0.39	0.51	0.43	0.94	0.44	0.19	0.25	0.44	0.44	0.34	0.21	0.45	0.22	0.18	0.46	0.46	0.26	0.27	0.23	0.53	0.18	0.47	0.24	0.47	0.48	0.2	0.66	0.57	0.2	0.57	0.57	0.58	0.21	0.19	0.58	0.98	0.48	0.19	0.27	0.24	0.42	0.98	0.27	0.48	0.57	0.27	0.15	0.5	0.46	0.15	0.19	0.4	0.2	0.4	0.41	0.27	0.12	0.22	1.05	0.42	0.43	0.01
