0	0.23	0.15	0.15	0.02	0.7	0	0.42	0.44	0.13	0.01	2.32	0.12	0.12	0.47	0.14	0.15	0.25	0.32	0.11	0.12	0.04	0.08	0.34	0.03	0.1	0.14	0.17	0.18	0.28	0.47	0.18	0.12	0.02	0.19	0.07	0.11	1.39	0.01	0.1	0.12	0.04	0.16	0.04	4.73	0.25	0.15	0.14	0.98	0.02	0.11	0.08	0.48	0.17	0.12	0.01	0.13	0.12	0.04	0.22	0.11	0.49	0.16	0.15	0.04	0.07	0.15	0	0.14	0.13	0.14	0.03	0.49	0.19	0.49	0.03	0.1	0.28	0.2	0.49	0.13	0.05	0.12	0.07	0.21	0.26	0.08	0.04	0.4	0.44	0.02	0.19	0.4	0.23	0.4	0.32	0.14	0.23	0.61
0.24	0	0.44	0.05	0.25	0.25	0.11	0.02	0.02	0.02	0.45	1.42	0.04	0.02	0.65	0.49	0.04	0.19	2.07	0.02	0.46	0.92	0.95	0.13	0.46	0	0.03	0.16	0.2	0.33	0.48	0.39	0.16	0.34	0.04	0.77	0.02	0.47	0.1	0.47	0.02	0.12	0.01	0.15	0.41	0.12	0.58	0.35	0.48	0.09	0.74	0.18	0.01	1.28	0.05	0.48	0.02	0.02	0.48	0.22	0.02	0.37	0.03	0.49	0.77	0.23	0.04	0.34	0.49	0.15	0.03	0.41	0.49	0.26	0.04	0.49	0.21	0.18	0.32	0.04	0.04	0.14	0.41	0.47	0.32	0.13	0.5	0.18	0.1	0.02	0.5	0.3	0.04	0.91	0.33	0.82	0.58	0.02	0.5
0.15	0.1	0	0.15	0.16	0.36	0.15	0.21	0.07	0.1	0.15	3.47	0.09	0.09	0.39	0.43	0.11	0.94	0.44	0.31	0.22	0.24	0.44	0.35	0.43	0.06	0.44	0.94	0.2	0.54	0.14	0.22	0.44	0.16	0.09	0.21	0.24	0.45	0.15	0.19	0.1	0.45	0.09	0.45	4.58	0.28	0.65	0.32	0.55	0.14	0.08	0.22	0.09	0.44	0.29	0.15	0.12	0.26	0.22	0.45	0.09	0.74	0.09	0.28	0.19	0.21	0.11	0.15	0.15	0.11	0.08	0.17	0.45	0.45	0.07	0.16	0.85	0.22	0.54	0.1	0.08	0.18	0.47	0.35	0.96	0.46	0.21	0.29	0.16	0.1	0.17	0.46	0.1	0.34	0.1	0.09	0.1	0.37	0.34
0.14	0.05	0.21	0	0.43	0.63	0.17	0.05	0.44	0.21	0.44	2.47	0.07	0.08	0.39	0.77	0.03	0.58	0.37	0.05	0.3	0.19	0.58	0.48	0.49	0.08	0.02	0.08	0.69	0.08	0.14	0.58	0.05	0.5	0.11	0.4	0.05	0.18	0.4	0.4	0.05	0.4	0.05	0.33	0.24	0.17	0.23	0.41	0.35	0.13	0.35	0.23	0.42	0.52	0.43	0.24	0.05	0.05	0.19	0.42	0.43	0.61	0.02	0.43	0.93	0.19	0.04	0.53	0.03	0.43	0.27	0.18	0.31	0.44	0.06	0.15	0.25	0.65	0.34	0.45	0.07	0.27	0.45	0.39	0.55	0.56	1.05	0.18	0.46	0.05	0.46	0.69	0.07	0.47	0.01	0.63	0.01	0.05	0.48
0.14	0.93	0.16	0.39	0	0.29	0.02	0.15	0.12	0.13	0.02	0.54	0.13	0.12	0.59	0.13	0.54	0.53	3.26	0.39	0.44	0.47	0.18	0.02	0.01	0.12	0.14	0.17	0.18	0.24	0.18	0.44	0.13	0.07	0.13	0.35	0.28	0.44	0.04	0.09	0.13	0.09	0.13	0.06	0.52	0	0.15	0.15	0.41	0.17	0.52	0.29	0.21	0.07	0.42	0.03	0.13	0.13	0.1	0.21	0.12	0.03	0.14	0.13	0.09	0.45	0.15	0.33	0.17	0.14	0.14	0.39	0.32	0.47	0.12	0.09	0.09	0.34	0.24	0.12	0.13	0.19	0.91	0.63	0.47	0.1	0.44	0.41	0.1	0.13	0.01	0.17	0.22	0.92	0.92	0.52	0.16	0.58	0.23
0.49	0.48	0.36	0.49	0.29	0	0.49	0.26	0.26	0.26	0.31	0.64	0.37	0.41	0.12	0.44	0.24	0.35	0.11	0.26	0.65	0.46	0.27	0.49	0.45	0.26	0.23	0.45	0.3	0.29	0.36	0.25	0.5	0.29	0.29	0.5	0.26	0.46	0.29	0.32	0.26	0.45	0.57	0.35	0.41	0.3	0.42	0.96	0.37	0.55	0.3	2.12	0.35	0.34	0.45	0.31	0.45	0.25	0.95	0.32	0.26	0.55	0.46	0.75	0.29	0.22	0.46	0.31	0.24	0.27	0.26	0.3	0.76	0.12	0.48	0.45	0.32	0.24	0.46	0.45	0.27	0.42	0.29	0.36	0.48	0.48	0.23	0.27	0.46	0.46	0.3	0.12	0.28	0.15	0.56	0.26	0.24	0.28	0.56
0	0.14	0.43	0.14	0.02	0.3	0	0.15	0.12	0.14	0.01	2.64	0.12	0.46	0.25	0.23	0.15	0.56	0.56	0.11	0.46	0.04	0.08	0.03	0.03	0.1	0.55	1.03	0.17	0.13	0.02	0.45	0.12	0.29	0.11	0.15	0.12	0.32	0.01	0.15	0.46	0.03	0.12	0.04	5.78	0.02	0.15	0.15	0.26	0.02	0.25	0.48	0.11	0.08	0.13	0.01	0.12	0.11	0.04	0.02	0.12	0.12	0.13	0.15	0.03	0.07	0.48	0	0.16	0.13	0.11	0.16	0.29	0.18	0.11	0.03	0.1	0.33	0.2	0.18	0.15	0.03	0.16	0.07	0.21	0.04	0.08	0.04	0.02	0.49	0.32	0.59	0.12	0.23	0.39	0.49	0.14	0.4	0.24
0.42	0.02	0.11	0.05	0.13	0.26	0.13	0	0.02	0.06	0.13	0.34	0.05	0.03	0.39	0.42	0.46	0.2	0.43	0.03	0.05	0.4	0.37	0.14	0.43	0.03	0.38	0.02	0.1	0.44	0.12	0.44	0.03	0.44	0.05	0.19	0.09	0.84	0.44	0.21	0.06	0.53	0.03	0.2	3.12	0.14	0.4	0.01	0.72	0.12	0.04	0.45	0.31	0.2	0.06	0.11	0	0.3	0.17	0.11	0.03	0.51	0.03	0.22	0.55	0.46	0.05	0.12	0.4	0.42	0.04	0.17	0.46	0.28	0.04	0.82	0.21	0.17	0.33	0.05	0.05	0.18	0.14	0.43	0.64	0.43	0.21	0.47	0.12	0.03	0.41	0.41	0.46	0.34	0.06	0.03	0.05	0.03	0.21
0.12	0.02	0.07	0.43	0.22	0.26	0.1	0.02	0	0.02	0.21	3.28	0.09	0.01	0.36	0.46	0.05	0.19	0.35	0.02	0.06	0.13	0.19	0.14	0.13	0.01	0.28	0.04	0.48	0.04	0.68	0.47	0.21	0.41	0.06	0.17	0.1	0.24	0.1	0.21	0.22	0.49	0.02	0.58	3.88	0.49	0.58	0.16	0.31	0.18	0.15	0.69	0.02	0.21	0.25	0.1	0.02	0.03	0.15	0.11	0.02	0.6	0.12	0.21	0.14	0.18	0.05	0.1	0.05	0.4	0.03	0.14	0.29	0.27	0.4	0.47	0.19	0.19	0.4	0.43	0.09	0.4	0.4	0.54	0.5	0.19	0.19	0.14	0.4	0.05	0.4	0.65	0.84	0.32	0.06	0.4	0.23	0.03	0.19
0.12	0.36	0.1	0.05	0.15	0.26	0.47	0	0.02	0	0.12	4.58	0.4	0.03	0.58	0.22	0.25	0.58	0.3	0.03	0.45	1.22	0.2	0.14	0.26	0.03	0.03	0.02	0.1	0.49	0.5	0.17	0.02	0.87	0.87	0.99	0.88	0.28	0.1	0.22	0.03	0.15	0.49	0.21	0.16	0.13	0.5	0.02	0.59	0.49	0.49	0.4	0.02	0.18	0.24	0.13	0.23	0.03	0.17	0.5	0.03	0.17	0.03	0.22	0.16	0.4	0.05	0.12	0.07	0.07	0.04	0.17	0.16	0.6	0.4	0.15	0.22	0.49	0.33	0.4	0.16	0.4	0.06	0.9	0.4	0.13	0.19	0.2	0.13	0.41	0.41	0.33	0.05	0.44	0.23	0.34	0.05	0.61	0.2
0.01	0.45	0.15	0.38	0.02	0.65	0.01	0.44	0.12	0.65	0	1.58	1.08	0.1	0.26	0.1	0.14	0.25	0.49	0.13	0.51	0.41	0.19	0.03	0.03	0.49	0.16	0.53	0.18	0.12	0.01	0.04	0.14	0.02	0.11	0.08	0.11	0.26	0.01	0.03	0.49	0.49	0.49	0.03	0.78	0.08	0.49	0.23	0.49	0.02	0.11	0.07	0.14	0.49	0.12	0.01	0.41	0.13	0.5	0.02	0.13	0.4	0.13	0.4	0.03	0.06	0.4	0.4	0.15	0.16	0.42	0.03	0.48	0.51	0.5	0.03	0.03	0.43	0.4	0.11	0.31	0.02	0.47	0.08	0.21	0.03	0.41	0.06	0.01	0.14	0.03	0.19	0.32	0.22	0.17	0.13	0.15	0.53	0.23
2.31	0.33	1.09	1.98	6.12	1.89	1.03	1.3	1.09	3.83	0.44	7.98	0.96	12.9	0.05	0.44	0.88	2.18	5.68	0.34	1.33	9.93	7.56	0.49	2.73	10.1	0.32	1.28	5.14	4.97	4.33	0.18	0.34	1.27	0.84	2.05	0.61	1.1	3.66	1.73	0.93	0.44	13.2	0.24	2.28	12.9	0.71	5.26	1.51	0.21	0.94	0.44	1.37	1.71	1.82	1.17	12.4	0.35	2.07	2.87	0.31	0.25	7.92	5.47	0.48	1.29	11.8	0.21	0.35	0.35	7.51	7.25	0.35	1.59	0.5	0.23	1.98	2.88	2.15	0.49	3.08	3.92	7.27	0.17	0.38	0.97	0.42	1.02	6.64	0.32	2.3	4.86	5.82	0.49	2.19	1.17	7.98	1.2	1.09
0.11	0.37	0.09	0.13	0.46	0.48	0.31	0.97	0.03	0.06	0.12	0.98	0	0.09	0.34	0.2	0.07	0.2	0.59	0.48	0.1	0.17	0.53	0.47	0.48	0.29	0.06	0.07	0.12	0.49	0.51	0.15	0.05	0.12	0.44	0.18	0.04	0.82	0.11	0.41	0.04	0.12	0.04	0.12	3.86	0.21	0.39	0.37	0.32	0.18	1	0.49	0.03	0.17	0.21	0.32	0.05	0.04	0.16	0.33	0.04	0.51	0.06	0.81	0.88	0.34	0.07	0.11	0.07	0.06	0.06	0.14	0.14	0.28	0.06	0.13	0.15	0.26	0.31	0.2	0.03	0.55	0.41	0.18	0.28	0.13	0.39	0.41	0.12	0.05	0.13	0.29	0	0.92	0.35	0.26	0.07	0.04	0.27
0.47	0.27	0.34	0.34	0.11	0.26	0.13	0.08	0.35	0.19	0.48	0.32	0.05	0	0.36	0.19	0.05	0.21	0.34	0.42	0.06	0.48	0.47	0.12	0.12	0.34	0.58	0.48	0.11	0.06	0.14	1.01	0.03	0.13	0.38	0.17	0.03	0.34	0.11	0.19	0.04	0.13	0.04	0.37	0.81	0.2	0.23	0.03	0.33	0.39	0.06	0.31	0.03	0.25	0.06	0.49	0.03	0.04	0.15	0.1	0.01	0.37	0.03	0.4	0.4	0.4	0.05	0.12	0.05	0.13	0.05	0.45	0.92	0.27	0.02	0.13	0.19	0.42	0.31	0.05	0.03	0.43	0.06	0.18	0.29	0.13	0.53	0.14	0.44	0.01	0.12	0.3	0.05	0.73	0.46	0.04	0.43	0.23	0.21
0.56	0.36	0.56	0.42	0.66	0.12	0.51	0.78	0.46	0.5	0.29	2.2	0.34	0.35	0	0.16	0.39	0.16	0.65	0.37	0.37	0.22	0.49	0.25	0.25	1.19	0.39	0.4	0.49	0.36	0.22	0.18	0.59	0.28	0.59	0.18	0.37	0.4	0.26	0.5	0.37	0.41	0.41	0.28	1.19	0.3	1.1	0.6	0.06	0.24	0.42	0.61	0.37	0.39	0.35	0.41	0.36	0.39	0.55	0.23	0.61	0.4	0.37	0.41	0.52	0.17	0.4	0.72	0.4	0.39	0.37	0.41	0.66	0.42	0.62	0.23	0.27	0.18	0.42	0.34	0.36	0.19	0.35	0.18	0.43	0.23	0.42	0.41	0.37	0.42	0.24	0.42	0.34	0.46	0.42	0.46	1.02	0.36	0.25
0.41	0.39	0.22	0.41	0.13	0.25	0.1	0.22	0.2	0.26	0.1	4.75	0.2	0.22	0.5	0	0.23	0.28	0.17	0.23	0.2	0.07	0.4	0.09	0.39	0.19	0.42	0.72	0.27	0.21	0.08	0.06	0.45	0.13	0.48	0.53	0.23	0.2	0.17	0.43	0.24	0.06	0.21	0.43	0.11	0.13	0.43	0.7	0.3	0.17	1.11	0.03	0.22	0.15	0.94	0.44	0.24	0.21	0.45	0.27	0.37	0.27	0.23	0.75	0.04	0.13	0.23	0.1	0.23	0.22	0.66	0.09	0.43	0.13	0.45	0.1	0.45	0.03	0.15	0.45	0.22	0.04	0.21	0.02	0.27	0.46	0.03	0.75	0.45	0.21	0.45	0.89	0.21	0.46	0.45	0.23	0.55	0.21	0.18
0.16	0.04	0.11	0.04	0.17	0.24	0.15	0.05	0.05	0.1	0.16	1.46	0.46	0.05	0.39	0.26	0	0.22	0.46	0.05	0.76	0.17	0.46	0.18	0.18	0.98	0.48	0.07	0.2	0.08	0.48	0.48	0.05	0.16	0.06	0.21	0.05	0.26	0.48	0.24	0.05	0.42	0.04	0.89	6.18	0.58	0.59	0.12	0.35	0.12	0.35	0.22	0.04	0.29	0.1	0.14	0.4	0.36	0.19	0.14	0.05	0.13	0.4	0.29	0.19	0.18	0.07	0.19	0.03	0.06	0.72	0.19	0.17	0.32	0.41	0.14	0.59	0.41	0.95	0.41	0.41	0.33	0.27	0.22	0.29	0.16	0.62	0.18	0.42	0.11	0.16	0.42	0.07	0.92	0.03	0.69	0.22	0.16	0.28
0.25	0.19	0.4	0.22	0.41	0.1	0.25	0.46	0.19	0.2	0.25	1.66	0.2	0.21	0.16	0.2	0.22	0	0.43	0.46	0.52	0.78	0.46	0.34	0.96	0.5	0.21	0.22	0.37	0.46	0.46	0.56	0.21	0.23	1.55	0.33	0.18	0.56	0.53	0.46	0.19	0.33	0.2	0.32	1.2	0.36	0.67	0.21	0.32	0.53	0.67	0.53	0.47	0.33	0.21	0.51	0.2	0.47	0.57	0.26	0.31	0.26	0.59	0.57	0.47	0.18	0.54	0.25	0.34	0.47	0.19	0.29	0.23	0.47	0.78	0.48	0.47	0.19	0.26	0.2	0.47	0.22	0.21	0.18	0.48	0.48	0.18	0.22	0.58	0.25	0.56	0.09	0.48	0.48	0.22	0.68	0.21	0.19	0
0.22	0.79	0.29	0.3	0.22	0.47	0.23	0.32	0.34	0.3	0.22	3.02	0.33	0.36	0.58	0.16	0.3	0.04	0	0.24	0.38	0.21	0.47	0.39	0.23	0.33	0.43	0.43	0.47	0.44	0.23	0.19	0.43	0.21	0.34	0.44	0.24	1.08	0.58	0.24	0.28	0.23	0.3	0.25	1.13	0.65	0.64	0.31	0.32	0.23	0.26	0.18	0.41	0.44	0.64	0.24	0.32	0.57	0.2	0.23	0.61	0.24	0.29	0.38	0.21	0.5	0.3	0.25	0.32	0.32	0.25	0.23	0.25	0.18	0.33	0.23	0.24	0.4	0.66	0.7	0.35	0.31	0.34	0.42	0.41	0.23	0.17	0.21	0.22	0.34	0.23	0.05	0.34	0.05	0.59	0.62	0.34	0.23	0.04
0.11	0.02	0.33	0.42	0.42	0.26	0.43	0.03	0.02	0.03	0.24	0.75	0.03	0.04	0.38	0.51	0.27	0.18	3.39	0	0.96	0.16	0.36	0.15	0.57	0.04	0.03	0.59	0.09	0.65	0.1	0.18	0.04	0.14	0.04	0.2	0.01	0.46	0.25	0.22	0.02	0.12	0.56	0.13	0.97	0.14	0.19	0.04	0.33	0.08	0.47	0.19	0.01	0.47	0.04	0.33	0.47	0.02	0.17	0.1	0.47	1.67	0.03	0.54	0.17	0.15	0.05	0.11	0.31	0.04	0.07	0.47	0.19	0.27	0.27	0.47	0.21	0.18	0.61	0.03	0.04	0.47	0.04	0.18	0.48	0.12	0.19	0.48	0.11	0.03	0.13	0.78	0.04	0.67	0.16	0.02	0.48	0.02	2.39
0.37	0.05	0.11	0.92	0.15	0.49	0.12	0.05	0.13	0.05	0.99	2.66	0.42	0.06	0.38	0.2	0.08	0.36	0.42	0.38	0	0.39	0.42	0.52	0.15	0.42	0.06	0.26	0.45	0.09	0.12	0.42	0.42	0.13	0.01	0.18	0.42	0.06	0.12	0.42	0.06	0.14	0.05	0.15	0.28	0.17	0.28	0.06	0.43	0.13	0.06	0.77	0.05	0.43	0.43	0.19	0.43	0.06	0.4	0.13	0.44	0.44	0.44	0.25	0.36	0.19	0.44	0.2	0.14	0.17	0.06	0.21	0.15	0.32	0.44	0.15	0.18	0.33	0.44	0.19	0.06	0.17	0.44	0.54	0.58	0.15	0.55	0.18	0.14	0.15	0.45	0.31	0.45	0.45	0.09	0.22	0.37	0.45	1.76
0.04	0.46	0.18	0.36	0.1	0.3	0.03	0.15	0.15	0.98	0.03	12.7	0.15	0.5	0.22	0.07	0.48	1.68	0.21	0.17	0.18	0	0.4	0.41	0.05	0.15	0.17	0.18	0.79	0.16	0.14	0.09	0.15	0.09	0.61	0.07	0.52	0.28	1	0.08	0.37	0.03	0.4	0.06	0.4	0.62	0.16	0.41	0.58	0.03	0.17	0.41	0.15	0.12	0.16	0.41	0.16	0.15	0.04	0.06	0.16	0.25	0.51	0.51	0.52	0.12	0.18	0.04	0.4	0.23	0.94	0.08	0.3	0.42	0.18	0.29	0.03	0.07	0.21	0.82	0.15	0.51	0.15	0.07	0.42	0.42	0.08	0.44	0.19	0.34	0.04	0.63	0.16	0.43	0.17	0.25	0.18	0.28	0.23
0.08	0.2	0.49	0.22	0.5	0.27	0.08	0.2	0.18	0.52	0.07	0.52	0.2	0.53	0.58	0.02	0.98	0.48	0.53	0.2	0.49	0.08	0	0.99	0.38	0.43	0.2	0.21	0.39	0.49	0.08	0.5	0.2	0.51	0.17	0.4	0.5	0.4	0.4	0.06	0.4	0.4	0.27	0.61	1.29	0.14	0.41	0.38	0.18	0.05	0.2	0.01	0.41	0.41	0.21	0.24	0.41	0.41	0.41	0.09	0.52	0.09	0.46	0.21	0.42	0.03	0.21	0.42	0.22	0.2	0.23	0.09	0.13	0.43	0.19	0.09	0.06	0.18	0.16	0.57	0.43	0.93	0.43	0.04	0.27	0.09	0.09	0.11	0.44	0.18	0.33	0.55	0.54	0.44	0.22	0.19	0.52	0.21	0.57
0.03	0.16	0.2	0.58	0.01	0.3	0.03	0.16	0.4	0.4	0.03	4.48	0.14	0.41	0.25	0.33	0.58	0.39	0.23	0.17	0.15	0.41	0.09	0	0.02	0.41	0.15	0.19	0.22	0.14	0.04	0.05	0.41	0.01	0.14	0.09	0.13	0.21	0.62	0.09	0.14	0.04	0.15	0.39	0.45	1.43	0.29	0.45	0.4	0.36	0.62	0.09	0.42	0.06	0.33	0.18	0.15	0.14	0.05	0.43	0.16	1.91	0.15	0.33	0.04	0.44	0.17	0.03	0.19	0.15	0.16	0.01	0.64	0.44	0.23	0.05	0.1	0.07	0.19	0.14	0.44	0.13	0.45	0.45	0.15	0.38	0.45	0.04	0.04	0.23	0.01	0.18	0.14	0.23	0.17	0.15	0.46	0.42	1.46
0.03	0.48	0.48	0.46	0.01	0.3	0.03	0.16	0.14	0.15	0.03	2.53	0.13	0.27	0.59	0.28	0.58	0.99	0.48	0.15	0.58	0.04	0.09	0.02	0	0.14	0.49	0.16	0.21	0.15	0.03	0.05	0.14	0.01	0.14	0.07	0.5	0.14	0.03	0.5	0.16	0.05	0.17	0.17	0.9	0.04	0.14	0.45	0.4	0.4	0.17	0.09	0.15	0.11	0.14	0.4	0.16	0.14	0.05	0.04	0.41	0.91	0.41	0.14	0.07	0.41	0.16	0.03	0.18	0.17	0.51	0.02	0.02	0.19	0.13	0.42	0.43	0.33	0.19	0.14	0.15	0.04	0.15	0.17	0.2	0.05	0.43	0.19	0.04	0.13	0.02	0.53	0.43	0.23	0.42	0.14	0.93	0.22	0.43
0.2	0	0.11	0.08	0.13	0.26	0.45	0.03	0.01	0.07	0.46	3.42	0.43	0.01	0.83	0.22	0.05	0.43	0.34	0.04	0.49	0.13	0.18	0.14	0.2	0	0.04	0.05	0.08	0.74	0.11	0.21	0.44	0.11	0.18	0.19	0.03	0.04	0.44	0.54	0.44	0.13	0.03	0.44	0.54	0.13	0.22	0.32	0.64	0.09	0.2	0.17	0.28	0.2	0.44	0.24	0.03	0.03	0.17	0.1	0.02	0.17	0.36	0.54	0.15	0.54	0.05	0.1	0.44	0.33	0.42	0.15	0.17	0.3	0.02	0.14	0.44	0.18	0.51	0.05	0.03	0.43	0.44	0.95	0.45	0.44	0.43	0.44	0.13	0.95	0.45	0.3	0.05	0.45	0.08	0	0.55	0	0.21
0.13	0.2	0.1	0.02	0.15	0.28	0.14	0.03	0.03	0.46	0.14	2.15	0.06	0.03	0.39	0.4	0.02	0.57	0.29	0.03	0.06	0.56	0.22	0.15	0.49	0.04	0	0.68	0.49	0.49	0.35	0.18	0.04	0.15	0.05	0.2	0.03	0.03	0.12	0.49	0.04	0.14	0.38	0.3	4.26	0.14	0.39	0.04	0.4	0.49	1.43	0.4	0.02	0.3	0.06	0.5	0.04	0.03	0.4	0.14	0.04	0.21	0	0.22	0.17	0.17	0.03	0.14	0.03	0.05	0.41	0.18	0.19	0.29	0.42	0.41	0.41	0.49	0.74	0.06	0.05	0.42	0.42	0.21	0.28	0.14	0.21	0.16	0.42	0.42	0.16	0.6	0.52	0.69	0.02	0.09	0.02	0.03	1.57
0.41	0.04	0.12	0.41	0.15	1.01	0.15	0.02	0.04	0.03	0.16	4.05	0.07	0.05	0.4	0.43	0.07	0.22	0.32	0.05	0.45	0.4	0.23	0.21	0.42	0.05	0.05	0	0.12	0.08	0.13	0.76	0.19	0.37	0.92	0.23	0.31	0.46	0.14	0.23	0.05	0.16	0.04	0.16	1.86	0.46	0.46	0.38	0.46	0.13	0.96	0.46	0.04	0.95	0.46	0.24	0.02	0.04	0.19	0.46	0.14	0.2	0.05	0.47	0.18	0.36	0.07	0.14	0.07	0.02	0.08	0.54	0.6	0.3	0.06	0.47	0.23	0.59	0.41	0.07	0.07	0.48	0.08	0.2	0.45	0.14	0.48	0.18	0.14	0.05	0.48	0.68	0.07	0.58	0.07	0.17	0.07	0.05	0.35
0.26	0.12	0.52	0.14	0.42	0.33	0.17	1.72	0.22	0.3	0.17	3.15	0.14	0.44	0.39	0.54	0.12	0.64	2.53	0.09	0.65	0.7	1.02	0.27	0.2	0.45	0.45	0.26	0	0.15	0.45	0.21	0.1	0.66	0.39	0.25	0.47	0.3	0.33	0.46	0.1	0.17	0.46	0.46	0.46	0.19	0.34	0.1	0.59	0.56	0.1	0.23	0.29	0.46	0.23	0.46	0.09	0.22	0.22	0.17	0.11	0.75	0.48	0.56	0.38	0.77	0.47	0.34	0.67	0.17	0.11	0.47	0.97	0.47	0.1	0.18	0.47	0.23	0.39	0.63	0.13	0.5	0.22	0.78	0.34	0.48	0.39	0.22	0.17	0.09	0.2	0.53	0.31	0.43	0.24	0.1	0.2	0.11	0.48
0.3	0.25	0.64	0.08	0.32	1.04	0.19	0.06	0.04	0.07	0.45	4.57	0.15	0.22	0.35	0.22	0.08	0.75	0.34	0.04	0.11	0.49	0.22	0.66	0.96	0.06	0.46	0.08	0.13	0	0.18	0.16	0.46	0.14	0.09	0.19	0.03	1.17	0.12	0.16	0.34	0.13	0.1	0.39	3.8	0.14	0.23	0.06	0.38	0.19	0.06	0.46	0.04	0.98	0.07	0.12	0.06	0.05	0.97	0.13	0.05	1.28	0.07	0.23	0.16	0.18	0.08	0.12	0.08	0.07	0.05	0.14	0.13	0.28	1.49	0.99	0.16	0.2	0.35	0.05	0.04	0.15	0	0.19	0.59	0.16	0.2	0.31	0.12	0.05	0.15	0.4	0.01	0.4	0.4	0.33	0.08	0.05	0.28
0.02	0.21	0.14	0.16	0.1	0.31	0.02	0.13	0.37	0.34	0.01	4.21	0.49	0.5	0.22	0.26	0.24	0.4	0.23	0.34	0.4	0.04	0.61	0.51	0.51	0.12	0.41	0.14	0.33	0.41	0	0.3	0.61	0.09	0.38	0.46	0.41	0.28	0.01	0.04	0.1	0.04	0.1	0.02	3.27	0.47	0.41	0.11	0.22	0.01	0.44	0.28	0.09	0.72	0.11	0.22	0.11	0.11	0.04	0.01	0.42	0.36	0.14	0.52	0.04	0.07	0.13	0.02	0.14	0.43	0.44	0.04	0.63	0.18	0.43	0.43	0.04	0.07	0.94	0.43	0.43	0.05	0.29	0.17	0.21	0.03	0.44	0.07	0.01	0.11	0.03	0.26	0.14	0.44	0.33	0.54	0.47	0.51	0.23
0.28	0.16	0.23	0.4	0.1	0.25	0.04	0.17	0.43	0.16	0.04	0.46	0.15	0.14	0.18	0.03	0.46	0.2	0.56	0.15	0.46	0.04	0.05	0.05	0.05	0.46	0.16	0.46	0.22	0.46	0.47	0	0.47	0.09	0.15	0.13	0.17	0.16	0.05	0.04	0.48	0.09	0.48	0.4	1.39	0.49	0.49	0.28	0.17	0.05	0.35	0.07	0.49	0.07	0.4	0.05	0.97	0.4	0	0.05	0.91	0.81	0.16	0.56	0.04	0.03	0.17	0.41	0.91	0.41	0.37	0.32	0.16	0.13	0.41	0.09	0.35	0.41	0.17	1.12	0.16	0.13	0.16	0.09	0.41	0.09	0.03	0.09	0.42	0.14	0.42	0.14	0.16	0.4	0.19	0.17	0.17	0.49	0.17
0.19	0.86	0.1	0.21	0.15	0.26	0.48	0.01	0.03	0.01	0.15	4.83	0.05	0.03	0.74	0.55	0.05	0.43	0.31	0.03	0.06	0.84	0.21	0.17	0.14	0.17	0.25	0.02	0.42	0.54	0.19	0.16	0	0.15	0.05	0.19	0.06	0.77	0.11	0.6	0.03	0.13	0.21	0.36	0.61	0.19	0.22	0.01	0.33	0.14	0.4	0.19	0.02	0.49	0.44	0.14	0.34	0.03	0.16	0.12	0.04	1.05	0.04	0.22	0.46	0.16	0.45	0.14	0.05	0.01	0.04	0.15	0.18	0.29	0.24	0.13	0.45	0.65	0.34	0.05	0.05	0.2	0.45	0.2	0.32	0.14	0.28	0.45	0.11	0.03	0.45	0.66	0.16	0.53	0.45	0.03	0.05	0.03	0.21
0.02	0.13	0.16	0.57	0	0.29	0.37	0.14	0.11	0.17	0.03	7.21	0.12	0.13	0.45	0.12	0.15	0.23	0.45	0.14	0.15	0.1	0.35	0.01	0.01	0.11	0.31	0.18	0.21	0.13	0.45	0.45	0.13	0	0.12	0.06	0.12	0.14	0.45	0.09	0.13	0.08	0.45	0.04	0.58	0.5	0.47	0.46	0.2	0.02	0.12	0.13	0.14	0.71	0.13	0.02	0.16	0.13	0.24	0.18	0.5	0.02	0.14	0.13	0.06	0.06	0.16	0.02	0.42	0.15	0.13	0.48	0	0.18	0.12	0.09	0.22	0.06	0.23	0.5	0.23	0.17	0.4	0.26	0.49	0.72	0.42	0.36	0.09	0.12	0.38	0.93	0.42	0.53	0.26	0.43	0.51	0.32	0.53
0.14	0.39	0.26	0.08	0.13	0.47	0.1	0.45	0.09	0.98	0.47	4.77	0.07	0.04	0.35	0.19	0.06	0.46	0.34	0.19	0.01	0.56	0.17	0.14	0.42	0.04	0.86	0.05	0.12	0.13	0.11	0.16	0.05	0.12	0	0.17	0.04	0.04	0.46	0.16	0.04	0.13	0.03	0.13	0.45	0.14	0.26	0.45	0.33	0.45	0.04	0.45	0.03	0.52	0.08	0.13	0.05	0.11	0.14	0.26	0.05	0.53	0.45	0.26	0.54	0.19	0.45	0.11	0.06	0.06	0.04	0.46	0.21	0.29	0.05	0.55	0.17	0.18	0.95	0.13	0.45	0.15	0.08	0.18	0.33	0.22	0.17	0.15	0.44	0.06	0.15	0.61	0.07	0.32	0.44	0.44	0.07	0.05	1.04
0.07	0.19	0.21	0.94	0.06	0.49	0.07	0.19	0.44	0.19	0.08	1.83	0.44	0.2	0.34	0.38	0.45	0.18	0.45	0.19	0.18	0.08	0.04	0.09	0.07	0.25	0.21	0.45	0.3	0.98	0.08	0.82	0.19	0.06	0.57	0	0.17	1.06	0.11	0.46	0.2	0.09	0.49	0.46	0.54	0.1	0.19	0.66	0.15	0.07	0.19	0.04	0.47	0.35	0.19	0.08	0.47	0.19	0.3	0.09	1.15	0.08	0.47	0.46	0.05	0.47	0.21	0.47	0.22	0.2	0.47	0.26	0.07	0.1	0.38	0.1	0.47	0.47	0.34	0.19	0.2	0.12	0.19	0	0.25	0.48	0.01	0.04	0.08	0.19	0.1	0.12	0.19	0.48	0.22	0.2	0.22	0.19	0.16
0.3	0.02	0.08	0.05	0.43	0.26	0.1	0.28	0.01	0.43	0.33	1	0.02	0.03	0.5	0.2	0.09	0.18	0.61	0.01	0.06	0.15	0.51	0.13	0.5	0.23	0.03	0.4	0.09	0.71	0.09	0.16	0.04	0.47	0.04	0.2	0	0.01	0.09	0.21	0.3	0.1	0.05	0.14	0.2	0.57	0.7	0.04	0.32	0.09	0.04	0.18	0.01	0.42	0.03	0.34	0.03	0.02	0.16	0.08	0.02	0.5	0.04	0.19	0.15	0.14	0.05	0.1	0.05	0.04	0.02	0.14	0.29	0.68	0.01	0.5	0.2	0.16	0.32	0.02	0.03	0.15	0.03	0.6	0.25	0.4	0.18	0.16	0.08	0.02	0.15	0.38	0.08	0.67	0.05	0.07	0.04	0.02	0.18
0.62	0.11	0.08	0.05	0.98	0.64	0.13	0.03	0.48	0.44	0.14	1.82	0.03	0.22	0.47	0.2	0.05	0.47	0.61	0.04	0.06	0.4	0.96	0.14	0.46	0.04	1.07	0.05	0.47	0.04	0.67	0.38	0.03	0.98	0.04	0.19	0.01	0.01	0.49	0.49	0.02	0.99	0.02	0.15	1.56	0.48	0.58	0.05	0.59	0.09	0.1	0.18	0.01	0.5	0.04	1	0.05	0.02	0.48	0.86	0.03	1.37	0.03	0.96	0.45	0.94	0.04	0.43	0.05	0.43	0.93	0.14	0.42	0.29	0.42	0.42	0.22	0.41	0.43	0.53	0.04	1	0.41	0.18	0.5	0.11	0.5	0.17	0.09	0.5	0.5	0.42	0.43	0.94	0.4	0.5	0.04	0.41	0.48
0.01	0.47	0.42	0.13	0.47	0.29	0.01	0.25	0.24	0.46	0.01	4.68	0.1	0.1	0.59	0.09	0.47	0.35	0.23	0.09	0.12	0.04	0.09	0.12	0.03	0.1	0.14	0.4	0.18	0.49	0.01	0.16	0.11	0.39	0.51	0.08	0.09	0.13	0	0.05	0.11	0.37	0.5	0.01	0.86	0.37	0.36	0.5	0.22	0.4	0.08	0.42	0.42	0.42	0.11	0	0.27	0.09	0.35	0.01	0.1	0.53	0.13	0.37	0.04	0.43	0.12	0.01	0.13	0.11	0.48	0.03	0.05	0.43	0.09	0.03	0.05	0.08	0.2	0.3	0.12	0.17	0.43	0.11	0.53	0.03	0.08	0.07	0.01	0.1	0.3	0.43	0.11	0.22	0.13	0.11	0.44	0.47	0.5
0.1	0.2	0.53	0.88	0.48	0.32	0.1	0.49	0.21	0.21	0.49	0.48	0.15	0.49	0.27	0.43	0.49	0.27	0.5	0.21	0.42	0.04	0.25	0.4	0.09	0.21	0.23	0.23	0.24	0.16	0.41	0.34	0.23	0.09	0.16	0.09	0.21	0.36	0.05	0	0.23	0.03	0.24	0.2	2.24	0.49	0.44	0.23	0.24	0.04	0.22	0.05	0.45	0.44	0.46	0.05	0.21	0.46	0.04	0.04	0.21	0.31	0.23	0.23	0.01	0.05	0.23	0.11	0.45	0.47	0.23	0.09	0.09	0.2	0.23	0.04	0	0.08	0.22	0.15	0.23	0.06	0.4	0.09	0.4	0.04	0.09	0.06	0.4	0.21	0.09	0.37	0.15	0.22	0.26	0.21	0.23	0.21	0.24
0.49	0.02	0.09	0.05	0.15	0.49	0.12	0.03	0.11	0.18	0.49	6.83	0.04	0.42	0.37	0.23	0.05	0.42	0.27	0.02	0.37	0.15	0.45	0.16	0.45	0.04	0.03	0.45	0.45	0.3	0.21	0.16	0.03	0.13	0.04	0.74	0.02	0.07	0.1	0.23	0	0.12	0.01	0.14	0.45	0.13	0.46	0.04	0.35	0.1	0.45	0.19	1.18	0.18	0.05	0.11	0.06	0.01	0.19	0.1	0.04	0.12	0.03	0.45	0.45	0.24	0.05	0.14	0.05	0.04	0.03	0.46	0.54	0.33	0.03	0.12	0.46	0.18	0.35	0.04	0.05	0.23	0.05	0.47	0.27	0.12	0.21	0.17	0.11	0.48	0.48	0.46	0.05	1.48	0.05	0.03	0.05	0.36	0.19
0.2	0.12	0.16	0.14	0.13	0.3	0.42	0.12	0.1	0.17	0.02	4.37	0.12	0.44	0.22	0.11	0.26	1.37	0.46	0.1	0.16	0.4	0.08	0.04	0.04	0.2	0.12	0.15	0.34	0.49	0.39	0.07	0.13	0.29	0.13	0.09	0.13	0.19	0.03	0.03	0.42	0	0.32	0.38	1.94	0.44	0.54	0.41	0.39	0.02	0.12	0.95	0.45	0.12	0.12	0.45	0.13	0.11	0.08	0.04	0.11	0.08	0.13	0.21	0.03	0.09	0.14	0.03	0.15	0.42	0.12	0.26	0.2	0.18	0.11	0.01	0.03	0.32	0.22	0.12	0.45	0.45	0.12	0.09	0.46	0.01	0.09	0.08	0.33	0.46	0.04	0.19	0.48	0.47	0.16	0.2	0.15	0.12	0.48
0.47	0.42	0.09	0.27	0.21	0.38	0.13	0.03	0.02	0.02	0.45	0.35	0.05	0.28	0.41	0.47	0.04	0.68	0.24	0.02	0.05	0.16	0.21	0.16	0.16	0.03	0.04	0.04	0.1	0.42	0.37	1.73	0.03	0.44	0.03	0.19	0.02	0.08	0.11	0.22	0.27	1.5	0	0.31	0.17	0.5	0.21	0.03	0.34	0.11	0.33	0.54	0.38	0.19	0.31	0.46	0.4	0.01	0.15	0.11	0.06	0.52	0.03	0.4	0.4	0.17	0.33	0.14	0.05	0.06	0.03	0.48	0.4	0.28	0.03	0.4	0.25	0.19	0.5	0.05	0.05	1.01	0.07	0.21	0.28	0.12	0.21	0.31	0.51	0.33	0.15	0.32	0.05	0.41	0.05	0.19	0.41	0.01	0.91
0.04	0.48	0.21	0.39	0.05	0.35	0.05	0.41	0.68	0.22	0.03	1.65	0.49	0.13	0.28	0.17	0.16	0.28	0.45	0.14	0.14	0.46	0.41	0.1	0.49	0.14	0.26	0.19	0.19	0.49	0.04	0.2	0.15	0.04	0.12	0.49	0.12	0.6	0	0.12	0.14	0.1	0.5	0	5.42	0.8	0.5	0.25	0.98	0.07	0.3	0.12	0.22	0.75	0.11	0	0.41	0.13	0.07	0.41	0.14	0.05	0.15	0.31	0.41	0.08	0.17	0.21	0.64	0.61	0.14	0.06	0.12	0.21	0.41	0.12	0.13	0.42	0.22	0.22	0.15	0.23	0.16	0.15	0.42	0.06	0.11	0.08	0.01	0.42	0.11	0.42	0.12	0.27	0.52	0.13	0.42	0.14	0.51
2.48	0.45	0.47	0.47	0.04	0.48	0.36	0.42	0.5	0.5	0.64	1.04	0.95	0.45	3.47	0.13	1.03	0.5	0.42	0.5	0.5	0.05	0.15	0.04	1.97	0.45	0.45	0.44	0.21	0.44	1	0.41	0.91	0.03	0.14	0.48	2.99	0.4	0.06	2	0.93	1.01	0.5	0.07	0.06	1.58	1.74	2.47	1.56	0.05	0.25	1	0.97	0.43	0.56	0.49	0.62	0.42	0.41	0.06	0.5	0.1	2.6	0.16	0.07	0.21	0.51	0.13	0.98	0.19	1.95	0.04	0.47	0.95	6.07	0.69	0.44	0.44	0.42	0.96	0.44	0.08	0.16	0.93	1.59	3.6	0.11	0.45	0.44	2.45	0.03	1.98	0.44	1.01	0.43	0.95	0.56	1.52	0.53
0.02	0.21	0.17	0.44	0.71	0.29	0.05	0.14	0.49	0.31	0.14	3.69	0.12	0.16	0.58	0.14	0.16	0.48	0.48	0.16	0.98	0.47	0.15	0.01	0.03	0.12	0.14	0.21	0.86	0.13	0.09	0.1	0.14	0.15	0.14	0.06	0.46	0.14	0.03	0.09	0.47	0.3	0.41	0.47	1.17	0	0.47	0.47	0.39	0.03	0.52	0.13	0.13	0.28	0.13	0.47	0.19	0.14	0.47	0.1	0.13	0.77	0.97	0.15	0.09	0.1	0.47	0.97	0.51	0.15	0.47	0.09	0.07	0.47	0.47	0.28	0.15	0.47	0.29	0.47	0.16	0.48	0.15	0.48	0.48	0.1	0.06	0.09	0.48	0.13	0.02	0.21	0.48	0.48	0.19	0.48	0.19	0.14	0.48
0.49	0.21	0.31	0.47	0.16	0.61	0.15	0.47	0.21	0.21	0.77	0.64	0.57	0.47	0.37	0.4	0.25	0.63	3.35	0.45	0.48	0.16	0.21	0.18	0.14	0.68	0.22	1.06	0.34	0.23	0.48	0.17	0.22	0.13	0.5	0.19	0.99	0.27	0.15	0.49	0.2	0.21	0.22	0.49	0.34	0.29	0	0.22	0.69	0.18	0.27	0.2	0.19	0.49	0.22	0.15	0.6	0.2	0.51	0.5	0.21	0.7	0.6	0.01	0.18	0.51	0.4	0.15	0.23	0.25	0.2	0.41	0.47	0.36	0.21	0.92	0.23	0.42	0.42	0.22	0.24	0.25	0.53	0.2	0.07	0.62	0.19	0.17	0.16	0.21	0.15	0.64	0.22	0.95	0.44	0.44	0.23	0.54	0.34
0.47	0.22	0.38	0.28	0.15	0.58	0.48	0.01	0.02	0.01	0.48	0.73	0.05	0.04	0.43	0.31	0.16	0.47	0.31	0.04	0.06	0.51	0.32	0.16	0.21	0.41	0.04	0.18	0.69	0.31	0.38	0.79	0.79	0.32	0.05	0.36	0.4	0.51	0.42	0.47	0.33	0.4	0.03	0.21	0.91	0.16	0.47	0	0.49	0.12	0.17	0.21	0.03	0.18	0.07	0.42	0.01	0.21	0.16	0.33	0.04	0.11	0.04	0.43	0.43	0.16	0.05	0.43	0.2	0.26	0.04	0.54	0.16	0.28	0.35	0.14	0.22	0.44	0.49	0.44	0.29	0.15	0.65	0.21	0.28	0.48	0.2	0.18	0.5	0.03	0.19	0.31	0.06	0.36	0.05	0.33	0.15	0.08	0.51
0.35	0.81	0.51	0.37	0.2	0.41	0.22	0.49	0.41	0.61	0.46	0.23	0.32	0.34	0.2	0.17	0.46	0.32	0.32	0.46	0.37	0.22	0.18	0.21	0.21	0.46	0.37	0.42	0.38	0.96	0.47	1.27	0.34	0.2	0.95	0.46	0.46	0.81	0.6	0.23	0.33	0.24	0.38	0.5	2.47	0.2	0.65	0.57	0	0.22	0.76	0.18	0.97	0.47	0.33	0.22	0.97	0.47	0.17	0.61	0.48	0.3	0.36	0.97	0.47	0.15	0.35	0.22	0.37	0.47	0.35	0.22	0.2	0.25	0.61	0.57	0.24	0.67	0.02	0.47	0.35	0.19	0.34	0.48	0.39	0.24	0.48	0.18	0.23	0.33	0.48	0.26	0.33	0.29	0.48	0.38	0.58	0.47	0.3
0.4	0.4	0.4	0.48	0.4	0.29	0.02	0.11	0.18	0.4	0.02	1.3	0.18	0.09	0.9	0.4	0.5	0.24	0.4	0.08	0.13	0.03	0.05	0.04	0.4	0.09	0.41	0.12	0.51	0.41	0.01	0.05	0.11	0.02	0.67	0.16	0.92	0.9	0.01	0.42	0.1	0.09	0.42	0.68	0.88	0.14	0.18	0.42	0.59	0	0.12	0.07	0.09	0.46	0.19	0.01	0.11	0.43	0.07	0.01	0.1	0.2	0.1	0.15	0.44	0.08	0.11	0.28	0.13	0.12	0.43	0.06	0.1	0.95	0.1	0.02	0.04	0.08	0.2	0.45	0.12	0.09	0.49	0.45	0.47	0.01	0.07	0.46	0	0.18	0.04	0.32	0.46	0.22	0.13	0.09	0.46	0.12	0.22
0.46	0.07	0.31	0.45	0.75	0.95	0.17	0.04	0.02	0.93	0.92	1.22	0.03	0.42	0.52	0.27	0.48	0.48	0.34	0.95	0.46	0.14	0.42	0.13	0.91	0.03	0.41	0.06	0.5	0.05	0.58	0.48	0.1	0.35	0.12	0.46	0.02	0.01	0.45	0.55	0.02	0.44	0.14	0.5	1.84	0.45	0.2	0.44	0.94	0.44	0.43	0.43	0.17	0.44	0.43	0.1	0.61	0.43	0.4	0.1	0.07	0.61	0.1	0.42	0.51	0.41	0.05	0.42	0.35	0.42	0.4	0.41	0.41	0.41	0.42	0.4	0.21	0.18	0.58	0.03	0.06	0.47	0.03	0.26	0.66	0.46	0.33	0.67	0.1	0.44	0.31	0.59	0.07	1.13	0.05	0.51	0.05	0.13	0.2
0.08	0.18	0.23	0.58	0.46	0.25	0.46	0.2	0.2	0.19	0.25	4.07	0.21	0.18	0.35	0.03	0.33	0.47	0.17	0.18	0.2	0.07	0.01	0.47	0.44	0.17	0.2	0.22	0.23	0.48	0.58	0.03	0.19	0.13	0.49	0.39	0.45	0.18	0.09	0.05	0.36	0.08	0.91	0.1	3.6	0.28	0.48	0.22	0.18	0.69	1.08	0	0.17	0.49	0.21	0.08	0.19	0.17	0.03	0.11	0.2	0.86	0.2	0.21	0.05	0.04	0.22	0.08	0.23	0.22	0.21	0.09	0.9	0.14	0.5	0.09	0.05	0.05	0.16	0.19	0.21	0.06	0.4	0.04	0.61	0.09	0.41	0.08	0.08	0.21	0.08	0.41	0.21	0.25	0.21	0.31	0.91	0.22	1.42
0.12	0.01	0.09	0.04	0.15	0.47	0.11	0.26	0.02	0.02	0.13	1.62	0.03	0.03	0.39	0.59	0.04	0.18	0.26	0.01	0.05	0.16	0.57	0.15	0.15	0.03	0.02	0.04	0.09	0.42	0.1	0.15	0.03	0.41	0.03	0.52	0.01	0.57	0.1	0.2	0.01	0.13	0	0.17	0.47	0.42	0.19	0.03	0.34	0.09	0.22	0.18	0	0.16	0.04	0.1	0.02	0.01	0.16	0.27	0.03	1.21	0.71	0.21	0.14	0.15	0.03	0.11	0.04	0.03	0.4	0.14	0.16	0.26	0.02	0.11	0.2	0.54	0.32	0.31	0.04	0.27	0.04	0.59	0.35	0.1	0.2	0.17	0.44	0.31	0.14	0.29	0.04	0.33	0.04	0.01	0.31	0.01	0.44
0.08	0.34	0.49	0.24	0.13	0.61	0.36	1.36	0.64	0.4	0.16	5.73	0.6	0.63	0.41	0.97	0.58	0.37	0.64	0.44	0.97	0.25	0.3	0.39	0.91	0.58	0.36	0.21	0.46	1.37	0.91	1.09	1.02	0.34	0.17	0.17	0.48	0.27	0.26	0.38	0.42	0.46	0.19	0.54	1.41	0.56	0.49	0.18	0.46	0.27	0.38	0.2	0.46	0	0.69	0.31	0.41	0.55	0.26	0.13	0.71	0.4	0.3	0.51	1.44	0.74	0.47	0.16	1	0.49	0.52	0.33	0.39	0.54	0.22	0.41	0.11	0.46	0.77	0.83	0.22	0.09	1.03	0.53	0.43	0.56	0.1	0.19	0.05	0.36	0.49	0.3	0.17	0.31	0.62	0.19	0.42	1.02	1.47
0.25	0.05	0.49	0.3	0.13	0.53	0.49	0.06	0.04	0.06	0.12	1.46	0.01	0.06	0.35	0.21	0.08	0.45	0.34	0.04	0.14	0.48	0.6	0.16	0.45	0.05	0.43	0.07	0.34	0.25	0.43	0.16	0.42	0.13	0.42	0.19	0.11	0.94	0.12	0.21	0.32	0.12	0.37	0.12	4.63	0.53	0.57	0.33	0.33	0.18	0.44	0.21	0.04	0.29	0	0.12	0.06	0.15	1.14	0.13	0.04	0.13	0.14	0.54	0.44	0.18	0.27	0.31	0.44	0.07	0.05	0.14	0.64	0.74	0.04	0.14	0.16	0.47	0.31	0.01	0.37	0.44	0.03	0.43	0.54	0.13	0.19	0.19	0.12	0.44	0.14	0.51	0.4	0.44	0.08	0.44	0.08	0.05	1.45
0.01	0.27	0.14	0.41	0.03	0.61	0.01	0.11	0.09	0.41	0.01	0.7	0.11	0.4	0.58	0.1	0.14	0.25	0.41	0.11	0.13	0.05	0.48	0.04	0.41	0.1	0.51	0.15	0.47	0.12	0.02	0.42	0.11	0.02	0.64	0.08	0.08	0.58	0	0.42	0.1	0.05	0.26	0.15	2.39	0.03	0.15	0.13	0.22	0.04	0.1	0.08	0.1	0.25	0.12	0	0.49	0.11	0.43	0.01	0.11	0.08	0.13	0.44	0.1	0.19	0.45	0.02	0.14	0.14	0.11	0.03	0.45	0.46	0.1	0.03	0.05	0.14	0.21	0.11	0.46	0.04	0.24	0.39	0.23	0.03	0.08	0.47	0.02	0.47	0.03	0.47	0.11	0.23	0.14	0.1	0.46	0.33	0.23
0.35	0.13	0.1	0.39	0.15	0.54	0.15	0	0.02	0.01	0.13	1.73	0.05	0.42	0.77	0.21	0.43	0.42	0.32	0.03	0.06	0.41	0.2	0.17	0.15	0.03	0.03	0.02	0.42	0.12	0.11	0.42	0.02	0.14	0.05	0.19	0.03	1.02	0.11	0.42	0.03	0.14	0.05	0.42	0.89	0.49	0.28	0.01	0.33	0.42	0.31	0.19	0.08	0.26	0.06	0.11	0	0.03	0.41	0.33	0.04	0.34	0.03	0.91	0.17	0.41	0.04	0.13	0.05	0.01	0.04	0.16	0.42	0.28	0.13	0.3	0.21	0.81	0.91	0.05	0.05	0.24	0.41	0.74	0.6	0.12	0.56	0.21	0.41	0.24	0.14	0.41	0.41	0.35	0.05	0.32	0.05	0.03	0.4
0.22	0.36	0.09	0.04	0.14	0.34	0.45	0.22	0.03	0.03	0.31	4.07	0.04	0.04	0.74	0.35	0.29	0.48	0.28	0.02	0.06	0.5	0.21	0.14	0.15	0.03	0.03	0.05	0.09	0.25	0.1	0.89	0.2	0.13	0.04	0.2	0.02	0.36	0.09	0.24	0.23	0.5	0.01	0.84	1.5	0.14	0.2	0.25	0.4	0.09	0.2	0.18	0.4	0.19	0.05	0.4	0.17	0	0.21	0.11	0.32	0.23	0.4	0.2	0.4	0.16	0.04	0.12	0.05	0.04	0.41	0.14	0.19	0.29	0.06	0.51	0.22	0.19	0.32	0.04	0.04	0.41	0.41	0.2	0.26	0.14	0.2	0.17	0.11	0.41	0.15	0.41	0.04	0.34	0.05	0.41	0.04	0.01	0.45
0.04	0.16	0.22	0.63	0.1	0.63	0.31	0.17	0.15	0.15	0.03	4.6	0.15	0.45	0.18	0.03	0.19	0.28	0.19	0.17	0.15	0.04	0.06	0.05	0.05	0.3	0.16	0.56	0.33	0.17	0.04	0	0.87	0.47	0.15	0.12	0.14	0.5	0.05	0.18	0.16	0.47	0.17	0.08	1.07	0.57	0.17	0.28	0.17	0.05	0.47	0.05	0.16	0.07	0.16	0.05	0.87	0.47	0	0.05	0.14	0.06	0.47	0.47	0.26	0.21	0.47	0.04	0.18	1.07	0.16	0.12	0.67	0.47	0.16	0.08	0.04	0.03	0.78	0.72	0.16	0.08	0.48	0.03	0.48	0.22	0.03	0.09	0.05	0.16	0.05	0.14	0.16	0.18	0.49	0.18	0.22	0.89	0.17
0.02	0.45	0.46	0.38	0.47	0.32	0.02	0.13	0.49	0.17	0.02	3.49	0.12	0.3	0.23	0.08	0.58	0.45	3.16	0.28	0.17	0.12	0.46	0.04	0.04	0.1	0.12	0.42	0.17	0.13	0.01	0.06	0.44	0.32	0.12	0.27	0.17	0.32	0.35	0.04	0.11	0.04	0.13	0.07	0.42	0.56	0.16	0.13	0.31	0.4	0.36	0.09	0.5	0.09	0.12	0.01	0.11	0.11	0.05	0.01	0.09	0.16	0.12	0.47	0.04	0.33	0.98	0.23	0.35	0.46	0.11	0.04	0.11	0.19	0.09	0.03	0.04	0.15	0.47	0.12	0.11	0.16	0.49	0.55	0.47	0.08	0.09	0.08	0.01	0.11	0.04	0.2	0.12	0.41	0.52	0.11	0.17	0.11	0.24
0.44	0.02	0.28	0.07	0.12	0.27	0.1	0.03	0.02	0.03	0.12	0.34	0.43	0.01	0.37	0.42	0.08	0.43	0.34	0.03	0.32	0.16	0.68	0.13	0.32	0.02	0.04	0.32	0.11	0.38	0.11	0.94	0.04	0.12	0.05	0.19	0.02	0.45	0.38	0.45	0.04	0.12	0.55	0.11	0.39	0.28	0.21	0.04	0.33	0.1	0.05	0.18	0.17	0.17	0.04	0.11	0.03	0.03	0.15	0.13	0	0.12	0.36	0.22	0.14	0.16	0.05	0.12	0.06	0.44	0.04	0.14	0.2	0.56	0.01	0.12	0.2	0.56	0.31	0.04	0.03	0.58	0.05	0.18	0.27	0.11	0.56	0.2	0.1	0.02	0.14	0.41	0.04	0.33	0.07	0.03	0.06	0.03	0.2
0.41	0.41	0.91	0.41	0.41	0.41	0.91	0.95	0.91	0.41	0.41	3.66	0.11	0.94	0.54	0.44	0.44	0.94	0.44	0.44	0.45	0.47	0.43	0.43	0.93	0.43	0.43	0.43	0.54	0.43	0.01	0.43	0.93	0.43	0.42	1.03	0.09	0.42	0	0.42	0.42	0.42	0.62	0.03	7.05	0.42	0.92	1.22	0.91	0.91	0.48	0.41	0.91	0.48	0.41	0.91	0.41	0.1	0.06	0.02	0.49	0.01	0.51	0.49	0.05	0.08	0.49	0.48	0.48	1.48	0.13	0.48	0.48	0.19	0.48	0.04	0.05	0.47	0.96	0.46	0.46	0.96	0.12	0.45	0.95	0.45	0.21	0.45	0.01	0.44	0.03	0.2	0.44	0.44	0.44	1.04	0.13	0.41	0.84
0.14	0.03	0.1	0.39	0.14	0.31	0.13	0.04	0.44	0.03	0.14	0.5	0.06	0.03	0.37	0.26	0.02	0.25	0.29	0.37	0.45	0.17	0.45	0.4	0.18	0.4	0	0.05	0.11	0.07	0.12	1	0.04	0.44	0.05	0.48	0.04	0.06	0.13	0.23	0.31	0.12	0.03	0.75	0.7	0.5	0.22	0.16	0.37	0.4	0.45	1.09	0.02	0.19	0.06	0.4	0.4	0.42	0.42	0.12	0.34	0.26	0	0.8	0.4	0.17	0.01	0.14	0.03	0.04	0.04	0.23	0.15	0.29	0.04	0.13	0.23	0.28	0.32	0.06	0.41	0.41	0.06	0.21	0.28	0.13	0.21	0.81	0.43	0.08	0.14	0.57	0.06	0.71	0.17	0.33	0.41	0.03	0.2
0.15	0.41	0.3	0.24	0.13	0.42	0.15	0.48	0.21	0.22	0.15	0.32	0.23	1.73	0.37	0.53	0.29	0.36	0.35	0.2	0.44	1.41	0.84	0.24	0.14	0.22	0.22	0.45	0.5	0.23	0.15	0.17	0.4	0.13	0.24	0.19	0.19	0.71	0.15	0.21	0.21	0.65	0.21	0.26	4.05	1.05	0.01	0.62	0.33	0.15	0.53	0.21	0.2	0.17	0.22	0.45	0.22	0.43	0.17	0.16	0.21	0.45	0.45	0	0.18	0.2	0.23	0.15	0.24	0.23	0.2	0.46	0.16	0.63	0.21	0.46	0.21	0.18	0.31	0.22	0.48	0.23	0.46	0.18	0.38	0.37	0.56	0.6	0.16	0.22	0.12	0.32	0.51	0.46	0.23	0.3	0.55	0.21	0.38
0.03	0.14	0.44	0.46	0.09	0.54	0.05	0.48	0.16	0.19	0.03	5.4	0.15	0.13	0.67	0.37	0.17	0.23	0.57	0.56	0.17	0.03	0.05	0.04	0.04	0.18	0.15	0.53	0.98	0.48	0.38	0.04	0.18	0.06	0.15	0.05	0.14	0.15	0.48	0.01	0.16	0.03	0.54	0.25	0.51	0.49	0.18	0.23	0.27	0.04	0.5	0.11	0.49	0.1	0.16	0.04	0.16	0.49	0.04	0.04	0.15	0.2	0.49	0.25	0	0.05	0.18	0.04	0.49	0.17	0.44	0.05	0.09	0.49	0.51	0.04	0.01	0.05	0.5	1.61	0.35	0.04	0.49	0.26	0.6	0.04	0.05	0.39	0.4	0.13	0.43	0.17	0.5	0.19	0.4	0.45	0.2	0.17	0.88
0.43	0.45	0.2	0.99	0.06	0.43	0.07	0.16	0.18	0.2	0.06	3.95	0.18	0.15	0.17	0.41	0.18	0.4	0.17	0.47	0.19	0.05	0.1	0.07	0.07	0.51	0.51	0.18	0.33	0.19	0.07	0.02	0.31	0.06	0.18	0.01	0.14	1.02	0.44	0.5	0.16	0.08	0.18	0.07	0.21	0.23	0.52	0.17	0.41	0.41	0.54	0.03	0.15	0.51	0.56	0.07	0.16	0.16	0.41	0.07	0.16	0.15	0.32	0.91	0.05	0	0.5	0.4	0.48	0.28	0.15	0.4	0.35	0.12	0.16	0.09	0.4	0.14	0.16	1.1	0.17	0.1	0.18	0.09	0.16	0.4	0.03	0.05	0.11	0.45	0.4	0.26	0.18	0.14	0.26	0.28	0.8	0.92	0.5
0.17	0.1	0.12	0.33	0.16	0.23	0.15	0.05	0.05	0.06	0.15	8.62	0.07	0.04	0.67	0.28	0.32	0.35	0.63	0.04	0.09	0.25	0.23	0.53	0.16	0.3	0.02	0.07	0.17	0.43	0.14	0.2	0.43	0.16	0.06	0.21	0.04	0.46	0.43	0.59	0.04	0.43	0.43	0.22	1.73	0.16	0.5	0.27	0.43	0.11	0.05	0.21	0.32	0.3	0.26	0.15	0.17	0.43	0.17	0.15	0.24	0.15	0.03	0.23	0.19	0.18	0	0.17	0.01	0.06	0.05	0.43	0.29	0.3	0.05	0.5	0.23	0.19	0.33	0.29	0.06	0.43	0.15	0.43	0.43	0.17	0.53	0.19	0.31	0.05	0.15	0.35	0.43	0.36	0.04	0.04	0.03	0.04	0.24
0	0.44	0.15	0.14	0.44	0.88	0	0.21	0.45	1.45	0.01	0.85	0.11	0.11	0.4	0.42	0.49	0.25	0.45	0.41	0.38	0.04	0.47	0.41	0.03	0.1	0.42	0.42	0.17	0.36	0.02	0.04	0.14	0.02	0.11	0.43	0.11	0.13	0.01	0.1	0.44	0.45	0.13	0.03	0.27	0.05	0.15	0.13	0.22	0.02	0.45	0.08	0.11	0.1	0.13	0.02	0.13	0.46	0.24	0.02	0.43	0.41	0.13	0.15	0.03	0.47	0.15	0	0.47	0.41	0.12	0.68	0.41	0.48	0.19	0.04	0.1	0.06	0.21	0.48	0.15	0.12	0.12	0.07	0.48	0.04	0.08	0.05	0.02	0.11	0.02	0.5	0.39	0.23	0.15	0.49	0.14	0.11	0.49
0.17	0.44	0.11	0.51	0.15	0.52	0.14	0.29	0.05	0.05	0.16	0.77	0.07	0.05	0.4	0.57	0.03	0.22	0.42	0.05	0.46	0.19	0.22	0.42	0.18	0.38	0.03	0.07	0.13	0.42	0.13	0.19	0.06	0.32	0.12	0.21	0.05	0.05	0.14	0.23	0.45	0.46	0.05	0.44	0.3	0.47	0.23	0.25	0.42	0.14	0.05	0.47	0.04	0.21	0.42	0.14	0.94	0.68	0.69	0.15	0.06	0.26	0.03	0.61	0.19	0.52	0.01	0.16	0	0.25	0.34	0.49	0.17	0.61	0.41	0.16	0.62	0.24	0.87	0.42	0.34	0.26	0.2	0.22	0.3	0.46	0.23	0.18	0.43	0.06	0.17	0.74	0.07	0.94	0.3	0.05	0.04	0.05	0.22
0.14	0.03	0.11	0.06	0.16	0.44	0.44	0.02	0.03	0.07	0.13	2.52	0.06	0.04	0.39	0.23	0.13	0.28	0.49	0.1	0.29	0.52	0.21	0.15	0.15	0.34	0.04	0.49	0.12	0.07	0.12	0.17	0.32	0.15	0.14	0.32	0.04	0.79	0.11	0.23	0.14	0.41	0.07	0.16	6.22	0.15	0.62	0.2	0.36	0.6	0.04	0.61	0.03	0.2	0.07	0.4	0.02	0.05	0.18	0.13	0.04	0.5	0.4	0.23	0.17	0.16	0.21	0.13	0.13	0	0.4	0.15	0.34	0.3	0.4	0.14	0.22	0.4	0.34	0.06	0.06	0.42	0.4	0.2	0.4	0.14	0.21	0.17	0.14	0.04	0.15	0.39	0.59	0.36	0.07	0.03	0.05	0.04	0.83
0.62	0.41	0.08	0.72	0.15	0.26	0.11	0.04	0.42	0.04	0.13	3.8	0.66	0.05	0.38	0.24	0.06	0.54	0.5	0.17	0.06	0.17	0.36	0.16	0.16	0.05	0.04	0.37	0.56	0.05	0.1	0.59	0.12	0.13	0.27	0.37	0.02	0.47	0.1	0.23	0.03	0.11	0.03	0.15	0.22	0.77	0.77	0.57	0.64	0.09	0.16	0.47	0.02	0.23	0.05	0.1	0.04	0.47	0.17	0.09	0.32	1.57	0.44	0.2	0.19	0.15	0.05	0.42	0.06	0.05	0	0.47	0.15	0.26	0.36	0.47	0.21	0.5	0.48	0.17	0.05	0.16	0.05	0.19	0.51	0.12	0.47	0.18	0.1	0.03	0.98	0.32	0.26	0.44	0.06	0.03	0.34	0.42	0.49
0.03	0.13	0.75	0.18	0.45	0.3	0.03	0.14	0.46	0.16	0.3	1.71	0.14	0.34	0.34	0.09	0.46	0.25	3.67	0.27	0.17	0.28	0.09	0.01	0.03	0.18	0.47	0.17	0.24	0.15	0.04	0.05	0.14	0.01	0.15	0.35	0.47	0.98	0.03	0.09	0.15	0.04	0.22	0.48	0.02	0.25	0.31	0.15	0.48	0.05	0.48	0.09	0.14	0.48	0.14	0.04	0.36	0.15	0.05	0.2	0.14	0.04	0.16	0.14	0.05	0.07	0.16	0.03	0.18	0.15	0.15	0	0.42	0.19	0.49	0.05	0.09	0.35	0.2	0.14	0.5	0.11	0.51	0.08	0.19	0.05	0.09	0.04	0.41	0.13	0.01	0.24	0.14	0.41	0.46	0.25	0.41	0.16	0.29
0.02	0.43	0.48	0.17	0.02	0.53	0.02	0.46	0.14	0.13	0.07	2.6	0.46	0.52	0.67	0.13	0.16	0.48	0.23	0.13	0.48	0.14	0.89	0.02	0.01	0.99	0.14	0.48	0.55	0.13	0.09	0.49	0.15	0.48	0.14	0.11	0.13	0.8	0.02	0.09	0.24	0.08	0.49	0.04	0.04	0.4	0.15	0.3	0.49	0.03	0.5	0.15	0.12	0.5	0.5	0.15	0.4	0.14	0.09	0.16	0.12	0.03	0.5	0.15	0.4	1.37	0.15	0.44	0.4	0.4	1.5	0.42	0	0.4	0.13	0.1	0.09	0.41	0.35	0.12	0.39	0.77	0.2	0.2	0.5	0.49	0.43	0.33	0.26	0.44	0.36	0.54	0.48	0.33	0.15	0.19	0.54	1	0.44
0.18	0.29	0.29	1.48	0.98	0.12	0.38	0.28	0.27	0.3	0.48	1.88	0.48	0.49	0.22	0.13	0.31	0.09	0.05	0.27	0.58	0.2	0.14	0.42	0.48	0.27	0.29	0.59	0.35	0.29	0.48	0.13	0.28	0.18	0.29	0.1	0.29	0.47	0.18	0.2	0.28	0.19	0.26	0.21	0.29	0.18	0.36	0.28	0.9	0.4	0.73	0.14	0.26	0.33	0.28	0.18	0.91	0.41	0.13	0.19	0.41	0.41	0.41	0.35	0.4	0.12	0.3	0.91	0.41	0.3	0.28	0.19	0.55	0	0.27	0.21	0.2	0.12	0.22	0.63	0.43	0.52	0.28	0.42	0.64	0.19	0.1	0.42	0.19	0.6	0.19	0	0.5	0.4	0.32	0.29	0.93	0.28	0.28
0.5	0.37	0.07	0.9	0.4	0.48	0.12	0.03	0.02	0.03	0.91	0.88	0.03	0.02	0.79	0.59	0.42	0.42	0.35	0.04	0.34	0.41	0.21	0.39	0.15	0.02	0.06	0.45	0.4	0.4	0.09	0.41	0.04	0.12	0.05	0.41	0.01	0.31	0.42	0.41	0.03	0.11	0.32	0.13	3.21	0.41	0.21	0.04	0.33	0.1	0.1	0.18	0.42	0.6	0.04	0.09	0.64	0.03	0.29	0.17	0.01	0.17	0.19	0.52	0.15	0.16	0.05	0.1	0.06	0.26	0.03	0.13	0.14	0.43	0	0.11	0.21	0.18	0.44	0.12	0.43	0.16	0.04	0.19	0.74	0.28	0.18	0.44	0.44	0.02	0.13	0.55	0.03	0.53	0.55	0.03	0.2	0.03	0.19
0.05	0.42	0.16	0.15	0.09	0.31	0.03	0.14	0.13	0.12	0.03	2.74	0.13	0.16	0.43	0.08	0.15	0.33	3.04	0.15	0.18	0.04	0.34	0.05	0.05	0.39	0.28	0.14	0.34	0.48	0.22	0.08	0.14	0.09	0.18	0.11	0.41	1.19	0.24	0.19	0.12	0.41	0.12	0.42	0.41	0.1	0.43	0.15	0.51	0.15	0.54	0.43	0.12	0.07	0.31	0.04	0.53	0.11	0.09	0.03	0.11	0.66	0.13	0.22	0.03	0.47	0.16	0.42	0.14	0.14	0.12	0.1	0.41	0.48	0.41	0	0.49	0.08	0.49	0.13	0.21	0.41	0.13	0.1	0.28	0	0.1	0.22	0.03	0.12	0.05	0.43	0.13	0.64	0.15	0.11	0.16	0.13	0.65
0.1	0.26	0.2	0.49	0.09	0.32	0.1	0.21	0.24	0.25	0.03	3.22	0.31	0.19	0.49	0.11	0.25	0.42	0.24	0.59	0.48	0.09	0.06	0.8	0.09	0.21	0.22	0.42	0.24	0.17	0.04	0.04	0.42	0.09	0.17	0.09	0.21	0.62	0.05	0	0.29	0.42	0.22	0.12	0.88	0.47	1.14	0.23	0.24	0.44	0.88	0.05	0.22	0.3	0.16	0.45	0.21	0.22	0.04	0.89	0.2	0.17	0.23	0.45	0.03	0.11	0.23	0.1	0.23	0.47	0.23	0.09	0.36	0.2	0.2	0.44	0	0.6	0.22	1.3	0.4	0.15	0.2	0.4	0.41	0.03	0.09	0.4	0.4	0.21	0.09	0.23	0.16	0.22	0.25	0.21	0.43	0.22	0.37
0.15	0.94	0.21	1.06	0.04	0.43	0.63	0.18	0.43	0.21	0.37	2.61	0.17	1.01	0.19	0.03	0.5	0.49	0.18	0.57	0.49	0.08	0.05	0.06	0.06	0.17	0.2	0.19	0.49	0.19	0.27	0.03	0.47	0.05	0.18	0.67	0.48	1.47	0.08	0.46	0.46	0.08	0.45	0.95	1.55	0.22	0.56	0.24	0.16	0.08	0.83	0.43	0.17	0.47	0.18	0.42	0.46	0.19	0.41	0.07	0.19	0.2	0.41	0.5	0.05	0.02	0.41	0.06	0.18	0.9	0.4	0.07	0.07	0.5	0.17	0.12	0.08	0	0.49	0.68	0.19	0.03	0.17	0.03	0.48	0.47	0.01	0.03	0.46	0.56	0.06	0.14	0.45	0.22	0.2	0.65	0.44	0.48	0.26
0.2	0.33	0.46	0.66	0.24	0.21	0.2	0.33	0.32	0.34	0.2	6.59	0.45	0.31	0.04	0.15	0.89	0.26	0.26	0.47	0.32	0.21	0.16	0.56	0.2	0.31	0.47	0.47	0.66	0.31	0.22	0.17	0.33	0.76	0.47	0.28	0.32	0.98	0.48	0.22	0.36	0.48	0.34	0.48	1.72	0.25	0.31	0.33	0.02	0.28	0.99	0.16	0.32	0.3	0.58	0.53	0.49	0.32	0.17	0.23	0.99	0.77	0.32	0.59	0.19	0.16	0.34	0.42	0.34	0.5	0.35	0.2	0.24	0.26	0.59	0.23	0.21	0.14	0.01	0.31	0.31	0.21	0.4	0.12	0.37	0.22	0.41	0.4	0.22	0.3	0.4	0.41	0.31	0.3	0.33	0.91	0.54	0.91	0.41
1.47	0.39	0.1	0.47	0.46	0.28	0.45	0.87	0.03	0.09	0.44	2.4	0	0.42	0.34	0.61	0.13	0.41	0.5	0.03	0.49	0.15	0.2	0.49	0.13	0.05	0.06	0.47	0.16	0.35	0.46	0.29	0.05	0.16	0.46	0.19	0.02	0.43	0.11	0.15	0.4	0.28	0.05	0.9	1.82	0.33	0.22	0.06	0.7	0.17	0.44	0.48	0.03	0.25	0.01	0.47	0.05	0.04	0.46	0.12	0.38	0.46	0.18	0.22	0.45	0.44	0.07	0.12	0.44	0.06	0.93	0.14	0.12	0.27	0.93	0.42	0.15	0.17	0.41	0	0.03	0.15	0.5	0.18	0.49	0.22	0.58	0.18	0.11	0.48	0.13	0.57	0	0.34	0.56	0.04	0.46	0.43	0.34
0.13	0.04	0.08	0.41	0.13	0.28	0.13	0.47	0.02	0.04	0.12	4.53	0.03	0.04	0.49	0.54	0.07	0.21	0.34	0.41	0.21	0.16	0.3	0.16	0.34	0.03	0.05	0.07	0.32	0.04	0.49	0.48	0.05	0.14	0.05	0.19	0.03	0.04	0.1	0.49	0.05	0.48	0.04	0.21	1.37	0.13	0.23	0.05	0.37	0.13	0.07	0.21	0.04	0.58	0.38	0.49	0.05	0.04	0.19	0.12	0.03	0.49	0.05	0.89	0.14	0.17	0.06	0.52	0.07	0.06	0.05	0.16	0.13	0.28	0.23	0.14	0.49	0.18	0.49	0.85	0	0.19	0.03	0.18	0.29	0.12	0.21	0.15	0.12	0.18	0.4	0.3	0.34	0.34	0.07	0.04	0.18	0.09	0.23
0.03	0.45	0.19	0.17	0.09	0.48	0.03	0.46	0.17	0.44	0.05	1.65	0.35	0.35	0.46	0.04	0.23	0.22	0.2	0.32	0.18	0.06	0.45	0.25	0.04	0.16	0.16	0.19	0.63	0.17	0.05	0.36	0.18	0.2	0.15	0.12	0.19	0.24	0.08	0.08	0.31	0.17	0.28	0.22	3.37	0.23	0.31	0.29	0.2	0.49	0.27	0.07	0.56	0.62	0.2	0.1	0.17	0.46	0.08	0.05	0.46	0.25	0.19	0.3	0.42	0.11	0.18	0.05	0.47	0.47	0.17	0.11	0.25	0.42	0.21	0.05	0.01	0.16	0.44	0.16	0.18	0	0.37	0.05	0.21	0.03	0.05	0.06	0.05	0.51	0.14	0.16	0.23	0.59	0.18	0.14	0.18	0.28	0.24
0.94	0.05	0.11	0.08	0.13	0.54	0.12	0.06	0.04	0.23	0.85	2.41	0.01	0.06	0.46	0.21	0.08	0.46	0.47	0.04	0.47	0.19	0.24	0.47	0.14	0.05	0.19	0.07	0.13	0.1	0.47	0.16	0.06	0.69	0.08	0.58	0.03	0.04	0.47	0.15	0.05	0.4	0.35	0.11	1.3	0.14	0.48	0.06	0.33	0.34	0.03	0.48	0.28	0.68	0	0.11	0.06	0.04	0.16	0.12	0.05	0.18	0.1	0.22	0.29	0.18	0.07	0.26	0.08	0.07	0.05	0.14	0.39	0.28	0.04	0.13	0.49	0.18	0.32	0.18	0.03	0.17	0.4	0.19	0.28	0.5	0.5	0.18	0.5	0.46	0.14	0.31	0.01	0.56	0.5	0.05	0.07	0.13	0.28
0.48	0.22	0.21	0.98	0.06	0.3	0.07	0.56	0.49	0.57	0.09	0.58	0.18	0.49	0.18	0.06	0.22	0.49	0.16	0.2	0.21	0.07	0.04	0.08	0.33	0.18	0.5	0.4	0.54	0.19	0.08	0.03	0.5	0.05	0.19	0.4	0.4	0.22	0.09	0.09	0.2	0.09	0.18	0.26	1.61	0.24	0.51	0.43	0.15	0.07	0.41	0.23	0.19	0.18	0.19	0.08	0.41	0.41	0.03	0.09	0.18	0.42	0.6	0.46	0.05	0.01	0.46	0.17	0.24	0.42	0.19	0.08	0.06	0.1	0.4	0.42	0.31	0.13	0.12	1.81	0.72	0.22	0.19	0	0.73	0.47	0	0.04	0.08	0.43	0.44	0.23	0.18	0.43	0.45	0.56	0.39	0.43	0.74
0.21	0.53	0.26	0.77	0.47	0.48	0.21	0.57	0.27	0.3	0.21	3.23	0.45	0.29	0.66	0.27	0.29	0.42	0.41	0.64	0.25	0.49	0.27	0.46	0.2	0.97	0.46	0.3	0.3	0.52	0.21	0.23	0.49	0.19	0.52	0.25	0.26	0.45	0.97	0.23	0.26	0.2	0.62	0.37	0.21	0.48	0.07	0.28	0.41	0.48	0.26	0.27	0.49	0.69	0.28	0.5	0.49	0.26	0.7	0.22	0.9	0.5	0.28	0.07	0.4	0.22	0.7	0.21	0.35	0.29	0.4	0.61	0.26	0.35	0.53	0.27	0.23	0.59	0.37	0.28	0.29	0.23	0.51	0.42	0	0.32	0.42	0.17	0.42	0.53	0.52	0.53	0.43	0.79	0.3	0.36	0.29	0.27	0.4
0.03	0.11	0.16	0.55	0.1	0.31	0.04	0.12	0.12	0.14	0.03	1.62	0.44	0.48	0.47	0.07	0.47	0.66	0.58	0.39	0.2	0.42	0.48	0.58	0.05	0.13	0.14	0.16	0.18	0.13	0.03	0.09	0.15	0.09	0.14	0.1	0.13	0.11	0.03	0.04	0.3	0.01	0.11	0.07	0.13	0.09	0.22	0.49	0.24	0.01	0.12	0.09	0.11	0.5	0.37	0.26	0.12	0.4	0.08	0.04	0.12	0.4	0.14	0.22	0.04	0.07	0.37	0.28	0.4	0.14	0.12	0.05	0.14	0.58	0.13	0	0.04	0.41	0.61	0.27	0.12	0.41	0.15	0.1	0.28	0	0.1	0.09	0.03	0.41	0.05	0.2	0.13	0.41	0.16	0.13	0.15	0.33	0.64
0.08	0.18	0.21	0.21	0.07	0.5	0.08	0.19	0.17	0.24	0.22	4.15	0.18	0.39	0.43	0.03	0.41	0.43	0.17	0.19	0.18	0.14	0.04	0.09	0.3	0.2	0.21	0.21	0.26	0.2	0.08	0.03	0.45	0.06	0.17	0.01	0.45	0.2	0.3	0.45	0.19	0.41	0.19	0.12	2.5	0.06	0.46	0.21	0.15	0.22	0.21	0.04	0.46	0.1	0.76	0.08	0.19	0.2	0.03	0.09	0.46	0.08	0.21	0.19	0.05	0.01	0.21	0.08	0.21	0.22	0.21	0.09	0.16	0.21	0.46	0.11	0.09	0.58	0.66	0.19	0.46	0.06	0.47	0.24	0.26	0.47	0	0.04	0.09	0.18	0.08	0.12	0.19	0.15	0.31	0.22	0.21	0.22	0.49
0.31	0.48	0.18	0.46	0.09	0.27	0.04	0.16	0.15	0.19	0.06	0.68	0.18	0.61	0.41	0.41	0.2	0.22	0.21	0.15	0.31	0.1	0.11	0.04	0.04	0.16	0.24	0.52	0.42	0.19	0.07	0.09	0.16	0.03	0.15	0.42	0.16	0.26	0.42	0.07	0.52	0.09	0.17	0.15	0.13	0.42	0.47	0.19	0.18	0.09	0.3	0.42	0.18	0.13	0.42	0.3	0.17	0.54	0.15	0.24	0.15	0.42	0.16	0.15	0.42	0.05	0.19	0.05	0.18	0.17	0.18	0.04	0.75	0.15	0.18	0.09	0.07	0.03	0.39	0.25	0.15	0.09	0.19	0.73	0.17	0.09	0.04	0	0.08	0.43	0.43	0.46	0.18	0.44	0.19	0.17	0.44	0.98	0.19
0.02	0.5	0.16	0.13	0.1	0.46	0.02	0.12	0.09	0.11	0.34	4.91	0.5	0.11	0.57	0.4	0.13	0.9	0.4	0.28	0.19	0.04	0.08	0.04	0.04	0.12	0.4	0.13	0.71	0.35	0.04	0.05	0.4	0.1	0.46	0.08	0.08	1.11	0.01	0.42	0.1	0.41	0.11	0.05	0.41	0.19	0.16	0.13	0.23	0.4	0.25	0.08	0.41	0.08	0.41	0.06	0.13	0.41	0.04	0.01	0.11	0.91	0.12	0.16	0.04	0.08	0.14	0.02	0.62	0.21	0.5	0.42	0.12	0.57	0.52	0.03	0.04	0.07	0.22	0.28	0.14	0.42	0.12	0.16	0.22	0.52	0.08	0.08	0	0.1	0.03	0.49	0.12	0.47	0.42	0.42	0.23	0.1	0.45
0.5	0.02	0.09	0.05	0.85	0.39	0.12	0.03	0	0.03	0.11	0.92	0.05	0.09	0.45	0.56	0.05	0.2	0.36	0.03	0.06	0.14	0.18	0.51	0.16	0.02	0.13	0.05	0.09	0.05	0.09	0.16	0.03	0.12	0.06	0.17	0.02	0.97	0.47	0.22	0.03	0.11	0.03	0.28	0.38	0.13	0.21	0.03	0.67	0.18	0.47	0.21	0.02	0.29	0.04	0.47	0.03	0.57	0.16	0.11	0.02	0.31	0.04	0.28	0.16	0.2	0.05	0.17	0.05	0.04	0.48	0.14	0.13	0.29	0.02	0.48	0.21	0.18	0.34	0.48	1.19	0.68	0.26	0.17	0.27	0.22	0.19	0.14	0.1	0	0.15	0.38	0.04	0.34	0.05	0.03	0.05	0.38	0.93
0.02	0.13	0.68	0.17	0.01	0.48	0.02	0.4	0.32	0.15	0.03	2.99	0.13	0.44	0.62	0.35	0.23	0.58	2.71	0.41	0.17	0.81	0.91	0.01	0.04	0.12	0.41	0.71	0.2	0.15	0.31	0.41	0.14	0.18	0.16	0.41	0.14	0.13	0.03	0.09	0.41	0.04	0.15	0.05	0.83	0.49	0.41	0.16	0.21	0.04	0.55	0.08	0.14	0.42	0.14	0.41	0.16	0.15	0.05	0.04	0.49	0.37	0.47	0.15	0.42	0.07	0.15	0.42	0.57	0.16	0.16	0.01	0.12	0.19	0.13	0.05	0.43	0.05	0.36	0.15	0.63	0.13	0.14	0.45	0.14	0.05	0.08	0.43	0.03	0.43	0	0.18	0.13	0.31	0.18	0.23	0.17	0.44	0.21
0.19	0.31	1.05	0.35	0.57	0.12	0.44	0.7	0.44	0.64	0.19	0.74	0.71	0.4	0.58	0.14	0.41	0.32	0.05	0.39	0.91	0.19	0.15	0.73	0.41	0.49	0.41	0.41	0.51	0.55	0.19	0.45	0.4	0.86	0.46	0.12	0.3	0.54	0.44	0.21	0.3	0.19	0.44	0.4	0.31	0.18	0.44	0.54	0.52	0.17	0.35	0.15	0.94	0.27	0.59	0.54	0.31	0.66	0.14	0.2	0.44	0.36	0.31	0.44	0.17	0.44	0.74	0.31	0.44	0.96	0.44	0.33	0.38	0	0.56	0.2	0.21	0.13	0.22	0.45	0.32	0.26	0.3	0.12	0.45	0.19	0.12	0.45	0.45	0.3	0.75	0	0.35	0.03	0.65	0.31	1.03	0.68	0.09
0.46	0.04	0.13	0.2	0.46	0.53	0.3	0.05	0.03	0.46	0.12	0.32	0	0.05	0.66	0.21	0.07	0.21	0.34	0.56	0.09	0.15	0.2	0.14	0.77	0.05	0.06	0.07	0.12	0.01	0.19	0.16	0.47	0.13	0.07	0.19	0.03	0.3	0.11	0.15	0.05	0.48	0.48	0.15	2.54	0.47	0.22	0.26	0.49	0.24	0.14	0.21	0.04	0.53	0.01	0.3	0.05	0.13	0.15	0.49	0.04	0.11	0.8	0.5	0.15	0.18	0.07	0.12	0.4	0.06	0.4	0.14	0.81	0.27	0.03	0.41	0.15	0.17	0.51	1.53	0.03	0.47	0.01	0.42	0.31	0.39	0.18	0.44	0.12	0.42	0.13	0.62	0	0.42	0.38	0.41	0.42	0.05	0.28
0.4	0.33	0.34	0.4	0.41	0.15	0.41	0.53	0.32	0.41	0.82	0.74	0.34	0.98	0.48	0.17	0.37	0.06	0.05	0.34	0.89	0.23	0.51	0.49	0.23	0.69	0.35	0.82	0.75	0.7	0.6	0.21	0.7	0.21	0.32	0.23	0.4	0.67	0.41	0.51	0.36	0.22	0.38	0.5	0.94	0.45	0.41	0.36	0.29	0.41	0.62	0.18	0.52	1.06	0.34	0.24	0.42	0.72	0.18	0.22	0.33	0.73	0.35	0.52	0.42	0.15	0.37	0.23	0.53	0.35	0.43	0.23	0.83	0.03	0.43	0.44	0.22	1.34	0.94	0.35	0.35	0.21	0.44	0.15	0.75	0.23	0.45	0.22	0.24	0.33	0.95	0.4	0.34	0	0.55	0.32	1.36	0.34	0.45
0.15	0.05	0.1	0	0.15	0.24	0.14	1.09	0.43	0.05	0.16	1.4	0.07	0.4	0.6	0.23	0.29	0.67	0.3	0.05	0.09	0.18	0.51	0.51	0.19	0.08	0.02	0.07	0.41	0.08	0.14	0.18	0.42	0.58	0.07	0.62	0.06	0.37	0.13	0.23	0.05	0.42	0.04	0.51	2.02	0.43	0.24	0.06	0.37	0.49	0.43	0.24	0.43	0.25	0.1	0.16	0.05	0.04	0.53	0.53	0.07	0.46	0.44	0.6	0.17	0.19	0.03	0.64	0.44	0.06	0.06	0.18	0.45	0.31	0.06	0.15	0.23	0.45	0.33	1.89	0.25	0.42	0.46	0.21	0.46	0.46	0.21	0.39	0.15	0.46	0.43	0.34	0.08	0.57	0	0.47	0.01	0.05	0.52
0.47	0	0.92	0.05	0.13	0.26	0.42	0.02	0.02	0.02	0.13	4.8	0.04	0.04	0.38	0.49	0.05	0.44	0.49	0.02	0.06	0.91	0.56	0.15	0.47	0	0.04	0.16	0.37	0.05	0.39	0.4	0.03	0.5	0.04	0.22	0.4	0.02	0.2	0.22	0.02	0.31	0.02	0.26	3	0.51	1.01	0.03	0.33	0.09	0.11	0.51	0.13	0.59	0.05	0.1	0.36	0.02	0.41	0.11	0.1	1.02	0.03	0.21	0.62	0.45	0.42	0.12	0.05	0.03	0.43	0.15	0.15	0.28	0.03	0.13	0.43	0.17	0.34	0.05	0.44	0.17	0.05	0.2	0.27	0.13	0.19	0.17	0.1	0.03	0.36	0.32	0.45	0.96	0.05	0	0.79	0.02	0.35
0.47	0.11	0.47	0.48	0.42	0.48	0.15	0.05	0.05	0.48	0.34	4.85	0.07	0.94	0.55	0.58	0.04	0.44	0.3	0.04	0.09	0.18	0.95	0.17	0.38	0.07	0.15	0.46	0.13	0.08	0.97	0.2	0.26	0.16	0.07	0.21	0.47	0.19	0.13	0.23	0.04	0.14	0.04	0.17	0.61	0.15	0.49	0.05	1.5	1	0.09	0.21	1.5	1	0.11	0.5	0.41	0.61	0.19	0.14	0.06	0.41	0.41	0.23	0.18	0.41	0.41	0.41	0.03	0.41	0.05	0.51	0.41	0.31	0.41	0.14	0.24	0.41	0.41	0.41	0.06	0.3	0.47	0.41	0.39	0.51	0.22	0.41	0.14	0.41	0.43	0.33	0.07	0.6	0.01	0.05	0	0.04	0.42
0.15	0.02	0.1	0.42	0.14	0.25	0.62	0.03	0.22	0.93	0.15	5.58	0.46	0.21	0.36	0.22	0.4	0.46	0.23	0.4	0.06	0.22	0.21	0.17	0.16	0.13	0.03	0.05	1.4	0.05	0.47	0.47	0.03	0.38	0.44	0.2	0.02	0.02	0.1	0.56	0.22	0.47	0.01	0.13	1.57	0.16	0.47	0.03	0.33	0.12	0.03	0.47	0.01	0.47	0.05	0.1	0.03	0.12	0.47	0.47	0.04	0.14	0.03	0.47	0.16	0.18	0.04	0.13	0.05	0.04	0.03	0.16	0.14	0.62	0.03	0.13	0.24	0.4	0.58	0.04	0.04	0.16	0.05	0.48	0.58	0.53	0.48	0.16	0.13	0.03	0.25	0.98	0.04	0.34	0.05	0.02	0.04	0	0.48
0.54	0.46	0.54	1.1	0.23	0.15	0.22	0.42	0.19	0.2	0.47	0.25	0.96	0.45	0.25	0.17	0.22	0.4	0.04	0.46	0.77	0.61	0.19	0.22	0.22	0.21	0.46	0.22	0.45	0.35	0.23	0.17	0.55	0.23	0.52	0.15	0.57	0.48	0.23	0.77	0.19	0.47	0.19	0.36	1.01	0.48	0.34	0.25	0.69	0.22	0.9	0.99	1.51	0.29	0.35	0.23	0.2	0.18	0.7	0.24	0.2	1.11	0.41	0.34	0.2	0.19	0.42	0.22	0.42	0.43	0.42	0.31	0.62	0.42	0.5	0.44	0.43	0.94	0.43	0.51	0.21	1.44	0.94	0.54	0.4	0.44	0.75	0.19	0.23	0.46	0.21	0.09	0.57	0.12	0.22	0.19	0.21	0.49	0.02
