0	0.11	0.15	0.17	0.02	0.47	0	0.2	0.1	0.98	0.47	1.2	0.12	0.12	0.25	0.1	0.15	0.74	0.22	0.15	0.15	0.04	0.34	0.03	0.16	0.14	0.13	0.28	0.4	0.44	0.02	0.05	0.12	0.02	0.4	0.08	0.5	0.4	0.01	0.1	0.41	0.03	0.14	0.41	1.21	0.02	0.39	0.14	0.41	0.02	0.1	0.08	0.11	0.41	0.41	0.02	0.13	0.13	0.04	0.02	0.61	0.41	0.53	0.15	0.41	0.07	0.15	0	0.42	0.16	0.34	0.03	0.25	0.18	0.1	0.04	0.1	3.29	0.42	0.5	0.13	0.42	0.44	0.07	0.25	0.42	0.08	0.04	0.02	0.55	0.02	0.19	0.12	0.23	0.17	0.43	0.14	0.11	0.22
0.12	0	0.1	0.04	0.47	0.31	0.97	0.02	0.32	0.79	0.47	9.06	0.04	0.45	0.38	0.46	0.04	0.4	0.44	0.02	0.08	0.14	0.57	0.13	0.55	0	0.03	0.04	1.55	0.05	0.11	0.16	0.02	0.13	0.04	0.19	0.36	0.45	0.1	0.21	0.41	0.95	0.3	0.17	0.23	0.45	0.2	0.02	0.45	0.09	0.08	0.46	0.01	0.2	0.05	0.45	0.02	0.1	0.45	0.45	0.41	0.1	0.03	0.21	0.45	0.17	0.04	0.45	0.05	0.04	0.03	0.13	0.12	0.26	0.03	0.13	0.46	0.18	0.31	0.04	0.04	0.15	0.05	0.18	0.97	0.47	0.19	0.22	0.47	0.02	0.52	0.29	0.04	0.32	0.04	0	0.04	0.02	0.47
0.15	0.29	0	0.1	0.16	0.36	0.25	0.5	0.07	1.14	0.44	2.66	0.09	0.21	0.57	0.47	0.12	0.4	0.29	0.08	0.15	0.24	0.22	0.2	0.19	0.06	0.1	0.47	0.16	0.11	0.14	0.22	0.11	0.16	0.47	0.22	0.42	0.44	0.26	0.42	0.09	0.22	0.09	0.15	0.17	0.48	0.31	0.98	0.48	0.48	0.48	0.22	0.09	0.23	0.1	0.15	0.31	0.09	0.23	0.14	0.09	0.84	0.1	0.59	0.19	0.28	0.11	0.15	0.17	0.12	0.09	0.49	0.18	0.31	0.49	0.38	0.43	0.69	0.57	0.49	0.08	0.49	0.11	0.72	0.26	0.17	0.49	0.59	0.16	0.09	0.38	0.39	0.11	0.47	0.1	0.09	0.6	0.21	1.01
0.16	0.04	0.1	0	0.17	0.22	0.97	0.19	0.35	0.91	0.48	5.6	0.43	0.08	0.43	0.27	0.44	0.22	0.44	0.44	0.64	0.18	0.23	0.56	0.16	0.45	0.02	0.07	0.13	0.08	0.13	0.49	0.09	0.87	0.08	0.49	0.05	0.05	0.48	0.23	0.05	0.15	0.05	0.16	0.6	0.17	1	0.06	0.45	0.91	0.41	0.52	0.5	9.06	0.08	0.13	0.05	0.61	0.2	0.41	0.07	0.26	0.42	0.42	0.92	0.19	0.04	0.15	0.04	0.06	0.06	0.43	0.17	0.31	0.43	0.22	0.44	0.2	0.54	0.07	0.07	0.56	0.08	0.59	0.46	0.16	0.46	0.46	0.46	0.05	0.56	1.17	0.07	0.74	0	0.05	0.01	0.05	0.77
0.04	0.39	0.16	0.16	0	0.4	0.02	0.13	0.12	0.99	0.02	2.67	0.13	0.12	0.28	0.13	0.15	0.24	0.47	0.16	0.5	0.09	0.14	0.02	0.02	0.13	0.15	0.17	1.96	0.14	0.34	0.1	0.49	0	0.49	0.06	0.13	0.15	0.04	0.4	0.34	0.09	0.14	0.04	0.13	0	0.16	0.21	0.2	0.09	0.43	0.24	0.13	0.07	0.14	0.14	0.13	0.44	0.25	0.1	0.44	0.44	0.14	0.13	0.32	0.19	0.16	0.12	0.18	0.14	0.46	0.46	0.36	0.18	0.12	0.1	0.09	0.05	0.35	0.48	0.13	0.08	0.49	0.06	0.15	0.1	0.06	0.47	0.49	0.12	0.42	0.17	0.33	0.59	0.24	0.42	0.79	0.4	0.28
0.31	0.23	0.36	0.22	0.29	0	0.3	0.62	0.24	1.05	0.31	5.24	0.52	0.23	0.13	0.43	0.22	0.43	0.11	0.24	0.49	0.3	0.27	0.43	0.49	0.28	0.2	0.63	0.99	0.27	1.12	0.25	0.31	0.29	0.43	0.23	0.93	0.43	0.29	0.32	0.62	0.43	0.23	0.34	0.38	0.29	1	0.5	0.36	0.49	0.4	0.25	0.23	0.39	0.27	0.51	0.24	0.37	0.27	0.61	0.41	0.59	0.55	0.42	0.28	0.22	0.21	0.3	0.22	0.27	0.57	0.55	0.29	0.11	0.46	0.31	0.36	0.85	0.21	0.45	0.46	0.28	0.88	0.53	0.48	0.31	0.23	0.46	0.31	0.24	0.3	0.43	0.46	0.86	0.57	0.51	0.61	0.56	0.17
0.14	0.14	0.45	0.15	0.29	0.32	0	0.13	0.53	1.13	0.01	5.79	0.15	0.14	0.47	0.09	0.15	0.3	0.23	0.11	0.12	0.03	0.08	0.03	0.03	0.47	0.13	0.15	0.44	0.13	0.48	0.14	0.63	0.02	0.1	0.07	0.12	0.47	0.27	0.1	0.13	0.03	0.12	0.03	0.93	0.06	0.15	0.29	0.59	0.02	0.11	0.08	0.12	0.06	0.12	0.02	0.13	0.11	0.04	0.03	0.12	0.32	0.76	0.15	0.03	0.17	0.15	0	0.31	0.13	0.11	0.4	0.02	0.18	0.7	0.03	0.15	0.06	0.2	0.41	0.15	0.4	0.91	0.35	0.21	0.04	0.08	0.04	0.51	0.11	0.02	0.19	0.12	0.23	0.53	0.41	0.14	0.41	0.51
0.42	0.02	0.52	0.05	0.42	0.24	0.15	0	0.02	1.12	0.14	9.21	0.42	0.03	0.38	0.33	0.05	0.2	0.49	0.03	0.06	0.49	0.2	0.49	0.17	0.03	0.04	0.42	0.1	0.06	0.12	0.18	0.01	0.14	0.05	0.19	0.03	0.03	0.95	0.62	0.03	0.43	0.03	0.17	0.51	0.27	0.22	0.01	0.74	0.42	0.04	0.87	0.11	0.17	0.07	0.12	0	0.03	0.28	0.11	0.03	0.5	0.03	0.45	0.16	0.16	0.05	0.13	0.05	0.02	0.04	0.51	0.22	0.99	0.03	0.12	0.23	0.18	0.56	0.87	0.05	0.17	0.45	0.19	0.28	0.13	0.47	0.17	0.13	0.03	0.47	0.32	0.4	0.45	0.05	0.02	0.4	0.03	0.2
0.46	0.24	0.23	0.56	0.49	0.24	0.21	0.47	0	0.85	0.36	7.66	0.03	0.34	0.35	0.25	0.05	0.46	0.7	0.36	0.4	0.28	0.46	0.2	0.14	0.24	0.46	0.18	0.09	0.04	0.09	0.17	0.03	0.47	0.22	0.17	0.02	0.47	1.18	0.22	0.33	0.17	0.03	0.13	0.48	0.13	0.21	0.48	0.31	0.18	0.02	0.48	0.02	0.48	0.04	0.1	0.41	0.03	0.15	0.11	0.02	0.35	0.49	0.27	0.15	0.49	0.05	0.1	0.06	0.03	0.04	0.5	1	0.26	0.02	0.4	0.19	0.65	0.32	0.27	0.02	0.4	0.4	0.16	0.53	0.11	0.19	0.14	0.41	0	0.41	0.61	0.03	0.91	0.41	0.41	0.42	0.03	0.2
0.94	0.8	0.96	1.28	1.26	1.19	0.97	0.48	0.85	0	0.95	6.86	1.46	1.09	1.77	2.03	2.17	2.25	2.16	1.66	0.99	1.12	1.11	0.81	0.9	0.81	0.81	1.27	0.95	0.88	1.02	1.01	1.07	0.99	1.48	1.13	0.86	1.03	0.99	1.08	0.98	1.22	0.95	0.97	1.58	1.08	1.32	0.82	1.22	1.03	0.85	1.07	0.82	1.07	1.49	0.99	0.85	0.89	1.04	1.06	0.85	0.97	0.77	0.94	1.3	0.95	0.9	1.1	0.85	1.1	1.28	1.29	0.95	1.2	0.89	0.9	1.02	1.28	1.18	0.88	0.86	1.16	1.21	1.1	1.86	0.97	1.06	1.04	1	1.32	1.32	1.08	1.32	1.21	1.11	0.88	0.83	0.93	1.1
0.01	1.15	0.15	0.45	0.02	0.31	0.01	0.44	0.45	1.16	0	9.9	0.11	0.1	0.26	0.1	0.67	0.95	0.47	0.36	0.45	0.03	0.07	0.03	0.03	0.47	0.16	0.15	0.47	0.12	0.01	0.03	0.15	0.02	0.43	0.48	0.11	0.12	0.01	0.03	0.48	0.14	0.12	0.03	0.98	0.03	0.15	0.48	0.22	0.27	0.83	0.1	0.14	0.06	0.49	0.02	0.23	0.49	0.04	0.02	0.12	1.05	0.49	0.15	0.03	0.06	0.15	0.49	0.14	0.16	0.24	0.05	0.49	0.18	0.11	0.03	0.03	0.06	0.4	0.11	0.14	0.03	0.4	0.08	0.36	0.03	0.4	0.06	0.01	0.12	0.03	0.48	0.6	0.6	0.55	0.51	0.41	0.13	0.61
4.95	0.91	0.35	4.25	0.25	0.25	1.04	0.43	0.3	1.86	3.06	7.5	1.41	3.42	6.08	0.16	5.77	7.51	0.31	0.44	1.15	7.47	1.81	0.2	0.2	5.16	2.76	2.47	0.4	0.32	1.09	1.67	2.11	1.09	10.6	1.18	0.33	0.5	7.87	5.7	13.9	0.22	0.34	0.84	1.8	1.88	7.96	1.67	2.85	1.05	0.44	0.19	1.27	0.94	5.62	4.98	0.45	1.7	1.02	5.96	3.55	0.61	2.21	6.22	0.2	0.47	0.9	9.85	0.48	13.1	0.5	1.17	3.95	4.27	4.82	0.23	1.98	1.1	3.51	0.31	1.2	13.4	0.33	9.88	0.42	1.16	6.54	0.5	1.8	1.95	10.3	0.55	2.04	1.92	1.21	0.32	0.33	13.2	0.74
0.49	0.04	0.09	0.45	0.16	0.26	0.11	0.05	0.03	0.96	0.47	1.76	0	0.05	0.45	0.2	0.31	0.95	1.28	0.18	0.11	0.15	0.2	0.46	0.14	0.26	0.06	0.46	0.12	0.01	0.11	0.15	0.12	0.12	0.07	0.18	0.03	0.18	0.11	0.15	0.04	0.11	0.11	0.71	0.14	0.13	0.22	0.43	0.49	0.56	0.07	0.2	0.03	0.16	0.01	0.11	0.05	0.04	0.5	0.11	0.04	0.36	0.06	0.4	0.14	0.17	0.07	0.11	0.07	0.41	0.04	0.13	0.12	0.27	0.03	0.13	0.41	0.17	0.3	0.41	0.03	0.14	0.24	0.58	0.28	0.3	0.41	0.23	0.11	0.04	0.41	0.29	0.61	0.61	0.07	0.08	0.07	0.04	0.48
0.43	0.02	0.08	0.09	0.49	0.24	0.13	0.03	0.01	1	0.5	0.7	0.05	0	0.45	0.19	0.17	0.5	0.57	0.04	0.2	0.13	0.25	0.12	0.45	0.01	0.04	0.05	1.08	0.06	0.12	0.14	0.03	0.11	0.04	0.17	0.14	0.66	0.11	0.46	0.04	0.12	0.04	0.14	0.52	0.79	0.24	0.03	0.57	0.18	0.04	0.34	0.03	0.19	0.06	0.12	0.03	0.04	0.15	0.1	0.02	0.35	0.03	0.23	1.07	0.15	0.33	0.1	0.22	0.04	0.05	0.14	0.28	0.29	0.02	0.13	0.19	0.16	0.48	0.39	0.03	0.13	0.34	0.48	0.29	0.51	1.08	0.14	0.14	0.01	0.48	0.3	0.27	0.49	0.08	0.04	0.12	0.04	0.59
0.67	0.48	0.37	0.4	0.28	0.49	0.25	0.39	0.41	1.24	0.25	10	0.34	0.35	0.4	0.33	0.38	0.16	0.4	0.5	0.4	0.22	0.4	0.37	0.25	0.36	0.39	0.8	0.43	0.5	0.4	0.4	0.38	0.27	0.34	0.18	0.35	0.41	0.26	0.27	0.41	0.22	0.71	0.29	1.01	0.51	0.41	0.41	0.06	0.55	0.71	1.07	0.36	0.51	0.35	0.51	0.69	0.46	0.18	0.24	0.62	0.63	0.39	0.37	0.19	0.17	0.42	0.25	0.39	0.39	0.72	0.25	0.62	0.22	0.51	0.93	0.43	0.43	0.04	0.34	0.37	0.19	0.36	0.5	0.43	0.45	0.18	0.22	0.23	0.65	0.28	0.23	0.35	0.32	0.54	0.36	1.16	0.65	0.45
0.4	0.21	0.22	0.39	0.13	0.41	0.22	0.41	0.19	1.89	0.1	0.16	0.2	0.2	0.16	0	0.23	0.5	0.17	0.48	0.21	0.07	0.02	0.41	0.43	0.19	0.61	0.51	0.41	0.21	0.07	0.03	0.41	0.12	0.21	0.17	0.21	0.2	0.09	0.42	0.24	0.3	0.2	0.12	0.37	0.13	0.21	0.23	0.19	0.1	0.21	0.03	0.22	0.11	0.21	0.1	0.43	0.21	0.23	0.43	0.21	0.19	0.23	0.21	0.05	0.43	0.24	0.25	0.24	0.44	0.23	0.17	0.12	0.13	0.45	0.12	0.44	0.04	0.44	0.2	0.59	0.04	0.44	0.02	0.54	0.08	0.03	0.06	0.08	0.45	0.12	0.45	0.21	0.17	0.24	0.22	0.27	0.22	0.46
0.14	0.66	0.12	0.03	0.15	0.6	0.14	0.05	0.27	0.93	0.17	1.68	0.07	0.65	0.39	0.24	0	0.29	0.45	0.05	0.1	0.17	0.23	0.24	0.19	1.26	0.02	0.45	0.12	0.1	0.46	0.39	0.09	0.15	0.33	0.21	0.05	0.97	0.46	0.23	0.14	0.16	0.04	0.47	0.95	0.2	0.45	0.47	0.47	0.12	0.22	0.37	0.04	0.18	0.08	0.14	0.48	0.04	0.46	0.13	0.05	0.37	0.49	0.23	0.18	0.49	0.03	0.49	0.03	0.06	0.06	0.18	0.5	0.32	0.05	0.15	0.6	0.28	0.69	0.07	0.07	0.18	0.25	0.6	0.4	0.15	0.22	0.18	0.14	0.12	0.16	0.34	0.39	0.37	0.42	0.05	0.41	0.04	0.42
0.25	0.19	0.42	0.44	0.52	0.11	0.25	0.2	0.19	0.95	0.26	6.39	0.37	0.34	0.47	0.57	0.22	0.01	0.04	0.18	0.66	0.25	0.46	0.47	0.24	0.21	0.2	0.22	0.97	0.21	0.26	0.2	0.47	0.23	0.35	0.18	0.18	0.54	1.27	0.27	0.19	0.47	0.2	0.27	0.3	0.35	0.36	0.57	0.47	0.24	0.47	0.22	0.18	0.47	0.21	0.25	0.2	0.48	0.39	0.63	0.2	0.26	0.2	0.36	0.23	0.48	0.22	1.18	0.23	0.21	0.2	0.25	0.47	0.48	0.22	0.27	0.27	0.19	0.26	0.2	0.21	0.22	0.21	0.48	0.42	0.27	0.98	0.22	0.26	0.2	0.24	0.49	0.2	0.3	0.22	0.49	0.21	0.19	0.3
0.23	0.22	0.29	0.3	0.22	0.11	0.23	0.4	0.46	1.07	0.3	4.89	0.42	0.59	0.54	0.17	0.29	0.04	0	0.46	0.38	0.21	0.19	0.23	0.23	0.34	0.28	0.46	1.91	0.56	0.23	0.54	0.3	0.21	0.47	0.17	0.25	0.56	0.23	0.24	0.26	0.22	0.41	0.25	0.23	0.22	0.35	0.3	0.32	0.61	0.23	0.17	0.58	0.5	0.42	0.24	0.31	0.42	0.2	0.23	0.35	0.35	0.28	0.35	0.21	0.19	0.29	0.24	0.31	0.31	0.24	0.23	0.4	0.05	0.34	0.22	0.23	0.18	0.26	0.33	0.34	0.2	0.75	0.16	0.41	0.23	0.17	0.27	0.22	0.54	0.23	0.05	0.34	0.06	0.29	0.21	0.68	0.22	0.04
0.12	0.05	0.16	0.27	0.13	0.24	0.42	0.47	0.42	0.8	0.13	2.92	0.03	0.04	0.41	0.51	0.05	0.41	0.23	0	0.08	0.44	0.22	0.51	0.15	0.04	0.41	0.51	0.1	0.04	0.1	0.41	0.04	0.41	0.41	0.41	0.01	0.01	0.09	0.57	0.02	0.51	0.04	0.13	0.78	0.14	1.21	0.04	0.49	0.08	0.1	0.19	1.66	0.16	0.14	0.5	0.03	0.02	0.4	0.5	0.03	0.4	0.03	0.19	0.16	0.49	0.05	0.11	0.05	0.04	0.01	0.49	0.14	0.26	0.02	0.11	0.79	0.54	0.49	0.05	0.04	0.14	0.08	0.18	0.25	0.12	0.55	0.49	0.48	0.04	0.49	0.31	0.03	0.38	0.05	0.02	0.04	0.99	0.49
0.12	0.07	0.47	0.79	0.17	0.57	0.51	0.44	0.07	0.83	0.88	4.17	0.37	0.48	0.38	0.2	0.38	0.49	0.39	0.14	0	0.17	0.19	0.79	0.42	0.05	0.09	0.45	0.13	0.13	0.12	0.49	0.49	0.49	0.38	0.18	0.49	0.49	0.33	0.18	0.1	0.14	0.49	0.12	0.37	0.49	0.28	0.08	0.48	0.5	0.08	0.21	0.4	0.4	0.1	0.8	0.4	0.07	0.15	0.13	0.41	0.13	0.09	0.27	0.17	0.91	0.09	0.12	0.09	0.08	0.08	0.16	0.51	0.41	0.07	0.25	0.51	3.45	0.43	0.1	0.08	0.42	0.12	0.42	0.45	0.42	0.92	0.39	0.14	0.21	0.25	0.63	0.11	0.43	0.12	0.38	0.43	0.42	0.49
0.03	0.16	0.45	0.17	0.1	0.53	0.03	0.52	0.28	1.06	0.03	0.22	0.15	0.49	0.39	0.07	0.42	0.57	1.92	0.47	0.42	0	0.32	0.04	0.04	0.16	0.15	0.18	0.47	0.4	0.04	0.05	0.67	0.09	0.17	0.07	0.47	0.14	0.31	0.03	0.15	0.02	0.47	0.06	0.41	0.57	0.47	0.46	0.43	0.03	0.41	0.07	0.15	0.07	0.15	0.26	0.18	0.48	0.43	0.04	0.15	0.23	0.45	0.16	0.03	0.29	0.48	0.41	0.17	0.16	0.52	0.48	0.09	0.28	0.14	0.04	0.03	0.06	0.23	0.17	0.15	0.05	0.16	0.07	0.22	0.04	0.08	0.61	0.04	0.15	0.4	0.47	0.15	0.4	0.18	0.4	0.21	0.4	0.22
0.47	0.47	0.2	0.22	0.14	0.47	0.47	0.2	0.97	1.37	0.09	6.82	0.2	2.04	0.17	0.14	0.47	0.47	0.57	0.19	0.2	0.08	0	0.09	0.48	0.18	0.38	0.41	1.48	0.48	0.08	0.51	0.98	0.13	0.48	0.34	0.48	0.94	0.09	0.06	0.41	0.08	0.8	0.5	0.09	0.4	0.21	0.22	0.4	0.4	0.57	0.4	0.4	0.11	0.21	0.26	0.21	0.61	0.13	0.41	0.41	0.1	0.22	0.41	0.4	0.41	0.61	0.41	0.22	0.22	0.21	0.09	0.13	0.42	0.2	0.08	0.06	0.28	0.92	0.24	0.22	0.05	0.97	0.15	0.27	0.09	0.42	0.34	0.43	0.18	0.09	0.37	0.43	0.19	0.43	0.19	0.53	0.53	0.23
0.03	0.5	0.2	0.56	0.02	0.3	0.03	0.4	0.12	1.21	0.17	4.24	0.41	0.14	0.41	0.27	0.18	0.24	0.23	0.61	0.22	0.04	0.19	0	0.03	0.13	0.15	0.18	0.64	0.14	0.82	0.42	0.16	0.01	0.15	0.09	0.13	0.15	0.03	0.42	0.53	0.42	0.15	0.07	0.02	0.01	0.15	0.19	0.26	0.42	0.43	0.09	0.16	0.83	0.14	0.43	0.17	0.43	0.06	0.04	0.14	0.44	0.15	0.16	0.04	0.23	0.17	0.03	0.56	0.16	0.36	0.26	0.01	0.39	0.13	0.05	0.09	0.06	0.95	0.14	0.22	0.04	0.14	0.45	0.14	0.05	0.42	0.04	0.04	0.46	0.01	0.18	0.14	0.24	0.16	0.4	0.17	0.14	0.86
0.71	0.15	0.18	0.18	0.34	0.92	0.41	0.48	0.14	1.12	0.62	1.3	0.34	0.14	0.5	0.09	0.18	0.5	0.4	0.42	0.21	0.04	0.09	0.31	0	0.4	0.15	0.17	0.45	0.15	0.29	0.05	0.15	0.01	0.14	0.08	0.47	0.33	0.41	0.15	0.17	0.41	0.17	0.05	0.03	0.01	0.15	0.16	0.21	0.42	0.46	0.09	0.15	0.1	0.42	0.03	0.16	0.52	0.08	0.04	0.14	0.04	0.43	0.43	0.05	0.07	0.17	0.43	0.19	0.17	0.16	0.03	0.4	0.19	0.53	0.28	0.1	1.04	0.19	0.14	0.3	0.44	0.15	0.07	0.2	0.45	0.07	0.05	0.44	0.2	0.26	0.18	0.21	0.56	0.19	0.46	0.17	0.15	0.22
0.46	0	0.06	0.11	0.47	0.57	0.47	0.91	0.01	0.77	0.11	0.59	0.05	0.01	0.69	0.21	0.49	0.26	0.34	0.13	0.05	0.44	0.79	0.49	0.45	0	0.04	0.05	0.15	0.06	0.5	1.3	0.4	0.11	0.04	0.4	0.03	0.04	0.1	0.21	0.04	0.13	0.03	0.13	0.49	0.11	0.7	0.03	0.62	0.9	0.03	0.17	0.03	0.4	0.16	0.39	0.03	0.4	0.15	0.27	0.02	0.52	0.04	0.22	0.14	0.16	0.05	0.41	0.41	0.4	0.05	0.14	0.15	0.41	0.41	0.24	0.51	0.17	0.41	0.28	0.03	0.16	0.05	0.2	0.5	0.12	0.19	0.15	0.52	0.42	0.15	0.64	0.05	0.88	0.42	0	0.08	0.52	0.42
0.13	0.03	0.1	0.79	0.14	0.25	0.48	0.04	0.03	0.93	0.14	3.19	0.06	0.03	0.39	0.55	0.14	0.85	0.3	0.27	0.45	0.15	0.36	0.15	0.31	0.04	0	0.06	0.96	0.46	0.14	0.57	0.1	0.14	0.05	0.19	0.03	0.09	0.13	0.46	0.03	0.15	0.03	0.18	0.16	0.46	0.22	0.04	0.34	0.46	0.04	0.21	0.02	0.17	0.06	0.44	0.03	0.03	0.16	0.48	0.04	0.47	0.2	0.38	0.15	0.42	0.13	0.13	0.04	0.05	0.05	0.16	0.14	0.29	0.26	0.16	0.22	0.21	0.58	0.06	0.05	0.2	0.47	0.19	0.28	0.48	0.93	0.16	0.13	0.04	0.17	0.32	0.48	0.44	0.02	0.03	0.09	0.48	0.78
0.15	0.04	0.26	0.75	0.15	0.26	0.45	0.02	0.05	0.9	0.14	0.81	0.07	0.05	0.4	0.23	0.07	0.35	0.67	0.05	0.47	0.2	0.23	0.43	0.42	0.05	0.05	0	0.12	0.11	0.48	0.18	0.24	0.29	0.05	0.22	0.05	0.09	0.49	0.25	0.05	0.14	0.05	0.16	0.49	0.28	0.32	0.03	0.49	0.2	0.7	0.21	0.4	0.18	0.08	0.46	0.26	0.05	0.19	0.13	0.05	1.01	0.05	0.24	0.18	0.18	0.07	0.18	0.07	0.28	0.41	0.16	0.15	0.46	0.08	0.41	0.24	0.54	0.54	0.71	0.06	0.18	0.08	0.41	0.3	0.14	0.21	0.18	0.52	0.51	0.15	0.35	0.07	0.39	0.07	0.41	0.07	0.44	0.79
0.19	0.1	0.15	0.28	0.49	0.3	0.17	0.4	0.28	1.19	0.17	7.72	0.12	0.11	0.44	1.06	2.13	2.05	1.54	0.79	0.44	0.44	0.25	0.21	0.55	1.75	0.8	0.74	0	0.13	0.17	0.44	0.37	1.74	1.74	0.45	0.09	0.09	0.94	0.44	0.36	0.19	0.1	0.16	0.44	0.18	0.54	0.25	0.39	0.44	0.1	0.48	0.09	0.44	0.13	0.17	0.1	0.21	0.94	0.17	0.11	0.74	0.14	0.44	0.18	0.23	0.12	0.18	0.44	0.27	0.1	0.19	0.18	0.54	0.1	0.25	0.23	1.15	0.64	0.44	0.13	0.45	0.44	0.25	0.3	0.44	0.25	0.75	0.17	0.09	0.55	0.45	0.2	0.45	0.45	0.11	0.13	0.12	0.65
0.79	0.08	0.11	0.08	0.13	0.27	0.13	0.4	0.04	0.83	0.13	1.53	0.01	0.06	0.55	0.6	0.44	0.37	0.91	0.05	0.13	0.41	0.22	0.37	0.15	0.06	0.07	0.42	0.13	0	0.12	0.41	0.07	0.84	0.09	0.19	0.04	0.42	0.37	0.16	0.05	0.12	0.92	0.29	0.19	0.14	0.43	0.4	0.34	0.83	0.43	0.21	0.04	0.17	0	0.43	0.2	0.44	0.17	0.44	0.05	0.13	0.07	0.55	0.44	0.19	0.08	0.45	0.22	0.35	0.14	0.15	0.18	0.35	0.04	0.59	0.49	0.19	0.59	0.01	0.04	0.15	0.01	0.49	0.29	0.15	0.49	0.19	0.12	0.05	0.14	0.59	0.05	0.73	0.27	0.18	0.32	0.05	0.47
0.15	0.16	0.14	0.14	0.1	0.31	0.02	0.12	0.1	0.99	0.01	1	0.5	0.5	0.22	0.08	0.15	0.44	0.23	0.4	0.13	0.23	0.08	0.04	0.04	0.11	0.13	0.24	0.17	0.12	0	0.04	0.4	0.09	0.11	0.26	0.11	0.11	0.37	0.04	0.14	0.03	0.41	0.01	0.3	0.1	0.15	0.46	0.62	0.01	0.1	0.62	0.1	0.07	0.36	0.01	0.11	0.11	0.04	0.19	0.1	0.42	0.18	0.42	0.04	0.07	0.32	0.02	0.43	0.31	0.1	0.43	0.46	0.79	0.49	0.11	0.04	0.97	0.47	0.47	0.11	0.67	0.12	0.47	0.21	0.26	0.98	0.39	0.48	0.11	0.03	0.48	0.11	0.55	0.14	0.12	0.14	0.37	2.39
0.04	0.51	0.41	0.47	0.1	0.25	0.04	0.17	0.42	1.12	0.03	9.46	0.16	0.3	0.51	0.03	0.19	0.59	0.2	0.17	0.16	0.42	0.93	0.43	0.05	0.42	0.18	0.18	0.22	0.17	0.05	0	0.17	0.43	0.15	0.43	0.53	0.2	0.14	0.44	0.16	0.07	0.17	0.54	0.26	0.44	0.54	0.16	0.17	0.05	0.74	1.15	0.16	2.36	0.16	0.05	0.45	0.17	0	0.44	0.14	0.45	0.16	0.17	0.04	0.02	0.33	0.26	0.19	0.96	0.17	0.05	0.1	0.46	0.2	0.08	0.04	0.46	0.17	0.15	0.16	0.03	0.16	0.03	0.23	0.09	0.03	0.09	0.04	0.14	0.05	0.76	0.16	0.28	0.19	0.15	0.17	0.15	0.17
0.27	0.02	0.48	0.48	0.15	0.24	0.14	0.37	0.02	0.98	0.14	7.74	0.05	0.03	0.76	0.21	0.05	0.43	0.43	0.03	0.07	0.15	0.21	0.48	0.43	0.03	0.43	0.02	0.43	0.14	0.43	0.43	0	0.13	0.43	0.19	0.03	0.36	0.11	0.22	0.37	0.12	0.03	0.16	0.16	0.16	0.5	0.01	0.63	0.64	0.04	0.19	0.02	0.31	0.44	0.54	0.01	0.03	0.43	0.12	0.04	1.04	0.04	0.45	0.19	0.44	0.05	0.14	0.06	0.44	0.04	0.15	0.44	0.3	0.44	0.14	0.46	0.4	0.44	0.05	0.05	0.15	0.06	0.27	1.14	0.14	0.19	0.17	0.11	0.09	0.15	0.33	0.05	1.02	0.05	0.03	0.05	0.03	0.44
0.02	0.15	0.54	0.54	0	0.55	0.02	0.13	0.13	0.94	0.37	5.28	0.12	0.14	0.27	0.47	0.16	0.23	0.57	0.14	0.4	0.09	0.13	0.47	0.01	0.11	0.81	0.33	0.2	0.47	0.32	0.09	0.13	0	0.12	0.31	0.13	0.47	0.43	0.17	0.15	0.08	0.47	0.04	0.01	0.01	0.13	0.16	0.2	0.11	0.47	0.13	0.12	0.09	0.78	0.02	0.16	0.13	0.69	0.06	0.3	0.48	0.48	0.13	0.06	0.06	0.16	0.02	0.15	0.28	0.15	0.01	0.48	0.46	0.13	0.09	0.36	0.37	0.24	0.4	0.13	0.1	0.49	0.27	0.59	0.1	0.06	0.03	0.49	0.13	0.12	0.49	0.13	0.21	0.5	0.13	0.16	0.13	0.73
0.1	0.35	0.27	0.46	0.13	0.29	0.1	0.45	0.41	1.36	0.45	4.61	0.46	0.04	0.41	0.46	0.46	0.35	0.51	0.04	0.01	0.17	0.19	0.14	0.43	0.04	0.05	0.06	2.06	0.08	0.12	0.14	0.05	0.12	0	0.42	0.65	0.04	0.11	0.55	0.04	0.45	0.03	0.11	0.24	0.14	0.5	0.05	0.33	0.45	0.04	0.2	0.03	0.45	0.08	0.13	0.05	0.04	0.44	0.21	0.25	0.95	0.45	0.24	0.15	0.25	0.07	0.11	0.06	0.38	0.04	0.44	0.44	0.29	0.05	0.44	0.17	0.19	0.31	0.44	0.05	0.44	0.08	0.18	0.94	0.14	1.03	0.15	0.33	0.43	0.36	0.27	0.07	0.32	0.09	0.43	0.07	0.38	1.22
0.08	0.19	0.21	0.23	0.45	0.48	0.07	0.42	0.45	0.94	0.42	7.82	0.4	0.53	0.2	0.02	0.4	0.18	0.17	0.18	0.18	0.08	0.1	0.09	0.07	0.41	0.27	0.22	0.25	0.41	0.41	0.03	0.5	0.06	0.17	0	0.19	0.2	0.08	0.09	0.61	0.09	0.2	0.41	0.09	0.22	0.19	0.41	0.51	0.07	0.26	0.26	0.2	0.09	0.19	0.21	0.19	0.61	0.41	0.36	0.47	0.76	0.19	0.51	0.41	0.01	0.22	0.42	0.36	0.21	0.19	0.09	0.41	0.1	0.32	0.1	0.09	0.2	0.41	0.41	0.41	0.05	0.41	0	0.42	0.16	0.69	0.06	0.08	0.2	0.47	0.51	0.32	0.15	0.22	0.22	0.53	0.4	0.15
0.1	0.02	0.48	0.05	0.13	0.24	0.1	0.04	0.02	0.77	0.12	3.02	0.02	0.03	0.35	0.43	0.05	1.03	0.54	0.16	0.42	0.15	0.19	0.13	0.3	0.03	0.42	0.1	0.51	0.03	0.59	0.16	0.42	0.12	0.42	0.53	0.01	0.01	0.09	0.2	0.4	0.09	0.02	0.62	0.51	0.13	0.42	0.07	0.93	0.42	0.01	0.17	0.01	0.16	0.03	0.09	0.42	0.02	0.14	0.08	0.11	1.22	0.03	0.19	0.15	0.14	0.42	0.12	0.05	0.24	0.03	0.13	0.44	0.37	0.01	0.09	0.27	0.19	0.43	0.02	0.03	0.15	0.03	0.17	0.51	0.12	0.18	0.16	0.08	0.02	0.14	0.5	0.02	0.33	0.05	0.54	0.04	0.02	0.57
1	0.02	0.08	0.05	0.49	1	1	0.03	0.02	0.95	1	1.52	0.46	0.47	0.47	0.46	0.04	0.18	3.46	0.01	0.21	0.55	0.46	0.15	0.46	0.04	0.03	0.05	0.97	0.47	0.46	0.55	0.03	0.14	0.04	0.77	0	0	0.08	0.2	1.48	0.19	0.48	0.43	1.18	0.98	0.19	0.82	0.68	0.08	0.01	0.98	0.01	0.49	0.04	0.48	0.03	0.28	0.48	0.48	0.02	1.27	0.03	0.47	0.17	0.15	0.04	0.48	0.05	0.04	0.01	0.49	0.49	0.49	0.02	0.1	0.22	0.98	0.68	0.98	0.04	0.48	0.03	0.98	0.48	0.12	0.98	0.48	0.49	0.03	0.49	0.38	0.03	0.5	0.04	0.02	0.04	0.02	0.49
0.3	0.1	0.14	0.34	0.04	0.29	0.01	0.48	0.1	1.1	0.18	7.74	0.11	0.1	0.26	0.47	0.42	1.1	0.23	0.1	0.42	0.04	0.09	0.03	0.04	0.16	0.3	0.43	0.54	0.12	0.01	0.43	0.12	0.29	0.11	0.08	0.08	0.43	0	0.05	0.1	0.03	0.93	0.13	0.08	0.43	0.34	0.12	0.22	0.01	0.08	0.09	0.09	0.2	0.11	0.25	0.12	0.43	0.05	0	0.09	0.01	0.43	0.14	0.33	0.07	0.13	0.01	0.49	0.13	0.11	0.03	0.02	0.18	0.09	0.04	0.14	0.08	0.31	0.3	0.1	0.04	0.43	0.19	0.88	0.03	0.08	0.05	0.01	0.1	0.03	0.18	0.11	0.22	0.13	0.1	0.12	0.12	0.63
0.1	0.47	0.41	0.51	0.09	0.33	0.44	0.42	0.22	1.15	0.26	9.37	0.15	0.43	0.27	0.11	0.24	0.44	0.23	0.32	0.2	0.45	0.06	0.19	0.09	0.21	0.45	0.48	0.24	0.45	0.04	0.46	0.21	0.09	0.34	0.24	0.48	0.49	0.45	0	0.48	0.03	0.22	0.13	0.49	0.46	0.23	0.23	0.23	0.04	0.49	0.05	0.22	0.07	0.16	0.9	0.21	0.22	0.04	0.41	0.21	0.61	0.22	0.21	0.01	0.41	0.56	0.1	0.51	0.22	0.41	0.09	0.09	0.2	0.41	0.42	0	0.12	0.22	0.15	0.23	0.01	0.25	0.09	0.23	0.03	0.09	0.06	0.04	0.2	0.09	0.44	0.45	0.22	0.25	0.21	0.45	0.21	0.37
0.12	0.02	0.09	0.05	0.45	0.4	0.13	0.03	0.03	1.05	0.14	1.97	0.14	0.04	0.46	0.46	0.05	0.19	0.63	0.02	0.06	0.46	0.4	0.9	0.77	0.04	0.42	0.42	0.1	0.06	0.1	1.49	0.03	0.29	0.42	0.42	0.14	0.02	0.1	0.21	0	0.12	0.01	0.43	0.15	1.33	0.43	0.53	0.34	0.43	0.02	0.44	0.01	0.19	0.05	0.12	0.41	0.01	0.44	0.1	0.04	0.95	0.03	0.44	0.15	0.17	0.44	0.13	0.44	0.04	0.2	0.27	0.15	0.44	0.14	0.46	0.5	0.28	0.32	0.04	0.05	0.16	0.05	0.22	0.66	0.11	0.46	0.19	0.46	0.03	0.47	0.97	0.04	1.05	0.05	0.02	0.05	0.01	0.48
0.03	0.42	0.15	0.14	0.08	0.69	0.36	0.12	0.11	0.99	0.02	4.53	0.12	0.13	0.22	0.07	0.52	0.25	0.22	0.21	0.46	0.24	0.32	0.04	0.04	0.11	0.14	0.15	0.16	0.43	1.28	0.07	0.23	0.08	0.42	0.09	0.18	0.42	0.37	0.03	0.42	0.01	0.11	0.05	0.29	0.08	0.2	0.12	0.41	0.01	0.34	0.08	0.42	0.05	0.13	0.42	0.14	0.12	0.42	0.04	0.1	0.33	0.27	0.2	0.02	0.08	0.18	0.3	0.16	0.29	0.45	0.43	0.45	0.33	0.11	0.04	0.03	0.45	0.54	0.12	0.12	0.02	0.13	0.09	0.2	0.01	0.48	0.08	0.15	0.48	0.04	0.18	0.12	0.37	0.15	0.11	0.98	0.48	0.58
0.98	0.08	0.09	0.04	0.13	0.23	0.13	0.02	0.33	1.12	0.12	8.94	0.04	0.2	0.44	0.22	0.04	0.45	0.57	0.02	0.13	0.14	0.44	0.14	0.14	0.03	0.03	0.04	0.44	0.05	0.1	0.17	0.03	0.15	0.03	0.44	0.02	0.13	0.11	0.22	0.01	0.12	0	0.13	0.15	0.34	0.44	0.87	0.41	0.1	0.05	0.5	0	0.45	0.05	0.39	0.02	0.01	0.45	0.11	0.04	0.83	0.03	0.55	0.16	0.17	0.04	0.14	0.05	0.03	0.03	0.15	0.13	0.29	0.45	0.45	0.47	0.43	0.96	0.04	0.04	0.41	0.45	0.2	0.5	0.26	0.95	0.17	0.1	0.03	0.15	0.3	0.75	1.17	0.11	0.02	0.15	0.01	0.45
0.25	0.65	0.17	0.45	0.04	0.67	0.03	0.48	0.25	1.25	0.32	2.04	0.46	0.47	0.29	0.14	0.68	0.29	0.27	0.13	0.12	0.06	0.25	0.31	0.05	0.16	0.18	0.18	0.46	0.68	0.01	0.34	0.48	0.04	0.27	0.1	0.11	0.48	0.01	0.13	0.15	0.06	0.43	0	0.42	0.04	0.17	0.48	0.24	0.15	0.88	0.1	0.12	0.07	0.49	0	0.69	0.13	0.07	0.03	0.14	0.22	0.15	0.49	0.29	0.07	0.18	0.03	0.49	0.18	0.39	0.14	0.04	0.19	0.4	0.04	0.12	0.22	0.4	0.11	0.5	0.06	0.29	0.1	0.4	0.04	0.11	0.07	0.01	0.41	0.09	0.21	0.11	0.25	0.15	0.36	0.41	0.12	0.25
0.03	0.15	0.5	0.5	0.02	0.5	0.49	0.46	0.49	1.61	0.22	1.39	0.48	0.98	0.48	0.48	0.58	0.99	0.49	0.14	0.15	0.05	0.48	0.01	0.03	0.48	0.17	0.48	0.2	0.91	0.04	0.41	0.41	0.41	0.15	0.5	0.91	0.88	0.5	0.5	0.49	0.05	0.49	0.44	0.01	0.49	0.5	0.17	1.49	0.04	0.69	0.99	0.15	0.06	0.14	0.04	0.42	0.46	0.5	1	0.13	0.04	0.5	0.15	0.29	0.07	0.18	0.03	0.27	0.17	0.49	0	0.02	0.19	0.13	0.05	0.49	0.06	0.49	0.49	0.49	0.4	1	0.44	0.41	0.07	0.09	0.04	1	1	0.01	0.49	0.32	0.5	0.49	0.48	0.25	0.48	0.99
0.02	0.49	0.17	0.45	0	0.29	0.02	0.49	0.13	0.92	0.05	4.28	0.12	0.47	0.27	0.13	0.15	0.23	0.22	0.14	0.16	0.47	0.39	0.01	0.01	0.11	0.15	0.16	0.48	0.14	0.48	0.1	0.38	0	0.14	0.06	0.13	0.53	0.02	0.09	0.16	0.08	0.14	0.24	0.23	0	0.27	0.15	0.48	0.03	0.13	0.48	0.12	0.48	0.13	0.03	0.48	0.14	0.09	0.48	0.48	0.03	0.15	0.48	0.12	0.06	0.15	0.02	0.17	0.48	0.15	0.01	0	0.18	0.49	0.09	0.48	0.89	0.24	0.49	0.14	0.33	0.13	0.06	0.49	0.33	0.06	0.49	0.18	0.17	0.49	0.17	0.12	0.59	0.49	0.14	0.18	0.14	0.23
0.41	0.61	0.31	0.61	0.41	0.81	0.15	0.41	0.21	1	0.91	4.44	0.93	0.23	0.71	0.63	0.23	0.36	0.35	0.19	0.63	0.16	0.39	0.15	0.14	0.22	0.58	0.41	0.33	0.23	0.45	0.64	0.54	0.13	0.27	0.44	0.53	0.19	0.45	0.61	0.75	0.2	0.2	0.27	0.45	0.32	0	0.22	0.46	0.45	0.2	0.2	0.45	0.17	0.22	0.46	0.92	0.2	0.48	0.56	0.21	0.29	0.61	0.01	0.46	0.2	0.23	0.15	0.23	0.46	0.46	0.14	0.15	0.36	0.67	0.22	0.24	0.18	0.31	0.46	0.28	0.47	0.22	0.3	0.07	0.47	0.19	0.17	0.16	0.21	0.15	0.47	0.77	0.35	0.23	0.47	0.33	0.57	0.75
0.13	0.02	0.09	0.99	0.14	0.24	0.13	0.01	0.02	0.91	0.9	0.89	0.05	0.23	0.96	0.23	0.24	0.21	0.31	0.04	0.18	0.17	0.22	0.46	0.18	0.46	0.04	0.03	0.28	0.06	0.11	0.97	0.01	0.15	0.12	0.21	0.06	0.03	0.12	0.26	0.04	0.48	0.48	0.54	0.35	0.14	0.44	0	0.36	0.14	0.04	0.21	0.03	0.16	0.46	0.5	0.01	0.03	1.1	0.12	0.04	0.4	0.04	0.41	0.4	0.16	0.05	0.14	0.05	0.33	0.04	0.16	0.21	0.28	0.04	0.42	0.42	0.2	0.52	0.05	0.05	0.16	0.06	0.21	0.28	0.93	0.2	0.16	0.12	0.03	0.43	0.36	0.06	0.84	0.08	0.44	0.05	0.03	0.75
0.22	0.46	0.43	0.99	0.2	0.36	0.22	0.34	0.39	1.22	0.62	4.69	0.5	0.5	0.06	0.49	0.36	0.56	1.99	0.55	0.58	0.55	0.18	0.25	0.49	0.69	0.36	0.37	0.7	0.34	0.22	0.17	0.59	0.32	0.33	0.29	0.6	0.32	0.4	0.24	0.45	0.23	0.33	1.6	0.22	0.2	0.33	0.34	0	0.22	0.6	0.18	0.5	0.24	0.33	0.4	0.5	0.36	0.17	0.23	0.33	0.23	0.49	0.33	0.2	0.15	0.36	0.22	0.49	0.34	0.35	0.22	0.2	0.25	0.32	0.4	0.24	0.44	0.02	0.33	0.4	0.56	0.34	0.14	0.7	0.46	0.9	0.18	0.23	0.5	0.21	1.21	0.7	0.49	0.37	0.4	0.55	0.36	0.4
0.11	0.21	0.14	0.13	0.04	0.29	0.02	0.48	0.18	0.96	0.02	1.04	0.46	0.1	0.58	0.1	0.47	0.29	0.23	0.37	0.13	0.03	0.05	0.1	0.4	0.09	0.1	0.18	0.47	0.19	0.01	0.06	0.11	0.02	0.13	0.41	0.09	0.08	0.22	0.04	0.1	0.01	0.1	0.04	0.04	0.28	0.18	0.22	0.22	0	0.23	0.07	0.09	0.14	0.19	0.01	0.11	0.09	0.05	0.01	0.1	0.01	0.1	0.15	0.04	0.08	0.12	0.03	0.19	0.12	0.09	0.41	0.03	0.37	0.1	0.06	0.41	0.08	0.2	0.91	0.41	0.41	0.36	0.09	0.41	0.01	0.07	0.13	0	0.18	0.04	0.3	0.18	0.62	0.42	0.09	0.29	0.12	0.43
0.46	0.03	0.08	0.43	0.54	0.24	0.45	0.58	0.02	1.24	0.11	9.37	0.45	0.34	0.45	0.44	0.06	0.18	0.42	0.92	0.45	0.41	0.51	0.13	0.41	0.03	0.41	0.7	0.49	0.04	0.47	0.16	0.06	0.47	0.04	0.97	0.01	0.67	0.45	0.23	0.02	0.64	0.02	0.44	0.45	0.44	0.46	0.75	0.34	0.09	0.04	0.17	0.02	0.49	1.19	0.11	0.04	0.25	0.16	0.1	0.02	0.11	0.04	0.22	0.49	0.17	0.81	0.4	0.05	0.11	0.4	0.15	0.51	0.25	0.02	0.11	0.2	0.78	0.88	0.29	0.04	0.15	0.03	0.26	0.45	0.12	0.47	0.15	0.92	0.41	0.41	0.42	0.03	0.71	0.05	0.03	0.05	0.03	0.98
0.21	0.47	0.43	1.18	0.19	0.25	0.72	0.21	0.58	1	0.07	8.29	0.32	0.57	0.54	0.03	0.56	0.47	0.18	0.39	0.23	0.46	0.47	0.09	0.09	0.47	0.2	0.22	0.67	0.6	0.33	0.68	0.48	0.21	0.2	0.04	0.48	0.58	0.33	0.05	0.19	0.09	0.22	0.1	0.48	0.13	0.2	0.23	0.22	0.4	0.49	0	0.33	0.12	0.49	0.08	0.19	0.49	0.04	0.46	0.18	0.49	0.2	0.4	0.05	0.03	0.21	0.08	0.22	0.4	0.19	0.09	0.22	0.14	0.18	0.09	0.05	0.08	0.51	0.54	0.52	0.04	0.21	0.04	0.52	0.09	0.42	0.08	0.11	0.21	0.08	0.52	0.21	0.99	0.21	0.59	0.24	0.42	0.31
0.12	0.45	0.09	0.04	0.14	0.23	0.11	0.4	0.03	0.91	0.14	0.32	0.03	0.03	0.37	0.2	0.31	0.18	0.25	0.07	0.45	0.15	0.19	0.13	0.14	0.18	0.02	0.4	0.09	0.23	0.1	0.15	0.02	0.44	0.03	0.4	0.01	0.4	0.1	0.2	0.27	0.44	0	0.13	0.15	0.12	0.5	0.37	0.37	0.09	0.01	0.17	0	0.18	0.04	0.1	0.02	0.01	0.16	0.12	0.03	0.39	0.02	0.41	0.14	0.15	0.03	0.11	0.2	0.03	0.41	0.51	0.41	0.26	0.02	0.39	0.56	0.45	0.31	0.03	0.04	0.16	0.04	0.42	0.26	0.28	0.2	0.15	0.09	0.02	0.14	0.29	0.04	0.91	0.04	0.02	0.1	0.01	0.52
0.05	0.27	0.21	0.19	0.07	0.33	0.05	0.2	0.21	1.13	0.21	2.5	0.17	0.15	0.24	0.44	0.5	0.5	0.23	0.16	0.52	0.05	0.17	0.07	0.1	0.41	0.18	0.18	1	0.4	0.07	0.07	0.16	0.08	0.56	0.12	0.16	0.51	0.05	0.08	0.16	0.27	0.16	0.06	0.06	0.07	0.26	0.21	0.25	0.05	0.42	0.12	0.16	0	0.17	0.15	0.16	0.16	0.1	0.07	0.18	0.08	0.17	0.17	0.07	0.09	0.2	0.05	0.19	0.17	0.33	0.34	0.43	0.53	0.22	0.45	0.08	0.08	0.48	0.18	0.18	0.07	0.17	0.1	0.22	0.08	0.45	0.11	0.07	0.19	0.28	0.45	0.53	0.25	0.2	0.15	0.47	0.2	0.26
0.13	0.05	0.33	0.16	0.13	0.27	0.48	0.35	0.04	0.86	0.14	6.53	0.01	1.07	0.56	0.21	0.08	0.21	0.34	0.04	0.1	0.15	0.97	0.14	0.14	0.38	0.06	0.08	0.47	0.4	0.12	0.4	0.06	0.41	0.84	0.19	0.03	0.47	0.43	0.22	0.05	0.12	0.05	0.12	0.15	0.57	0.27	0.06	0.97	0.47	0.04	0.21	0.04	0.19	0	0.12	0.06	0.05	0.16	0.13	0.04	0.18	0.06	0.22	0.67	0.18	0.08	0.13	0.08	0.07	0.05	0.14	0.13	0.28	0.04	0.13	0.48	0.35	0.58	0.01	0.49	0.17	0	0.52	0.28	0.13	0.19	0.18	0.47	0.04	0.14	0.3	0.01	0.34	0.48	0.05	0.18	0.05	0.27
0.02	0.67	0.46	0.13	0.02	0.96	0.01	0.11	0.1	1	0.01	1.08	0.11	0.14	0.38	0.1	0.14	0.48	0.48	0.48	0.47	0.05	0.15	1.18	0.03	0.1	0.36	0.14	0.49	0.49	0.34	0.43	0.49	0.02	0.43	0.08	0.08	0.49	0.01	0.05	0.15	0.05	0.11	0.18	0.44	0.34	0.15	0.49	0.33	0.01	0.52	0.09	0.1	0.4	0.12	0	0.5	0.1	0.06	0.01	0.11	0.02	0.13	0.47	0.4	0.07	0.41	0.02	0.45	0.41	0.1	0.03	0.02	0.18	0.09	0.04	0.05	0.43	0.47	0.11	0.99	0.41	0.12	0.08	0.21	0.04	0.41	0.07	0.17	0.11	0.03	0.19	0.11	0.47	0.72	0.1	0.14	0.1	0.5
0.13	0.02	0.11	0.47	0.13	0.41	0.15	0	0.02	0.88	0.13	0.72	0.05	0.03	0.86	0.21	0.05	0.3	0.31	0.48	0.48	0.48	0.2	0.18	0.48	0.03	0.03	0.69	0.3	0.49	0.14	0.17	0.01	0.14	0.35	0.28	0.04	1.1	0.11	0.21	0.03	0.14	0.9	0.16	0.4	0.34	0.22	0.9	0.34	0.4	0.04	0.6	0.02	0.18	0.3	0.5	0	0.39	0.16	0.12	0.03	0.26	0.03	0.6	0.5	0.16	0.05	0.22	0.05	0.02	0.05	0.4	0.13	0.28	0.34	0.13	0.4	0.48	0.32	0.05	0.05	0.16	0.15	0.27	0.64	0.12	0.41	0.17	0.12	0.03	0.31	0.91	0.57	0.41	0.44	0.02	0.36	0.41	0.2
0.12	0.35	0.47	0.04	0.13	0.23	0.47	0.22	0.03	0.8	0.12	1.3	0.18	0.04	0.38	0.21	0.04	0.3	0.26	0.02	0.08	0.15	0.49	1.52	0.15	0.34	0.03	0.05	0.09	0.05	0.1	0.17	0.03	0.13	0.16	0.19	0.02	0.17	0.09	0.4	0.01	0.49	0.22	0.25	0.19	0.13	0.2	0.42	0.49	0.09	0.02	0.54	0.01	0.18	0.05	0.12	0.03	0	0.18	0.5	0.03	0.11	0.4	0.2	0.53	0.53	0.04	0.11	0.05	0.04	0.02	0.4	0.5	0.27	0.03	0.52	0.5	0.49	0.4	0.31	0.04	0.17	0.38	0.31	0.26	0.13	0.41	0.17	0.17	0.03	0.14	0.92	0.41	0.43	0.04	0.27	0.6	0.01	0.48
0.04	0.43	0.23	0.43	0.1	0.43	0.04	0.51	0.14	1.04	0.04	1.26	0.46	0.15	0.41	0.03	0.2	0.2	0.19	0.96	0.15	0.05	0.05	0.05	0.05	0.15	0.18	0.18	0.47	0.17	0.04	0.1	0.17	0.47	0.14	0.47	0.14	0.18	0.39	0.04	0.32	0.08	0.47	0.07	0.06	0.09	0.17	0.17	0.47	0.05	0.16	0.03	0.16	0.06	0.17	0.05	0.17	0.48	0	0.07	0.48	0.63	0.16	0.17	0.04	0.02	0.17	0.04	0.33	0.18	0.16	0.05	0.09	0.13	0.14	0.09	0.04	0.03	0.17	0.49	0.45	0.38	0.3	0.99	0.49	0.08	0.03	0.09	0.34	0.88	0.05	0.49	0.49	0.18	0.18	0.39	0.49	0.17	0.18
0.02	0.11	0.45	0.3	0.39	0.32	0.02	0.13	0.11	0.82	0.02	2.99	0.11	0.11	0.23	0.08	0.44	0.26	0.23	0.83	0.13	0.04	0.74	0.42	0.04	0.46	0.12	0.16	0.18	0.48	0.01	0.17	0.12	0.06	0.12	0.09	0.4	0.28	0	0.04	0.1	0.41	0.12	0.01	0.66	0.23	0.43	0.4	0.23	0.01	0.3	0.09	0.37	0.07	0.12	0.32	0.14	0.12	0.05	0	0.32	0.02	0.12	0.35	0.04	0.18	0.13	0.48	0.14	0.12	0.38	0.04	0.49	0.32	0.1	0.04	0.41	0.27	0.41	0.12	0.12	0.42	0.13	0.42	0.51	0.04	0.43	0.08	0.01	0.1	0.04	0.2	0.44	0.22	0.42	0.27	0.13	0.11	0.45
0.11	0.02	0.09	0.37	0.49	0.24	0.12	0.03	0.09	0.82	0.12	2.67	0.04	0.96	0.46	0.25	0.05	0.2	3.31	0.03	0.42	0.16	0.18	0.13	0.13	0.02	0.04	0.05	0.11	0.05	0.11	0.26	0.13	0.28	0.05	0.18	0.02	0.03	0.1	0.21	0.04	0.12	0.03	0.5	0.13	0.15	0.22	0.04	0.49	0.1	0.29	0.36	0.03	0.5	0.04	0.09	0.03	0.03	0.14	0.43	0	0.5	0.16	0.22	0.14	0.16	0.05	0.12	0.06	0.04	0.04	0.13	0.12	0.27	0.17	0.12	0.2	0.16	0.3	0.93	0.03	0.14	0.04	0.4	0.38	0.11	0.19	0.15	0.45	0.02	0.13	0.3	0.2	0.34	0.07	0.1	0.06	0.03	0.8
0.02	0.47	0.99	0.97	0.46	1.47	0.02	0.66	0.46	1.04	0.03	2.79	0.46	0.11	0.46	0.96	0.45	0.46	0.45	0.45	1.46	0.93	0.44	0.04	0.16	0.11	0.55	0.45	0.45	0.95	0.01	0.06	0.49	0.02	0.95	0.44	0.48	1.04	0.44	0.94	0.44	1.94	0.43	0.01	0.04	0.43	0.43	0.93	1.42	0.42	0.42	0.92	1.41	0.91	0.51	0	0.41	0.41	0.06	0.91	0.5	0.02	1	1	0.05	0.08	0.54	0.02	0.15	0.51	0.49	0.04	0.03	0.99	0.48	0.04	0.05	0.07	0.59	0.48	1.98	0.47	0.57	0.47	0.56	0.04	0.96	0.96	0.01	0.97	0.03	0.46	1.46	0.45	1.45	0.45	0.95	0.95	0.45
0.49	0.03	0.1	0.02	0.14	0.2	0.14	0.22	0.11	1.13	0.16	5.65	0.06	0.03	0.44	0.23	0.02	0.2	0.42	0.03	0.53	0.17	0.51	0.45	0.16	0.04	0	0.05	0.11	0.07	0.13	0.16	0.04	0.15	0.3	0.44	0.04	0.03	0.13	0.22	0.04	0.12	0.03	0.17	0.39	0.3	0.53	0.44	0.37	0.31	0.04	0.21	0.08	0.48	0.06	0.19	0.03	0.03	0.16	0.45	0.04	0.63	0	0.34	0.17	0.17	0.02	0.18	0.02	0.05	0.04	0.15	0.46	0.29	0.3	0.13	0.23	0.2	0.46	0.06	0.05	0.19	0.46	0.21	0.29	0.13	0.54	0.16	0.13	0.04	0.16	0.56	0.62	0.46	0.46	0.41	0.02	0.03	0.21
0.44	0.24	0.3	0.23	0.13	0.42	0.15	0.22	0.21	1.15	0.21	0.98	0.37	0.23	0.37	0.47	0.23	0.67	0.35	0.27	0.27	0.31	0.48	0.16	0.14	0.37	0.22	0.48	0.35	0.58	0.48	0.47	0.58	0.13	0.24	0.32	0.19	0.19	0.33	0.21	0.21	0.2	0.5	0.17	0.64	0.2	0.34	0.53	0.34	0.15	0.36	0.21	0.49	0.17	0.49	0.15	0.22	0.49	0.17	0.32	0.21	0.31	0.53	0	0.18	0.2	0.23	0.16	0.42	0.23	0.2	0.49	0.69	0.35	0.56	0.22	0.21	0.25	0.31	0.49	0.69	0.39	0.22	0.18	0.06	0.21	0.19	0.18	0.44	0.21	0.39	0.3	0.59	0.35	0.23	0.5	0.23	0.21	0.34
0.6	0.15	0.19	0.17	0.09	0.4	0.41	0.15	0.41	0.88	0.03	3.27	0.41	0.41	0.19	0.41	0.33	0.23	0.2	0.41	0.26	0.03	0.92	0.41	0.41	0.15	0.17	0.57	1.97	0.43	0.06	0.04	0.52	0.92	0.15	0.05	0.15	0.16	0.04	0.01	0.42	0.03	0.42	0.06	0.07	0.47	0.18	0.17	0.19	0.04	0.14	0.05	0.43	0.09	0.16	0.1	0.16	0.15	0.04	0.04	0.14	0.05	0.43	0.18	0	0.05	0.2	0.93	0.43	0.16	0.15	0.05	0.36	0.19	0.94	0.04	0.01	0.05	0.44	0.44	0.14	0.26	0.16	0.05	0.46	0.03	0.34	0.36	0.03	0.13	0.37	0.17	0.22	0.45	0.21	0.14	0.27	0.2	0.2
0.07	0.25	0.56	0.19	0.06	0.22	0.43	0.49	0.18	0.95	0.09	0.66	0.18	0.15	0.48	0.01	0.18	0.18	0.17	0.15	0.19	0.05	0.77	0.07	0.07	0.16	0.17	0.48	0.24	0.52	0.08	0.02	0.16	0.06	0.49	0.01	0.14	0.49	0.07	0.05	0.16	0.08	0.17	0.07	0.42	0.06	0.2	0.35	0.15	0.43	0.16	0.03	0.15	0.1	0.18	0.07	0.5	0.16	0.02	0.07	0.16	0.41	0.17	0.17	0.05	0	0.18	0.07	0.19	0.17	0.15	0.07	0.06	0.12	0.16	0.15	0.05	0.02	0.49	0.18	0.49	0.05	0.18	0.01	0.44	0.07	0.01	0.43	0.08	0.49	0.07	0.49	0.18	0.14	0.19	0.39	0.19	0.18	0.76
0.15	0.04	0.46	0.03	0.46	0.21	0.16	0.12	0.19	0.84	0.14	3.37	0.07	0.04	0.62	0.24	0.03	0.4	0.66	0.05	0.31	0.42	0.21	0.19	0.5	0.05	0.01	0.42	1.34	0.39	0.14	0.2	0.42	0.16	0.06	0.52	0.42	0.04	0.14	0.26	0.04	0.15	0.04	0.19	0.23	0.2	0.23	0.05	0.66	0.49	0.27	0.25	0.03	0.22	0.07	0.14	0.24	0.04	0.17	0.13	0.83	1.33	0.43	0.23	0.18	0.23	0	0.14	0.01	0.37	0.05	0.38	0.43	0.3	0.05	0.43	0.23	0.19	0.32	0.73	0.06	0.19	0.08	0.2	0.43	0.93	0.22	0.24	0.14	0.31	0.15	0.35	0.3	0.73	0.04	0.39	0.03	0.04	0.5
0	0.12	0.15	0.15	0.02	0.3	0.29	0.13	0.12	1.29	0.01	4.13	0.45	0.42	0.61	0.61	0.41	0.25	0.24	0.12	0.13	0.04	0.2	0.03	0.63	0.43	0.14	0.43	0.17	0.13	0.53	0.08	0.12	0.02	0.11	0.08	0.1	0.94	0.01	0.1	0.13	0.03	0.44	0.44	0.42	0.02	0.16	0.65	0.46	0.02	0.1	0.45	0.12	0.46	0.12	0.02	0.47	0.46	0.04	0.36	0.11	0.02	0.17	0.15	0.04	0.47	0.15	0	0.25	0.47	0.13	0.03	0.02	0.18	0.1	0.03	0.1	0.06	0.2	0.47	0.77	0.03	0.13	0.07	0.57	0.04	0.08	0.05	0.02	0.47	0.03	0.19	0.12	0.48	0.14	0.12	0.14	0.48	0.22
0.28	0.3	0.12	0.87	0.15	0.22	0.28	0.41	0.05	0.78	0.14	1.73	0.19	0.05	0.42	0.55	0.03	0.38	0.56	0.17	0.14	0.17	0.56	0.17	0.17	0.42	0.02	0.07	0.39	0.09	0.13	0.53	0.43	0.15	0.06	0.23	0.05	0.08	0.13	0.23	0.05	0.27	0.05	0.42	0.33	0.98	0.24	0.06	1.05	0.55	0.77	0.21	0.04	0.46	0.08	0.13	0.05	0.05	0.19	0.15	0.06	0.25	0.04	0.47	0.6	0.19	0.01	0.47	0	0.06	0.06	0.17	0.48	0.48	0.06	0.48	0.26	0.45	0.49	0.29	0.07	0.18	0.34	0.49	0.62	0.16	0.5	0.18	0.15	0.05	0.19	0.41	0.08	0.36	0.04	0.08	0.04	0.05	0.22
0.47	0.03	0.11	0.06	0.17	0.25	0.14	0.59	0.03	1.09	0.39	1.16	0.06	0.04	0.4	0.41	0.4	0.29	0.91	0.18	0.41	0.17	0.37	0.15	0.25	0.04	0.28	0.39	0.41	0.07	0.19	0.41	0.01	0.14	0.06	0.33	0.04	0.04	0.12	0.43	0.42	0.12	0.03	0.15	0.62	0.42	0.22	0.42	0.56	0.4	0.43	0.21	0.04	0.17	0.41	0.17	0.02	0.04	0.43	0.12	0.33	0.39	0.04	0.48	0.53	0.43	0.06	0.13	0.37	0	0.05	0.54	0.15	0.64	0.05	0.15	0.22	0.35	0.33	0.06	0.31	0.56	0.17	0.23	0.44	0.38	0.2	0.44	0.44	0.03	0.16	0.31	0.06	0.56	0.06	0.03	0.16	0.03	0.21
0.21	0.26	0.09	0.56	0.15	0.46	1.14	2	0.03	0.91	0.13	2.3	0.04	0.05	0.38	0.57	0.06	0.48	0.41	0.05	0.21	0.17	0.21	0.42	0.15	0.05	0.04	0.06	0.1	0.41	0.1	0.19	0.39	0.42	0.04	0.32	0.02	0.01	0.42	0.51	0.42	0.11	0.42	0.13	0.18	0.13	0.42	0.44	0.38	0.09	0.02	0.21	0.02	0.42	0.05	0.42	0.04	0.02	0.17	0.42	0.04	0.42	0.04	0.2	0.15	0.15	0.05	0.13	0.26	0.26	0	0.42	0.22	0.27	0.26	0.42	0.23	0.18	0.32	0.04	0.21	0.43	0.05	0.19	0.34	0.12	1.03	0.53	0.1	0.04	0.14	0.33	0.3	0.34	0.06	0.12	0.43	0.43	0.49
0.03	0.23	0.22	0.18	0.02	0.49	0.03	0.44	0.14	0.97	0.03	2.96	0.13	0.41	0.25	0.41	0.41	0.25	0.23	0.14	0.51	0.06	0.41	0.09	0.29	0.13	0.41	0.17	0.75	0.14	0.04	0.05	0.15	0.16	0.16	0.1	0.54	0.29	0.31	0.1	0.16	0.04	0.15	0.43	0.52	0.01	0.14	0.93	0.42	0.04	0.13	0.09	0.15	0.43	0.38	0.43	0.16	0.15	0.05	0.04	0.43	0.04	0.22	0.14	1.24	0.07	0.17	0.03	0.19	0.15	0.15	0	0.39	0.19	0.44	0.05	0.13	0.06	0.95	0.44	0.17	0.23	0.14	0.08	0.54	0.44	0.22	0.04	0.04	0.14	0.01	0.45	0.45	0.23	0.18	0.15	0.17	0.14	0.22
0.02	0.5	0.17	1	0.01	0.3	0.02	0.13	0.97	0.91	0.41	2.79	0.12	0.48	0.27	0.51	0.15	0.58	0.58	0.13	0.15	0.09	0.13	0.01	0.01	0.11	0.14	0.43	0.98	0.22	0.09	0.21	0.48	0.1	0.48	0.06	0.49	0.48	0.02	0.09	0.13	0.08	0.13	0.48	0.15	0	0.78	0.48	0.48	0.03	0.12	0.13	0.12	0.07	0.13	0.02	0.14	0.4	0.48	0.48	0.48	1.49	0.98	0.48	0.09	0.06	0.15	0.02	0.48	0.14	0.49	0.01	0	0.49	0.34	0.21	0.44	0.05	0.6	0.4	0.13	0.08	0.4	0.06	0.49	0.09	0.06	0.09	0.09	0.12	0.4	0.17	0.14	0.4	0.15	0.4	0.41	0.7	0.41
0.18	0.29	0.65	0.31	0.18	0.12	0.18	0.45	0.26	1.36	0.18	0.67	0.27	0.42	0.22	0.43	0.59	0.09	0.05	0.52	0.34	0.2	0.27	1.35	0.19	0.27	0.9	0.4	0.56	0.29	0.18	0.13	0.4	0.41	0.61	0.1	0.29	0.51	0.19	0.41	0.27	0.41	0.28	0.19	0.53	0.19	0.36	0.62	0.25	0.45	0.4	0.34	0.26	0.24	0.28	0.18	0.92	0.26	0.13	0.19	0.27	1.34	0.29	0.33	0.25	0.12	0.52	0.2	0.63	0.29	0.28	0.19	0.18	0	0.27	0.19	0.2	0.47	0.21	0.28	0.43	0.18	0.61	0.36	0.35	0.19	0.74	0.16	0.44	0.26	0.19	0	0.32	0.94	0.44	0.51	0.84	0.28	0.43
0.11	0.02	0.56	0.06	0.12	0.24	0.46	0.03	0.02	0.97	0.46	2.87	0.03	0.02	0.51	0.56	0.06	0.19	0.66	0.02	0.34	0.14	0.2	0.67	0.47	0.02	0.04	0.05	0.25	0.57	0.19	0.16	0.07	0.12	0.48	0.19	0.17	0.02	0.24	0.21	0.03	0.48	0.03	0.11	1.09	0.13	0.2	0.04	0.49	0.1	0.02	0.18	0.02	0.18	0.04	0.09	0.03	0.03	0.16	0.1	0.01	0.4	0.04	0.21	0.14	0.16	0.13	0.4	0.06	0.4	0.03	0.13	0.4	0.25	0	0.4	0.4	0.16	0.31	0.03	0.04	0.15	0.41	0.18	0.27	0.47	0.57	0.52	0.52	0.02	0.29	0.29	0.03	0.68	0.06	0.03	0.42	0.03	0.19
0.11	0.25	0.2	0.48	0.1	0.32	0.03	0.13	0.48	1.49	0.03	14.3	0.49	0.14	0.23	0.07	0.37	0.27	0.22	0.12	0.26	0.04	0.09	0.4	0.05	0.14	0.25	0.38	0.41	0.48	0.07	0.45	0.16	0.19	0.42	0.1	0.11	0.12	0.42	0.23	0.12	0.01	0.12	0.93	0.05	0.42	0.43	0.21	0.24	0.09	0.45	0.44	0.11	0.09	0.65	0.04	0.15	0.45	0.09	0.03	0.11	0.92	0.14	0.22	0.03	0.16	0.16	0.19	0.47	0.13	0.12	0.05	0.1	0.19	0.13	0	0.4	0.08	0.22	0.13	0.13	0.04	0.57	0.1	0.28	0	0.1	0.43	0.04	0.11	0.44	0.2	0.2	0.23	0.45	0.45	0.16	0.17	0.48
0.1	0.2	0.48	0.24	0.09	0.32	0.34	0.21	0.5	1.47	0.03	6.36	0.44	0.44	0.53	0.42	0.36	0.27	0.34	0.5	0.37	0.03	0.37	0.49	0.49	0.51	0.22	0.24	0.43	0.43	0.04	0.04	0.23	0.14	0.17	0.43	0.23	0.59	0.05	0	0.63	0.03	0.22	0.13	0.1	0.46	0.54	0.25	0.56	0.04	1.07	1.17	0.22	0.43	0.49	0.05	0.21	0.22	0.04	0.05	0.49	0.05	0.23	0.21	0.51	0.05	0.41	0.1	0.3	0.6	0.23	0.1	0.53	0.57	1.1	0.43	0	0.44	0.44	0.15	0.44	0	0.16	0.09	0.23	0.44	0.09	0.07	0.04	0.45	0.09	0.24	0.18	0.22	0.57	0.21	0.47	0.48	0.55
0.06	0.99	0.23	0.4	0.05	0.48	0.06	0.48	0.17	0.98	0.42	8.25	0.44	0.54	0.19	0.03	0.43	0.19	0.41	0.17	0.92	0.06	0.72	0.06	0.43	0.25	0.22	0.22	0.45	0.46	0.07	0.07	0.45	0.04	0.18	0.95	0.16	0.69	0.4	0.44	0.19	0.07	0.17	0.42	0.32	0.04	0.42	0.18	0.16	0.35	0.91	0.05	0.17	0.08	0.4	0.07	0.19	0.2	0.03	0.07	0.19	0.07	0.49	0.18	0.05	0.02	0.47	0.06	0.58	0.57	0.18	0.12	0.04	0.46	0.45	0.09	0.08	0	0.14	0.17	0.44	0.06	0.17	0.07	0.43	0.26	0.01	0.03	0.42	0.94	0.26	0.41	0.17	0.2	0.5	0.4	0.19	0.5	0.49
0.25	0.32	0.34	0.39	0.49	0.21	0.2	0.95	0.52	1.29	0.52	8.3	0.49	0.31	0.19	0.15	0.32	0.68	0.26	0.32	0.31	0.29	0.48	0.19	0.19	0.48	0.31	0.34	0.39	0.31	0.48	0.17	0.32	0.23	0.33	0.13	0.31	0.4	0.69	0.49	0.59	0.21	0.33	0.23	1.19	0.7	0.79	0.35	0.02	0.21	0.48	1	0.31	0.56	0.32	0.69	0.49	0.31	0.17	0.37	0.32	0.36	0.31	0.31	0.19	0.49	0.33	0.2	0.49	0.33	0.59	0.2	0.5	0.21	0.35	1.2	0.22	0.54	0	0.6	0.32	0.19	0.7	0.23	0.37	0.61	0.26	0.16	0.22	0.6	0.41	0.41	0.41	0.3	0.67	0.33	0.62	0.33	0.25
0.12	0.93	0.1	0.07	0.13	0.42	0.12	0.05	0.41	1.01	0.51	1.73	0	0.05	0.34	0.4	0.4	0.47	0.51	0.05	0.52	0.19	0.9	0.14	0.15	0.38	0.41	0.07	0.12	0.4	0.5	0.16	0.05	0.12	0.11	0.18	0.02	0.59	0.11	0.15	0.04	0.11	0.04	0.47	0.17	0.13	0.47	0.05	0.33	0.17	0.45	0.25	0.03	0.44	0.01	0.11	0.05	0.43	0.43	0.12	0.42	0.37	0.06	0.22	0.41	0.61	0.07	0.4	0.1	0.4	0.27	0.14	0.18	0.27	0.03	0.49	0.59	0.17	0.3	0	0.03	0.47	0.01	0.18	0.46	0.46	0.19	0.18	0.45	0.04	0.14	0.3	0.44	0.61	0.15	0.43	0.43	0.04	0.36
0.15	0.9	0.21	0.07	0.13	0.25	0.4	0.05	0.02	1.26	0.14	6.93	0.03	1.6	0.36	0.21	0.51	0.55	0.56	0.04	0.44	0.15	0.2	0.15	0.47	0.03	0.05	0.07	0.38	0.32	0.11	0.16	0.05	0.15	0.05	0.25	0.47	0.04	0.1	0.21	0.05	0.13	0.04	0.17	0.45	0.14	0.23	1.07	0.57	0.13	0.47	0.5	0.04	0.47	0.03	0.41	0.05	0.04	0.53	0.12	0.03	0.12	0.05	0.55	0.14	0.17	0.06	0.47	0.07	0.06	0.05	0.14	0.14	0.28	0.04	0.51	0.21	0.24	0.78	0.03	0	0.15	0.03	0.18	0.29	0.47	0.37	0.57	0.12	0.01	0.15	0.38	0.58	0.48	0.43	0.15	0.07	0.04	0.21
0.12	0.97	0.47	0.39	0.12	0.29	0.03	0.46	0.14	1.59	0.02	5.56	0.21	0.19	0.49	0.04	0.69	0.49	0.21	0.17	0.17	0.04	0.25	0.04	0.04	0.16	0.16	0.53	0.22	0.15	0.03	0.26	0.15	0.4	0.15	0.4	0.13	1.02	0.14	0	0.39	0.1	0.4	0.05	0.76	0.13	0.24	0.25	0.21	0.41	1.01	0.35	0.52	0.07	0.15	0.17	0.43	0.22	0.03	0.04	0.15	0.04	0.15	0.19	0.3	0.51	0.16	0.04	0.18	0.16	0.17	0.09	0.24	0.18	0.16	0.03	0.3	0.16	0.19	0.15	0.73	0	0.16	0.05	0.21	0.04	0.05	0.06	0.03	0.13	0.05	0.2	0.15	0.21	0.19	0.14	0.54	0.16	0.2
0.13	0.22	0.1	0.15	0.13	0.27	0.45	0.96	0.04	0.82	0.25	0.33	0.21	0.12	0.35	0.47	0.08	2.07	0.47	0.04	0.12	0.15	0.21	0.47	0.14	0.23	0.06	0.47	1.13	0.01	0.12	0.16	0.06	0.13	0.08	0.19	0.03	0.35	0.12	0.15	0.05	0.12	0.17	0.11	0.28	0.13	0.22	0.06	0.34	0.53	0.03	0.79	0.89	0.17	0	0.11	0.06	0.05	0.16	0.5	0.04	0.44	0.06	0.22	0.15	0.18	0.08	0.5	0.11	0.33	0.23	0.14	0.13	0.28	0.33	0.46	0.8	0.9	0.32	0.88	0.03	1.4	0	0.19	0.28	0.6	0.5	0.4	0.12	0.04	0.14	0.7	0.4	0.34	0.08	0.05	0.81	0.05	0.57
0.07	0.49	0.21	0.49	0.06	0.23	0.07	0.21	0.16	1.23	0.07	0.31	0.41	0.19	0.56	0.02	0.21	0.41	0.17	0.61	0.91	0.41	0.41	0.24	0.07	0.19	0.41	0.21	0.25	0.51	0.25	0.03	0.51	0.41	0.35	0	0.19	0.54	0.08	0.42	0.89	0.09	0.92	0.1	0.36	0.52	0.29	0.42	0.14	0.22	0.72	0.42	0.23	0.09	0.19	0.08	0.19	0.42	0.03	0.08	0.19	0.08	0.42	0.2	0.05	0.01	0.43	0.07	0.46	0.43	0.93	0.18	0.06	0.1	0.36	0.53	0.09	0.03	0.23	0.18	0.43	0.05	0.43	0	0.31	0.1	0	0.04	0.43	0.18	0.07	0.12	0.18	0.27	0.44	0.22	0.22	0.2	0.15
0.21	0.27	0.26	0.45	0.15	0.48	0.21	0.28	0.27	1.2	0.21	1.91	0.6	0.48	0.46	0.27	0.29	0.46	0.96	0.46	0.46	0.22	0.27	0.15	0.2	0.66	0.67	0.46	0.68	0.29	0.57	0.23	0.58	0.19	0.47	0.53	0.26	0.25	0.47	0.32	0.26	0.2	0.27	0.47	0.27	0.78	0.07	0.47	0.47	1.08	0.26	0.27	0.25	0.19	0.58	0.5	0.44	0.26	0.48	0.22	0.27	0.21	0.48	0.06	0.68	0.48	0.58	0.48	0.3	0.57	0.26	0.48	0.15	0.49	0.27	0.28	0.42	0.59	0.49	0.49	0.29	0.21	0.28	0.2	0	0.31	0.26	0.17	0.22	0.27	0.49	0.36	0.4	0.41	0.4	0.9	0.4	0.27	0.4
0.03	0.33	0.16	0.16	0.46	0.31	0.04	0.12	0.1	0.84	0.03	3.21	0.13	0.44	0.54	0.22	0.15	0.94	0.44	0.88	0.15	0.04	0.36	0.05	0.44	0.45	0.15	0.39	0.2	0.75	0.03	0.09	0.4	0.46	0.14	0.1	0.34	0.46	0.03	0.03	0.13	0.01	0.11	0.04	0.05	0.09	0.22	0.13	0.24	0.01	0.11	0.15	0.11	0.09	0.13	0.03	0.12	0.47	0.09	0.04	0.31	0.37	0.13	0.54	0.58	0.07	0.14	0.03	0.15	0.15	0.12	0.05	0.09	0.19	0.12	0	0.04	0.49	0.49	0.49	0.12	0.03	0.25	0.49	0.4	0	0.1	0.15	0.03	0.13	0.43	0.2	0.38	0.42	0.14	0.14	0.3	0.12	0.25
0.08	0.18	0.21	0.5	0.06	0.58	0.81	0.45	0.6	1.13	0.36	0.66	0.19	0.19	0.48	0.03	0.46	0.18	0.17	0.98	0.48	0.08	0.04	0.09	0.07	0.19	0.21	0.49	0.58	0.47	0.08	0.03	0.19	0.06	0.4	0.01	0.21	0.28	0.08	0.09	0.21	0.49	0.19	0.49	0.42	0.37	0.19	0.42	0.15	0.07	0.19	0.04	0.4	0.31	0.19	0.08	0.2	0.2	0.91	0.09	0.19	0.16	0.41	0.19	0.18	0.42	0.21	0.13	0.21	0.23	0.19	0.09	0.28	0.1	0.43	0.1	0.1	0.02	0.13	0.19	0.54	0.44	0.19	0	0.25	0.1	0	0.04	0.08	0.18	0.45	0.12	0.47	0.15	0.66	0.29	0.33	0.2	0.16
0.04	0.41	0.51	0.54	0.09	0.41	0.7	0.18	0.15	1.12	0.27	4.35	0.17	0.16	0.22	0.46	0.4	0.22	0.21	0.57	0.42	0.21	0.11	0.04	0.4	0.47	0.16	0.18	0.76	0.19	0.07	0.09	0.46	0.03	0.15	0.04	0.16	0.16	0.32	0.43	0.55	0.08	0.47	0.07	0.23	0.09	0.46	0.19	0.18	0.24	0.38	0.46	0.17	0.08	0.47	0.07	0.17	0.19	0.47	0.08	0.16	0.08	0.16	0.15	0.06	0.05	0.19	0.06	0.47	0.45	0.18	0.04	0.47	0.15	0.57	0.08	0.06	0.03	0.16	0.77	0.15	0.06	0.47	0.25	0.47	0.47	0.47	0	0.08	0.15	0.04	0.15	0.18	0.22	0.38	0.15	0.19	0.47	0.6
0.27	0.1	0.16	0.32	0.1	0.48	0.02	0.4	0.1	0.89	0.02	1.96	0.11	0.12	0.43	0.69	0.14	0.26	0.22	0.09	0.43	0.15	0.08	0.04	0.04	0.11	0.13	0.53	0.43	0.13	0	0.11	0.43	0.1	0.12	0.08	0.09	0.09	0.01	0.04	0.44	0.04	0.11	0.01	0.04	0.09	0.16	0.13	0.23	0	0.09	0.08	0.45	0.45	0.36	0.12	0.12	0.1	0.04	0.01	1.68	0.03	0.13	0.16	0.38	0.08	0.13	0.02	0.13	0.45	0.1	0.04	0.09	0.45	0.1	0.03	0.04	0.18	0.22	0.11	0.12	0.03	0.12	0.08	0.22	0.03	0.09	0.08	0	0.48	0.03	0.2	0.12	0.24	0.13	0.35	0.13	0.31	0.87
0.48	0.02	0.09	0.05	0.12	0.24	0.12	0.48	0	0.99	0.49	3.35	0.04	0.01	0.35	0.21	0.05	0.22	0.5	0.44	0.08	0.32	0.2	0.44	0.44	0.01	0.2	0.05	0.44	0.2	0.54	0.28	0.03	0.12	0.36	0.19	0.02	0.03	0.12	0.85	0.04	0.49	0.03	0.38	0.27	0.14	0.39	0.37	0.5	0.41	0.42	0.21	0.03	0.4	0.04	0.1	0.03	0.03	0.17	0.1	0.15	0.29	0.04	0.41	0.48	0.18	0.05	0.48	0.05	0.04	0.04	0.42	0.14	0.27	0.02	0.33	0.43	0.35	0.43	0.05	0.01	0.24	0.04	0.44	0.27	0.12	0.44	0.14	0.11	0	0.14	0.29	0.04	0.37	0.44	0.03	0.05	0.03	0.31
0.02	0.14	0.64	0.44	0.01	0.3	0.02	0.14	0.44	1.1	0.03	2.85	0.13	0.12	0.46	0.09	0.18	0.35	0.46	0.16	0.46	0.04	0.15	0.01	0.02	0.25	0.16	0.96	0.46	0.15	0.03	0.14	0.14	0.01	0.34	0.08	0.54	0.46	0.4	0.09	0.15	0.04	0.14	0.05	0.01	0.36	0.15	0.16	0.34	0.05	0.55	0.48	0.16	0.1	0.14	0.03	0.15	0.48	0.15	0.04	0.13	0.03	0.48	0.15	0.04	0.41	0.17	0.02	0.49	0.15	0.59	0.01	0.01	0.19	0.46	0.04	0.99	0.31	0.19	0.13	0.15	0.05	0.45	0.07	0.14	0.04	0.4	0.04	0.4	0.12	0	0.89	0.14	0.4	0.16	0.15	0.16	0.24	0.22
0.19	0.62	0.65	0.32	0.47	0.32	0.45	0.42	0.55	1.11	0.19	4.88	0.47	0.57	0.23	0.48	0.34	0.56	0.05	0.31	0.56	0.19	0.15	1	1.07	0.31	0.32	0.71	0.44	0.31	0.19	0.14	0.46	0.17	0.4	0.46	0.32	0.29	0.18	0.21	0.3	0.18	0.46	0.21	0.19	0.53	0.56	0.32	0.46	0.17	0.31	0.15	0.31	9	0.3	0.46	0.31	0.97	0.47	0.46	0.46	0.2	0.46	0.7	0.17	0.44	0.33	0.46	0.34	0.33	0.46	0.18	0.56	0	0.96	0.46	0.46	0.13	0.22	0.46	0.46	0.16	0.3	0.12	0.72	0.19	0.12	0.96	0.2	0.29	0.46	0	0.32	0.03	0.5	0.3	0.55	0.3	1.25
0.12	0.04	0.41	0.07	0.13	0.65	0.12	0.05	0.03	1.22	0.72	4.79	0	0.05	0.45	0.21	0.07	0.45	0.33	0.04	0.1	0.49	0.55	0.14	0.53	0.05	0.06	0.07	0.13	0.01	0.11	0.16	0.06	0.3	0.22	0.18	0.03	0.45	0.11	0.15	0.05	0.12	0.45	0.11	0.17	0.46	0.52	0.66	0.39	0.18	0.05	0.46	0.04	0.46	0.01	0.47	0.05	0.04	0.16	0.12	0.04	0.31	0.06	0.23	0.15	0.97	0.47	0.12	0.07	0.06	0.04	0.14	0.48	0.27	0.03	0.48	0.47	3.05	0.53	0.47	0.03	0.15	0.01	0.18	0.97	0.13	0.19	0.47	0.12	0.04	0.13	0.3	0	0.43	0.07	0.04	0.21	0.05	1.48
0.23	0.54	0.44	0.64	0.23	0.15	0.45	0.46	0.32	1.65	0.45	2.12	0.61	0.71	0.41	0.17	0.36	0.06	0.42	0.35	0.47	0.43	0.42	0.23	0.23	0.64	0.34	0.36	0.38	0.44	0.43	0.61	0.36	0.43	0.32	0.44	0.66	0.58	1.04	0.23	0.37	0.22	0.45	0.26	0.55	0.65	1.45	0.95	0.29	0.45	0.69	0.18	0.67	0.46	0.4	0.46	0.46	0.35	0.97	0.22	0.47	0.48	0.57	0.47	0.19	0.14	0.47	0.23	0.47	0.48	0.37	0.23	0.48	0.03	0.36	0.48	0.22	0.58	0.3	0.48	0.35	0.25	0.74	0.99	0.49	0.49	0.49	0.79	0.49	0.33	0.23	0.04	0.6	0	0.7	0.49	1.02	0.34	0.49
0.42	0.52	0.42	0.26	0.16	0.36	0.14	0.05	0.05	0.93	0.43	12.3	0.07	0.2	0.7	0.24	0.4	0.3	0.29	0.05	0.12	0.17	0.22	0.18	0.19	0.08	0.41	0.07	0.13	0.08	0.61	0.41	0.05	0.41	0.43	0.22	0.07	0.53	0.13	0.42	0.05	0.14	0.04	0.39	0.42	0.15	0.52	0.06	0.43	0.13	0.05	1.49	0.04	0.53	0.08	0.38	0.94	0.44	0.18	0.13	0.07	0.54	0.44	0.23	0.44	0.19	0.44	0.14	0.03	0.45	0.45	0.19	0.67	0.65	0.06	0.45	0.43	0.2	0.72	0.46	0.11	0.18	0.08	0.21	0.46	0.46	0.21	0.18	0.13	1.17	0.67	0.47	0.62	0.58	0	0.05	0.67	0.05	0.22
0.13	0	0.09	0.05	0.13	0.24	0.12	0.02	0.02	0.83	0.45	4.37	0.37	0.04	0.59	0.22	0.05	0.19	0.22	0.17	1.09	0.14	0.19	0.16	0.48	0.34	0.03	0.04	1.05	0.05	0.25	0.86	0.38	0.49	0.04	0.38	0.02	0.37	0.11	0.21	0.02	0.12	0.02	0.33	1.4	0.14	0.4	0.3	0.9	0.09	0.4	0.5	0.01	0.41	0.05	0.1	0.41	0.02	0.15	0.11	0.03	0.44	0.41	0.26	0.16	0.16	0.04	0.41	0.42	0.42	0.03	0.17	0.42	0.27	0.03	0.12	0.21	0.43	0.42	1.13	0.04	0.2	0.43	0.35	0.27	0.11	0.43	0.43	0.43	0.03	0.16	0.31	0.04	0.58	0.05	0	0.44	0.02	0.25
0.15	0.04	0.1	0.04	0.45	0.21	0.16	0.05	0.05	0.96	0.46	0.95	0.07	0.08	0.38	0.45	0.04	0.45	3.67	0.05	0.1	0.2	0.46	0.45	0.16	0.08	0.02	0.07	0.46	0.08	0.14	0.47	0.05	0.16	0.07	0.22	0.04	0.04	0.13	0.98	0.05	0.49	0.04	0.17	0.33	0.15	0.23	0.05	0.4	0.4	0.05	0.61	0.04	0.4	0.07	0.34	0.05	0.04	0.41	0.41	0.06	0.63	0.02	0.23	0.19	0.43	0.43	0.43	0.03	0.06	0.45	0.49	0.95	0.55	0.06	0.16	0.23	0.53	0.7	0.07	0.06	0.45	0.08	0.23	0.45	0.15	0.55	0.18	0.14	0.45	0.18	0.95	0.45	0.55	0.01	0.36	0	0.04	0.45
0.11	0.02	0.1	0.05	0.47	0.62	0.31	0.6	0.03	1.18	0.13	10.6	0.07	0.2	1.44	0.21	0.04	0.27	0.43	0.02	0.14	0.16	0.21	0.17	0.44	0	0.03	0.05	0.12	0.05	0.13	0.17	0.03	0.94	0.05	0.21	0.03	0.44	0.1	0.22	0.01	0.44	0.01	0.18	0.44	0.14	0.21	0.03	0.34	0.12	0.6	0.19	0.01	0.18	0.05	0.1	0.03	0.35	1.11	0.11	0.45	0.13	0.18	0.21	0.47	0.19	0.04	0.12	0.05	0.04	0.03	0.16	0.54	0.28	0.03	0.12	0.22	0.18	0.46	0.04	0.04	0.46	0.05	0.18	0.76	0.26	0.46	0.16	0.12	0.23	0.46	0.46	0.05	0.37	0.05	0.02	0.04	0	0.52
0.23	0.48	0.5	0.7	0.49	0.15	0.49	0.41	0.22	0.97	0.23	1.29	0.41	0.41	0.72	0.17	0.22	0	0.04	0.42	0.43	0.43	0.53	0.22	0.22	0.44	0.54	0.44	0.46	0.28	0.23	0.45	0.45	0.55	0.43	0.46	0.56	0.22	0.24	0.24	0.47	0.23	0.2	0.47	0.22	0.48	0.34	0.59	0.34	0.37	0.8	0.41	0.9	0.41	0.81	0.6	0.42	0.18	0.17	0.24	0.2	1.13	0.2	0.48	0.2	0.58	0.21	0.22	0.22	0.47	0.18	1.03	0.44	0.09	0.36	0.24	0.24	2.36	0.44	0.27	0.45	0.55	0.54	0.48	0.44	0.45	0.15	0.27	0.97	0.55	0.97	0.47	0.55	0.14	0.56	0.19	0.48	0.99	0
