0	0.47	0.45	0.44	0.02	0.36	0.03	0.13	0.17	0.46	0.09	2.15	0.57	0.13	0.25	0.1	0.15	0.43	0.23	0.12	0.19	0.04	0.48	0.03	0.03	0.22	0.13	0.48	0.18	0.13	0.13	0.04	0.12	0.02	0.19	0.07	0.13	0.12	0.01	0.1	0.12	0.03	0.49	0.43	2.07	0.02	0.15	0.14	0.22	0.19	0.11	0.08	0.11	0.09	0.13	0.01	0.13	0.5	0.04	0.02	0.4	0.9	0.13	0.4	0.03	0.37	0.17	0	0.4	0.13	0.26	0.03	0.4	0.19	0.14	0.04	0.4	0.81	0.31	0.21	0.4	0.06	0.12	0.71	0.21	0.41	0.08	0.04	0.02	0.11	0.41	0.57	0.12	0.23	0.17	0.36	0.91	0.11	0.45
0.18	0	0.46	0.42	0.47	0.25	0.47	0.02	0.02	0.04	0.13	0.33	0.04	0.23	0.38	0.46	0.04	0.49	0.54	0.02	0.05	0.92	0.24	0.46	0.5	0.39	0.03	0.04	0.1	0.47	0.12	0.47	0.07	0.48	0.04	0.58	0.02	0.16	0.21	0.48	0.03	0.12	0.01	0.15	3.4	0.48	0.21	0.02	0.59	0.99	0.05	0.19	0.01	0.59	0.05	0.11	0.02	0.02	0.5	0.12	0.02	0.23	0.31	0.5	0.9	0.16	0.04	0.8	0.4	0.03	0.22	0.13	0.71	0.26	0.02	0.13	0.4	0.41	0.45	0.04	0.4	0.15	0.05	0.18	0.27	0.4	0.19	0.91	0.1	0.02	0.13	0.3	0.4	0.32	0.91	0.03	0.04	0.41	0.2
0.15	0.1	0	0.24	0.16	0.36	0.15	0.11	0.07	0.1	0.15	0.99	0.49	0.08	0.37	0.22	0.11	0.4	3.2	0.08	0.49	0.18	0.22	0.33	0.42	0.06	0.1	0.11	0.28	0.5	0.32	0.4	0.1	0.16	0.09	0.21	0.4	0.6	0.26	0.2	0.09	0.15	0.09	0.15	0.51	0.21	0.31	0.09	0.36	0.41	0.14	0.64	0.09	1.42	0.91	0.4	0.28	0.09	0.32	0.42	0.32	0.47	0.1	0.28	0.42	0.2	0.11	0.15	0.11	0.11	0.92	0.97	0.33	0.31	0.07	0.18	0.2	0.42	0.34	0.1	0.08	0.18	0.11	0.46	0.43	0.16	0.43	0.18	0.16	0.09	0.33	0.47	0.1	0.34	0.1	0.09	0.43	0.1	0.73
0.15	0.92	0.1	0	0.18	0.24	0.15	0.4	0.05	0.33	0.73	0.38	0.94	0.08	0.39	0.45	0.06	0.22	0.45	0.45	0.24	0.19	0.22	0.56	0.46	0.08	0.02	0.25	0.13	0.08	0.2	0.47	0.05	0.2	0.11	0.48	0.05	0.58	0.49	0.25	0.57	0.15	0.05	0.55	0.4	0.4	0.23	0.28	0.47	0.4	0.6	0.41	0.04	0.83	0.08	0.41	0.05	0.04	0.52	0.13	0.07	0.92	0.02	0.43	0.3	0.19	0.04	0.93	0.03	0.11	0.06	0.17	0.26	0.44	0.09	0.53	0.25	0.53	0.34	0.07	0.94	0.18	0.08	0.99	0.29	0.44	0.31	0.2	0.14	0.45	0.17	0.32	0.45	0.39	0	0.05	0.46	0.05	0.22
0.07	0.14	0.16	0.15	0	0.29	0.02	0.15	0.13	0.15	0.02	4.7	0.13	0.37	0.28	0.13	0.15	0.44	0.58	0.16	0.16	0.47	0.18	0.01	0.01	0.13	0.15	0.17	0.42	0.14	0.42	0.1	0.14	0.37	0.13	0.06	0.13	0.14	0.04	0.09	0.54	0.17	0.28	0.04	3.84	0.01	0.46	0.47	0.2	0.04	0.14	0.11	0.13	0.24	0.49	0.03	0.13	0.13	0.41	0.1	0.21	0.25	0.31	0.43	0.09	0.06	0.15	0.02	0.35	0.16	0.15	0.02	0.29	0.47	0.12	0.1	0.09	0.7	0.24	0.12	0.13	0.49	0.32	0.06	0.37	0.4	0.08	0.09	0.13	0.12	0.01	0.17	0.14	0.22	0.15	0.14	0.16	0.32	0.45
0.3	0.25	0.36	0.59	0.29	0	0.3	0.44	0.59	0.27	0.4	3.97	0.28	0.26	0.12	0.61	0.56	0.43	0.44	0.41	0.41	0.31	0.65	0.3	0.67	0.26	0.41	0.28	0.77	0.76	0.31	1.13	0.26	0.58	0.29	0.92	0.42	0.98	0.29	0.32	0.42	0.31	0.25	0.37	0.76	0.29	0.42	1.4	0.9	0.29	0.26	0.26	0.25	1.11	0.29	0.31	0.26	0.25	0.41	0.32	0.26	0.31	0.4	0.42	0.44	0.22	0.23	0.3	0.24	0.41	0.27	0.65	0.31	0.41	0.51	0.46	0.51	0.24	0.19	0.54	0.57	0.32	0.29	0.23	0.48	0.32	0.33	0.27	0.41	0.43	0.3	0.12	0.28	0.4	0.51	0.26	0.24	0.25	0.16
0	0.48	0.15	0.15	0.02	0.3	0	0.17	0.47	0.54	0.01	1.08	0.3	0.12	0.25	0.1	0.14	0.58	0.23	0.12	0.49	0.04	0.08	0.03	0.1	0.12	0.47	0.15	2.09	0.12	0.02	0.05	0.12	0.12	0.11	0.08	0.12	0.1	0.01	0.4	0.4	0.04	0.13	0.48	1.58	0.05	0.4	0.21	0.5	0.02	0.11	0.25	0.12	0.13	0.13	0.4	0.25	0.11	0.04	0.02	0.49	0.04	0.5	0.4	0.03	0.5	0.16	0	0.16	0.4	0.13	0.03	0.02	0.4	0.36	0.4	0.1	0.06	0.4	0.12	0.51	0.31	0.32	0.61	0.41	0.03	0.08	0.04	0.02	0.41	0.02	0.19	0.12	0.41	0.14	0.28	0.51	0.33	0.86
0.41	0.06	0.55	0.06	0.13	0.46	0.13	0	0.02	0.56	0.14	3.63	0.05	0.03	0.38	0.92	0.42	0.2	2.02	0.03	0.33	0.4	0.2	0.18	0.17	0.42	0.04	0.02	0.4	0.06	0.42	0.56	0.01	0.13	0.05	0.42	0.03	0.11	0.1	0.21	0.03	0.11	0.03	0.45	0.16	0.13	0.22	0.01	0.5	0.11	0.56	0.43	0.02	0.18	0.06	0.11	0	0.44	0.18	0.12	0.03	0.24	0.03	0.54	0.44	0.21	0.04	0.61	0.05	0.02	0.04	0.17	0.14	0.28	0.04	0.13	0.21	0.47	0.33	0.26	0.05	0.16	0.06	0.47	0.28	0.13	0.56	0.16	0.48	0.03	0.14	0.58	0.05	0.52	0.05	0.02	0.92	0.03	0.2
0.1	0.02	0.07	0.05	0.11	0.56	0.12	0.02	0	0.02	0.49	2.33	0.03	0.95	0.4	0.21	0.05	0.39	0.36	0.16	0.06	0.2	0.41	0.13	0.12	0.01	0.03	0.06	0.71	0.04	0.09	0.17	0.56	0.3	0.06	0.17	0.02	0.08	0.37	0.93	0.03	0.11	0.02	0.13	0.54	0.43	0.21	0.18	0.33	0.18	0.17	0.2	0.02	0.17	0.04	0.11	0.02	0.03	0.29	0.43	0.02	0.72	0.34	0.43	0.43	0.18	0.05	0.16	0.05	0.4	0.41	0.15	0.48	0.54	0.02	0.44	0.19	0.46	0.31	0.03	0.02	0.13	0.24	0.44	0.27	1.01	0.17	0.44	0.09	0	0.12	0.44	0.03	1.13	0.05	0.3	0.05	0.03	0.19
0.16	0.22	0.1	0.06	0.47	0.45	0.12	1.85	0.24	0	0.13	3.35	0.23	0.4	0.37	0.21	0.33	0.2	0.35	0.41	0.4	1.22	0.4	0.41	0.14	0.34	0.06	0.02	1.12	0.68	2.42	0.41	1.04	0.68	0.87	0.42	1.2	0.81	0.11	0.21	1.24	0.41	0.02	1.77	1.56	0.5	0.45	1.5	1.43	0.93	0.43	0.2	0.02	0.55	0.05	0.44	0.02	0.03	0.21	0.12	0.34	0.43	0.43	1.19	0.88	0.63	0.05	0.15	0.44	0.02	0.1	0.28	0.37	0.3	0.44	0.32	0.24	0.56	0.33	0.05	0.44	0.54	0.18	0.22	0.28	0.14	0.2	0.17	0.44	0.14	0.17	0.32	0.44	0.65	0.05	1.6	0.38	0.03	0.5
0.01	0.11	0.52	0.14	0.45	0.54	0.01	0.27	0.45	0.95	0	5.38	0.11	0.1	0.25	0.1	0.14	0.5	0.22	0.13	0.12	0.41	0.07	0.41	0.03	0.11	0.14	0.16	0.2	0.43	0.01	0.03	0.33	0.28	0.11	0.08	0.43	0.13	0.01	0.42	0.35	0.02	0.12	0.05	0.43	0.9	0.15	0.37	0.22	0.02	0.12	0.4	0.13	0.1	0.94	0.36	0.44	0.13	0.03	0.02	0.12	0.3	0.5	0.15	0.03	0.44	0.14	0.01	0.14	0.27	0.44	0.03	0.02	0.18	0.14	0.03	0.03	0.44	0.2	0.12	0.14	0.17	0.59	0.08	0.21	0.03	0.94	0.06	0.02	0.12	0.03	0.19	0.12	0.22	0.45	0.15	0.17	0.13	0.23
4.18	0.46	2.08	2.04	1.09	2.29	0.21	1.3	9.01	3.78	0.21	0	1.62	4.31	7.59	0.16	12.7	0.82	13.8	0.48	1.77	9.93	2.31	0.2	1.81	6.33	0.58	1.61	2.87	5.17	0.66	1.06	1.98	0.47	0.84	2.84	1.39	2.09	1.72	1.47	0.34	1.95	1.58	7.57	1.11	14.4	0.45	1.5	10	0.21	0.77	1.27	0.33	0.22	4.07	7.85	1.05	12.9	0.18	2.23	2.55	1.8	3.89	0.61	1.48	2.96	7.98	0.58	1.57	10	0.47	2.44	8.77	0.45	1.28	2.37	7.6	0.85	0.01	13.5	13.7	7.45	5.83	0.13	0.5	1.2	2.18	9.11	0.54	1.05	4.22	5.94	1.85	1	12.9	0.41	1.82	10.1	0.5
0.47	0.04	0.48	0.23	0.42	0.5	0.12	0.05	0.03	0.05	0.12	6.59	0	0.05	0.5	0.58	0.15	0.48	0.33	0.28	0.28	0.14	0.48	0.39	0.14	0.05	0.06	0.07	0.48	0.01	0.11	0.36	0.48	0.12	0.44	0.19	0.02	0.39	0.99	0.15	0.04	0.12	0.04	0.41	3.27	0.14	0.22	0.06	0.49	0.18	0.34	0.59	0.49	0.81	0.01	0.11	0.07	0.41	0.16	0.12	0.04	0.41	0.44	0.52	0.14	0.17	0.07	0.12	0.18	0.41	0.04	0.14	0.12	0.6	0.2	0.44	0.49	0.32	0.3	0	0.42	0.54	0.01	0.42	0.35	0.13	0.18	0.18	0.11	0.03	0.42	0.3	0	0.53	0.34	0.18	0.27	0.42	0.27
0.49	0.23	0.08	0.59	0.11	0.26	0.49	0.14	0.01	0.05	0.5	1.49	0.05	0	0.36	0.34	0.05	0.55	0.34	0.04	0.06	0.48	0.19	0.58	0.49	0.01	0.03	0.49	0.09	0.06	0.11	0.5	0.09	0.13	0.38	0.18	0.03	0.04	0.11	0.19	0.04	0.13	0.04	0.47	0.53	0.62	0.42	0.03	0.34	0.12	0.04	1.02	0.03	0.17	0.06	0.42	0.03	0.04	0.14	0.1	0.01	0.42	0.03	0.58	0.14	0.15	0.04	0.3	0.36	0.04	0.53	0.52	0.13	0.27	0.02	0.43	0.19	1.23	0.73	0.05	0.03	0.15	0.16	0.18	0.43	0.43	0.19	0.14	0.53	0.01	0.12	0.32	0.44	0.45	0.08	0.04	0.32	0.44	0.25
0.25	0.96	0.46	0.56	0.28	0.12	0.46	0.38	0.87	0.43	0.55	0.95	0.34	0.45	0	0.16	0.4	0.46	0.33	0.36	0.37	0.22	0.47	0.28	0.25	0.36	0.39	0.4	0.39	0.35	0.78	0.18	0.56	0.28	0.59	0.18	0.36	0.51	0.26	0.27	0.37	0.22	0.4	0.28	3.27	0.97	0.56	1.29	0.15	0.23	0.51	0.46	0.6	0.72	0.35	0.3	0.36	0.38	0.18	0.23	0.43	0.45	0.37	0.37	0.19	0.72	0.54	0.25	0.52	0.42	0.37	0.25	0.28	0.22	0.59	0.6	0.27	0.54	0.04	0.34	0.36	0.47	0.36	0.42	0.43	0.23	0.18	0.92	0.42	0.38	0.24	0.58	0.53	0.87	0.45	0.6	0.43	0.57	0.25
0.29	0.21	0.22	0.26	0.48	0.5	0.1	0.51	0.5	0.49	0.49	3.4	0.2	0.52	0.16	0	0.57	0.2	0.17	0.22	0.2	0.07	0.02	0.09	0.48	0.59	0.22	0.48	0.46	0.21	0.07	0.03	0.22	0.12	0.48	0.04	0.21	0.79	0.09	0.49	0.23	0.06	0.2	0.12	0.66	0.15	0.49	0.39	0.17	0.1	0.21	0.03	0.59	0.89	0.29	0.1	0.5	0.21	0.03	0.08	0.49	0.33	1	0.21	0.04	0.01	0.23	0.32	0.23	0.22	0.23	0.09	0.41	0.13	0.2	0.07	0.11	0.03	0.15	0.21	0.62	0.92	0.21	0.05	0.43	0.43	0.03	0.12	0.19	0.29	0.09	0.44	0.2	0.17	0.26	0.22	0.54	0.21	0.18
0.15	0.25	0.47	0.03	0.15	0.24	0.48	0.05	0.05	0.05	0.17	1.57	0.45	0.05	0.39	0.91	0	0.35	0.31	0.05	0.48	0.46	0.22	0.21	0.18	0.4	0.36	0.07	1.88	0.08	0.67	0.18	0.05	0.15	0.06	0.21	0.19	0.24	0.13	0.48	0.05	0.16	0.35	0.53	0.77	0.25	0.23	0.15	0.36	0.15	0.05	0.6	0.04	0.54	0.08	0.14	0.41	0.04	0.38	0.4	0.05	0.4	0.02	0.23	0.4	0.47	0.18	0.14	0.03	0.41	0.41	0.24	1.22	0.71	0.06	0.2	0.25	0.45	0.52	0.42	0.07	0.4	0.08	0.41	0.29	0.16	0.42	0.18	0.14	0.42	0.16	0.42	0.52	0.5	0.42	0.42	0.06	0.31	0.35
0.25	0.19	0.4	0.58	0.48	0.11	0.25	0.2	0.19	0.34	0.25	1.4	0.48	0.79	0.16	0.49	0.22	0	0.04	0.58	0.49	0.78	0.21	0.24	0.25	0.21	0.2	0.5	1.69	0.21	0.25	0.6	0.4	0.24	1.55	0.18	0.41	0.18	0.61	0.41	0.19	0.26	0.51	0.27	0.47	0.41	0.92	0.42	0.57	0.24	0.72	0.42	0.18	0.37	0.21	0.92	0.2	0.19	0.2	0.45	0.43	1.23	0.2	0.36	0.43	0.43	0.61	0.25	0.22	0.3	0.28	0.25	0.7	0.2	0.46	0.44	0.27	0.19	0.44	0.2	0.94	0.23	0.21	0.18	1.25	0.27	0.18	0.22	0.48	0.2	0.24	0.09	0.2	0.06	0.22	0.19	0.33	0.19	0.45
0.53	0.23	0.29	0.3	0.22	0.11	0.54	0.47	0.53	0.3	0.22	1.09	1.22	0.34	0.65	0.16	0.31	0.05	0	0.24	0.39	0.21	0.19	0.23	2	1.1	0.6	0.32	0.43	0.4	0.23	0.36	0.31	0.21	0.34	0.17	0.24	0.46	0.23	0.44	0.27	0.22	0.23	0.33	4.87	0.44	0.35	0.31	0.32	0.52	0.25	0.17	0.26	0.48	0.34	0.24	0.32	0.27	0.2	0.25	0.47	0.24	0.48	0.35	0.2	0.18	0.3	0.41	0.4	0.31	0.25	0.23	0.28	0.25	0.73	0.22	0.23	0.18	0.26	0.39	0.35	0.41	0.35	0.16	0.41	0.61	0.17	0.2	0.22	0.34	0.41	0.05	0.34	0.05	0.39	0.54	0.3	0.44	0.47
0.41	0.02	0.08	0.05	0.13	0.41	0.47	0.03	0.02	0.04	0.12	4.86	0.03	0.04	0.36	0.2	0.05	0.56	0.24	0	0.06	0.17	0.19	0.45	0.29	0.04	0.14	0.65	0.09	0.21	0.45	0.45	0.04	0.14	0.04	0.55	0.01	0.01	0.09	0.45	0.02	0.42	0.02	0.45	0.16	0.14	0.45	0.06	0.33	0.46	0.01	0.46	0.01	0.39	0.66	0.1	0.03	0.02	0.19	0.46	0.03	0.72	0.03	0.2	0.46	0.19	0.05	0.47	0.05	0.04	0.01	0.46	0.13	0.26	0.02	0.1	0.22	0.19	0.47	0.35	0.04	0.14	0.47	0.18	0.26	0.13	0.47	0.15	0.11	0.03	0.15	0.67	0.04	0.36	0.32	0.07	0.05	0.02	0.47
0.11	0.05	0.11	0.1	0.15	0.3	0.12	0.06	0.06	0.27	0.24	3.91	0.4	0.06	0.38	0.2	0.4	0.53	0.4	0.06	0	0.17	0.51	0.15	0.15	0.05	0.06	0.06	0.13	0.09	0.12	0.41	0.45	0.13	0.01	0.18	0.92	0.28	0.42	0.18	0.06	0.14	0.42	0.45	0.4	0.38	0.92	0.17	0.37	0.13	0.06	0.42	0.05	1.42	0.09	0.42	0.06	0.42	0.15	0.42	1.21	0.92	0.42	0.27	0.42	0.3	0.08	0.12	0.08	0.52	0.07	0.35	0.36	0.32	0.42	0.15	0.42	0.42	0.32	0.08	0.06	0.17	0.44	0.54	0.23	0.48	0.18	0.42	0.14	0.06	0.18	0.31	0.25	0.33	0.34	0.06	0.09	0.17	0.72
0.03	0.46	0.18	0.36	0.1	0.3	0.03	0.15	0.15	0.98	0.03	12.7	0.15	0.5	0.22	0.07	0.48	1.68	0.21	0.17	0.18	0	0.4	0.04	0.43	0.15	0.17	0.18	0.19	0.16	0.14	0.04	0.15	0.09	0.61	0.07	0.52	0.28	1	0.03	0.37	0.03	0.4	0.06	17.1	0.62	0.16	0.41	0.58	0.03	0.17	0.41	0.15	0.12	0.16	0.41	1.05	0.15	0.04	0.13	0.42	0.42	0.15	0.17	0.52	0.05	0.52	0.03	0.4	0.23	0.42	0.04	0.1	0.42	0.18	0.03	0.03	0.07	0.21	0.82	0.15	0.51	0.15	0.07	0.42	0.06	0.08	0.08	0.19	0.45	0.04	0.63	0.37	0.43	0.17	0.16	0.18	0.28	0.23
0.08	0.2	0.19	0.22	0.14	0.79	0.08	0.2	0.7	0.19	0.07	11	0.2	0.5	0.37	0.02	0.24	0.4	0.19	0.19	0.19	0.08	0	0.22	0.4	0.18	0.9	0.41	0.4	0.22	0.41	0.05	0.24	0.13	0.17	0.04	0.41	0.19	0.09	0.06	0.2	0.08	0.53	0.41	5.44	0.3	0.87	0.22	0.18	0.05	0.2	0.01	0.54	0.11	0.21	0.09	0.22	0.22	0.05	0.42	0.44	0.1	0.43	0.21	0.43	0.04	0.23	0.43	0.45	0.2	0.21	0.1	0.24	0.19	0.94	0.44	0.06	0.05	0.44	0.21	0.44	0.05	0.5	0.44	0.58	0.12	0.04	0.11	0.08	0.18	0.09	0.45	0.21	0.3	0.55	0.19	0.28	0.21	0.45
0.03	0.15	0.2	0.64	0.02	0.44	0.03	0.17	0.94	0.16	0.03	2.93	0.14	0.18	0.25	0.09	0.42	0.24	0.23	0.15	0.42	0.4	0.09	0	0.13	0.42	0.15	0.18	0.21	0.14	0.42	0.39	0.14	0.01	0.14	0.77	0.13	0.13	0.42	0.63	0.14	0.04	0.42	0.06	0.04	0.14	0.15	0.18	0.21	0.04	0.26	0.09	0.16	0.12	0.14	0.03	0.16	0.15	0.43	0.43	0.14	0.39	0.43	0.16	0.04	0.07	0.43	0.03	0.18	0.15	0.17	0.36	0.51	0.34	0.43	0.43	0.09	0.06	0.39	0.43	0.43	0.13	0.54	0.08	0.15	0.15	0.13	0.44	0.04	0.16	0.01	0.18	0.14	0.23	0.16	0.15	0.21	0.14	1.41
0.03	0.13	0.19	0.16	0.02	0.45	0.37	0.32	0.14	0.6	0.03	4.19	0.14	0.14	0.46	0.48	0.16	0.34	0.23	0.17	0.46	0.04	0.09	0.02	0	0.56	0.16	0.46	0.97	0.46	0.04	0.05	0.14	0.2	0.14	0.07	0.47	0.48	0.03	0.09	0.47	0.04	0.98	0.07	0.34	0.04	0.46	0.39	0.58	0.04	0.15	0.09	0.14	0.37	0.14	0.04	0.48	0.15	0.05	0.04	0.48	0.83	0.15	0.49	0.04	0.07	0.16	0.03	0.18	0.17	0.16	0.27	0.01	0.49	0.18	0.05	0.09	0.99	0.5	0.14	0.16	0.21	0.53	0.07	0.2	0.4	0.07	0.4	0.04	0.13	0.4	0.19	0.14	0.62	0.19	0.15	0.41	0.41	0.22
0.46	0	0.06	0.08	0.15	0.26	0.12	0.03	0.01	0.05	0.4	4.28	0.05	0.07	0.36	0.23	0.05	0.22	0.46	0.04	0.05	0.14	0.18	0.14	0.51	0	0.04	0.05	0.08	0.06	0.47	0.16	0.03	0.13	0.18	0.5	0.16	0.04	0.1	0.48	0.04	0.15	0.03	0.45	1.04	0.11	0.48	0.03	0.78	0.09	0.13	0.48	0.03	0.41	0.05	0.1	0.03	0.03	0.15	0.1	0.02	0.12	0.04	0.22	0.15	0.16	0.05	0.1	0.06	0.2	0.05	0.79	0.34	0.49	0.02	0.14	0.99	0.49	0.32	0.44	0.03	0.21	0.49	0.18	0.29	0.49	0.2	0.16	0.49	0.02	0.14	1	0.05	0.34	0.08	0	0.08	0	0.49
0.14	0.35	0.19	0.16	0.28	0.43	0.15	0.04	0.03	0.06	0.14	4.55	0.06	0.03	0.37	0.43	0.02	0.48	0.29	0.04	0.06	0.56	1.01	0.15	0.27	0.04	0	0.06	0.11	0.09	0.14	0.18	0.04	0.15	0.05	0.49	0.12	0.03	0.11	0.59	0.04	0.5	0.03	0.18	2.73	0.28	0.5	0.05	0.35	0.1	0.04	0.2	0.41	0.37	0.06	0.52	0.32	0.39	0.41	0.13	0.04	0.12	0	0.51	0.52	0.42	0.02	0.31	0.3	0.42	0.04	0.18	0.3	0.29	0.76	0.42	0.23	0.28	0.31	1.55	0.05	0.43	0.21	0.32	0.43	0.93	0.49	0.43	0.13	0.04	0.16	0.43	0.06	0.36	0.02	0.03	0.73	0.03	0.21
0.15	0.04	0.68	0.58	0.15	0.27	0.14	0.37	0.04	0.06	0.47	4.94	0.07	0.05	0.88	0.23	0.07	0.22	0.33	0.05	0.06	0.4	0.23	0.16	0.16	0.05	0.11	0	0.91	0.72	0.18	0.41	0.11	0.15	0.92	0.61	0.05	0.45	0.14	0.23	0.13	0.62	0.05	0.41	0.63	0.42	0.63	0.04	0.37	0.12	0.43	0.21	0.32	0.72	0.08	0.15	0.02	0.44	0.54	0.15	0.06	0.48	0.05	0.51	0.46	0.54	0.45	0.15	0.07	0.02	0.06	0.16	0.56	0.44	0.23	0.17	0.44	0.42	0.64	0.44	0.44	0.19	0.08	0.2	0.3	0.15	0.56	0.19	0.14	0.44	0.47	0.44	0.09	0.37	0.09	0.05	0.07	0.04	1.95
0.49	0.1	0.49	0.13	0.49	0.62	0.17	0.1	0.28	0.1	0.5	2.87	0.46	0.11	0.56	0.46	0.12	0.38	0.46	0.09	0.13	0.7	0.23	0.55	0.2	0.08	0.11	0.32	0	0.28	0.46	0.25	0.1	0.21	0.39	0.46	0.1	0.09	0.17	0.23	0.46	0.56	0.1	0.16	0.67	0.19	0.34	0.1	0.38	0.26	0.1	0.23	0.09	0.72	0.13	0.17	0.1	0.09	0.21	0.48	0.11	0.46	0.11	0.56	0.19	0.24	0.46	0.16	0.13	0.11	0.46	0.19	0.41	0.35	0.48	0.46	0.46	0.56	0.44	0.14	0.46	0.3	0.13	0.25	0.3	0.46	0.46	0.22	0.17	0.46	0.2	0.34	0.46	0.46	0.13	0.1	0.14	0.11	0.42
0.12	0.05	0.11	0.08	0.13	0.74	0.44	0.06	0.75	0.06	0.12	1.89	0.01	0.07	0.54	0.22	0.44	0.32	0.74	0.04	0.11	0.49	0.24	0.15	0.41	0.94	0.44	0.08	1.92	0	0.12	0.17	0.06	0.14	0.09	0.45	0.04	0.4	0.13	0.45	0.06	0.13	0.05	0.12	0.7	0.22	0.23	0.07	0.65	0.19	0.04	0.21	0.04	0.89	0	0.76	0.46	0.05	0.52	0.13	0.05	0.13	0.46	0.23	0.16	0.18	0.34	0.46	0.08	0.13	0.76	0.46	0.13	0.29	0.04	0.47	0.16	0.97	0.47	0.17	0.04	0.47	0.22	0.58	0.68	0.14	0.42	0.19	0.49	0.05	0.14	0.49	0.01	0.55	0.08	0.42	0.08	0.05	0.28
0.02	0.11	0.14	0.49	0.1	0.59	0.02	0.4	0.38	0.16	0.02	6.17	0.11	0.43	0.43	0.08	0.32	0.26	0.43	0.1	0.13	0.04	0.43	0.11	0.12	0.11	0.43	0.13	0.17	0.12	0	0.43	0.11	0.09	0.38	0.41	0.12	0.5	0.01	0.04	0.1	0.03	0.11	0.02	0.06	0.18	0.15	0.44	0.22	0.01	0.44	0.44	0.1	0.44	0.2	0.01	0.12	0.12	0.42	0.01	0.44	0.06	0.13	0.3	0.04	0.07	0.25	0.02	0.13	0.12	0.44	0.19	0.33	0.18	0.1	0.04	0.04	0.44	0.47	0.11	0.44	0.03	0.34	0.08	0.44	0.03	0.45	0.46	0	0.1	0.03	0.19	0.11	0.24	0.45	0.49	0.13	0.15	0.65
0.1	0.15	0.23	0.19	0.1	0.25	0.04	0.18	0.96	0.15	0.03	1.73	0.15	0.54	0.18	0.04	0.45	0.3	0.19	0.57	0.15	0.04	0.47	0.26	0.06	0.14	0.44	0.57	1.2	0.47	0.05	0	0.16	0.48	0.15	0.03	0.48	0.17	0.05	0.04	0.17	0.08	0.15	0.44	2.65	0.74	0.41	0.16	0.17	0.05	0.17	0.42	0.18	0.1	0.43	0.05	0.31	0.43	0.43	0.43	0.26	0.2	0.18	0.17	0.04	0.02	0.18	0.05	0.21	0.44	0.16	0.13	0.09	0.44	0.16	0.19	0.44	0.04	0.17	0.16	0.16	0.03	0.29	0.03	0.23	0.09	0.03	0.09	0.05	0.55	0.05	0.14	0.45	0.25	0.18	0.15	0.31	0.45	0.48
0.15	0.23	0.16	0.45	0.15	0.26	0.12	0.01	0.02	0.02	0.49	2.72	0.05	0.03	0.38	0.31	0.05	0.21	0.67	0.03	0.3	0.84	0.37	0.23	0.15	0.03	0.1	0.02	0.1	0.27	0.11	0.23	0	0.13	0.05	0.19	0.04	0.03	0.11	0.23	0.04	0.49	0.03	0.38	2.56	0.21	0.58	0.05	0.99	0.49	0.04	0.19	0.03	0.51	0.06	0.12	0.01	0.03	0.35	0.47	0.25	1.37	0.16	0.22	0.7	0.16	0.4	0.4	0.06	0.01	0.06	0.14	0.52	0.29	0.04	0.14	0.51	0.41	0.35	0.05	2.12	0.15	0.06	0.2	0.28	0.15	0.19	0.16	0.13	0.03	0.41	0.34	0.06	0.88	0.05	0.31	0.41	0.41	1.23
0.02	0.41	0.16	0.15	0	0.29	0.02	0.13	0.44	0.5	0.02	1.14	0.52	0.12	0.59	0.12	0.15	0.49	0.22	0.14	0.13	0.09	0.13	0.01	0.01	0.5	0.41	0.16	0.55	0.13	0.09	0.09	0.13	0	0.12	0.06	0.43	0.14	0.43	0.44	0.13	0.08	0.14	0.04	0.15	0	0.28	0.44	0.2	0.64	0.44	0.13	0.12	0.32	0.13	0.12	0.14	0.13	0.09	0.06	0.13	0.26	0.15	0.44	0.06	0.44	0.64	0.29	0.15	0.15	0.45	0.01	0.22	0.18	0.13	0.18	0.09	0.05	0.23	0.13	0.13	0.21	0.13	0.05	0.19	0.25	0.45	0.03	0.09	0.45	0.01	0.46	0.47	0.44	0.46	0.14	0.18	0.17	0.24
0.14	0.39	0.26	0.08	0.13	0.47	0.1	0.45	0.09	0.98	0.47	4.77	0.07	0.04	0.35	0.19	0.06	0.46	0.34	0.19	0.01	0.56	0.17	0.14	0.42	0.04	0.86	0.05	0.12	0.13	0.11	0.16	0.05	0.12	0	0.17	0.04	0.04	0.46	0.16	0.04	0.13	0.03	0.13	0.45	0.14	0.26	0.45	0.33	0.45	0.04	0.45	0.03	0.52	0.08	0.13	0.05	0.11	0.14	0.26	0.05	0.53	0.45	0.26	0.54	0.19	0.45	0.11	0.06	0.06	0.04	0.46	0.21	0.29	0.05	0.55	0.17	0.18	0.95	0.13	0.45	0.15	0.08	0.18	0.33	0.22	0.17	0.15	0.44	0.06	0.15	0.61	0.07	0.32	0.44	0.44	0.07	0.05	1.04
0.07	0.33	0.49	0.71	0.06	0.23	0.19	1.37	0.18	0.42	0.08	1.06	0.18	0.2	0.36	0.03	0.99	0.2	0.17	0.2	1	0.35	0.37	0.39	0.39	0.26	0.19	0.24	0.4	0.19	0.4	0.03	0.51	0.41	0.57	0.42	0.24	0.21	0.08	0.09	0.22	0.41	0.21	0.1	0.42	0.06	0.19	0.23	0.43	0.07	0.44	0.04	0.2	0.54	0.95	0.45	0.19	0.19	0.15	0.09	0.18	0.08	0.46	0.54	0.05	0.01	0.22	0.46	0.22	0.28	0.19	0.09	0.63	0.38	0.35	0.09	0.4	0.01	0.13	0.57	0.2	0.06	0.39	0.01	0.31	0.41	0.01	0.04	0.09	0.2	0.08	0.41	0.19	0.41	0.4	0.18	0.56	0.4	0.33
0.11	0.02	0.45	0.85	0.13	0.26	0.1	0.28	0.02	0.03	0.12	2.56	0.02	0.43	0.35	0.53	0.05	0.51	0.92	0.01	0.06	0.15	0.2	0.14	0.14	0.03	0.04	0.05	0.1	0.03	0.44	0.45	0.03	0.42	0.04	0.19	0	0.01	0.09	0.21	0.45	0.1	0.17	0.51	0.17	0.45	0.45	0.04	0.32	0.09	0.01	0.17	0.01	0.84	0.04	0.09	0.35	0.02	0.16	0.08	0.02	0.1	0.04	0.2	0.4	0.14	0.04	0.1	0.05	0.04	0.47	0.13	0.12	0.48	0.01	0.12	0.2	0.16	0.34	0.02	0.03	0.15	0.03	0.2	0.26	0.12	0.42	0.15	0.1	0.02	0.52	0.92	0.32	0.43	0.05	0.19	0.05	0.42	0.19
0.1	1.17	0.47	0.05	0.14	0.25	0.12	0.09	0.02	0.03	0.47	5.12	0.4	0.04	0.5	0.21	0.4	0.37	0.4	0.41	0.06	0.17	0.51	0.41	0.16	0.04	0.03	0.15	0.41	0.41	0.41	0.16	0.92	0.42	0.04	0.42	0	0	0.43	0.2	0.02	0.1	0.42	0.46	0.14	1.02	0.42	0.03	0.53	0.08	0.01	0.18	0.01	0.34	0.67	0.93	0.93	0.01	0.63	0.93	0.03	1	0.03	0.43	0.17	0.43	0.04	0.43	0.63	0.43	0.01	0.44	0.93	0.29	0.02	0.14	0.43	0.18	0.44	0.15	0.44	0.45	0.04	0.45	0.44	0.1	0.55	0.95	0.45	0.02	0.45	0.32	0.03	0.55	0.04	0.02	0.45	0.45	0.46
0.05	0.1	0.49	0.13	0.04	0.29	0.01	0.12	0.1	0.1	0.01	5.77	0.27	0.24	0.45	0.09	0.15	0.55	0.23	0.1	0.45	0.04	0.45	0.03	0.03	0.45	0.13	0.27	0.31	0.12	0.01	0.05	0.11	0.02	0.51	0.08	0.08	0.56	0	0.05	0.11	0.03	0.1	0.43	1.89	0.22	0.65	0.12	0.45	0.01	0.08	0.09	0.09	0.4	0.45	0.06	0.11	0.1	0.46	0	0.1	0	0.18	0.14	0.04	0.46	0.12	0.01	0.13	0.12	0.1	0.04	0.02	0.18	0.1	0.03	0.05	0.09	0.21	0.11	0.1	0.04	0.96	0.08	0.57	0.09	0.08	0.46	0.01	0.1	0.03	0.18	0.11	0.49	0.14	0.1	0.46	0.11	0.55
0.1	0.46	0.2	0.49	0.09	0.32	0.1	0.49	0.21	0.24	0.25	0.95	0.44	0.22	0.27	0.11	0.24	0.65	0.24	0.58	0.2	0.03	0.06	0.88	0.09	0.48	0.23	0.3	0.48	0.16	0.39	0.04	0.49	0.49	0.16	0.09	0.2	0.22	0.05	0	0.23	0.03	0.21	0.12	0.26	0.66	0.23	0.53	0.6	0.04	0.22	0.05	0.55	0.11	0.22	0.05	0.23	0.22	0.04	0.04	0.21	0.88	0.22	0.22	0.01	0.05	0.24	0.48	0.24	0.49	0.36	0.1	0.09	0.2	0.5	0.04	0	0.08	0.46	0.15	0.4	0.21	0.16	0.41	0.23	0.03	0.1	0.06	0.04	0.49	0.47	0.21	0.15	0.22	0.51	0.21	0.66	0.21	0.5
0.13	0.02	0.25	0.05	0.45	0.26	0.13	0.09	0.03	0.03	0.13	1.65	0.05	0.04	1.14	0.21	0.05	0.55	0.27	0.09	0.07	0.15	0.2	0.14	0.17	0.04	0.04	0.4	0.1	0.06	0.1	0.36	0.03	0.13	0.04	0.21	0.02	0.3	0.1	0.22	0	0.11	0.1	0.12	1.25	0.14	0.2	0.11	0.48	0.1	0.03	0.18	0.39	0.74	0.05	0.48	0.03	0.01	0.17	0.48	0.04	0.1	0.03	0.21	0.52	0.16	0.04	0.13	0.05	0.04	0.03	0.16	0.58	0.4	0.03	0.12	0.23	0.18	0.33	0.04	0.05	0.27	0.05	0.69	0.27	0.13	0.22	0.36	0.11	0.03	0.15	0.3	0.05	0.36	0.05	0.02	0.24	0.4	0.19
0.05	0.11	0.15	0.49	0.09	0.3	0.03	0.12	0.11	0.12	0.03	2.51	0.12	0.16	0.22	0.07	0.16	2.1	0.22	0.1	0.59	0.02	0.33	0.04	0.1	0.39	0.13	0.49	0.46	0.32	0.43	0.44	0.5	0.09	0.13	0.09	0.11	0.36	0.4	0.26	0.11	0	0.12	0.07	1.58	0.43	0.46	0.46	0.41	0.01	0.2	0.08	0.42	0.36	0.13	0.04	0.13	0.42	0.42	0.04	0.39	0.14	0.14	0.18	0.43	0.08	0.15	0.43	0.24	0.14	0.2	0.04	0.41	0.18	0.43	0.25	0.03	0.43	0.34	0.12	0.13	0.02	0.22	0.09	0.2	0.16	0.09	0.08	0.04	0.18	0.04	0.19	0.13	0.37	0.38	0.12	0.23	0.32	0.25
0.12	0.03	0.1	0.08	0.45	0.26	0.43	0.02	0.14	0.43	0.12	9.05	0.04	0.1	0.5	0.2	0.04	0.54	0.5	0.02	0.06	0.16	0.46	0.5	0.14	0.12	0.03	0.04	0.5	0.05	0.1	0.43	0.03	0.5	0.03	0.21	0.02	0.02	0.11	0.23	0.01	0.9	0	0.12	0.98	0.15	0.2	0.4	0.34	0.1	0.11	0.2	0.3	0.67	0.05	0.11	0.02	0.01	0.15	0.11	0.03	0.98	0.03	0.51	0.44	0.17	0.04	0.12	0.18	0.03	0.24	0.15	0.4	0.31	0.13	0.4	0.24	0.3	0.4	0.07	0.07	0.31	0.38	0.21	0.29	0.4	0.21	0.19	0.14	0.03	0.14	0.4	0.31	0.35	0.05	0.4	0.04	0.01	0.4
0.41	1.07	0.15	0.46	0.05	0.44	0.64	0.84	0.14	0.22	0.03	1.3	0.11	0.14	0.84	0.14	0.17	0.28	0.25	0.44	0.13	0.46	0.11	0.05	0.05	0.47	0.49	0.3	0.18	0.46	0.01	0.07	0.47	0.04	0.12	0.1	0.46	0.29	0.03	0.13	0.15	0.06	0.13	0	0.96	0.09	0.17	0.18	0.24	0.02	0.46	0.17	0.11	0.87	0.47	0.01	0.29	0.14	0.08	0.02	0.41	0.07	0.66	0.34	0.14	0.17	0.26	0.14	0.49	0.46	0.23	0.12	0.05	0.19	0.11	0.47	0.12	0.09	0.37	0.1	0.14	0.05	0.47	0.15	0.24	0.04	0.47	0.07	0.01	0.14	0.3	0.67	0.47	0.63	0.15	0.12	0.68	0.48	0.53
1.01	0.45	1.6	0.54	0.04	0.43	0.42	0.42	0.56	0.42	0.43	2.67	1.01	0.14	0.43	0.51	0.41	2.41	0.24	0.16	0.64	0.05	0.55	0.03	0.46	0.18	0.45	0.47	0.71	0.42	0.06	0.45	3.51	1.95	0.14	3.96	1.1	2.58	0.97	0.48	2.13	1.54	0.18	1	0.44	0.08	1.01	0.52	0.43	5.94	0.92	0.42	0.44	3.12	0.46	0.48	0.97	0.96	0.05	0.06	0.45	0.43	0.17	0.16	0.45	0.43	0.45	0.03	0.52	1.01	1.02	6	0.04	0.99	1.02	0.46	0.11	0.44	1.45	0.42	0.43	0.07	0.97	1.01	0.48	0.07	0.51	0.46	0.56	0.47	0.12	6.48	2	1.49	0.5	3.33	0.47	0.47	0.43
0.02	0.22	0.55	0.45	0.2	0.55	0.17	0.21	0.45	0.24	0.45	6.67	0.12	0.23	0.5	0.26	0.45	0.55	0.23	0.14	0.45	0.47	0.43	0.01	0.12	0.47	0.55	0.57	0.47	0.32	0.1	1.58	0.18	0	0.14	0.06	0.47	0.16	0.02	0.48	0.35	0.16	0.56	0.4	0.9	0	0.35	0.48	0.58	0.03	0.48	0.31	0.14	0.48	0.13	0.55	0.49	0.41	0.48	0.24	0.14	0.04	0.49	0.13	0.48	0.07	0.48	0.02	0.15	0.15	0.13	0.01	0.48	0.58	0.54	0.48	0.09	0.06	0.5	0.13	0.14	0.9	0.4	0.06	0.15	0.49	0.06	0.09	0.09	0.17	0.02	0.51	0.96	0.4	0.39	0.2	0.41	0.4	0.4
0.15	0.47	0.4	0.39	0.4	0.42	0.15	0.22	0.21	1.46	0.4	3.52	0.22	1.45	0.5	0.21	0.3	0.7	0.35	0.24	0.4	0.16	0.21	0.15	0.18	0.22	0.41	0.24	0.74	0.53	0.15	0.41	0.24	0.13	0.5	0.19	0.19	0.19	0.41	0.23	0.2	0.21	0.41	0.44	1.12	0.15	0	0.22	0.33	0.42	0.2	0.51	0.42	1.4	0.22	0.39	0.22	0.2	0.42	0.16	0.58	0.16	0.43	0.01	0.18	0.2	0.53	0.15	0.23	0.43	0.57	0.14	0.18	0.43	0.21	0.22	0.47	0.44	0.31	0.56	0.23	0.29	0.5	0.2	0.07	0.44	0.19	0.17	0.16	0.21	0.45	0.47	0.52	0.35	0.23	0.75	0.51	0.45	0.86
0.49	0.24	0.09	0.09	0.44	1.09	0.14	0.01	0.05	0.03	0.36	4.68	0.05	0.03	0.37	1.28	0.51	0.28	0.42	0.04	0.06	0.51	0.21	0.16	0.43	0.03	1.03	0.03	0.21	0.06	0.44	0.16	0.02	0.4	0.05	0.21	0.05	0.04	0.12	0.24	0.04	0.12	0.03	0.31	0.46	0.46	0.46	0	0.36	0.13	0.96	0.22	0.05	0.49	0.06	0.47	0.01	0.03	0.49	0.12	0.04	1.03	0.22	0.22	0.48	0.16	0.05	0.14	0.79	0.01	0.04	0.16	0.21	0.28	0.04	0.15	0.4	0.46	0.65	0.17	0.05	0.41	0.06	0.61	0.49	0.23	0.41	0.44	0.13	0.03	0.34	0.52	0.28	0.73	0.05	0.43	0.05	0.18	0.21
0.23	0.33	0.43	0.66	0.2	0.37	0.22	0.36	0.43	0.73	0.22	2.87	0.64	0.34	0.06	0.46	0.37	0.33	0.32	0.97	0.47	0.22	0.18	0.33	0.21	0.47	0.67	0.37	0.47	0.34	0.47	0.17	0.47	0.2	0.95	0.15	0.67	0.67	0.22	0.24	0.35	0.23	0.77	0.24	2.01	0.2	0.57	1.47	0	0.45	0.47	0.18	0.62	0.31	0.33	0.22	0.34	0.67	0.17	0.23	0.47	0.23	0.37	0.33	0.19	0.15	0.48	0.22	0.58	0.34	0.48	0.22	0.2	0.26	0.58	0.58	0.6	0.16	0.29	0.33	0.49	0.34	0.49	0.52	0.39	0.49	0.15	0.18	0.23	0.49	0.21	0.26	0.49	0.59	0.37	0.34	0.36	0.5	1.1
0.02	0.45	0.14	0.13	0.04	0.46	0.27	0.11	0.18	0.11	0.02	0.69	0.18	0.46	0.56	0.1	0.12	0.24	0.24	0.08	0.13	0.03	0.43	0.04	0.04	0.09	0.1	0.47	0.16	0.19	0.01	0.05	0.47	0.02	0.67	0.07	0.35	0.47	0.01	0.04	0.1	0.02	0.1	0.03	0.78	0.03	0.49	0.13	0.22	0	0.09	0.49	0.09	0.61	0.59	0.01	0.11	0.09	0.05	0.01	0.1	0.04	0.1	0.15	0.04	0.12	0.11	0.02	0.5	0.12	0.1	0.4	0.41	0.2	0.41	0.21	0.04	0.08	0.41	0.23	0.12	0.34	0.43	0.22	0.39	0.01	0.17	0.09	0	0.41	0.04	0.17	0.24	0.91	0.41	0.09	0.13	0.12	0.22
0.1	0.02	0.3	0.98	0.14	0.26	0.1	0.04	0.02	0.07	0.11	3.13	0.46	0.04	1.06	0.44	0.94	0.58	1.91	0.01	0.06	0.14	0.51	0.14	0.42	0.03	0.04	0.06	0.1	0.19	0.49	0.5	0.31	0.2	0.12	0.25	0.01	0.38	0.47	0.22	0.02	0.11	0.02	0.41	0.99	0.96	0.5	0.43	0.73	0.43	0.02	0.18	0.01	0.82	0.92	0.42	0.04	0.4	0.26	0.48	0.07	1	0.04	0.48	0.16	0.14	0.08	0.46	0.46	0.04	0.02	0.45	0.12	0.65	0.02	0.44	0.2	0.44	0.45	0.03	0.4	0.51	0.11	0.19	0.42	0.1	0.28	0.15	0.48	0.03	0.48	0.31	0.03	0.33	0.24	0.04	0.05	0.03	0.19
0.08	0.49	0.26	0.21	0.11	0.25	0.49	0.22	0.59	0.49	0.07	3.5	0.34	0.19	0.18	0.03	0.21	0.22	0.47	0.18	0.87	0.07	0.01	0.09	0.47	0.16	0.2	0.23	0.23	0.22	0.08	0.25	0.48	0.13	0.49	0.04	0.18	0.53	0.09	0.05	0.18	0.08	0.21	0.25	0.2	0.13	0.6	0.21	0.18	0.07	0.4	0	0.18	0.21	0.61	0.08	0.59	0.51	0.03	0.41	0.42	0.47	0.26	0.21	0.05	0.41	0.46	0.41	0.23	0.21	0.42	0.09	0.14	0.14	0.18	0.09	0.42	0.05	0.42	0.3	0.21	0.42	0.42	0.04	0.63	0.09	0.04	0.45	0.08	0.43	0.08	0.46	0.21	0.18	0.5	0.53	0.59	0.2	0.44
0.34	0.12	0.09	0.25	0.15	0.25	0.12	0.42	0.02	0.02	0.14	5.3	0.2	0.03	0.66	0.2	0.04	0.18	0.26	0.01	0.17	0.15	0.46	0.46	0.21	0.03	0.02	0.04	0.09	0.04	0.1	0.16	0.37	0.12	0.03	0.25	0.17	1.09	0.15	0.2	0.13	0.12	0	0.27	5.22	0.27	0.2	0.18	0.49	0.09	0.04	0.18	0	0.41	0.04	0.1	0.02	0.01	0.16	0.5	0.33	0.46	0.4	0.2	0.14	0.15	0.4	0.12	0.04	0.15	0.02	0.21	0.51	0.41	0.02	0.14	0.2	1.35	0.32	0.03	0.04	0.19	0.04	0.2	0.26	0.44	0.35	0.21	0.09	0.03	0.16	0.42	0.04	0.57	0.04	0.01	0.04	0.01	0.18
0.05	0.15	1.13	1.43	0.1	1.17	0.33	0.51	0.21	1.19	0.53	1.71	0.67	0.76	0.73	0.21	0.27	0.47	0.45	0.46	0.35	0.23	1.01	0.3	0.59	0.79	0.66	0.49	0.54	0.96	0.24	0.15	0.21	0.23	0.17	0.34	0.23	0.59	1.21	0.84	0.81	0.54	0.3	0.46	0.27	0.49	0.44	0.26	0.56	0.05	0.54	0.44	0.43	0	0.78	0.49	0.65	0.68	0.18	0.41	0.96	0.73	0.75	0.44	0.25	0.46	0.18	0.14	0.63	0.59	0.73	0.34	0.2	0.81	0.98	0.49	0.4	0.14	1.51	1.01	0.51	0.18	0.62	0.39	0.36	0.59	0.57	0.27	0.17	0.31	0.64	0.38	0.44	0.93	0.49	0.78	0.31	0.84	0.39
0.13	0.34	0.1	0.58	0.48	0.29	0.13	0.06	0.04	0.06	0.12	0.96	0.05	0.43	0.34	0.21	0.08	0.43	0.34	0.04	0.09	0.15	0.21	0.47	0.14	0.08	0.06	0.07	0.13	0	0.93	0.63	0.06	0.13	0.42	0.19	0.04	0.04	0.12	0.43	0.43	0.12	0.05	0.14	0.43	0.13	0.22	0.43	0.33	0.19	0.93	0.49	0.04	0.52	0	0.12	0.42	0.05	0.43	0.12	0.04	0.12	0.06	0.44	0.15	0.18	0.4	0.44	0.08	0.4	0.05	0.15	0.58	0.28	0.16	0.14	0.44	0.18	0.42	0.26	0.03	0.45	0.18	0.18	0.44	0.13	0.19	0.18	0.12	0.04	0.14	0.42	0.01	0.34	0.08	0.05	0.08	0.05	0.27
0.02	0.12	0.14	0.49	0.02	0.31	0.01	0.12	0.7	0.5	0.19	6.72	0.11	0.12	0.63	0.1	0.44	0.25	0.48	0.1	0.13	0.05	0.16	0.03	0.32	0.1	0.13	0.49	0.17	0.12	0.01	0.38	0.27	0.02	0.64	0.08	0.09	0.1	0	0.05	0.44	0.07	0.4	0.15	3.97	0.03	0.15	0.16	0.22	0.01	0.11	0.09	0.4	0.14	0.12	0	0.41	0.47	0.43	0.02	0.11	0	0.42	0.15	0.42	0.42	0.48	0.38	0.13	0.13	0.42	0.04	0.74	0.18	0.9	0.17	0.93	0.24	0.2	1.63	0.12	0.04	0.26	0.08	0.43	0.15	0.08	0.07	0.01	0.34	0.14	0.19	0.17	1.05	0.43	1.3	0.43	0.11	1.44
0.47	0.02	0.1	0.05	0.47	0.26	0.58	0	0.17	0	0.13	0.35	0.05	0.03	0.39	0.55	0.05	0.2	0.43	0.03	0.06	0.41	0.47	0.16	0.97	0.03	0.04	0.02	0.11	0.06	0.11	0.17	0.01	0.48	0.05	0.19	0.28	0.49	0.1	0.23	0.03	0.53	0.02	0.14	0.45	0.45	0.22	0.01	0.99	0.49	0.11	0.2	0.05	0.28	0.06	0.37	0	0.39	0.15	0.49	0.5	1.29	0.03	0.22	0.17	0.16	0.04	0.6	0.4	0.02	0.04	0.16	0.34	0.6	0.03	0.13	0.61	0.41	0.33	0.05	0.05	0.17	0.06	0.19	0.42	0.52	0.22	0.42	0.27	0.03	0.14	0.43	0.13	0.37	0.43	0.02	0.05	0.33	0.2
0.11	0.02	0.44	0.05	0.13	0.25	0.11	0.15	0.03	0.1	0.12	5.33	0.41	0.41	0.41	0.21	0.04	0.19	0.27	0.02	0.27	0.16	0.54	0.14	0.15	0.03	0.03	0.13	0.42	0.05	0.11	0.52	0.03	0.13	0.04	0.42	0.02	0.22	0.4	0.42	0.42	0.11	0.01	0.13	1.32	0.15	0.2	0.42	0.68	0.09	0.29	0.58	0.01	0.35	0.05	0.39	0.03	0	0.17	0.1	0.03	0.43	0.03	0.2	0.31	0.15	0.1	0.11	0.04	0.04	0.02	0.5	0.13	0.27	0.03	0.11	0.44	0.49	0.59	0.14	0.04	0.14	0.33	0.2	0.26	0.13	0.41	0.17	0.12	0.4	0.52	0.62	0.04	0.4	0.04	0.01	0.41	0.01	0.19
0.04	0.17	0.22	0.47	0.1	0.25	0.04	0.5	0.14	0.15	0.28	1.57	0.47	0.31	0.18	0.08	0.19	0.68	0.19	0.55	0.2	0.04	0.48	0.05	0.05	0.34	0.48	0.18	0.21	0.48	0.04	0	0.17	0.49	0.15	0.09	0.17	0.54	0.05	0.04	0.41	0.41	0.18	0.07	3	0.48	0.17	0.17	0.17	0.91	0.41	0.03	0.15	0.19	0.54	0.05	0.61	0.51	0	0.05	0.51	0.06	0.16	0.41	0.53	0.02	0.19	0.42	0.62	0.72	0.17	0.05	0.09	0.13	0.62	0.09	0.04	0.03	0.17	0.15	0.42	0.06	0.16	0.07	0.42	0.08	0.03	0.42	0.04	0.2	0.17	0.51	0.16	0.18	0.18	0.54	0.47	0.5	0.17
0.02	0.12	0.41	0.14	0.1	0.32	0.41	0.11	0.1	0.17	0.02	0.64	0.11	0.4	0.23	0.3	0.16	0.26	0.41	0.17	0.13	0.04	0.1	0.4	0.04	0.4	0.12	0.16	0.51	0.12	0.01	0.4	0.12	0.06	0.12	0.09	0.41	0.09	0.01	0.04	0.46	0.04	0.19	0.01	0.52	0.16	0.16	0.5	0.46	0.01	0.08	0.42	0.1	0.51	0.12	0.02	0.44	0.44	0.2	0	0.1	0.13	0.12	0.16	0.44	0.07	0.53	0.17	0.14	0.13	0.55	0.04	0.39	0.29	0.09	0.04	0.05	0.07	0.35	0.3	0.11	0.04	0.42	0.09	0.47	0.11	0.2	0.46	0.66	0.1	0.04	0.2	0.12	0.24	0.14	0.11	0.48	0.12	0.35
0.14	0.02	0.09	0.07	0.12	0.34	0.11	0.03	0.02	0.22	0.12	2.84	0.04	0.36	0.52	0.48	0.05	0.2	0.34	0.03	0.09	0.15	0.19	0.13	0.43	0.61	0.08	0.09	0.11	0.05	0.12	0.14	0.04	0.4	0.05	0.18	0.02	0.03	0.11	0.2	0.04	0.12	0.03	0.39	0.47	0.13	0.35	0.04	0.33	0.1	0.02	0.18	0.04	0.83	0.32	0.43	0.28	0.03	0.14	0.63	0	0.38	0.44	0.21	0.15	0.16	0.05	0.12	0.06	0.04	0.04	0.45	0.39	0.33	0.23	0.12	0.21	0.19	1.05	0.04	0.03	0.13	0.04	0.18	0.27	0.11	0.53	0.17	0.26	0.02	0.46	0.69	0.4	0.34	0.07	0.03	0.06	0.03	0.2
0.02	0.97	0.97	0.47	0.03	0.97	0.02	0.11	0.47	0.12	0.02	5.25	0.11	0.97	0.47	0.1	0.47	0.54	0.25	0.47	0.47	0.47	0.97	0.04	0.04	0.98	0.47	0.13	0.46	0.47	0.01	0.97	0.97	0.4	0.42	0.08	0.46	0.96	0.99	0.05	1.48	0.04	0.46	0.43	1.46	0.03	0.96	0.46	0.96	0.01	0.46	0.1	0.96	0.96	0.12	0.01	0.96	0.11	0.44	0.02	0.44	0.01	0.44	0.44	0.45	0.45	0.94	0.44	0.44	0.44	1.44	0.04	0.94	0.44	0.45	0.93	0.43	0.94	0.45	0.93	0.43	0.43	0.43	0.42	0.63	0.42	0.43	0.42	0.01	0.11	0.92	0.2	0.42	0.41	0.42	0.92	0.13	0.4	0.4
0.14	0.3	0.1	0.81	0.14	0.43	0.48	0.03	0.03	0.03	0.14	2.01	0.06	0.03	0.37	0.37	0.02	1.48	0.69	0.03	0.06	0.17	0.25	0.48	0.16	0.04	0	0.06	0.98	0.07	0.13	0.95	0.04	0.38	0.05	0.19	0.03	0.03	0.14	0.22	0.04	0.14	0.03	0.16	1.1	0.18	0.59	0.37	0.37	0.1	0.25	0.49	0.02	1	0.49	0.39	0.04	0.03	0.18	0.9	0.04	0.75	0	0.4	0.4	0.17	0.02	0.14	0.03	0.04	0.04	0.56	0.14	0.42	0.31	0.13	0.22	0.19	0.33	0.06	0.05	0.16	0.06	0.21	0.28	0.13	0.21	0.16	0.12	0.04	0.14	0.63	0.47	0.93	0.11	0.03	0.14	0.03	1.05
0.16	0.21	0.3	0.23	0.13	0.42	0.15	0.48	0.21	0.22	0.15	1.63	0.22	0.47	0.37	0.21	0.23	0.39	0.35	0.19	0.97	0.16	0.29	0.16	0.14	0.22	0.22	0.24	0.47	0.23	0.38	0.17	0.22	0.42	0.24	0.19	0.48	0.19	0.31	0.21	0.21	0.2	0.49	1.26	2.17	0.26	0.02	0.61	0.5	0.15	0.46	0.21	0.2	0.35	0.22	0.49	0.79	0.2	0.17	0.16	0.21	0.16	0.46	0	0.18	0.37	0.23	0.15	0.5	0.23	0.2	0.14	0.19	0.35	0.6	0.22	0.21	0.18	0.31	0.4	0.23	0.21	0.22	0.21	0.18	0.92	0.41	0.18	0.16	0.21	0.26	0.52	0.22	0.42	0.23	0.5	0.3	0.21	0.34
0.03	0.14	0.19	0.43	0.09	0.66	0.03	0.15	0.16	0.15	0.03	4.63	0.34	0.13	0.41	0.04	0.25	0.53	0.2	0.43	0.17	0.03	0.05	0.04	0.43	0.13	0.3	0.42	0.53	0.16	0.03	0.04	0.53	0.06	0.15	0.05	0.43	0.42	0.53	0.01	0.18	0.03	0.16	0.06	3.08	0.39	0.44	0.18	0.19	0.44	0.55	0.05	0.17	0.49	0.16	0.44	0.16	0.17	0.29	0.05	0.14	0.38	0.15	0.16	0	0.12	0.19	0.04	0.44	0.17	0.37	0.04	0.09	0.45	0.14	0.04	0.01	0.05	0.45	0.45	0.14	0	0.45	0.05	0.18	0.03	0.66	0.06	0.04	0.13	0.04	0.17	0.57	0.67	0.34	0.15	0.47	0.57	2.5
0.09	0.48	0.21	0.43	0.06	0.22	0.07	0.66	0.18	0.37	0.06	7.98	0.18	0.15	0.17	0.01	0.18	0.23	0.17	0.15	0.19	0.05	0.46	0.07	0.21	0.16	0.46	0.47	0.24	0.33	0.07	0.03	0.16	0.06	0.18	0.01	0.14	0.15	0.07	0.87	0.16	0.08	0.17	0.14	0.49	0.64	0.21	0.18	0.15	0.46	0.5	0.03	0.46	0.4	0.18	0.31	0.16	0.16	0.02	0.07	0.52	0.57	0.17	0.18	0.05	0	0.18	0.07	0.47	0.17	0.15	0.07	0.47	0.12	0.16	0.11	0.05	0.02	0.51	0.17	0.17	0.05	0.18	0.01	0.2	0.07	0.01	0.05	0.08	0.18	0.07	0.4	0.47	0.14	0.22	0.16	0.19	0.18	2.98
0.15	0.04	0.42	0.39	0.16	0.24	0.15	0.26	0.05	0.04	0.14	1.29	0.07	0.04	0.4	0.23	0.24	0.56	0.3	0.05	0.1	0.25	0.21	0.19	0.16	0.44	0.31	0.07	0.45	0.55	0.14	0.36	0.43	0.45	0.06	0.21	0.04	0.04	0.44	0.24	0.05	0.48	0.04	0.17	1.48	0.42	0.23	0.08	0.36	0.48	0.05	0.61	0.03	0.27	0.07	0.14	0.05	0.2	0.17	0.52	0.39	0.41	0.02	0.23	0.77	0.18	0	0.44	0.24	0.06	0.05	0.46	0.17	0.3	0.05	0.18	0.48	0.19	0.33	0.07	0.06	0.53	0.43	0.2	0.29	0.39	0.21	0.24	0.49	0.05	0.16	0.79	0.07	0.63	0.03	0.04	0.39	0.49	0.27
0.14	0.47	0.15	0.14	0.02	0.3	0	0.14	0.14	0.48	0.39	0.64	0.15	0.45	0.25	0.34	0.65	0.45	0.23	0.46	0.41	0.04	0.09	0.03	0.03	0.12	0.13	0.47	0.47	0.13	0.02	0.04	0.14	0.02	0.11	0.47	0.11	0.12	0.01	0.97	0.14	0.03	0.12	0.35	0.49	0.09	0.15	0.49	0.22	0.03	1	0.08	0.49	1.03	0.49	0.49	0.59	0.49	0.04	0.02	0.12	0.11	0.4	0.5	0.04	0.4	0.41	0	0.14	0.14	0.52	0.42	0.52	0.18	0.1	0.03	0.1	0.06	0.2	0.12	0.15	0.03	0.13	0.07	0.21	0.43	0.08	0.11	0.02	0.28	0.02	0.24	0.41	0.53	0.53	0.12	0.15	0.11	0.3
0.51	0.05	0.43	0.04	0.41	0.47	0.67	0.1	0.05	0.05	0.14	3.92	0.07	0.05	0.4	0.29	0.03	0.48	0.41	0.37	0.49	0.19	0.43	0.16	0.6	0.05	0.14	0.07	0.5	0.08	0.13	0.19	0.05	0.51	0.12	0.21	0.05	0.69	0.41	0.23	0.67	0.16	0.05	0.18	0.54	0.15	0.52	0.42	0.66	0.13	0.05	0.21	0.04	0.65	0.08	0.13	0.05	0.45	0.19	0.15	0.06	0.23	0.04	0.24	0.45	0.18	0.01	0.16	0	0.06	0.06	0.17	0.47	0.58	0.39	0.17	0.25	0.2	0.58	0.07	0.07	0.18	0.08	0.38	0.3	0.16	0.24	0.2	0.6	0.05	0.19	0.6	0.07	0.7	0.04	0.29	0.04	0.05	0.5
0.13	0.03	0.44	0.26	0.17	0.27	0.14	0.02	0.03	0.02	0.45	0.5	0.06	0.04	0.39	0.47	0.06	0.21	0.33	0.04	0.47	0.52	0.83	0.67	0.15	0.04	0.05	0.02	1.81	0.07	0.13	0.17	0.01	0.15	0.14	0.21	0.04	0.98	0.48	0.23	0.04	0.14	0.03	0.15	2.19	0.55	0.36	0.2	0.36	0.12	0.19	0.56	0.03	0.68	0.07	0.31	0.02	0.04	0.18	0.13	0.04	0.25	0.04	0.57	0.69	0.17	0.13	0.49	0.06	0	0.05	0.15	0.15	0.3	0.04	0.13	0.22	0.21	0.57	0.1	0.05	0.5	0.7	0.2	0.29	0.15	0.54	0.55	0.5	0.03	0.16	0.6	0.06	0.48	0.06	0.4	0.09	0.03	0.21
0.13	0.03	0.08	0.15	0.26	0.46	0.13	0.04	0.03	0.08	0.14	7.31	0.04	0.26	0.49	0.23	0.06	0.38	0.25	0.08	0.06	0.17	0.25	0.16	0.15	0.05	0.04	0.06	0.4	0.05	0.1	0.17	0.14	0.29	0.27	0.21	0.02	0.01	0.1	0.24	0.14	0.4	0.03	0.29	4.01	0.23	0.41	0.05	0.35	0.09	0.02	0.41	0.02	0.4	0.05	0.11	0.27	0.02	0.53	0.43	0.04	0.45	0.04	0.2	0.15	0.15	0.05	0.12	0.43	0.43	0	0.16	0.53	0.53	0.21	0.12	0.23	0.19	0.35	0.04	0.43	0.16	0.07	0.28	0.65	0.11	0.22	0.53	0.24	0.04	0.53	0.33	0.04	0.34	0.43	0.03	0.05	0.18	0.93
0.03	0.38	0.47	0.2	0.19	0.3	0.03	0.44	0.14	0.41	0.03	4.69	0.14	0.14	0.44	0.09	0.16	0.25	0.44	0.15	0.93	0.05	0.75	0.03	0.02	0.14	0.15	0.19	0.57	0.15	0.98	0.05	0.16	0.01	0.15	0.49	0.13	0.49	0.03	0.09	0.15	0.04	0.17	0.42	1.35	0.02	0.43	0.15	0.9	0.4	0.27	0.3	0.14	0.14	0.15	0.17	0.16	0.4	0.05	0.04	0.15	0.42	0.15	0.14	0.05	0.41	0.52	0.24	0.2	0.42	0.18	0	0.15	0.42	0.13	0.43	0.09	0.06	0.42	0.28	0.17	0.42	0.43	0.13	0.19	0.29	0.37	0.43	0.05	0.14	0.01	0.19	0.32	0.6	0.16	0.44	0.17	0.14	0.23
0.02	0.13	0.42	0.72	0.08	0.42	0.02	0.14	0.13	0.42	0.05	1.23	0.13	0.47	0.56	0.12	0.46	0.23	0.32	0.47	0.28	0.52	0.46	0.01	0.01	0.12	0.15	0.28	0.19	0.14	0.48	0.48	0.4	0.49	0.14	0.06	0.48	0.14	0.03	0.42	0.3	0.09	0.22	0.14	1.43	0.41	0.15	0.14	0.41	0.04	0.13	0.18	0.18	0.6	0.43	0.02	0.74	0.14	0.09	0.44	0.44	0.24	0.54	0.48	0.44	0.06	0.44	0.75	0.19	0.45	0.15	0.04	0	0.95	0.45	0.45	0.36	0.05	0.23	0.13	0.13	0.36	0.13	0.08	0.46	0.41	0.08	0.41	0.1	0.13	0.01	0.57	0.16	0.22	0.16	0.13	0.46	0.13	0.41
0.43	0.49	0.3	0.31	0.49	0.32	0.18	0.28	0.27	0.28	0.18	0.46	0.5	0.29	0.35	0.13	0.4	0.09	0.05	0.28	0.82	0.2	0.14	0.41	0.19	0.62	0.28	0.29	0.35	0.42	0.18	0.13	0.66	0.18	0.29	0.42	0.28	0.92	0.42	0.2	0.45	0.52	0.26	0.19	0.56	0.53	0.36	0.43	0.25	0.43	0.44	0.39	0.43	1.16	0.28	0.18	0.28	0.26	0.13	0.19	0.29	0.43	0.29	0.33	0.56	0.12	0.31	0.18	0.6	0.33	0.53	0.64	0.47	0	0.49	0.19	0.2	0.12	0.22	0.54	2.85	0.18	0.29	0.1	0.44	0.32	0.1	0.15	0.55	0.34	0.19	0	0.75	0.03	0.31	0.29	0.3	0.95	0.45
0.47	0.02	0.48	0.29	0.48	0.26	0.1	0.48	0.26	0.03	0.12	5.73	0.49	0.18	0.38	0.2	0.05	0.49	0.35	0.02	0.4	0.41	1.2	0.4	0.15	0.13	0.04	0.05	0.1	0.04	0.09	0.4	0.04	0.12	0.05	0.41	0.01	1.41	0.91	0.21	0.39	0.12	0.41	0.11	1.93	0.17	0.92	0.42	0.72	0.1	0.42	0.18	0.02	0.19	0.04	0.09	0.03	0.43	0.16	0.1	0.01	0.3	0.04	0.21	0.14	0.37	0.43	0.94	0.06	0.05	0.03	0.43	0.12	0.27	0	0.13	0.21	0.18	0.32	0.03	1.53	0.15	0.04	0.19	0.4	0.11	0.44	0.41	0.1	0.02	0.47	0.44	0.03	0.94	0.44	0.03	0.44	0.03	0.19
0.44	0.38	0.18	0.82	0.1	0.31	0.04	0.14	0.14	0.12	0.03	1.37	0.13	0.13	0.24	0.45	0.15	1.7	0.46	0.11	0.19	0.04	0.09	0.44	0.34	0.13	0.15	0.49	0.19	0.14	0.06	0.08	0.4	0.4	0.18	0.1	0.12	0.5	0.04	0.42	0.13	0.01	0.12	0.04	1.43	0.93	0.44	0.14	0.25	0.32	0.35	0.09	0.12	0.47	0.32	0.32	0.14	0.12	0.11	0.4	0.11	0.17	0.13	0.22	0.42	0.09	0.15	0.04	0.37	0.13	0.24	0.06	0.46	0.2	0.13	0	0.04	0.08	0.38	0.69	0.41	0.1	0.36	0.1	0.42	0.1	0.11	0.09	0.03	0.13	0.42	0.43	0.16	0.95	0.45	0.13	0.55	0.11	1.61
0.1	0.2	0.2	0.23	0.09	0.47	0.47	0.21	0.37	0.98	0.03	9.94	0.46	0.21	0.27	0.11	0.34	0.27	0.42	0.21	0.18	0.41	0.06	0.09	0.46	0.22	0.49	0.76	0.97	0.54	0.04	0.04	0.56	0.09	0.17	0.09	0.21	0.22	0.05	0.36	0.48	0.03	0.24	0.12	0.21	0.92	0.23	0.24	0.23	0.07	0.2	0.4	0.2	0.07	0.35	0.05	0.49	0.24	0.04	0.04	0.4	0.31	0.23	0.55	0.34	0.24	0.23	0.41	0.23	0.25	0.23	0.1	0.09	0.2	0.21	0.04	0	0.2	0.21	0.15	0.21	0.1	0.43	0.09	0.23	0.03	0.44	0.07	0.04	0.21	0.09	0.25	0.15	0.23	0.36	0.21	0.24	0.44	0.49
0.96	0.18	0.27	0.2	0.05	0.97	0.06	0.17	0.46	0.3	0.06	2.02	0.46	0.17	0.18	0.04	0.45	0.19	0.18	0.17	0.45	0.08	0.05	0.06	0.44	0.17	0.43	0.43	0.23	0.19	0.07	0.92	0.58	0.04	0.18	0.41	0.16	0.5	0.08	0.9	0.19	0.08	0.4	0.44	1.23	0.12	0.4	0.21	0.16	0.5	0.54	0.05	0.17	0.53	0.18	0.07	0.48	0.19	0.07	0.07	0.19	0.07	0.43	0.47	0.05	0.02	0.24	0.07	0.48	0.19	0.19	0.06	0.47	0.12	1.47	0.09	0.08	0	0.66	0.47	0.18	0.04	0.47	0.03	0.46	0.46	0.46	0.03	0.07	0.46	0.45	0.13	0.17	0.45	0.21	1.56	0.56	0.46	0.16
0.2	0.33	0.35	0.33	0.24	0.21	0.4	0.33	0.58	0.93	0.2	3.88	0.31	0.43	0.04	0.15	0.54	0.55	0.63	0.63	0.32	0.21	0.17	0.19	0.19	0.53	0.31	0.41	0.63	0.32	0.22	0.17	0.39	0.43	0.47	0.13	0.32	0.41	0.2	0.22	0.34	0.21	0.4	0.22	2.07	0.23	0.31	0.34	0.02	0.95	0.34	0.2	0.32	1.15	0.65	0.2	0.34	0.32	0.95	0.45	0.31	0.54	0.32	0.44	0.19	0.16	0.34	0.54	0.35	0.44	0.62	0.2	0.23	0.21	0.44	0.23	0.44	0.14	0.01	0.56	0.31	0.44	0.53	0.44	0.64	0.22	0.44	0.16	0.45	0.3	0.19	0.6	0.31	0.45	0.33	0.62	0.33	0.46	0.47
0.41	0.9	0.1	0.07	1.9	0.28	0.12	0.87	0.03	0.06	0.12	9.45	0.37	0.05	0.44	0.38	0.07	0.44	0.43	0.03	0.73	0.15	0.2	0.42	0.14	0.42	0.06	0.51	0.44	0.01	0.7	0.16	0.05	0.49	0.46	0.49	0.02	0.03	0.48	0.15	0.18	0.12	0.47	0.48	0.17	0.46	0.22	0.46	0.96	0.45	0.03	0.33	0.44	0.43	0.01	0.94	0.43	0.04	0.16	0.44	0.04	0.46	0.42	0.22	0.17	1.61	0.4	0.12	0.15	0.06	0.04	0.14	0.39	0.48	0.03	0.13	0.47	1.07	0.67	0	0.03	0.21	0.01	0.46	0.28	0.12	0.95	0.45	0.12	0.11	0.44	0.44	0.23	0.43	0.09	0.04	0.22	0.42	0.31
0.15	0.04	0.08	0.07	0.13	0.27	0.5	0.47	0.4	0.04	0.4	6.08	0.03	0.03	0.39	0.22	0.1	0.21	0.34	0.04	0.06	0.16	0.33	0.16	0.16	0.03	0.45	0.07	0.13	0.21	0.5	0.44	0.06	0.14	0.05	0.19	0.03	0.38	0.1	0.23	0.05	0.14	0.04	0.16	0.5	0.13	0.23	0.17	0.33	0.46	0.04	0.21	0.04	0.22	0.04	0.12	0.05	0.04	0.16	0.12	0.03	0.46	0.05	0.57	0.14	0.42	0.06	0.13	0.07	0.34	0.25	0.14	0.33	0.47	0.04	0.15	0.21	0.19	0.47	0.03	0	0.16	0.03	0.37	0.29	0.47	0.47	0.15	0.12	0.01	0.14	0.32	0.03	0.34	0.07	0.29	0.06	0.04	0.27
0.11	0.65	0.22	0.2	0.18	0.3	0.27	0.46	0.17	0.45	0.1	0.98	0.14	0.14	0.46	0.56	0.56	0.53	0.22	0.2	0.26	0.06	0.11	0.06	0.4	0.47	0.46	0.19	0.26	0.42	0.03	0.73	0.16	0.08	0.15	0.05	0.13	0.2	0.35	0	0.2	0.47	0.16	0.3	0.51	0.09	0.21	0.47	0.24	0.24	0.18	0.13	0.2	0.47	0.22	0.06	0.23	0.32	0.07	0.08	0.48	0.07	0.48	0.23	0.03	0.07	0.49	0.06	0.19	0.16	0.18	0.49	0.09	0.18	0.13	0.04	0.4	0.04	0.19	0.21	0.4	0	0.15	0.05	0.4	0.04	0.05	0.06	0.1	0.9	0.31	0.18	0.95	0.2	0.17	0.41	0.19	0.46	2.07
0.39	0.05	0.32	0.15	0.13	0.45	0.12	0.06	0.04	0.24	0.45	0.4	0.01	0.46	0.36	0.56	0.41	0.97	0.47	0.15	0.09	0.15	0.47	0.14	0.14	0.05	0.06	0.07	0.63	0	0.49	0.16	0.06	0.49	0.08	0.19	0.03	0.04	0.48	0.48	0.05	0.13	0.05	0.48	0.17	0.16	0.22	0.06	0.68	0.19	0.05	0.43	0.16	0.67	0	0.12	0.14	0.05	0.59	0.12	0.04	1.02	0.07	0.49	0.16	0.2	0.59	0.13	0.08	0.07	0.05	0.15	0.13	0.4	0.04	0.14	0.16	0.5	0.54	0.06	0.03	0.21	0.4	0.61	0.65	0.13	0.19	0.91	0.41	0.15	0.14	0.69	0.33	0.71	0.16	0.41	0.47	0.05	0.51
0.07	0.18	0.21	0.35	0.06	0.46	0.07	0.2	0.16	0.56	0.46	8.82	0.18	0.89	0.21	0.02	0.49	0.44	0.16	0.4	0.49	0.07	0.4	0.27	0.07	0.18	0.19	0.22	0.36	0.4	0.26	0.03	0.22	0.4	0.19	0.4	0.18	0.23	0.08	0.09	0.4	0.09	0.18	0.1	0.31	0.06	0.2	0.4	0.6	0.07	0.19	0.04	0.4	0.3	0.19	0.08	0.19	0.91	0.08	0.4	0.52	0.4	0.56	0.2	0.39	0.4	0.23	0.07	0.22	0.41	0.2	0.08	0.32	0.1	0.61	0.09	0.09	0.03	0.41	0.18	0.17	0.05	0.41	0	0.2	0.1	0	0.04	0.41	0.18	0.32	0.35	0.56	0.15	0.42	0.43	0.42	0.39	0.52
0.21	0.6	0.26	0.3	0.15	0.48	0.21	0.48	0.27	0.28	0.21	3.62	0.42	0.72	0.43	0.27	0.42	0.42	0.42	0.49	0.23	0.49	0.27	0.52	0.2	0.28	0.63	0.63	0.3	0.74	0.21	0.44	0.33	0.51	0.52	0.25	0.64	0.5	0.46	0.23	0.27	0.2	0.45	0.6	1.15	0.35	0.07	0.28	0.76	0.46	0.26	0.27	0.25	0.52	0.28	0.21	0.28	0.87	0.24	0.22	0.27	1.09	0.47	0.47	0.18	0.16	0.29	0.6	0.49	0.87	0.26	0.47	0.15	0.35	0.27	0.28	0.48	0.24	0.69	0.49	0.49	0.21	0.46	0.2	0	0.57	0.25	0.5	0.4	0.27	0.4	0.5	0.28	0.9	0.29	0.4	0.48	0.36	1.91
0.03	0.11	0.46	0.46	0.46	0.31	0.04	0.46	0.1	0.41	0.07	0.72	0.13	0.13	0.23	0.07	0.14	0.95	0.45	0.11	0.28	0.42	0.45	0.05	0.23	0.41	0.14	0.55	0.17	0.14	0.03	0.1	0.14	0.09	0.14	0.1	0.24	0.39	0.03	0.04	0.11	0.01	0.13	0.41	2.49	0.28	0.22	0.13	0.48	0.31	0.46	0.98	0.11	0.57	0.41	0.03	0.12	0.13	0.09	0.15	0.49	0.26	0.35	0.54	1.21	0.08	0.16	0.03	0.8	0.4	0.13	0.05	0.1	0.19	0.13	0.21	0.9	0.23	0.99	0.46	0.17	0.12	0.37	0.39	0.41	0	0.11	0.08	0.03	0.51	0.04	0.2	0.14	0.56	0.16	0.13	0.14	0.92	0.25
0.08	0.18	0.21	0.45	0.06	0.23	0.45	0.46	0.17	0.24	0.11	5.06	0.19	0.17	0.19	0.03	0.49	0.32	0.17	0.2	0.18	0.08	0.4	0.09	0.12	0.19	0.2	0.42	0.92	0.42	0.25	0.03	0.44	0.06	0.17	0.01	0.19	0.44	0.08	0.09	0.55	0.41	0.45	0.13	2.13	0.45	0.19	0.33	0.15	0.45	0.45	0.04	0.2	0.89	0.19	0.23	0.75	0.2	0.03	0.09	0.19	0.08	0.58	0.19	0.05	0.01	0.55	0.08	0.44	0.43	0.45	0.45	0.41	0.45	0.18	0.11	0.09	0.01	0.31	0.18	0.2	0.08	0.19	0	0.25	0.1	0	0.04	0.08	0.45	0.24	0.12	0.77	0.19	0.21	0.46	0.76	0.22	0.15
0.04	0.41	0.19	0.18	0.09	0.27	0.04	0.16	0.43	0.49	0.06	0.7	0.17	0.16	0.26	0.06	0.19	0.22	0.21	0.16	0.33	0.1	0.11	0.27	0.04	0.16	0.45	0.19	0.22	0.19	0.07	0.97	0.47	0.03	0.15	0.07	0.16	0.75	0.05	0.06	0.16	0.47	0.18	0.32	3.36	0.09	0.62	0.18	0.18	0.31	0.17	0.47	0.18	0.21	0.57	0.07	0.17	0.19	0.09	0.08	0.47	0.44	0.31	0.47	0.06	0.05	0.48	0.05	0.48	0.18	0.48	0.05	0.48	0.15	0.18	0.2	0.07	0.03	0.16	0.17	0.15	0.08	0.19	0.04	0.18	1.49	0.04	0	0.08	0.15	0.07	0.48	0.18	0.22	0.19	0.17	0.32	0.17	0.19
0.02	0.1	0.16	0.16	0.1	0.32	0.21	0.43	0.1	0.12	0.01	2.06	0.3	0.79	0.53	0.2	0.49	0.59	0.23	0.48	0.14	0.04	0.08	0.41	0.43	0.41	0.13	0.13	0.55	0.12	0.34	0.41	0.13	0.09	0.46	0.41	0.09	0.3	0.01	0.04	0.1	0.04	0.1	0.01	1.02	0.52	0.16	0.42	0.49	0	0.46	0.08	0.12	0.27	0.41	0.23	0.12	0.1	0.04	0.01	0.12	0.62	0.13	0.22	0.04	0.45	0.13	0.02	0.34	0.42	0.1	0.04	0.13	0.53	0.32	0.03	0.43	0.21	0.22	0.12	0.12	0.29	0.12	0.08	0.73	0.04	0.08	0.4	0	0.11	0.03	0.2	0.12	0.48	0.39	0.44	0.16	0.12	1.41
0.13	0.02	0.49	0.05	0.13	0.26	0.12	0.03	0.01	0.03	0.11	7.25	0.04	0.01	0.47	0.4	0.05	0.2	0.35	0.4	0.61	0.14	0.6	0.14	0.14	0.01	0.04	0.05	0.09	0.41	0.09	0.16	0.03	0.12	0.06	0.17	0.37	0.02	0.42	0.21	0.03	0.11	0.03	0.49	0.15	0.37	0.21	0.03	0.32	0.19	0.1	0.2	0.02	1.07	0.33	0.1	0.38	0.16	0.25	0.11	0.02	0.44	0.44	0.21	0.15	0.18	0.45	0.11	0.06	0.04	0.04	0.21	0.13	0.28	0.22	0.45	0.21	0.55	0.96	0.45	0.01	0.17	0.04	0.45	0.39	0.12	0.19	0.14	0.1	0	0.15	0.3	0.04	0.34	0.05	0.03	0.05	0.03	0.2
0.02	0.21	0.45	0.94	0.02	0.3	0.02	0.14	0.55	0.14	0.25	3.63	0.13	0.47	0.24	0.09	0.17	0.55	0.23	0.15	0.47	0.12	0.45	0.01	0.11	0.41	0.16	0.15	0.48	0.14	0.03	0.05	0.16	0.01	0.16	0.17	0.15	0.5	0.03	0.09	0.49	0.04	0.13	0.05	0.43	0.03	0.39	0.32	0.21	0.4	1.3	0.08	0.14	0.98	0.14	0.03	0.15	0.48	0.05	0.04	0.14	0.85	0.16	0.27	0.06	0.07	0.16	0.03	0.48	0.16	0.17	0.05	0.49	0.19	0.13	0.04	0.09	0.05	0.19	0.14	1.37	0.04	0.49	0.26	0.14	0.04	0.08	0.04	0.03	0.14	0	0.61	0.4	0.23	0.44	0.16	0.16	0.47	1.41
0.41	0.81	0.34	0.34	0.17	0.12	0.41	0.35	0.51	0.41	0.19	3.24	0.3	0.42	0.22	0.42	0.34	0.42	0.05	0.43	0.37	0.19	0.43	0.43	0.18	0.47	0.43	0.4	1.61	0.43	0.43	0.84	0.63	0.5	0.46	0.12	0.94	0.3	0.17	0.44	0.31	0.18	0.44	0.44	0.95	0.45	0.55	0.45	0.26	0.17	0.45	0.95	0.45	1.26	0.3	0.45	0.31	0.33	0.14	0.46	0.32	0.66	0.51	0.66	0.46	0.11	0.46	0.45	0.51	0.32	0.47	0.47	0.18	0	0.47	0.47	0.47	0.27	0.21	0.47	0.46	0.46	0.59	0.12	0.42	0.2	0.12	0.26	0.46	0.29	0.18	0	0.46	0.1	0.72	0.66	0.51	0.3	0.09
0.12	0.04	0.34	0.07	0.13	0.48	0.12	0.05	0.03	0.05	0.48	0.32	0	0.05	0.34	0.2	0.07	0.48	0.34	0.03	0.17	0.15	0.35	0.14	0.3	0.59	0.06	0.07	0.12	0.01	0.31	0.49	0.38	0.27	0.07	0.18	0.37	0.5	0.11	0.15	0.05	0.12	0.04	0.11	2.24	0.61	0.22	0.06	0.41	0.51	0.42	0.2	0.41	0.19	0.41	0.41	0.41	0.43	0.16	0.41	0.04	0.12	0.42	0.22	0.92	0.42	0.07	0.42	0.07	0.14	0.04	0.14	0.3	0.43	0.03	0.13	0.15	0.43	0.43	0	0.03	0.15	0.01	0.18	0.28	0.43	0.18	0.18	0.43	0.04	0.14	0.3	0	0.34	0.23	0.44	0.07	0.05	0.94
0.23	0.49	0.49	0.57	0.6	0.5	0.44	0.44	0.34	0.6	0.22	7.3	0.64	0.95	0.44	0.17	0.54	0.94	0.05	0.34	0.85	0.23	0.45	0.55	0.55	0.45	0.35	0.66	0.41	0.45	0.56	0.42	0.34	0.42	0.32	0.15	0.67	0.35	0.22	0.22	0.47	0.22	0.35	0.26	0.47	0.58	0.35	0.58	0.68	0.22	0.98	0.48	0.48	0.68	0.57	0.58	0.35	0.49	0.29	0.49	0.34	0.99	0.34	0.35	0.49	0.31	0.36	0.23	0.5	0.36	0.37	0.4	0.6	0.06	0.41	0.81	0.22	0.41	0.55	0.34	0.42	0.41	0.91	0.15	0.41	0.42	0.15	0.22	0.93	0.34	0.93	0.03	0.43	0	0.43	0.4	0.37	0.43	0.44
0.14	0.04	0.1	0.25	0.53	0.53	0.52	0.05	0.05	0.43	0.19	0.85	0.07	0.08	0.45	0.45	0.03	0.23	0.3	0.05	0.09	0.18	0.22	0.16	0.45	0.08	0.18	0.21	0.96	0.46	0.14	0.18	0.05	0.38	0.07	0.22	0.05	1	0.49	0.39	0.05	0.14	0.05	0.49	1.81	0.15	0.23	0.91	0.37	0.13	0.41	0.22	0.04	0.47	0.41	0.35	0.05	0.42	0.42	0.13	0.42	0.4	0.02	0.23	0.44	0.19	0.07	0.24	0.03	0.06	0.06	0.18	0.44	0.31	0.06	0.17	0.44	0.21	1.02	0.07	0.07	0.44	0.4	0.22	0.55	0.16	0.21	0.21	0.13	0.45	0.19	0.66	0.67	0.4	0	0.05	0.01	0.05	0.46
0.47	0	0.09	0.28	0.13	0.47	0.12	0.03	0.47	0.02	0.78	0.9	0.33	0.04	0.38	0.6	0.4	0.19	0.23	0.02	0.4	0.91	0.27	0.15	0.15	0	0.03	0.09	0.1	0.05	0.35	0.37	0.41	0.13	0.04	0.2	0.02	0.42	0.11	0.21	0.02	0.15	0.42	0.15	1.31	0.17	0.2	0.18	0.33	0.1	0.02	0.42	0.43	0.24	0.05	0.11	0.02	0.02	0.15	0.11	0.03	0.36	0.34	0.21	0.16	0.44	0.04	0.11	0.05	0.44	0.03	0.48	0.62	0.27	0.03	0.75	0.21	1.35	0.45	0.04	0.09	0.24	0.05	0.19	0.56	0.46	0.19	0.66	0.14	0.23	0.46	0.31	0.04	0.32	0.77	0	0.05	0.02	0.45
0.47	0.3	0.47	0.09	0.18	0.48	0.15	0.05	0.05	0.09	0.15	0.56	0.45	0.45	0.45	0.45	0.04	0.55	0.3	0.04	0.09	0.18	0.24	0.16	0.16	0.24	0.02	0.07	0.47	0.38	0.14	0.58	0.05	0.44	0.07	0.21	0.48	0.04	0.14	0.5	0.4	0.14	0.9	2.25	12	0.36	0.41	0.05	0.41	0.81	0.09	0.41	0.04	0.62	0.08	0.14	0.43	0.05	0.43	0.53	0.06	0.56	0.02	0.23	0.53	0.19	0.44	0.54	0.31	0.06	0.44	0.44	1.23	0.44	0.65	0.45	0.31	0.19	0.34	0.46	0.46	0.46	0.08	0.22	0.29	0.49	0.22	0.49	0.14	0.05	0.17	1	0.07	0.49	0.49	0.2	0.01	0.16	0.91
0.13	0.47	0.19	0.12	0.47	0.25	0.15	0.03	0.03	0.03	0.47	5.9	0.04	0.48	0.38	0.48	0.44	0.2	0.23	0.02	0.06	0.22	0.61	0.17	0.48	0.49	0.03	0.05	0.35	0.05	0.11	0.17	0.03	0.49	0.44	0.2	0.03	0.02	0.1	0.22	0.49	0.49	0.01	0.13	2.06	0.53	0.5	0.03	0.34	0.12	0.25	0.5	0.01	0.57	0.05	0.48	0.03	0.01	0.5	0.12	0.4	0.91	0.4	0.41	0.15	0.18	0.04	0.4	0.05	0.41	0.28	0.16	0.15	0.41	0.27	0.13	0.41	0.17	0.33	0.91	0.04	0.51	0.42	0.2	0.41	0.41	0.19	0.41	0.12	0.03	0.15	0.41	0.41	0.34	0.05	0.08	0.04	0	0.19
0.5	0.19	0.69	0.34	0.24	0.16	0.22	0.2	0.48	0.2	0.23	3.07	0.65	0.24	0.25	0.17	0.22	0	0.04	0.18	0.57	0.61	0.58	0.57	0.48	0.21	0.48	0.48	0.58	0.61	0.23	0.98	0.79	0.23	0.52	0.16	0.61	0.18	0.23	0.25	0.19	0.4	0.19	0.44	0.24	0.44	1.21	0.3	0.48	0.22	0.72	0.19	0.18	1.02	0.28	0.23	0.43	0.18	0.35	0.24	1.04	0.47	0.2	0.34	0.44	0.2	0.21	0.45	0.22	0.55	0.19	0.46	0.23	0.46	0.19	0.25	0.96	1.38	0.25	0.27	0.47	0.2	0.65	0.15	0.47	0.48	0.16	0.53	1.69	0.49	0.53	0.09	0.59	0.5	0.22	0.7	0.6	0.28	0.01
